 t r r1 w w1
   1.0000000   0.0101010   0.0101010   1.5363361   1.5363361
   2.0000000   0.0101010   0.0101010   1.4980420   1.4980420
   3.0000000   0.0094760   0.0090314   1.5027162   1.5027162
   4.0000000   0.0093486   0.0084699   1.5059929   1.5059929
   5.0000000   0.0093980   0.0084703   1.5086322   1.5086322
   6.0000000   0.0095224   0.0079280   1.5108768   1.5108768
   7.0000000   0.0096408   0.0097438   1.5130758   1.5130758
   8.0000000   0.0097387   0.0087471   1.5148808   1.5148808
   9.0000000   0.0098564   0.0084729   1.5166106   1.5166106
  10.0000000   0.0099440   0.0080721   1.5182472   1.5182472
  11.0000000   0.0100105   0.0090935   1.5197264   1.5197264
  12.0000000   0.0100718   0.0090767   1.5211283   1.5211283
  13.0000000   0.0101120   0.0097276   1.5224156   1.5224156
  14.0000000   0.0101474   0.0091191   1.5236264   1.5236264
  15.0000000   0.0101715   0.0097748   1.5247408   1.5247408
  16.0000000   0.0101897   0.0099381   1.5257735   1.5257735
  17.0000000   0.0102005   0.0102412   1.5267173   1.5267173
  18.0000000   0.0102091   0.0103792   1.5275938   1.5275938
  19.0000000   0.0102144   0.0103126   1.5284108   1.5284108
  20.0000000   0.0102130   0.0110707   1.5291530   1.5291530
  21.0000000   0.0102091   0.0108400   1.5298079   1.5298079
  22.0000000   0.0102093   0.0108723   1.5304151   1.5304151
  23.0000000   0.0102062   0.0107863   1.5309742   1.5309742
  24.0000000   0.0102009   0.0109588   1.5314946   1.5314946
  25.0000000   0.0101915   0.0110672   1.5320001   1.5320001
  26.0000000   0.0101868   0.0112534   1.5324230   1.5324230
  27.0000000   0.0101804   0.0113306   1.5328027   1.5328027
  28.0000000   0.0101743   0.0106291   1.5331427   1.5331427
  29.0000000   0.0101676   0.0111894   1.5334392   1.5334392
  30.0000000   0.0101663   0.0110382   1.5337240   1.5337240
  31.0000000   0.0101584   0.0112560   1.5339631   1.5339631
  32.0000000   0.0101578   0.0101925   1.5341964   1.5341964
  33.0000000   0.0101515   0.0109391   1.5343968   1.5343968
  34.0000000   0.0101482   0.0111468   1.5345785   1.5345785
  35.0000000   0.0101452   0.0105470   1.5347429   1.5347429
  36.0000000   0.0101419   0.0108504   1.5348894   1.5348894
  37.0000000   0.0101389   0.0107762   1.5350216   1.5350216
  38.0000000   0.0101376   0.0106213   1.5351458   1.5351458
  39.0000000   0.0101338   0.0107767   1.5352478   1.5352478
  40.0000000   0.0101328   0.0103622   1.5353448   1.5353448
  41.0000000   0.0101318   0.0106388   1.5354377   1.5354377
  42.0000000   0.0101289   0.0106172   1.5355186   1.5355186
  43.0000000   0.0101269   0.0106832   1.5355889   1.5355889
  44.0000000   0.0101259   0.0103893   1.5356569   1.5356569
  45.0000000   0.0101238   0.0107069   1.5357143   1.5357143
  46.0000000   0.0101224   0.0103851   1.5357638   1.5357638
  47.0000000   0.0101214   0.0105480   1.5358057   1.5358057
  48.0000000   0.0101213   0.0100592   1.5358479   1.5358479
  49.0000000   0.0101209   0.0104567   1.5358913   1.5358913
  50.0000000   0.0101189   0.0104964   1.5359394   1.5359394
  51.0000000   0.0101186   0.0103348   1.5359605   1.5359605
  52.0000000   0.0101178   0.0103563   1.5359898   1.5359898
  53.0000000   0.0101171   0.0103051   1.5360155   1.5360155
  54.0000000   0.0101162   0.0103499   1.5360402   1.5360402
  55.0000000   0.0101151   0.0104178   1.5360589   1.5360589
  56.0000000   0.0101146   0.0101683   1.5360917   1.5360917
  57.0000000   0.0101142   0.0102008   1.5361128   1.5361128
  58.0000000   0.0101134   0.0103644   1.5361328   1.5361328
  59.0000000   0.0101129   0.0102436   1.5361527   1.5361527
  60.0000000   0.0101119   0.0103396   1.5361694   1.5361694
  61.0000000   0.0101116   0.0101810   1.5361726   1.5361726
  62.0000000   0.0101109   0.0102821   1.5361855   1.5361855
  63.0000000   0.0101101   0.0102295   1.5361949   1.5361949
  64.0000000   0.0101103   0.0101005   1.5362075   1.5362075
  65.0000000   0.0101093   0.0103292   1.5362151   1.5362151
  66.0000000   0.0101097   0.0099723   1.5362277   1.5362277
  67.0000000   0.0101087   0.0103640   1.5362383   1.5362383
  68.0000000   0.0101080   0.0102504   1.5362476   1.5362476
  69.0000000   0.0101074   0.0101957   1.5362555   1.5362555
  70.0000000   0.0101070   0.0101796   1.5362632   1.5362632
  71.0000000   0.0101064   0.0102092   1.5362711   1.5362711
  72.0000000   0.0101059   0.0101790   1.5362769   1.5362769
  73.0000000   0.0101055   0.0101755   1.5362819   1.5362819
  74.0000000   0.0101051   0.0101477   1.5362854   1.5362854
  75.0000000   0.0101050   0.0101452   1.5362895   1.5362895
  76.0000000   0.0101050   0.0100868   1.5362933   1.5362933
  77.0000000   0.0101047   0.0101355   1.5362977   1.5362977
  78.0000000   0.0101045   0.0101478   1.5363015   1.5363015
  79.0000000   0.0101042   0.0101384   1.5363051   1.5363051
  80.0000000   0.0101039   0.0101696   1.5363086   1.5363086
  81.0000000   0.0101039   0.0100926   1.5363130   1.5363130
  82.0000000   0.0101034   0.0101723   1.5363159   1.5363159
  83.0000000   0.0101031   0.0101642   1.5363191   1.5363191
  84.0000000   0.0101029   0.0101134   1.5363215   1.5363215
  85.0000000   0.0101027   0.0101260   1.5363238   1.5363238
  86.0000000   0.0101026   0.0101096   1.5363253   1.5363253
  87.0000000   0.0101025   0.0101079   1.5363273   1.5363273
  88.0000000   0.0101023   0.0101227   1.5363297   1.5363297
  89.0000000   0.0101022   0.0101325   1.5363308   1.5363308
  90.0000000   0.0101021   0.0100966   1.5363329   1.5363329
  91.0000000   0.0101021   0.0101293   1.5363352   1.5363352
  92.0000000   0.0101020   0.0100835   1.5363367   1.5363367
  93.0000000   0.0101019   0.0101275   1.5363376   1.5363376
  94.0000000   0.0101018   0.0101041   1.5363391   1.5363391
  95.0000000   0.0101017   0.0101155   1.5363402   1.5363402
  96.0000000   0.0101016   0.0101171   1.5363402   1.5363402
  97.0000000   0.0101015   0.0101000   1.5363414   1.5363414
  98.0000000   0.0101015   0.0101076   1.5363426   1.5363426
  99.0000000   0.0101014   0.0101051   1.5363426   1.5363426
 100.0000000   0.0101013   0.0101010   1.5363437   1.5363437
 101.0000000   0.0101012   0.0100991   1.5363437   1.5363437
 102.0000000   0.0101012   0.0101009   1.5363446   1.5363446
 103.0000000   0.0101012   0.0100985   1.5363461   1.5363461
 104.0000000   0.0101011   0.0100857   1.5363473   1.5363473
 105.0000000   0.0101009   0.0100879   1.5363487   1.5363487
 106.0000000   0.0101005   0.0100416   1.5363493   1.5363493
 107.0000000   0.0101005   0.0101446   1.5363496   1.5363496
 108.0000000   0.0101005   0.0100418   1.5363511   1.5363511
 109.0000000   0.0101002   0.0101222   1.5363531   1.5363531
 110.0000000   0.0100999   0.0100671   1.5363531   1.5363531
 111.0000000   0.0100998   0.0100779   1.5363531   1.5363531
 112.0000000   0.0100997   0.0100722   1.5363566   1.5363566
 113.0000000   0.0100991   0.0100802   1.5363602   1.5363602
 114.0000000   0.0100985   0.0100754   1.5363769   1.5363769
 115.0000000   0.0100985   0.0100553   1.5363730   1.5363730
 116.0000000   0.0100976   0.0100636   1.5363804   1.5363804
 117.0000000   0.0100968   0.0100362   1.5363906   1.5363906
 118.0000000   0.0100951   0.0101142   1.5363941   1.5363941
 119.0000000   0.0100911   0.0100579   1.5363578   1.5363578
 120.0000000   0.0101010   0.0101010   1.5363361   1.5363361
