  9.476046430238713E-003
  9.348573941338327E-003
  9.397993854630284E-003
  9.522448592236984E-003
  9.640794529607652E-003
  9.738686179045405E-003
  9.856412417077770E-003
  9.944046177711401E-003
  1.001052927048659E-002
  1.007175114670827E-002
  1.011202623362008E-002
  1.014738679525117E-002
  1.017154187375894E-002
  1.018973975533536E-002
  1.020046109295099E-002
  1.020908289600776E-002
  1.021442426188407E-002
  1.021304226692847E-002
  1.020911305417964E-002
  1.020934681068930E-002
  1.020620607130151E-002
  1.020089856970538E-002
  1.019152558374673E-002
  1.018677124237976E-002
  1.018039242405462E-002
  1.017430118359817E-002
  1.016764359791847E-002
  1.016634296292828E-002
  1.015841866114623E-002
  1.015781927562301E-002
  1.015150716154370E-002
  1.014815822786084E-002
  1.014521869702714E-002
  1.014194445291723E-002
  1.013887627622469E-002
  1.013761134252304E-002
  1.013382753464417E-002
  1.013278979594513E-002
  1.013176324021168E-002
  1.012894951281738E-002
  1.012685182600899E-002
  1.012586633201825E-002
  1.012379974915912E-002
  1.012239947124777E-002
  1.012141667678139E-002
  1.012129698321436E-002
  1.012091854273717E-002
  1.011891267750810E-002
  1.011860478130725E-002
  1.011775167505534E-002
  1.011714142100538E-002
  1.011619098961204E-002
  1.011506827015613E-002
  1.011462392523071E-002
  1.011421199690397E-002
  1.011343430259148E-002
  1.011293462911929E-002
  1.011189253168972E-002
  1.011160679330576E-002
  1.011092433816478E-002
  1.011013950324343E-002
  1.011030397763628E-002
  1.010932148033087E-002
  1.010971918267025E-002
  1.010868524545771E-002
  1.010799073431864E-002
  1.010738030901219E-002
  1.010696484917957E-002
  1.010642998765986E-002
  1.010589860314163E-002
  1.010549572826376E-002
  1.010506347859417E-002
  1.010495758481314E-002
  1.010495742592215E-002
  1.010468749219494E-002
  1.010454096520193E-002
  1.010422433725414E-002
  1.010390193269261E-002
  1.010385816629909E-002
  1.010344300991114E-002
  1.010314129546286E-002
  1.010290843931242E-002
  1.010270898594999E-002
  1.010262442913369E-002
  1.010249256178819E-002
  1.010233991810174E-002
  1.010221201574442E-002
  1.010206605121554E-002
  1.010205031780022E-002
  1.010204641858965E-002
  1.010193116875690E-002
  1.010183297386032E-002
  1.010170266409009E-002
  1.010159784288631E-002
  1.010154450637387E-002
  1.010145289644479E-002
  1.010141337578592E-002
  1.010132029827742E-002
  1.010123327051440E-002
  1.010117783181742E-002
  1.010118609076431E-002
  1.010107782531135E-002
  1.010088636035742E-002
  1.010047038145210E-002
  1.010051610609679E-002
  1.010047687379430E-002
  1.010021781766183E-002
  1.009994216798185E-002
  1.009979233263667E-002
  1.009973348296247E-002
  1.009913839555329E-002
  1.009849871727543E-002
  1.009849863664476E-002
  1.009756567122256E-002
  1.009675681240872E-002
  1.009505086762348E-002
  1.009107281568437E-002
