   0.0000000  -2.0639944  -2.0639944  -2.0639944  -2.0639944  -2.0639944  -2.0639944
   0.0773665  -1.9636360  -2.1633906  -2.1557896  -2.1548996  -2.1493340  -2.1339766
   0.2188256  -2.2012204  -2.3792478  -2.3637449  -2.3619296  -2.3505783  -2.3192557
   0.4020084  -2.2122630  -2.3992975  -2.6478422  -2.6450879  -2.6278646  -2.5803392
   0.6189324  -2.2189640  -2.7074959  -2.6758766  -2.6721742  -2.9667790  -2.9028944
   0.8649843  -2.5186120  -3.0748674  -3.0350932  -3.0304359  -3.3589612  -3.2786002
   1.1370514  -2.5423884  -3.1179582  -3.4459914  -3.4403738  -3.7987587  -4.1120980
   1.4328485  -2.9208586  -3.5493354  -3.9033902  -3.8968077  -4.2820158  -4.6103180
   1.7506051  -2.9576689  -4.0260186  -4.4034115  -4.3958603  -4.8055091  -5.1465905
   2.0888967  -2.9916703  -4.5444258  -4.9430114  -4.9344879  -5.3666430  -5.7187039
   2.4465450  -3.4496563  -4.6162516  -5.5197180  -5.5102192  -5.4508209  -6.3247919
   2.8225539  -3.4947306  -5.1830745  -5.6060474  -6.1209954  -6.0554809  -6.9632524
   3.2160669  -4.0088655  -5.7858236  -6.2260627  -6.2146052  -6.6934202  -7.6326907
   3.6263376  -4.0636446  -6.4226369  -6.8789548  -6.8665144  -7.3631290  -8.3318782
   4.0527075  -4.1161926  -6.5175058  -7.5632702  -7.5498448  -8.0632865  -9.0597216
   4.4945902  -4.6921508  -7.1948623  -8.2777324  -8.2633200  -8.7927240  -9.9448248
   4.9514589  -4.7535182  -7.9029075  -9.0212089  -9.0058075  -9.6799824 -11.2692288
   5.4228375  -4.8129235  -8.0101530  -9.2709487  -9.2545567 -10.3353696 -12.0972796
   5.9082922  -4.8705243  -8.8847173  -9.9195670 -10.5738633 -11.1467874 -12.9500263
   6.4074262  -5.5124726  -9.5282649 -10.7246238 -10.7062457 -11.9838756 -13.8268345
   6.9198742  -5.5782442  -9.6469955 -11.5557264 -11.5363529 -12.8459226 -14.7271159
   7.4452991  -5.6423678 -10.4542727 -12.4121347 -12.3917645 -13.7322731 -15.6503236
   7.9833879  -5.7049520 -11.2877058 -13.2931687 -13.2718004 -14.6423210 -16.5959470
   8.5338492  -6.4069933 -11.4171951 -13.4416521 -14.1758323 -15.5755032 -17.5635082
   9.0964109  -5.9554677 -12.2825335 -14.3525012 -14.3291329 -15.7399447 -18.5525587
   9.6708183  -6.5459779 -13.1724042 -15.2866140 -15.2622439 -16.7010166 -19.5626763
  10.2568317  -6.6133940 -13.3120467 -16.2434593 -16.2180863 -17.6840919 -20.5934628
  10.8542259  -6.6795262 -14.2319729 -16.4060612 -17.1961636 -18.6887180 -21.6445416
  11.4627879  -7.4455541 -15.1750768 -17.3905817 -18.1960105 -19.7144694 -22.7155563
  12.0823164  -7.5188549 -15.3243581 -18.3967495 -18.3683613 -20.7609446 -23.8061682
  12.7126207  -7.5909320 -16.2959564 -19.4241350 -19.3947398 -21.8277645 -24.9160558
  13.3535196  -7.6618432 -16.4487226 -20.4723333 -20.4419301 -22.9145696 -26.0449124
  13.4831040  -7.5287617 -17.1521716 -20.3332000 -20.3025948 -22.7739716 -26.8328456
  14.6664200  -7.8003783 -18.4688344 -21.7270038 -22.5972350 -24.2220271 -29.3188581
  15.3381007  -7.8680984 -18.6306532 -22.8206241 -22.7871914 -25.3523590 -30.5168409
  16.0197331  -8.7089905 -19.6779256 -23.9338759 -23.8994318 -26.5016280 -31.7325026
  16.7111740  -8.7834557 -19.8430661 -24.1272245 -25.0309809 -27.6695435 -32.9656062
  17.4122861  -8.8569320 -20.9162189 -25.2645574 -26.1815321 -28.8558279 -34.2159237
  18.1229380  -8.9294581 -22.0094195 -26.4208099 -26.3833263 -29.0720891 -35.4832360
  18.8430031  -9.0010703 -22.1831159 -26.6212915 -27.5571952 -30.2807893 -36.7673323
  19.5723600  -9.0718028 -23.3011799 -27.8008056 -28.7494186 -31.5072752 -38.0680091
  20.3108919  -9.1416879 -23.4780511 -28.9985991 -28.9580694 -32.7513057 -39.3850705
  21.0584860  -9.2107560 -24.6204681 -30.2144117 -30.1728652 -34.0126490 -40.7183270
  21.8150339  -9.2790361 -24.8004899 -30.4263615 -31.4054296 -34.2434171 -42.0675959
  22.5804308  -9.3465553 -25.9667791 -31.6643747 -32.6555231 -35.5259494 -43.4327002
  23.3545756  -9.4133394 -26.1499260 -32.9198513 -32.8752502 -36.8253031 -44.8134689
  24.1373705  -9.4794131 -27.3396333 -33.1384905 -34.1469432 -38.1412740 -46.2097363
  24.9287209  -9.5447996 -27.5258786 -34.4155199 -35.4356527 -39.4736647 -47.6213418
  25.7285354  -9.6095211 -28.7385748 -35.7095052 -35.6618439 -39.7182873 -49.0481300
  26.5367253  -9.6735985 -28.9278912 -35.9346929 -36.9715554 -41.0708213 -49.3265550
  27.3532047  -9.7370520 -30.1631695 -37.2496363 -38.2978132 -42.4393538 -50.7717406
  28.1778902  -9.7999008 -30.3555293 -38.5810698 -38.5303428 -43.8237089 -52.2317807
  29.0107011  -9.8621630 -31.6130034 -38.8126717 -39.8770517 -45.2237160 -53.7065336
  29.8515587  -9.9238561 -31.8083787 -40.1645151 -41.2398733 -45.4816183 -55.1958618
  30.7003869  -9.9849968 -33.0876815 -41.5324190 -41.4786212 -46.9008635 -56.6996316
  31.5571114 -10.0456009 -33.2860444 -41.7703074 -42.8613839 -48.3353944 -56.9923024
  32.4216602 -10.1056839 -34.5868260 -43.1581136 -44.2598580 -49.7850573 -58.5136268
  33.2939630  -9.2189048 -34.7881488 -43.3981880 -44.5047092 -50.0520834 -60.0491084
  34.1739515  -9.2708995 -36.1100756 -44.8056364 -45.9226505 -51.5203739 -61.5986245
  35.0615593  -9.3224674 -36.3143307 -46.2285359 -47.3559304 -53.0034643 -63.1620555
  35.9567213  -9.3736202 -37.6570841 -46.4747450 -47.6067750 -54.5012148 -64.7392849
  36.8593745  -9.4243691 -37.8642443 -47.9168325 -49.0590802 -54.7771382 -65.0457638
  37.7694572  -9.4747252 -39.2275195 -49.3740158 -50.5263767 -56.2929603 -66.6398089
  38.6869091  -9.5246986 -39.4375579 -49.6262450 -50.7831096 -57.8231398 -68.2474030
  39.6116716  -8.5861729 -39.6461492 -51.1021922 -52.2690181 -58.1042585 -69.8684385
  40.5436873  -8.6286197 -41.0339530 -51.3565516 -52.5278065 -59.6521577 -71.5028102
  41.4829002  -8.6707589 -41.2454245 -52.8510435 -54.0321138 -59.9349474 -73.1504154
  42.4292557  -8.7125986 -42.6531239 -54.3601212 -55.5509130 -61.5003862 -74.8111537
  43.3827000  -8.7541466 -42.8674479 -54.6203611 -55.8154637 -63.0797448 -76.4849270
  44.3431811  -7.7803907 -43.0804059 -56.1475995 -57.3522868 -63.3676700 -76.8108353
  45.3106475  -7.8147646 -44.5119258 -56.4099417 -57.6188723 -64.9642451 -78.5005317
  46.2850494  -7.8489109 -44.7277336 -57.9551414 -59.1735251 -66.5744797 -80.2030518
  47.2663377  -7.8828355 -46.1785754 -58.2195870 -59.4421489 -66.8674814 -81.9183043
  48.2544643  -6.8818133 -46.3972055 -59.7825547 -61.0144429 -68.4946262 -83.6461996
  49.2493824  -6.9088238 -46.6145399 -60.0491038 -61.2851075 -68.7893070 -85.3866502
  50.2510457  -6.9356693 -48.0885499 -61.6296523 -62.8748597 -70.4332042 -87.1395703
  51.2594093  -5.9146886 -48.3087005 -61.8983038 -64.4783488 -72.0903816 -88.9048757
  52.2744289  -5.9348091 -48.5275978 -63.4962512 -64.7545992 -72.3900732 -90.6824841
  53.2960611  -5.9548160 -50.0244444 -63.7670034 -66.3752248 -74.0637200 -92.4723147
  54.3242633  -5.9747126 -50.2461500 -65.3821732 -66.6534891 -74.3650949 -94.2742883
  55.3589940  -4.9277286 -50.4666413 -65.6550234 -68.2910832 -76.0550644 -96.0883273
  56.4002121  -4.9411202 -51.9860057 -67.2872445 -68.5713610 -77.7579644 -97.9143553
  57.4478775  -4.9544474 -52.2092956 -67.5621894 -70.2257602 -78.0642822 -99.7522978
  58.5019507  -3.8883883 -52.4314075 -69.2112950 -70.5080507 -79.7832425-101.6020812
  59.5623930  -3.8953724 -53.9729833 -69.4883308 -70.7889186 -80.0912428-103.4636335
  60.6291664  -3.9023341 -54.1978825 -71.1541593 -72.4633974 -81.8261269-105.3368840
  61.7022336  -2.8175441 -54.4216375 -71.4332814 -72.7463004 -83.5736177-107.2217632
  62.7815578  -2.8183146 -54.6442654 -73.1156754 -74.4372443 -83.8864923-107.5940136
  63.8671030  -1.7212197 -56.2116597 -73.3968789 -74.7221790 -85.6496626-109.4931361
  64.9588337  -1.7159066 -56.4370769 -73.6767425 -76.4294378 -85.9642153-109.8663504
  66.0567151  -1.7106446 -56.6613975 -75.3789650 -76.7164004 -87.7429377-111.7796275
  67.1607129  -0.5953534 -58.2503805 -75.6609256 -78.4398280 -89.5339658-112.1538310
  68.2707934  -0.5841447 -58.4774761 -77.3793849 -78.7288143 -89.8533244-114.0811752
  69.3869234   0.5431100 -58.7035034 -77.6634360 -80.4682682 -91.6596766-114.4563913
  70.5090705   0.5601677 -58.9284774 -79.3979874 -80.7592736 -91.9807061-116.3977162
  71.6372023   0.5771101 -60.5425899 -79.6841223 -82.5146150 -93.8022631-116.7739668
  72.7712874   0.5939378 -60.7703359 -79.9689939 -82.8076345 -95.6358452-118.7291871
  73.9112948   0.6106519 -60.9970544 -81.7228367 -83.0993779 -95.9616130-119.1064925
  75.0571937   0.6272532 -61.2227592 -82.0098030 -84.8737565 -97.8101865-119.4822152
  76.2089540   0.6437426 -61.4474638 -83.7794346 -85.1675269 -98.1376159-121.4539036
  77.3665461   0.6601208 -63.0901240 -84.0684877 -86.9575019-100.0010687-121.8307259
  78.5299407   0.6763887 -63.3176050 -85.8537747 -87.2532932-101.8762843-122.2060093
  79.6991091   0.6925472 -63.5441088 -86.1449068 -89.0587364-102.2083856-124.1940735
  80.8740228   0.7085969 -63.7696478 -86.4348419 -89.3565421-104.0982803-124.5704975
  82.0546539   0.7245387 -63.9942343 -88.2389220 -89.6531389-104.4320326-126.5721917
  83.2409748   0.7403733 -65.6650168 -88.5309435 -91.4771418-106.3365008-126.9497710
  84.4329584   0.7561015 -65.8923798 -88.8217976 -91.7757622-106.6719066-127.3258752
  85.6305780   0.7717239 -66.1188107 -90.6444974 -93.6149630-108.5908450-129.3437627
  86.8338070   0.7872414 -66.3443211 -90.9374437 -93.9156000-108.9279062-129.7210579
  88.0426196   0.8026545 -66.5689222 -92.7753714 -94.2150724-110.8612136-130.0969157
  89.2569899   0.8179640 -66.7926248 -93.0704007 -96.0725258-111.1999317-132.1309040
  90.4768927   0.8331705 -68.4947900 -93.3643041 -96.3740217-113.1475088-132.5079854
  91.7023030   0.8482748 -68.7212728 -95.2205393 -98.2464158-113.4878848-134.5553459
  92.9331962   0.8632775 -68.9468752 -95.5165297 -98.5499273-113.8270109-134.9336614
  94.1695480   2.1090723 -69.1716073 -95.8114197 -98.8523149-115.7916688-136.9943167
  95.4113343   2.1293321 -69.3954793 -97.6858008-100.7426680-116.1324696-137.3738762
  96.6585315   2.1494682 -69.6185011 -97.9827807-101.0470764-116.4720496-137.7520720
  97.9111162   2.1694815 -69.8406824 -98.2786844-101.3503858-118.4536637-139.8285623
  99.1690653   2.1893728 -70.0620327-100.1710532-103.2585458-118.7949332-140.2080293
 100.4323560   2.2091432 -70.2825616-100.4690486-103.5638799-119.1350094-142.2976529
 101.7009660   2.2287933 -72.0264673-100.7659907-103.8681387-121.1334573-142.6783991
 102.9748728   3.5116149 -72.2497921-102.6761930-105.7939569-121.4752363-144.7810819
 104.2540547   3.5363465 -72.4723099-102.9752276-106.1002433-121.8158482-145.1631144
 105.5384900   4.8295481 -72.6940294-103.2732310-106.4054770-122.1553048-145.5438488
 106.8281571   4.8592980 -72.9149594-105.2011157-108.3488078-124.1733356-147.6621092
 108.1230351   6.1627951 -73.1351083-105.5012116-108.6560710-124.5145200-148.0441528
 109.4231031   6.1975021 -73.3544847-105.8002969-108.9623030-124.8545734-150.1753176
 110.7283403   7.5112123 -73.5730966-106.0983819-109.2675140-125.1935068-150.5586762
 112.0387264   7.5508168 -73.7909523-108.0468938-111.2312666-125.5313312-152.7026746
 113.3542413   8.8746595 -74.0080596-108.3470802-111.5385184-127.5716586-153.0873536
 114.6748649  10.2035388 -74.2244264-108.6462857-111.8447692-127.9112447-155.2441159
 116.0005778  10.2530002 -74.4400605-108.9445196-112.1500287-128.2497440-155.6301201
 117.3313603  11.5918948 -74.6549694-109.2417916-114.1340245-128.5871669-157.7995774
 118.6671932  11.6461013 -74.8691604-111.2138152-114.4413341-128.9235233-158.1869114
 120.0080576  12.9949351 -75.0826411-111.5132044-114.7476711-130.9859779-160.3689961
 121.3539345  13.0538327 -75.2954185-111.8116495-115.0530447-131.3241254-160.7576638
 122.7048055  14.4125316 -75.5074998-112.1091592-115.3574640-131.6612271-162.9523092
 124.0606521  15.7761357 -75.7188919-112.4057424-115.6609379-131.9972923-163.3423146
 125.4214561  17.1446270 -75.9296018-112.7014076-117.6710246-132.3323307-165.5494549
 126.7871995  17.2179198 -76.1396361-114.6997649-117.9765728-134.4167423-167.7665121
 128.1578646  18.5961324 -76.3490015-114.9975678-118.2811924-134.7535971-168.1603716
 129.5334336  18.6739424 -76.5577046-115.2944689-118.5848918-135.0894439-170.3898047
 130.9138893  20.0618069 -76.7657518-115.5904762-118.8876795-135.4242916-170.7849988
 132.2992143  21.4544716 -76.9731494-115.8855979-119.1895635-135.7581489-173.0267446
 133.6893916  21.5415338 -77.1799038-116.1798419-119.4905520-136.0910245-173.4232762
 135.0844044  22.9437489 -77.3860210-116.4732161-119.7906529-138.2000431-175.6772726
 136.4842358  24.3507143 -77.5915072-116.7657282-121.8325541-138.5347659-177.9409855
 137.8888695  24.4468988 -77.7963682-118.7961975-122.1347630-138.8685242-178.3413301
 139.2982890  25.8633161 -78.0006101-119.0908765-122.4360991-139.2013262-180.6171812
 140.7124781  27.2844353 -76.5569036-119.3847073-122.7365698-139.5331801-181.0188590
 142.1314208  28.7102406 -76.7558416-119.6776973-123.0361827-139.8640937-183.3067887
 143.5551012  28.8200925 -76.9541876-119.9698537-123.3349450-141.9975203-185.6042949
 144.9835037  30.2552231 -77.1519471-120.2611838-123.6328641-142.3303072-186.0097513
 146.4166126  31.6949932 -77.3491253-120.5516944-123.9299472-142.6621694-188.3192283
 147.8544126  33.1393876 -77.5457277-120.8413927-124.2262012-142.9931148-188.7260131
 149.2968883  33.2626785 -77.7417595-121.1302853-124.5216331-143.3231507-191.0474035
 150.7440247  34.7162765 -76.2655447-121.4183792-124.8162498-145.4779955-193.3782365
 152.1958069  36.1744542 -76.4564273-121.7056810-125.1100581-145.8099194-193.7887659
 153.6522199  37.6371969 -76.6467641-121.9921972-125.4030647-146.1409484-196.1314087
 155.1132492  39.1044901 -76.8365600-122.2779344-125.6952761-146.4710896-198.4834112
 156.5788802  39.2455369 -77.0258199-122.5628989-125.9866989-146.8003502-198.8976587
 158.0490985  40.7218881 -77.2145484-122.8470970-126.2773394-147.1287372-201.2613702
 159.5238897  42.2027473 -75.7110484-123.1305351-126.5672041-149.3076064-201.6769337
 161.0032399  43.6881003 -75.8947524-123.4132192-126.8562991-149.6379003-204.0523005
 162.4871349  43.8421005 -76.0779482-123.6951555-128.9592428-149.9673339-206.4369015
 163.9755609  45.3364000 -76.2606402-123.9763499-129.2505241-150.2959137-206.8561503
 165.4685042  46.8351523 -76.4428328-124.2568084-129.5410465-150.6236465-209.2523096
 166.9659510  48.3383440 -74.9169806-124.5365367-129.8308159-150.9505387-211.6576256
 168.4678880  49.8459618 -75.0942482-124.8155407-130.1198384-153.1532337-212.0805343
 169.9743017  51.3579924 -75.2710380-125.0938261-130.4081197-153.4820487-214.4973138
 171.4851789  51.5335584 -75.4473543-125.3713985-130.6956655-153.8100353-216.9231745
 173.0005064  53.0543756 -75.6232010-125.6482633-130.9824817-154.1371999-217.3497182
 174.5202712  54.5795667 -74.0753305-125.9244262-131.2685737-154.4635484-215.7668682
 176.0444604  56.1091189 -74.2463467-126.1998925-131.5539471-154.7890870-214.1796476
 177.5730611  57.6430198 -74.4169138-126.4746676-131.8386075-157.0154102-212.5880690
 179.1060606  59.1812566 -74.5870355-126.7487568-132.1225602-157.3428847-210.9921450
 180.6434465  60.7238170 -73.0217809-127.0221652-132.4058105-157.6695606-209.3918881
 182.1852062  62.2706887 -73.1871462-127.2948981-132.6883638-157.9954436-207.7873106
 183.7313272  62.4759825 -73.3520856-127.5669605-132.9702253-158.3205395-206.1784249
 185.2817975  64.0314403 -71.7739228-127.8383574-133.2514000-158.6448540-204.5652430
 186.8366047  65.5911730 -71.9341615-128.1090938-133.5318932-160.8946098-202.9477770
 188.3957369  67.1551688 -72.0939933-128.3791747-133.8117098-161.2208710-201.3260389
 189.9591820  68.7234159 -72.2534215-128.6486048-134.0908548-161.5463612-199.7000405
 191.5269283  70.2959025 -70.6582156-128.9173890-132.4855335-161.8710857-198.0697936
 193.0989638  71.8726170 -70.8130122-129.1855320-132.7597788-162.1950502-196.4353099
 194.6752771  73.4535480 -70.9674231-129.4530385-133.0333738-162.5182597-194.7966008
 196.2558564  73.6878130 -69.3595574-127.8361135-133.3063233-164.7912543-193.1536779
 197.8406903  75.2771427 -69.5093889-128.0987896-133.5786318-165.1164192-191.5065526
 199.4297674  76.8706547 -67.8931401-128.3608496-133.8503040-165.4408388-189.8552360
 201.0230764  78.4683381 -68.0384288-128.6222980-134.1213444-165.7645184-188.1997395
 202.6206062  80.0701817 -68.1833633-128.8831392-134.3917576-166.0874629-186.5400742
 204.2223455  81.6761745 -66.5546236-129.1433775-134.6615478-166.4096773-184.8762510
 205.8282833  83.2863057 -66.6950651-129.4030171-134.9307196-168.7057193-183.2082808
 207.4384088  84.9005645 -65.0580528-129.6620624-135.1992773-169.0298959-181.5361746
 209.0527109  86.5189401 -65.1940365-128.0118597-135.4672252-169.3533514-179.8599430
 210.6711791  88.1414219 -63.5487944-128.2662039-135.7345674-169.6760905-178.1795969
 212.2938025  89.7679994 -63.6803547-128.5199726-136.0013083-169.9981181-176.4951466
 213.9205705  91.3986621 -62.0269253-128.7731697-134.3377422-170.3194389-174.8066029
 215.5514726  93.0333995 -62.1540961-129.0257994-134.5998064-172.6383395-173.1139760
 217.1864984  94.6722015 -62.2809684-129.2778654-134.8612877-172.9616276-171.4172764
 218.8256375  96.3150577 -60.6153356-129.5293717-135.1221902-173.2842172-169.7165143
 220.4688796  97.9619580 -60.7378643-129.7803221-135.3825178-171.5977469-168.0117000
 222.1162144  99.6128922 -59.0641471-128.0975243-135.6422745-169.9072370-166.3028435
 223.7676318 101.2678505 -57.3864026-128.3438941-135.9014640-168.2126975-164.5899549
 225.4231219 102.9268229 -57.5006030-128.5897255-136.1600902-166.5141385-162.8730441
 227.0826744 104.5897994 -55.8148339-128.8350222-136.4181568-164.8115698-161.1521212
 228.7462797 106.2567704 -55.9247749-129.0797877-134.7182408-163.1050012-159.4271958
 230.4139277 107.9277261 -54.2310204-129.3240256-134.9717624-161.3944425-157.6982777
 232.0856087 108.2468102 -54.3367331-127.6172049-135.2247416-159.6799033-155.9653767
 233.7613130 109.9257065 -52.6350319-127.8569490-135.4771819-157.9613933-154.2285024
 235.4410310 111.6085586 -52.7365469-128.0961819-135.7290868-156.2389219-152.4876642
 237.1247531 113.2953574 -51.0269370-128.3349072-135.9804600-154.5124987-150.7428716
 238.8124699 114.9860933 -49.3133870-128.5731281-136.2313048-152.7821330-148.9941342
 240.5041718 116.6807570 -49.4068035-126.8465530-134.5036647-151.0478341-147.2414611
 242.1998495 118.3793394 -47.6854009-127.0803500-134.7500616-149.3096114-145.4848618
 243.8994937 120.0818312 -47.7746980-127.3136585-134.9959462-147.5674739-143.7243453
 245.6030951 121.7882233 -46.0454796-127.5464817-135.2413218-145.8214310-141.9599208
 247.3106447 123.4985067 -46.1306862-127.7788226-135.4861916-144.0714915-140.1915975
 249.0221333 125.2126725 -44.3936883-126.0327244-133.7390279-142.3176646-138.4193843
 250.7375518 126.9307116 -42.6528140-126.2607087-133.9795175-140.5599592-136.6432903
 252.4568913 128.6526152 -42.7300911-126.4882258-134.2195167-138.7983842-134.8633242
 254.1801428 130.3783745 -40.9814907-126.7152788-134.4590286-137.0329483-133.0794949
 255.9072975 132.1079808 -39.2290404-124.9537236-132.6964073-135.2636604-131.2918112
 257.6383466 133.8414254 -39.2984597-125.1764730-132.9315925-133.4905291-129.5002819
 259.3732813 135.5786997 -37.5383357-125.3987727-133.1663050-131.7135631-127.7049155
 261.1120930 137.3197951 -37.6037831-123.6257163-131.3921822-129.9327711-125.9057207
 262.8547730 139.0647030 -35.8360195-123.8437527-129.6142425-128.1481614-124.1027060
 264.6013128 142.1692617 -34.0644490-122.0630716-127.8324946-126.3597426-122.2958798
 266.3517039 143.9217696 -34.1221526-122.2768727-126.0469469-124.5675232-120.4852507
 268.1059377 145.6780649 -32.3429932-122.4902494-124.2576076-122.7715114-118.6708270
 269.8640059 147.4381392 -30.5600519-120.6981941-122.4644851-120.9717156-116.8526170
 271.6259002 149.2019845 -30.6100794-120.9073742-120.6675877-119.1681440-115.0306289
 273.3916123 150.9695925 -28.8195989-119.1077774-118.8669236-117.3608049-113.2048711
 275.1611339 152.7409550 -27.0253610-117.3044222-117.0625008-115.5497063-111.3753515
 276.9344568 154.5160641 -27.0677788-115.4973166-115.2543275-113.7348564-109.5420784
 278.7115729 156.2949117 -25.2660504-113.6864687-113.4424117-111.9162632-107.7050598
 280.4924742 158.0774898 -23.4605887-111.8718864-111.6267614-110.0939347-105.8643037
 282.2771525 159.8637904 -21.6514017-110.0535776-109.8073846-108.2678788-104.0198179
 284.0656000 161.6538059 -21.6825574-108.2315503-107.9842891-106.4381035-102.1716106
 285.8578087 163.4475282 -19.8659433-106.4058123-106.1574827-104.6046165-100.3196894
 287.6537707 165.2449497 -18.0456273-104.5763713-104.3269733-102.7674257 -98.4640621
 289.4534783 167.0460626 -18.0693254-102.7432352-102.4927685-100.9265388 -96.6047366
 291.2569235 168.8508592 -16.2416289-100.9064115-100.6548762 -99.0819634 -94.7417205
 293.0640987 170.6593320 -14.4102536 -99.0659080 -98.8133038 -97.2337073 -92.8750215
 294.8749962 172.4714733 -14.4265561 -97.2217322 -96.9680590 -95.3817781 -91.0046472
 296.6896084 174.2872756 -12.5878459 -95.3738917 -95.1191494 -93.5261832 -89.1306051
 298.5079277 176.1067315 -10.7454795 -93.5223940 -93.2665825 -91.6669301 -87.2529027
 300.3299465 177.9298334 -10.7544471 -91.6672465 -91.4103656 -89.8040264 -85.3715476
 302.1556573 179.7565740  -8.9047907 -89.8084566 -89.5505063 -87.9374795 -83.4865471
 303.9850528 181.5869460  -7.0515003 -87.9460317 -87.6870119 -86.0672967 -81.5979087
 305.8181254 183.4209420  -5.1945833 -86.0799792 -85.8198896 -84.1934853 -79.7056396
 307.6548678 185.2585548  -5.1926562 -84.2103063 -83.9491469 -82.3160527 -77.8097471
 309.4952728 187.0997772  -3.3285077 -82.3370202 -82.0747908 -80.4350060 -75.9102385
 311.3393330 188.9446019  -1.4607542 -80.4601281 -80.1968287 -78.5503525 -74.0071210
 313.1870411 190.7930219   0.4105970 -78.5796372 -78.3152676 -76.6620992 -72.1004017
 315.0383901 192.6450300   0.4233103 -76.6955545 -76.4301146 -74.7702534 -70.1900877
 316.8933728 194.5006193   2.3018359 -74.8078872 -74.5413769 -72.8748220 -68.2761862
 318.7519820 196.3597826   4.1839382 -72.9166422 -72.6490614 -70.9758122 -66.3587042
 320.6142107 198.2225131   4.2037689 -71.0218266 -70.7531751 -69.0732308 -64.4376486
 322.4800518 200.0888038   6.0930036 -69.1234472 -68.8537249 -67.1670848 -62.5130264
 324.3494985 203.3095189   7.9857941 -67.2215111 -66.9507179 -65.2573812 -60.5848445
 326.2225437 205.1829094   9.8821335 -65.3160249 -65.0441607 -63.3441268 -58.6531097
 328.0991806 207.0598396   9.9125685 -63.4069956 -63.1340603 -61.4273283 -56.7178290
 329.9794023 208.9403027   9.9429403 -61.4944299 -61.2204233 -59.5069927 -54.7790091
 331.8632020 210.8242919   9.9732490 -59.5783346 -59.3032567 -57.5831265 -52.8366567
 333.7505728 212.7118007  10.0034949 -57.6587164 -57.3825670 -55.6557367 -50.8907786
 335.6415081 214.6028223  10.0336782 -55.7355819 -55.4583609 -53.7248297 -48.9413815
 337.5360011 216.4973501  10.0637989 -53.8089377 -53.5306451 -51.7904123 -46.9884719
 339.4340452 218.3953776  10.0938572 -51.8787906 -51.5994261 -49.8524910 -45.0320564
 341.3356338 220.2968982  10.1238533 -49.9451469 -49.6647105 -47.9110724 -43.0721417
 343.2407601 222.2019054  10.1537874 -48.0080133 -47.7265048 -45.9661630 -41.1087343
 345.1494178 224.1103927  10.1836596 -46.0673961 -45.7848155 -44.0177692 -39.1418407
 347.0616002 226.0223537  10.2134700 -44.1233019 -43.8396491 -42.0658977 -37.1714672
 348.9773009 227.9377820  10.2432188 -42.1757371 -41.8910119 -40.1105547 -35.1976204
 350.8965135 229.8566712  10.2729062 -40.2247080 -39.9389103 -38.1517466 -33.2203066
 352.8192314 233.1248920  10.3025322 -38.2702210 -37.9833507 -36.1894797 -31.2395321
 354.7454484 235.0506842  12.2513097 -36.3122823 -36.0243393 -34.2237605 -29.2553033
 356.6751581 236.9799185  12.2843191 -34.3508983 -34.0618825 -32.2545951 -27.2676265
 358.6083542 238.9125885  12.3172612 -32.3860752 -32.0959864 -30.2819898 -25.2765078
 360.5450304 240.8486883  12.3501362 -30.4178192 -30.1266573 -28.3059507 -23.2819536
 362.4851804 242.7882115  12.3829444 -28.4461364 -28.1539014 -26.3264842 -21.2839699
 364.4287981 244.7311521  12.4156860 -26.4710329 -26.1777247 -24.3435962 -19.2825630
 366.3758772 246.6775040  12.4483610 -24.4925150 -24.1981334 -22.3572929 -17.2777389
 368.3264118 248.6272611  12.4809696 -22.5105886 -22.2151336 -20.3675804 -15.2695038
 370.2803955 250.5804174  12.5135121 -20.5252598 -20.2287312 -18.3744647 -13.2578636
 372.2378224 252.5369669  12.5459886 -18.5365347 -18.2389324 -16.3779519 -11.2428243
 374.1986863 254.4969036  12.5783993 -16.5444190 -16.2457430 -14.3780478  -9.2243921
 376.1629814 256.4602216  12.6107444 -14.5489189 -14.2491690 -12.3747585  -7.2025727
 378.1307016 258.4269151  12.6430239 -12.5500403 -12.2492163 -10.3680899  -5.1773722
 380.1018409 260.3969781  12.6752382 -10.5477889 -10.2458908  -8.3580478  -3.1487964
 382.0763935 262.3704047  12.7073873  -8.5421707  -8.2391984  -6.3446380  -1.1168512
 384.0543534 264.3471893  12.7394714  -6.5331915  -6.2291449  -4.3278665   0.9184576
 386.0357147 266.3273259  12.7714907  -4.5208570  -4.2157360  -2.3077391   2.9571241
 388.0204718 268.3108089  12.8034454  -2.5051731  -2.1989776  -0.2842613   4.9991427
 390.0086187 270.2976326  12.8353356  -0.4861454  -0.1788753   1.7425609   7.0445076
 392.0001496 272.2877912  12.8671615   1.5362203   1.8445652   3.7727219   9.0932131
 393.9950590 274.2812791  12.8989232   3.5619184   3.8713381   5.8062160  11.1452535
 395.9933409 277.6189549  12.9306209   5.5909432   5.9014379   7.8430376  13.2006231
 397.9949898 279.6190845  12.9622548   7.6232891   7.9348588   9.8831810  15.2593163
 400.0000000 281.6225266  12.9938249   9.6589506   9.9715954  11.9266407  17.3213275
