    0.0000000    0.0000000    0.0000000    0.0000000    0.0000000    0.0000000    0.0000000    0.0000000    0.0000000    0.0000000    0.0000000    0.0000000    0.0000000
    0.0773665    0.0000000  393.7474474  393.7474474  393.7474474  393.7474474  393.7474474    0.0000000  395.5839647  395.5763637  395.5754736  395.5699081  395.5545506
    0.2188256  394.5981162  391.6743418  391.6743418  391.6743418  391.6743418  391.6743418  393.6101858  393.7474474  393.7319445  393.7301292  393.7187779  393.6874553
    0.4020084  391.3549021  394.7035115  392.3171150  392.3171150  392.3171150  392.3171150  389.9680822  394.5881977  394.6523872  394.6496329  394.6324096  394.5848842
    0.6189324  392.8941930  390.2507707  390.2507707  390.2507707  388.9659750  388.9659750  391.3549021  390.9234177  390.8917984  390.8880960  391.6536953  391.5898108
    0.8649843  389.4996471  391.5558486  391.5558486  391.5558486  390.3008433  390.3008433  388.5887413  392.8774218  392.8376476  392.8329903  393.3673972  393.2870362
    1.1370514  387.8565731  390.3008433  389.4380801  389.4380801  388.0678612  386.8977644  386.8348619  390.9482167  391.3628290  391.3572114  391.5965425  392.3171150
    1.4328485  388.8899177  388.0678612  386.8977644  386.8977644  385.7936393  384.5547088  388.4624349  389.4092767  389.4631926  389.4566101  389.8283198  390.2507707
    1.7506051  388.1831233  385.7936393  384.5547088  384.5547088  383.8946219  382.8597028  387.6639091  387.8293803  387.7660266  387.7584754  388.4717859  388.9300420
    2.0888967  387.0819144  383.8946219  382.8597028  382.8597028  385.5095593  385.0309358  386.5172317  386.6282533  386.7252157  386.7166922  390.6317078  391.5152891
    2.4465450  384.8740936  382.8597028  385.0309358  385.0309358  385.0309358  383.2548039  384.9404877  385.2456988  389.5310946  389.5215958  389.4621974  390.2556429
    2.8225539  383.9055922  385.0309358  384.0840643  383.2548039  383.2548039  381.3397564  383.9402631  388.1058591  388.1251010  388.4401929  388.3746784  388.9115108
    3.2160669  381.8627395  383.2548039  382.2687796  382.2687796  381.3397564  379.4652050  382.5614778  387.0757381  387.0452928  387.0338353  387.1725872  387.6536818
    3.6263376  381.1209835  381.3397564  380.4398820  380.4398820  379.4652050  377.6080880  381.8010845  385.9269249  385.9718287  385.9593883  386.0342660  386.4544110
    4.0527075  380.1159175  380.4398820  378.5228208  378.5228208  377.6080880  375.8562391  380.7955500  384.8257475  384.8318783  384.8184529  384.9371976  385.3969740
    4.4945902  380.1753178  378.5228208  376.7516195  376.7516195  375.8562391  374.0308293  381.5311940  383.7075734  383.8577186  383.8433062  383.9683919  384.5547088
    4.9514589  381.2405884  376.7516195  374.9980759  374.9980759  374.0308293  371.5889368  382.5866487  382.7546694  382.9227574  382.9073560  383.1769457  383.8946219
    5.4228375  380.3065779  375.8562391  374.0308293  374.0308293  372.4976896  369.7803894  381.6718854  381.7365707  381.9474675  381.9310755  382.2460734  382.8597028
    5.9082922  379.4793179  374.0308293  372.4976896  371.5889368  370.6537807  369.8957790  380.8695151  380.9504264  381.0654179  381.1980092  381.2572285  383.7628062
    6.4074262  377.8709660  372.4976896  370.6537807  370.6537807  369.0966241  370.0422442  379.9945343  380.0953463  380.1024607  380.0840826  380.5753888  384.7279149
    6.9198742  376.9622929  371.5889368  369.0966241  369.0966241  370.4660145  368.3350368  379.1200369  379.1183843  379.4443951  379.4250216  382.8136076  383.8873973
    7.4452991  376.1470952  369.7803894  370.4660145  370.4660145  369.1759139  366.5219564  378.3424581  378.2096166  381.7045047  381.6841344  382.4413522  382.9701150
    7.9833879  375.3147259  369.8957790  369.1759139  369.1759139  367.3795316  364.6397938  377.5512359  379.2266851  381.3524596  381.3310913  381.5899414  382.0112422
    8.5338492  373.6228764  370.4660145  368.3350368  367.3795316  365.6707211  362.8793838  376.6381280  379.7546389  380.4196334  380.4973897  380.8469335  381.1986246
    9.0964109  373.4579425  369.1759139  366.5219564  366.5219564  364.6397938  361.0285016  375.9299988  379.4081959  379.5823762  379.5590078  379.6861486  380.3212133
    9.6708183  371.8634110  367.3795316  364.6397938  364.6397938  362.8793838  359.0476119  374.9789444  378.5812287  378.6967392  378.6723691  378.9292002  379.3390322
   10.2568317  370.9087753  366.5219564  362.8793838  362.8793838  361.0285016  357.0889840  374.0781436  377.7278814  377.9514398  377.9260668  378.1028923  378.4020824
   10.8542259  370.0949486  364.6397938  361.9069930  361.0285016  359.0476119  355.1173399  373.3181263  376.8428110  376.9485208  377.1097837  377.1678201  377.4747687
   11.4627879  368.4940258  362.8793838  360.0426086  359.0476119  357.0889840  353.2119654  372.5455835  376.0984252  376.1292405  376.1841616  376.2744673  376.6349774
   12.0823164  367.6861615  361.9069930  358.0770198  358.0770198  355.1173399  351.2832014  371.7981103  375.1579804  375.2289397  375.2005515  375.3876486  375.7933939
   12.7126207  366.7374069  360.0426086  356.0893345  356.0893345  353.2119654  349.2939516  370.9121158  374.3364801  374.3257142  374.2963190  374.5856012  374.9127869
   13.3535196  365.9694480  359.0476119  354.1658146  354.1658146  351.2832014  347.3310993  370.2058348  373.3906326  373.5047448  373.4743416  373.7793119  374.0787048
   13.4831040  365.9694480  358.0770198  354.1658146  354.1658146  351.2832014  346.2714287  370.0587973  373.2401177  373.2889413  373.2583362  373.5448189  373.9918541
   14.6664200  364.2869659  355.1173399  351.2832014  350.2685765  348.3049287  342.1167167  368.6496216  371.6178137  371.7732029  371.8360246  371.9408479  372.4363069
   15.3381007  363.3636226  354.1658146  349.2939516  349.2939516  346.2714287  340.0309968  367.7906720  370.7349200  370.9315314  370.8980988  371.0776588  371.5441240
   16.0197331  361.6872008  352.2480431  347.3310993  347.3310993  344.2009917  337.9067700  367.0057324  369.9294068  370.1339565  370.0995123  370.1957901  370.6330253
   16.7111740  360.8257725  351.2832014  346.2714287  345.2262557  342.1167167  335.8002230  366.2142503  369.0458588  369.1325349  369.1781120  369.3179008  369.7582646
   17.4122861  362.6682452  349.2939516  344.2009917  343.1679566  340.2047078  333.6747050  368.0997483  368.1934406  368.2529095  368.3203484  368.6280297  368.8832111
   18.1229380  361.4440427  347.3310993  342.1167167  342.1167167  338.9934762  331.4982717  366.9492737  367.3856181  367.3770472  367.3395637  367.4684797  367.9759151
   18.8430031  361.0381623  346.2714287  341.0903499  340.2047078  336.9258458  331.0407575  366.6089058  366.4242536  366.4315971  366.6504974  366.6496234  368.7882074
   19.5723600  360.3302611  344.2009917  338.9934762  337.9067700  335.0435527  330.3333955  365.9694480  365.5330602  365.5666109  365.5964373  366.0311420  369.3707211
   20.3108919  359.4075101  343.1679566  336.9258458  336.9258458  332.8761168  328.6037254  365.1171520  364.6079022  364.7475782  364.7070485  365.1470791  368.9584484
   21.0584860  358.5072703  341.0903499  335.0435527  335.0435527  330.7853735  326.4090940  364.2869659  363.7323377  364.1288459  364.0872993  364.3554750  368.1029052
   21.8150339  357.5131434  340.2047078  333.8285928  332.8761168  331.0407575  324.1747513  363.3636226  362.9620319  363.0221680  363.2018936  364.6882836  367.2248444
   22.5804308  356.4664158  337.9067700  331.7091315  330.7853735  330.3333955  321.9028935  362.3879686  361.8906843  362.1908289  362.4088725  365.2891971  366.3262075
   23.3545756  355.6976121  336.9258458  331.0407575  331.0407575  328.6037254  319.6277135  361.6872008  361.0342324  362.8124649  362.7678639  364.8940893  365.4406239
   24.1373705  354.7668043  335.0435527  331.6973157  330.3333955  326.4090940  317.3555980  360.8257725  360.3963585  363.5757038  363.3661096  364.0545740  364.5742047
   24.9287209  353.8729405  333.8285928  329.4991157  328.6037254  324.1747513  315.0348989  360.0006274  359.3157659  362.7042386  362.9683302  363.1914933  363.6756155
   25.7285354  352.8398309  331.7091315  327.7527939  327.7527939  323.2142820  312.6974483  359.0373256  358.4647413  362.2961416  362.2484803  362.3538793  362.7761763
   26.5367253  351.9316239  330.7853735  326.4090940  325.0561197  320.9761871  311.7093171  358.1973649  357.6794610  361.0944496  360.9143598  361.5084750  361.8812544
   27.3532047  350.9569937  331.6973157  324.1747513  323.2142820  318.6957921  309.2809556  357.2913254  359.8508493  360.2239724  360.4422160  360.6365483  360.9151287
   28.1778902  350.0220853  330.3333955  321.9028935  321.9028935  316.3322503  306.9318465  356.4242853  358.6363757  359.3319988  359.2812718  359.6975192  360.0426086
   29.0107011  349.0067957  328.6037254  320.9761871  319.6277135  314.0434084  304.2180736  355.4773388  358.2135831  358.5570256  358.4004766  358.8475171  358.8240582
   29.8515587  347.9927078  327.7527939  318.6957921  317.3555980  312.6974483  301.9655921  354.5312502  357.5131434  357.6767691  357.5380560  357.6566156  358.0770198
   30.7003869  347.0026925  325.0561197  316.3322503  316.3322503  310.3623469  299.4139560  353.6086605  356.1537377  356.7294980  356.6757002  356.7809623  357.0485032
   31.5571114  346.0881153  324.1747513  315.0348989  314.0434084  307.9833346  298.2631113  352.7604210  355.4290001  355.6003185  355.8165127  355.8765719  356.0376688
   32.4216602  344.9358384  321.9028935  312.6974483  311.7093171  305.5764650  295.7996127  351.6765256  354.5106009  354.6985144  354.9275423  354.9592103  355.1173399
   33.2939630  344.9358384  320.9761871  311.7093171  310.3623469  304.2180736  293.2902022  350.7707233  353.7465151  353.8828882  353.7571398  353.7759659  354.1658146
   34.1739515  344.0318861  318.6957921  309.2809556  307.9833346  301.9655921  290.7641733  349.9254931  352.8398309  352.9104065  352.8429807  353.0307538  353.2119654
   35.0615593  343.0942760  317.3555980  306.9318465  305.5764650  299.4139560  288.2005784  349.0466352  351.6716663  352.0311904  351.9159489  352.0036813  352.2349299
   35.9567213  341.9227183  315.0348989  305.5764650  304.2180736  297.0918586  285.6485230  347.9358663  350.7449867  350.8631032  350.7456757  351.2180369  351.2832014
   36.8593745  341.0749826  314.0434084  303.1778552  301.9655921  295.7996127  284.3945602  347.1453821  349.9270800  349.9537521  349.9903076  350.1182288  350.2069785
   37.7694572  340.2047078  311.7093171  300.7341048  299.4139560  293.2902022  281.8201529  346.3322891  349.0067957  349.0142217  348.9531916  349.1657296  349.2523604
   38.6869091  338.9934762  310.3623469  299.4139560  298.2631113  290.7641733  279.1641867  345.1813577  347.8417984  347.8914323  347.9990662  348.2106861  348.2305479
   39.6116716  338.9934762  309.2809556  297.0918586  295.7996127  289.5132380  276.4532516  344.2300478  346.9403972  347.0907900  347.0676001  347.1638223  347.1677576
   40.5436873  337.8530859  306.9318465  295.7996127  294.5311588  287.0136322  273.8185270  343.1422416  346.0286313  346.0014624  346.0030648  346.2530434  346.1937520
   41.4829002  336.9258458  305.5764650  293.2902022  292.0131951  285.6485230  271.1770104  342.2652054  344.8605035  345.0335914  345.0358254  345.1001225  345.2262557
   42.4292557  336.0585604  303.1778552  290.7641733  289.5132380  283.1234729  268.3892221  341.4472799  343.9188657  344.0633496  344.1004055  344.1819715  344.1270836
   43.3827000  335.0435527  301.9655921  289.5132380  288.2005784  280.4879479  265.6545239  340.4828694  342.8967956  343.0243267  343.0016940  343.1679566  343.0935056
   44.3431811  335.0435527  300.7341048  287.0136322  285.6485230  279.1641867  264.3396613  339.4997840  341.8560428  342.0980842  342.0324704  342.0665089  341.9975178
   45.3106475  333.8285928  298.2631113  285.6485230  284.3945602  276.4532516  261.5336391  338.3305848  340.8655360  340.9511687  340.9971423  340.9952557  340.9109517
   46.2850494  332.8761168  297.0918586  283.1234729  281.8201529  273.8185270  258.6203406  337.4210499  339.8885584  340.0173667  340.0233504  340.0127228  339.7309583
   47.2663377  331.7091315  294.5311588  281.8201529  280.4879479  272.4396798  255.9275680  336.2989598  338.8278948  338.9365080  338.9155645  338.8666093  338.7819726
   48.2544643  331.7091315  293.2902022  279.1641867  277.8324911  269.7647619  253.0795648  335.2909449  337.7859360  337.8905294  337.8788914  337.8613368  337.6919078
   49.2493824  330.7853735  292.0131951  277.8324911  276.4532516  268.3892221  250.4527617  334.4029675  336.7084039  336.7862380  336.7293018  336.7240065  336.8333446
   50.2510457  329.5603152  289.5132380  275.1700538  273.8185270  265.6545239  247.5666641  333.2165566  335.7301192  335.7510929  335.7303191  335.6763873  335.7305091
   51.2594093  329.5603152  288.2005784  273.8185270  271.1770104  262.9923345  244.5914800  332.1902666  334.6211446  334.6316251  334.7379568  334.7134799  334.5518247
   52.2744289  328.4640669  287.0136322  271.1770104  269.7647619  261.5336391  241.5455771  331.1248165  333.6366259  333.6342490  333.5638706  333.5027319  333.3153945
   53.2960611  327.5537525  284.3945602  269.7647619  267.0101315  258.6203406  238.8239592  330.2433386  332.5623822  332.4589413  332.4763829  332.3077431  332.4121930
   54.3242633  326.3105505  283.1234729  267.0101315  265.6545239  257.4057484  236.0210670  329.0322020  331.4982717  331.3664650  331.3626717  331.3435110  331.4406386
   55.3589940  326.3105505  281.8201529  265.6545239  262.9923345  254.5837405  232.9837771  327.9814033  330.4021540  330.2513423  330.3833856  330.2552305  330.2490627
   56.4002121  325.2590404  279.1641867  262.9923345  261.5336391  251.6271323  229.9853363  326.9536453  329.3130821  329.2670969  329.1717477  329.0463071  329.1079046
   57.4478775  324.1578070  277.8324911  261.5336391  258.6203406  250.4527617  226.9166699  325.8766024  328.1924560  328.0538794  327.9603828  328.1300538  327.9091070
   58.5019507  324.1578070  276.4532516  258.6203406  257.4057484  247.5666641  225.9915007  324.8078522  327.0245852  326.8375878  326.9943836  327.0069824  328.8441828
   59.5623930  323.1360603  273.8185270  257.4057484  255.9275680  246.1090798  224.7714998  323.8032300  325.9779817  325.8698598  325.7678149  325.8146916  329.4991157
   60.6291664  322.1097259  272.4396798  254.5837405  253.0795648  243.0703172  221.4987750  322.7940462  324.8139750  324.7603411  324.6409064  324.5563647  328.1335225
   61.7022336  322.1097259  271.1770104  253.0795648  251.6271323  240.3439149  219.2091437  321.7075054  323.7647428  323.5096299  323.4435764  323.6195922  327.7527939
   62.7815578  320.9069245  269.7647619  250.4527617  248.9580930  238.8239592  217.5696659  320.5174718  322.5671580  322.6096076  322.5100100  322.3731200  326.4090940
   63.8671030  320.9069245  267.0101315  248.9580930  247.5666641  236.0210670  214.2825799  319.4193936  321.4266884  321.3719005  321.3767037  321.3762488  325.0561197
   64.9588337  319.7832866  265.6545239  247.5666641  244.5914800  234.5287992  212.6348924  318.3016719  320.2885329  320.2365143  320.1560756  320.1611274  323.7097593
   66.0567151  318.6892783  264.3396613  244.5914800  243.0703172  231.5271787  210.1987860  317.2133348  319.1903958  319.0110675  318.8978545  318.9829950  323.2142820
   67.1607129  318.6892783  261.5336391  243.0703172  240.3439149  228.4666284  208.5475976  316.0977420  318.0199641  317.7506714  317.9394004  317.7585656  321.8696084
   68.2707934  317.6381342  260.0835121  240.3439149  238.8239592  226.9166699  205.2364509  315.0459006  316.7911918  316.7874410  316.6857970  316.4934167  320.5226764
   69.3869234  317.6381342  258.6203406  238.8239592  236.0210670  225.9915007  203.5764326  313.9194793  315.5491446  315.5315779  315.6673606  317.3982601  319.1741312
   70.5090705  316.5396403  257.4057484  236.0210670  234.5287992  226.4041388  201.0032975  312.8147850  314.5528126  314.5084082  314.4444992  318.0796955  318.5724883
   71.6372023  315.3937737  254.5837405  234.5287992  231.5271787  223.1363954  199.3384452  311.6633061  313.3908232  313.2832121  313.2449311  316.6805032  317.2237725
   72.7712874  314.0988616  253.0795648  232.9837771  229.9853363  219.8585899  195.9994871  310.3643855  312.1109933  312.0056931  311.9762377  315.2831364  315.8784566
   73.9112948  312.9423385  251.6271323  229.9853363  228.4666284  219.2091437  194.3253361  309.2025826  310.8819789  310.8078591  310.7303725  314.9197984  314.5249199
   75.0571937  311.8900352  250.4527617  228.4666284  225.3628746  215.9274915  192.6480421  308.1441363  309.9278223  309.5595280  309.4484156  313.5335203  313.1692134
   76.2089540  310.8060504  248.9580930  225.3628746  225.9915007  214.2825799  189.9432098  307.0544970  308.6561348  308.2729300  310.3315347  312.1880177  312.4692531
   77.3665461  309.6332212  246.1090798  225.9915007  224.7714998  210.9843922  188.2599386  305.8770129  307.4949420  309.1535297  310.9298192  310.8001447  311.1116750
   78.5299407  308.4494492  244.5914800  224.7714998  223.1363954  208.5475976  186.5734505  304.6888060  306.2036573  309.7472177  309.5749005  310.2765970  309.7516377
   79.6991091  307.1672551  243.0703172  223.1363954  219.8585899  206.8934961  183.1907584  303.4032707  304.9083873  308.3897322  308.1511624  308.9283547  308.3978711
   80.8740228  305.9782331  241.5455771  221.4987750  219.2091437  203.5764326  182.0597319  302.2100847  303.6091088  307.0295139  307.7750369  307.5479157  307.5914986
   82.0546539  304.8634879  240.3439149  219.2091437  217.5696659  201.9134133  178.6633781  301.0905408  302.6292022  306.5827081  306.4185536  306.1939687  306.2381555
   83.2409748  304.3594104  237.3305938  217.5696659  214.2825799  199.3384452  176.9602523  300.5756652  301.3325323  305.2235705  305.0038718  305.5626671  304.8690110
   84.4329584  305.0138384  236.0210670  215.9274915  212.6348924  197.6705161  175.2538111  301.2078167  300.2488760  303.8614675  303.6421614  304.2069001  303.4970313
   85.6305780  303.5641372  234.5287992  212.6348924  210.1987860  194.3253361  172.3139045  299.7569860  298.9838153  302.4399922  303.0848949  302.8274431  302.6124187
   86.8338070  302.1916861  232.9837771  210.9843922  208.5475976  192.6480421  170.5999222  298.3827381  297.6660313  301.0724886  301.7225660  301.4653688  301.2363550
   88.0426196  301.3959437  231.5271787  208.5475976  206.8934961  189.9432098  168.8825830  297.5795363  296.4352846  300.5132264  300.3570438  300.7341048  299.8572712
   89.2569899  300.3542867  229.9853363  206.8934961  203.5764326  188.2599386  165.4377982  296.5329826  295.1196392  299.1449528  298.9455699  299.3690055  298.4894584
   90.4768927  298.9797405  226.9166699  205.2364509  201.9134133  184.8837289  164.1160767  295.1569718  293.7985179  297.7734017  297.5739924  297.9872242  297.5052246
   91.7023030  297.6020494  225.3628746  201.9134133  199.3384452  183.1907584  160.6550266  293.7779498  292.4740136  296.3547277  296.9118938  296.6153490  296.1348357
   92.9331962  296.2211633  225.9915007  201.0032975  197.6705161  182.0597319  158.9193997  292.3958665  293.3095901  295.7253680  295.5381841  295.7996127  294.7439204
   94.1695480  296.2211633  226.4041388  199.3384452  195.9994871  178.6633781  155.7733024  291.1617096  293.9308187  294.3484204  294.1610316  294.4148852  293.6987605
   95.4113343  295.6351622  224.7714998  195.9994871  192.6480421  176.9602523  154.0290644  290.5612072  292.5267003  292.9317980  292.7478751  293.0355007  292.3023097
   96.6585315  294.2535661  223.1363954  194.3253361  191.6232813  175.2538111  152.2814009  289.1731885  291.1196159  291.5483189  292.0131951  291.6525884  290.9025260
   97.9111162  292.8686169  221.4987750  192.6480421  189.9432098  172.3139045  148.7757793  287.7819719  289.7095132  290.1612993  290.6293498  290.7365908  289.5176081
   99.1690653  291.4802749  219.8585899  189.9432098  186.5734505  170.5999222  147.2888966  286.3875173  288.2963423  289.3901232  289.2155674  289.3488584  288.3788455
  100.4323560  290.0377091  219.2091437  188.2599386  184.8837289  168.8825830  143.7652162  284.9395011  287.8634724  287.9998093  287.8247808  287.9575057  286.9892556
  101.7009660  289.3915289  215.9274915  186.5734505  183.1907584  165.4377982  141.9982055  284.2800257  286.3717972  286.6058558  286.4303409  286.5583832  285.5759370
  102.9748728  289.3915289  214.2825799  183.1907584  180.3632004  164.1160767  138.6660897  283.0116195  284.9563325  285.1811140  285.5706990  285.5612633  284.3891130
  104.2540547  287.9976638  212.6348924  182.0597319  178.6633781  162.3872500  136.8897076  281.6068969  283.5375855  284.3396447  284.1720389  284.1607679  282.9692159
  105.5384900  287.9976638  210.9843922  180.3632004  176.9602523  160.6550266  135.1098685  280.3284942  282.1155191  282.9378487  282.7696468  282.7565505  281.5457766
  106.8281571  286.6002499  210.1987860  176.9602523  174.0245395  157.1803632  131.6977437  278.9152779  281.5491625  281.5104260  281.8201529  281.3472817  280.2955266
  108.1230351  286.6002499  208.5475976  175.2538111  172.3139045  155.7733024  129.9082467  277.6269368  280.1253441  280.1013551  280.4128456  280.2674604  278.8651195
  109.4231031  285.1570521  206.8934961  174.0245395  170.5999222  154.0290644  126.4277243  276.1634717  278.6981064  279.1641867  279.0017418  278.8534388  277.5600796
  110.7283403  285.1570521  205.2364509  172.3139045  168.8825830  152.2814009  124.6940833  274.8652507  277.2674194  277.7499657  277.5868234  277.4356166  276.1875047
  112.0387264  283.7530218  203.5764326  168.8825830  165.4377982  150.5303073  121.1486069  273.4356951  275.8332545  276.3146878  276.1534033  276.0139759  274.8310036
  113.3542413  283.7530218  201.9134133  167.1618779  164.1160767  147.2888966  119.3393987  272.1276532  274.3955846  274.8929869  275.1326158  274.8577174  273.3860967
  114.6748649  283.7530218  201.0032975  165.4377982  162.3872500  145.5287789  115.7105930  270.8148404  273.7027561  273.4674277  273.7082864  273.4295404  271.9598647
  116.0005778  282.9944830  199.3384452  164.1160767  160.6550266  143.7652162  114.0110669  270.0145193  272.2622062  272.4396798  272.2800797  271.9975029  270.6259713
  117.3313603  282.9944830  197.6705161  162.3872500  157.1803632  141.9982055  110.3625413  268.6919672  270.8180793  271.0083692  270.8369613  270.5615913  269.1929052
  118.6671932  281.5866652  195.9994871  158.9193997  155.7733024  140.4390166  108.5330887  267.2441390  269.3703536  269.5599638  269.7330926  269.3309527  267.7327648
  120.0080576  281.5866652  194.3253361  157.1803632  154.0290644  136.8897076  104.8638099  265.9119069  267.9190086  268.1209892  268.2948908  267.8917490  266.2917672
  121.3539345  280.1402208  192.6480421  155.7733024  152.2814009  135.1098685  103.0239864  264.4211699  266.4640251  267.0101315  266.8527652  266.4449947  264.8236945
  122.7048055  280.1402208  191.6232813  154.0290644  150.5303073  133.4837796   99.3339790  263.0793168  265.6545239  265.5649253  265.4067065  265.1499620  263.3747171
  124.0606521  280.1402208  189.9432098  152.2814009  148.7757793  131.6977437   97.7463821  261.7327698  264.1957414  264.1157814  263.9567062  263.6960824  262.1586414
  125.4214561  280.1402208  188.2599386  150.5303073  145.5287789  129.9082467   94.0378907  260.3815370  262.7332693  262.6626918  262.7645413  262.2382696  260.7038351
  126.7871995  278.7254637  186.5734505  147.2888966  143.7652162  126.4277243   90.3156219  258.9078324  261.2670922  261.4642406  261.3079762  260.8888387  259.2451955
  128.1578646  278.7254637  184.8837289  145.5287789  141.9982055  124.6940833   88.4493265  257.5470857  259.7971959  260.0046190  259.8474475  259.4885961  257.7580555
  129.5334336  277.3069583  183.1907584  143.7652162  140.4390166  122.9289993   84.7064259  256.0651717  258.3235669  258.5410304  258.5921090  258.0567029  256.2913393
  130.9138893  277.3069583  182.0597319  141.9982055  138.6660897  121.1486069   82.8298257  254.6949695  257.4057484  257.0734695  257.1246138  256.6091264  254.7961966
  132.2992143  277.3069583  180.3632004  140.4390166  136.8897076  119.3393987   79.0663388  253.3201391  255.9275680  255.8110915  255.6531393  255.1324886  253.3213816
  133.6893916  276.4442418  178.6633781  138.6660897  135.1098685  117.5267272   77.1794576  252.3792362  254.4456199  254.3365501  254.1776814  253.6518836  251.8182251
  135.0844044  276.4442418  176.9602523  136.8897076  133.4837796  114.0110669   73.3954342  250.9950329  252.9598938  252.8580241  252.8538732  252.2919185  250.3352946
  136.4842358  276.4442418  175.2538111  135.1098685  129.9082467  112.1885344   69.5977494  249.6062353  251.4703803  251.3755102  251.3675904  250.8037730  248.8484541
  137.8888695  275.0211362  174.0245395  131.6977437  128.2236551  110.3625413   67.6937917  248.1014548  250.4527617  250.0394479  249.9882017  249.3116526  247.3330595
  139.2982890  275.0211362  172.3139045  129.9082467  126.4277243  108.5330887   63.8756615  246.7033663  248.9580930  248.5497373  248.4980200  247.8155541  245.8380803
  140.7124781  275.0211362  172.3139045  128.2236551  124.6940833  106.7001778   61.9614956  245.3007178  247.4946389  247.1633148  247.0689367  246.3154753  244.3146657
  142.1314208  275.0211362  170.5999222  126.4277243  122.9289993  104.8638099   58.1229790  243.8935190  245.9917917  245.6660974  245.6081552  244.8114139  242.8115434
  143.5551012  273.7027561  168.8825830  124.6940833  121.1486069  101.1807089   54.2709056  242.4787894  244.4851336  244.2299773  244.1316479  243.3097178  241.3044807
  144.9835037  273.7027561  167.1618779  122.9289993  119.3393987   99.3339790   52.3397938  241.0624058  242.9746580  242.7621586  242.6260417  241.7975813  239.7688438
  146.4166126  273.7027561  165.4377982  121.1486069  117.5267272   97.7463821   48.9373342  239.6415066  241.4603591  241.2786146  241.1164353  240.5414197  238.7188301
  147.8544126  273.7027561  164.1160767  119.3393987  115.7105930   95.8938596   46.9978870  238.2161019  240.3439149  239.7659727  239.6028287  239.0224125  237.1769575
  149.2968883  272.2622062  162.3872500  117.5267272  114.0110669   94.0378907   43.1088939  236.6670235  238.8239592  238.2493323  238.2040920  237.4994217  235.6571469
  150.7440247  272.2622062  162.3872500  115.7105930  112.1885344   90.3156219   39.2064607  235.2325390  237.3305938  236.7286940  236.6830066  235.9800493  234.1333830
  152.1958069  272.2622062  160.6550266  114.0110669  110.3625413   88.4493265   37.2502136  233.7935837  235.8024833  235.3229284  235.1579231  234.4489911  232.5793295
  153.6522199  272.2622062  158.9193997  112.1885344  108.5330887   86.5795937   33.3276773  232.3501679  234.2705399  233.7948176  233.6288429  232.9139538  231.0474314
  155.1132492  272.2622062  157.1803632  110.3625413  106.7001778   84.7064259   29.3917778  230.9023019  232.7347604  232.2627126  232.0957673  231.3749381  229.5115764
  156.5788802  271.1770104  155.7733024  108.5330887  104.8638099   82.8298257   27.4188266  229.6873162  231.5271787  230.7266153  230.5586983  229.8319455  227.9453776
  158.0490985  271.1770104  154.0290644  106.7001778  103.0239864   80.9497957   23.4629412  228.2304983  229.9853363  229.1865276  229.0176378  228.2849772  226.4014033
  159.5238897  271.1770104  154.0290644  104.8638099  101.1807089   77.1794576   21.4800148  226.7692650  228.4666284  227.6424518  227.4725880  226.7416641  224.8272481
  161.0032399  271.1770104  152.2814009  103.0239864   99.3339790   75.2891551   17.5042152  225.3036267  226.9166699  226.0943902  225.9235515  225.1866570  223.2751701
  162.4871349  269.7647619  150.5303073  101.1807089   95.8938596   73.3954342   13.5151797  223.7519450  225.3628746  224.5423457  224.6308922  223.6276831  221.7191410
  163.9755609  269.7647619  148.7757793   99.3339790   94.0378907   71.4982980   11.5157087  222.2774560  223.8052409  222.9863209  223.0750111  222.0647447  220.1329086
  165.4685042  269.7647619  147.2888966   97.7463821   92.1784774   69.5977494    7.5068806  220.7985964  222.5121406  221.6862768  221.5151520  220.4978444  218.5687995
  166.9659510  269.7647619  147.2888966   95.8938596   90.3156219   67.6937917    3.4848986  219.3153766  220.9725547  220.1233967  219.9513182  218.9269851  217.0007455
  168.4678880  269.7647619  145.5287789   94.0378907   88.4493265   63.8756615    1.4689852  217.8278071  219.4042853  218.5565462  218.3835130  217.3598127  215.4024846
  169.9743017  269.7647619  143.7652162   92.1784774   86.5795937   61.9614956    0.0000000  216.3358982  217.8321843  216.9857290  216.8117402  215.7809585  216.3733177
  171.4851789  268.3227785  141.9982055   90.3156219   84.7064259   60.0439337    0.0000000  214.7332771  216.2562513  215.4109487  215.2360034  214.1981571  218.8074509
  173.0005064  268.3227785  140.4390166   88.4493265   82.8298257   58.1229790    0.0000000  213.2326638  214.8856461  213.8322093  213.6563066  212.6114121  219.2091437
  174.5202712  268.3227785  140.4390166   86.5795937   80.9497957   56.1986352    0.0000000  211.7277452  213.3253432  212.2495147  212.0726538  211.0207269  217.5696659
  176.0444604  268.3227785  138.6660897   84.7064259   79.0663388   54.2709056    0.0000000  210.2185315  211.7385308  210.6628692  210.4850493  209.4261055  215.9274915
  177.5730611  268.3227785  136.8897076   82.8298257   77.1794576   50.4053033    0.0000000  208.7050332  210.1478966  209.0722771  208.8934973  207.8352027  214.2825799
  179.1060606  268.3227785  135.1098685   80.9497957   75.2891551   48.9373342    0.0000000  207.1872605  208.5534412  207.4777427  207.2980022  206.6978392  212.6348924
  180.6434465  268.3227785  135.1098685   79.0663388   73.3954342   46.9978870    0.0000000  205.6652239  206.9767540  205.8792706  205.6985687  205.0931282  210.9843922
  182.1852062  268.3227785  133.4837796   77.1794576   71.4982980   45.0550724    0.0000000  204.1389337  205.5299536  204.2768654  204.0952014  203.4844996  209.3310440
  183.7313272  266.9160674  131.6977437   75.2891551   69.5977494   43.1088939    0.0000000  202.5416006  203.9244213  202.6705319  202.4879051  201.8719579  207.6748141
  185.2817975  266.9160674  131.6977437   73.3954342   67.6937917   41.1593554    0.0000000  201.0067933  202.3355925  201.0602749  200.8766847  200.2555076  206.0156703
  186.8366047  266.9160674  129.9082467   71.4982980   65.7864280   37.2502136    0.0000000  199.4677653  200.7221134  199.4460995  199.2615451  198.6445836  204.3535820
  188.3957369  266.9160674  128.2236551   69.5977494   63.8756615   35.2906178    0.0000000  197.9245269  199.2121206  197.8280105  197.6424914  197.0202582  202.6885199
  189.9591820  266.9160674  126.4277243   67.6937917   61.9614956   33.3276773    0.0000000  196.3770881  197.5915343  196.2060132  196.0195287  195.3920404  201.0204559
  191.5269283  266.9160674  126.4277243   65.7864280   61.9614956   31.3613961    0.0000000  194.8254592  195.9865010  194.5801128  194.3917868  193.7599350  199.3493635
  193.0989638  266.9160674  124.6940833   63.8756615   60.0439337   29.3917778    0.0000000  193.2696503  194.4231106  192.9503146  192.7609973  192.1239468  197.6752171
  194.6752771  266.9160674  122.9289993   61.9614956   58.1229790   27.4188266    0.0000000  191.7096715  192.8282381  191.3166238  191.1263147  190.4840810  195.9979926
  196.2558564  265.6545239  122.9289993   61.9614956   56.1986352   23.4629412    0.0000000  190.2271958  191.2111933  189.6794062  189.4877445  188.8497832  194.3176666
  197.8406903  265.6545239  121.1486069   60.0439337   54.2709056   21.4800148    0.0000000  188.6588790  189.5967320  188.0379036  187.8452922  187.2021123  192.6342173
  199.4297674  265.6545239  121.1486069   58.1229790   52.3397938   19.4937715    0.0000000  187.0864241  187.9717997  186.3925253  186.1989635  185.5505811  190.9476236
  201.0230764  265.6545239  119.3393987   56.1986352   50.4053033   17.5042152    0.0000000  185.5098408  186.3244035  184.7432770  184.5487639  183.8951950  189.2578655
  202.6206062  265.6545239  117.5267272   54.2709056   48.9373342   15.5113499    0.0000000  183.9291392  184.6732505  183.0901643  183.3598965  182.2359592  187.5649238
  204.2223455  265.6545239  117.5267272   52.3397938   46.9978870   13.5151797    0.0000000  182.3443291  183.0363968  181.4331929  181.7037441  180.5728791  185.8687806
  205.8282833  265.6545239  115.7105930   50.4053033   45.0550724    9.5129410    0.0000000  180.7554204  181.3774460  179.7723687  180.0437382  178.9154168  184.1694185
  207.4384088  265.6545239  115.7105930   48.9373342   43.1088939    7.5068806    0.0000000  179.1624228  179.7327586  178.5728947  178.3798847  177.2446059  182.4668211
  209.0527109  265.6545239  114.0110669   48.9373342   41.1593554    5.4975318    0.0000000  177.5653461  178.1849064  176.9048004  176.7121894  175.5699691  180.7609728
  210.6711791  265.6545239  114.0110669   46.9978870   39.2064607    3.4848986    0.0000000  175.9641999  176.5324059  175.2341782  175.0406584  173.8915119  179.0518589
  212.2938025  265.6545239  112.1885344   45.0550724   37.2502136    1.4689852    0.0000000  174.3589941  174.8584602  173.5597272  173.3652974  172.2092400  177.3394652
  213.9205705  265.6545239  112.1885344   43.1088939   37.2502136    0.0000000    0.0000000  172.7497382  173.1981679  171.8814533  171.6834880  171.0678615  175.6237785
  215.5514726  265.6545239  110.3625413   41.1593554   35.2906178    0.0000000    0.0000000  171.1364419  171.5165053  170.1993624  170.0004550  173.3951661  173.9047860
  217.1864984  265.6545239  108.5330887   39.2064607   33.3276773    0.0000000    0.0000000  169.5191146  169.8311365  168.5134607  168.3136102  173.7101344  172.1824759
  218.8256375  265.6545239  108.5330887   37.2502136   31.3613961    0.0000000    0.0000000  167.8977659  168.1590909  166.8237541  166.6229598  174.0245395  170.4568366
  220.4688796  265.6545239  106.7001778   35.2906178   29.3917778    0.0000000    0.0000000  166.2724053  166.4660444  165.1302487  164.9285097  172.3139045  168.7278577
  222.1162144  265.6545239  106.7001778   35.2906178   27.4188266    0.0000000    0.0000000  164.6430422  164.7862666  163.4315949  163.2302663  170.5999222  166.9955288
  223.7676318  265.6545239  106.7001778   33.3276773   25.4425464    0.0000000    0.0000000  163.0096860  163.1027322  161.7304623  161.5282355  168.8825830  165.2598404
  225.4231219  265.6545239  104.8638099   31.3613961   23.4629412    0.0000000    0.0000000  161.3723460  161.3980826  160.0255496  159.8224237  167.1618779  163.5207835
  227.0826744  265.6545239  104.8638099   29.3917778   21.4800148    0.0000000    0.0000000  159.7310315  159.7068466  158.3168630  158.1128369  165.4377982  161.7783496
  228.7462797  265.6545239  103.0239864   27.4188266   21.4800148    0.0000000    0.0000000  158.0857518  157.9945893  156.6044087  156.3969199  163.7103361  160.0325307
  230.4139277  265.6545239  103.0239864   25.4425464   19.4937715    0.0000000    0.0000000  156.4365161  156.2956755  154.8881929  154.6797676  161.9794840  158.2833192
  232.0856087  264.3396613  101.1807089   25.4425464   17.5042152    0.0000000    0.0000000  154.8168451  154.5758378  153.1669161  152.9588592  160.2452348  156.5307082
  233.7613130  264.3396613  101.1807089   23.4629412   15.5113499    0.0000000    0.0000000  153.1597194  152.8692699  151.4431458  151.2342008  158.5075820  154.7746910
  235.4410310  264.3396613   99.3339790   21.4800148   13.5151797    0.0000000    0.0000000  151.4986658  151.1418792  149.7156329  149.5057987  156.7665192  153.0152615
  237.1247531  264.3396613   99.3339790   19.4937715   11.5157087    0.0000000    0.0000000  149.8336932  149.4276813  147.9843838  147.7736592  155.0220409  151.2524138
  238.8124699  264.3396613   99.3339790   17.5042152    9.5129410    0.0000000    0.0000000  148.1648106  147.7097630  146.2494045  146.0377886  153.2741415  149.4861427
  240.5041718  264.3396613   97.7463821   17.5042152    9.5129410    0.0000000    0.0000000  146.4920270  146.2309191  144.5094642  144.2957030  151.5228161  147.7164432
  242.1998495  264.3396613   97.7463821   15.5113499    7.5068806    0.0000000    0.0000000  144.8153511  144.5054044  142.7669915  142.5523514  149.7680602  145.9433106
  243.8994937  264.3396613   95.8938596   13.5151797    5.4975318    0.0000000    0.0000000  143.1347918  142.7602149  141.0208079  140.8052877  148.0098693  144.1667407
  245.6030951  264.3396613   95.8938596   11.5157087    3.4848986    0.0000000    0.0000000  141.4503578  141.0271287  139.2709197  139.0545181  146.2482397  142.3867295
  247.3106447  264.3396613   94.0378907    9.5129410    1.4689852    0.0000000    0.0000000  139.7620580  139.2744830  137.5173329  137.3000488  144.4831676  140.6032736
  249.0221333  264.3396613   94.0378907    9.5129410    1.4689852    0.0000000    0.0000000  138.0699009  137.5338500  135.7588587  135.5395039  142.7146499  138.8163696
  250.7375518  264.3396613   94.0378907    7.5068806    0.0000000    0.0000000    0.0000000  136.3738951  135.7895282  133.9978403  134.3223164  140.9426836  137.0260146
  252.4568913  264.3396613   92.1784774    5.4975318    0.0000000    0.0000000    0.0000000  134.6740493  134.0256203  132.2331425  134.5589828  139.1672659  135.2322059
  254.1801428  264.3396613   92.1784774    3.4848986    0.0000000    0.0000000    0.0000000  132.9703721  132.2737866  130.4647716  134.7952101  137.3883945  133.4349411
  255.9072975  264.3396613   92.1784774    3.4848986    0.0000000    0.0000000    0.0000000  131.2628718  130.5182776  128.6916129  133.0200369  135.6060672  131.6342180
  257.6383466  264.3396613   90.3156219    1.4689852    0.0000000    0.0000000    0.0000000  129.5515570  128.7431711  126.9158594  133.2521225  133.8202821  129.8300349
  259.3732813  264.3396613   90.3156219    0.0000000    0.0000000    0.0000000    0.0000000  127.8364360  126.9801856  125.6811543  133.4837796  132.0310377  128.0223901
  261.1120930  264.3396613   88.4493265    0.0000000    0.0000000    0.0000000    0.0000000  126.1175172  125.1977335  123.8970913  131.6977437  130.2383326  126.2112822
  262.8547730  264.3396613   88.4493265    0.0000000    0.0000000    0.0000000    0.0000000  124.3948089  123.4272969  124.1125744  129.9082467  128.4421655  124.3967101
  264.6013128  265.6545239   88.4493265    0.0000000    0.0000000    0.0000000    0.0000000  122.6348045  121.6532093  122.3213370  128.1152876  126.6425356  122.5786728
  266.3517039  265.6545239   86.5795937    0.0000000    0.0000000    0.0000000    0.0000000  120.9045369  119.8596631  122.5327323  126.3188659  124.8394422  120.7571698
  268.1059377  265.6545239   86.5795937    0.0000000    0.0000000    0.0000000    0.0000000  119.1705040  118.0781603  122.7437365  124.5189810  123.0328848  118.9322004
  269.8640059  265.6545239   86.5795937    0.0000000    0.0000000    0.0000000    0.0000000  117.4327140  116.2930209  120.9416622  122.7156326  121.2228630  117.1037644
  271.6259002  265.6545239   84.7064259    0.0000000    0.0000000    0.0000000    0.0000000  115.6911750  114.4884432  121.1486069  120.9088205  119.4093767  115.2718617
  273.3916123  265.6545239   84.7064259    0.0000000    0.0000000    0.0000000    0.0000000  113.9458952  112.6959246  119.3393987  119.0985448  117.5924261  113.4364923
  275.1611339  265.6545239   84.7064259    0.0000000    0.0000000    0.0000000    0.0000000  112.1968823  110.8997843  117.5267272  117.2848058  115.7720113  111.5976565
  276.9344568  265.6545239   82.8298257    0.0000000    0.0000000    0.0000000    0.0000000  110.4441446  109.0842371  115.7105930  115.4676038  113.9481327  109.7553548
  278.7115729  265.6545239   82.8298257    0.0000000    0.0000000    0.0000000    0.0000000  108.6876898  107.2807538  113.8909966  113.6469396  112.1207910  107.9095877
  280.4924742  265.6545239   82.8298257    0.0000000    0.0000000    0.0000000    0.0000000  106.9275258  105.4736637  112.0679386  111.8228137  110.2899869  106.0603559
  282.2771525  265.6545239   82.8298257    0.0000000    0.0000000    0.0000000    0.0000000  105.1636604  103.6629712  110.2414201  109.9952271  108.4557213  104.2076604
  284.0656000  265.6545239   80.9497957    0.0000000    0.0000000    0.0000000    0.0000000  103.3961016  101.8328118  108.4114420  108.1641807  106.6179952  102.3515023
  285.8578087  265.6545239   80.9497957    0.0000000    0.0000000    0.0000000    0.0000000  101.6248569  100.0148236  106.5780055  106.3296759  104.7768097  100.4918826
  287.6537707  265.6545239   80.9497957    0.0000000    0.0000000    0.0000000    0.0000000   99.8499341   98.1932483  104.7411119  104.4917139  102.9321663   98.6288027
  289.4534783  265.6545239   79.0663388    0.0000000    0.0000000    0.0000000    0.0000000   98.0713408   96.3522625  102.9007627  102.6502960  101.0840663   96.7622641
  291.2569235  265.6545239   79.0663388    0.0000000    0.0000000    0.0000000    0.0000000   96.2890847   94.5234279  101.0569593  100.8054240   99.2325113   94.8922683
  293.0640987  265.6545239   79.0663388    0.0000000    0.0000000    0.0000000    0.0000000   94.5031734   92.6910217   99.2097036   98.9570994   97.3775029   93.0188171
  294.8749962  265.6545239   77.1794576    0.0000000    0.0000000    0.0000000    0.0000000   92.7136143   90.8392697   97.3589973   97.1053241   95.5190431   91.1419122
  296.6896084  265.6545239   77.1794576    0.0000000    0.0000000    0.0000000    0.0000000   90.9204150   88.9996405   95.5048422   95.2500999   93.6571336   89.2615556
  298.5079277  265.6545239   77.1794576    0.0000000    0.0000000    0.0000000    0.0000000   89.1235828   87.1564552   93.6472404   93.3914290   91.7917766   87.3777492
  300.3299465  265.6545239   75.2891551    0.0000000    0.0000000    0.0000000    0.0000000   87.3231253   85.2939963   91.7861941   91.5293133   89.9229741   85.4904953
  302.1556573  265.6545239   75.2891551    0.0000000    0.0000000    0.0000000    0.0000000   85.5190497   83.4436243   89.9217054   89.6637551   88.0507284   83.5997960
  303.9850528  265.6545239   75.2891551    0.0000000    0.0000000    0.0000000    0.0000000   83.7113634   81.5897120   88.0537767   87.7947568   86.1750417   81.7056536
  305.8181254  265.6545239   75.2891551    0.0000000    0.0000000    0.0000000    0.0000000   81.9000737   79.7322641   86.1824103   85.9223208   84.2959165   79.8080707
  307.6548678  265.6545239   73.3954342    0.0000000    0.0000000    0.0000000    0.0000000   80.0851878   77.8555419   84.3076088   84.0464494   82.4133552   77.9070496
  309.4952728  265.6545239   73.3954342    0.0000000    0.0000000    0.0000000    0.0000000   78.2667129   75.9909544   82.4293747   82.1671454   80.5273606   76.0025930
  311.3393330  265.6545239   73.3954342    0.0000000    0.0000000    0.0000000    0.0000000   76.4446562   74.1228471   80.5477107   80.2844112   78.6379351   74.0947035
  313.1870411  265.6545239   73.3954342    0.0000000    0.0000000    0.0000000    0.0000000   74.6190248   72.2512246   78.6626194   78.3982498   76.7450815   72.1833839
  315.0383901  265.6545239   71.4982980    0.0000000    0.0000000    0.0000000    0.0000000   72.7898258   70.3603437   76.7741038   76.5086639   74.8488027   70.2686370
  316.8933728  265.6545239   71.4982980    0.0000000    0.0000000    0.0000000    0.0000000   70.9570662   68.4816286   74.8821667   74.6156563   72.9491015   68.3504657
  318.7519820  265.6545239   71.4982980    0.0000000    0.0000000    0.0000000    0.0000000   69.1207531   66.5994144   72.9868109   72.7192301   71.0459809   66.4288729
  320.6142107  265.6545239   69.5977494    0.0000000    0.0000000    0.0000000    0.0000000   67.2808933   64.6980402   71.0880397   70.8193881   69.1394439   64.5038617
  322.4800518  265.6545239   69.5977494    0.0000000    0.0000000    0.0000000    0.0000000   65.4374938   62.8087690   69.1858559   68.9161336   67.2294935   62.5754351
  324.3494985  266.9160674   69.5977494    0.0000000    0.0000000    0.0000000    0.0000000   63.5088871   60.9160144   67.2802628   67.0094696   65.3161330   60.6435962
  326.2225437  266.9160674   69.5977494    0.0000000    0.0000000    0.0000000    0.0000000   61.6584160   59.0197812   65.3712636   65.0993994   63.3993654   58.7083484
  328.0991806  266.9160674   67.6937917    0.0000000    0.0000000    0.0000000    0.0000000   59.8044258   57.1044270   63.4588614   63.1859261   61.4791941   56.7696948
  329.9794023  266.9160674   65.7864280    0.0000000    0.0000000    0.0000000    0.0000000   57.9469231   55.1857640   61.5430596   61.2690531   59.5556224   54.8276388
  331.8632020  266.9160674   63.8756615    0.0000000    0.0000000    0.0000000    0.0000000   56.0859147   53.2637954   59.6238616   59.3487837   57.6286535   52.8821837
  333.7505728  266.9160674   61.9614956    0.0000000    0.0000000    0.0000000    0.0000000   54.2214074   51.3385242   57.7012707   57.4251213   55.6982910   50.9333330
  335.6415081  266.9160674   60.0439337    0.0000000    0.0000000    0.0000000    0.0000000   52.3534078   49.4099536   55.7752904   55.4980694   53.7645382   48.9810900
  337.5360011  266.9160674   58.1229790    0.0000000    0.0000000    0.0000000    0.0000000   50.4819225   47.4780868   53.8459242   53.5676315   51.8273987   47.0254583
  339.4340452  266.9160674   56.1986352    0.0000000    0.0000000    0.0000000    0.0000000   48.6069581   45.5429270   51.9131757   51.6338112   49.8868760   45.0664415
  341.3356338  266.9160674   54.2709056    0.0000000    0.0000000    0.0000000    0.0000000   46.7285213   43.6044775   49.9770483   49.6966118   47.9429737   43.1040431
  343.2407601  266.9160674   52.3397938    0.0000000    0.0000000    0.0000000    0.0000000   44.8466185   41.6627418   48.0375457   47.7560372   45.9956954   41.1382668
  345.1494178  266.9160674   50.4053033    0.0000000    0.0000000    0.0000000    0.0000000   42.9612562   39.7177231   46.0946716   45.8120910   44.0450447   39.1691161
  347.0616002  266.9160674   48.9373342    0.0000000    0.0000000    0.0000000    0.0000000   41.0724410   38.2346223   44.1484296   43.8647767   42.0910253   37.1965949
  348.9773009  266.9160674   46.9978870    0.0000000    0.0000000    0.0000000    0.0000000   39.1801791   36.2848198   42.1988235   41.9140983   40.1336411   35.2207068
  350.8965135  266.9160674   45.0550724    0.0000000    0.0000000    0.0000000    0.0000000   37.2844771   34.3317449   40.2458570   39.9600593   38.1728956   33.2414556
  352.8192314  268.3227785   43.1088939    0.0000000    0.0000000    0.0000000    0.0000000   35.4521322   32.3754012   38.2895340   38.0026636   36.2087927   31.2588451
  354.7454484  268.3227785   43.1088939    0.0000000    0.0000000    0.0000000    0.0000000   33.5495546   30.4302844   36.3298581   36.0419151   34.2413363   29.2728791
  356.6751581  268.3227785   41.1593554    0.0000000    0.0000000    0.0000000    0.0000000   31.6435558   28.4670224   34.3668333   34.0778175   32.2705301   27.2835615
  358.6083542  268.3227785   39.2064607    0.0000000    0.0000000    0.0000000    0.0000000   29.7341419   26.5005041   32.4004635   32.1103747   30.2963780   25.2908961
  360.5450304  268.3227785   37.2502136    0.0000000    0.0000000    0.0000000    0.0000000   27.8213193   24.5307333   30.4307524   30.1395906   28.3188840   23.2948868
  362.4851804  268.3227785   35.2906178    0.0000000    0.0000000    0.0000000    0.0000000   25.9050942   22.5577135   28.4577041   28.1654692   26.3380519   21.2955377
  364.4287981  268.3227785   33.3276773    0.0000000    0.0000000    0.0000000    0.0000000   23.9854726   20.5814483   26.4813225   26.1880143   24.3538857   19.2928525
  366.3758772  268.3227785   31.3613961    0.0000000    0.0000000    0.0000000    0.0000000   22.0624607   18.6019414   24.5016114   24.2072299   22.3663894   17.2868354
  368.3264118  268.3227785   29.3917778    0.0000000    0.0000000    0.0000000    0.0000000   20.1360647   16.6191966   22.5185751   22.2231200   20.3755668   15.2774902
  370.2803955  268.3227785   27.4188266    0.0000000    0.0000000    0.0000000    0.0000000   18.2062905   14.6332176   20.5322173   20.2356887   18.3814222   13.2648210
  372.2378224  268.3227785   25.4425464    0.0000000    0.0000000    0.0000000    0.0000000   16.2731442   12.6440080   18.5425421   18.2449398   16.3839593   11.2488318
  374.1986863  268.3227785   23.4629412    0.0000000    0.0000000    0.0000000    0.0000000   14.3366319   10.6515717   16.5495536   16.2508775   14.3831824    9.2295266
  376.1629814  268.3227785   21.4800148    0.0000000    0.0000000    0.0000000    0.0000000   12.3967595    8.6559125   14.5532558   14.2535058   12.3790954    7.2069096
  378.1307016  268.3227785   19.4937715    0.0000000    0.0000000    0.0000000    0.0000000   10.4535329    6.6570342   12.5536528   12.2528288   10.3717024    5.1809847
  380.1018409  268.3227785   17.5042152    0.0000000    0.0000000    0.0000000    0.0000000    8.5069580    4.6549405   10.5507486   10.2488506    8.3610075    3.1517561
  382.0763935  268.3227785   15.5113499    0.0000000    0.0000000    0.0000000    0.0000000    6.5570407    2.6496354    8.5445474    8.2415751    6.3470147    1.1192279
  384.0543534  268.3227785   13.5151797    0.0000000    0.0000000    0.0000000    0.0000000    4.6037869    0.6411227    6.5350532    6.2310066    4.3297283   -0.9165958
  386.0357147  268.3227785   11.5157087    0.0000000    0.0000000    0.0000000    0.0000000    2.6472024   -1.3705938    4.5222702    4.2171492    2.3091523   -2.9557109
  388.0204718  268.3227785    9.5129410    0.0000000    0.0000000    0.0000000    0.0000000    0.6872930   -3.3853803    2.5062025    2.2000070    0.2852908   -4.9981133
  390.0086187  268.3227785    7.5068806    0.0000000    0.0000000    0.0000000    0.0000000   -1.2759356   -5.4032720    0.4868542    0.1795841   -1.7418521   -7.0437988
  392.0001496  268.3227785    5.4975318    0.0000000    0.0000000    0.0000000    0.0000000   -3.2424776   -7.4243549   -1.5357705   -1.8441154   -3.7722721   -9.0927633
  393.9950590  268.3227785    3.4848986    0.0000000    0.0000000    0.0000000    0.0000000   -5.2123273   -9.4486252   -3.5616675   -3.8710872   -5.8059651  -11.1450026
  395.9933409  269.7647619    1.4689852    0.0000000    0.0000000    0.0000000    0.0000000   -7.0791219  -11.4760789   -5.5908326   -5.9013273   -7.8429270  -13.2005125
  397.9949898  269.7647619    0.0000000    0.0000000    0.0000000    0.0000000    0.0000000   -9.0555847  -12.9620097   -7.6232617   -7.9348314   -9.8831536  -15.2592889
  400.0000000  269.7647619    0.0000000    0.0000000    0.0000000    0.0000000    0.0000000  -11.0353384  -12.9935815   -9.6589506   -9.9715954  -11.9266407  -17.3213275
