 t output_loss_entry employment_loss_entry investment_loss_entry debt_loss_entry
 output_gain_entry employment_gain_entry investment_gain_entry debt_gain_entry
 output_loss_incumbent employment_loss_incumbent investment_loss_incumbent debt_
 loss_incumbent
 output_gain_incumbent employment_gain_incumbent investment_gain_incumbent debt_
 gain_incumbent
 gdp1 h1 inv1 firm_debt2
 gdp_t h_t inv_t firm_debt_t
   1.0000000   0.0000000   0.0000000   0.0000000   0.0000000   0.0000000   0.0000000   0.0000000   0.0000000   0.0000000   0.0000000   0.0000000   0.0000000   0.0000000   0.0000000   0.0000000   0.0000000   2.3955229   1.0056186   0.4821504   4.4028510   2.3955229   1.0056186   0.4821504   4.4028510
   2.0000000   0.0442564   0.0301682   0.1466629   0.0357816   0.0000000   0.0000000   0.0000000   0.0000000   2.3512246   0.9754232   0.3357076   4.3670694   2.2863515   0.9733913   0.3607409   4.3694189   2.3955229   1.0056186   0.4821504   4.4028510   2.2863515   0.9733913   0.3605209   4.3694189
   3.0000000   0.0608728   0.0406822   0.1546207   0.0864684   0.0000000   0.0000000   0.0000000   0.0000000   2.3341366   0.9645956   0.4045913   4.3144502   2.2763712   0.9624394   0.4569070   4.3282956   2.3955229   1.0056186   0.4821504   4.4028510   2.2768512   0.9627662   0.3796374   4.3302523
   4.0000000   0.0606824   0.0389259   0.0986334   0.1280691   0.0000000   0.0000000   0.0000000   0.0000000   2.3275414   0.9621656   0.4678055   4.2535517   2.2786276   0.9611328   0.4826437   4.2685540   2.3955229   1.0056186   0.4821504   4.4028510   2.2862540   0.9659600   0.3957605   4.2917540
   5.0000000   0.0575799   0.0351388   0.0489373   0.1533330   0.0000000   0.0000000   0.0000000   0.0000000   2.3214669   0.9604365   0.5303246   4.1987291   2.2791339   0.9601455   0.5067674   4.2072192   2.3955229   1.0056186   0.4821504   4.4028510   2.2961372   0.9706995   0.4086957   4.2625415
   6.0000000   0.0540575   0.0314638   0.0162535   0.1643110   0.0000000   0.0000000   0.0000000   0.0000000   2.3305608   0.9676284   0.4880575   4.2029001   2.2924198   0.9676803   0.4442658   4.2044671   2.3955229   1.0056186   0.4821504   4.4028510   2.3039824   0.9747058   0.4206024   4.2436652
   7.0000000   0.0506009   0.0283033  -0.0024018   0.1651167   0.0012334   0.0008449   0.0041076   0.0010009   2.3367158   0.9724720   0.4965635   4.2106158   2.3010336   0.9723322   0.4382661   4.2003246   2.3955229   1.0056186   0.4821504   4.4028510   2.3110704   0.9784359   0.4283570   4.2306194
   8.0000000   0.0492032   0.0269293  -0.0045234   0.1616778   0.0047183   0.0032106   0.0143992   0.0048736   2.3397608   0.9748647   0.4939734   4.2193901   2.3053349   0.9741602   0.4301584   4.1977508   2.3955229   1.0056186   0.4821504   4.4028510   2.3170376   0.9814766   0.4368466   4.2262691
   9.0000000   0.0473818   0.0254844  -0.0042710   0.1570804   0.0078019   0.0052270   0.0199085   0.0111097   2.3426723   0.9769815   0.4911952   4.2275557   2.3087649   0.9755783   0.4303770   4.1960151   2.3955229   1.0056186   0.4821504   4.4028510   2.3224170   0.9841963   0.4452558   4.2269737
  10.0000000   0.0455017   0.0240904  -0.0027888   0.1528272   0.0106886   0.0070147   0.0225422   0.0187654   2.3453200   0.9788491   0.4882223   4.2343244   2.3116626   0.9767228   0.4349245   4.1946032   2.3955229   1.0056186   0.4821504   4.4028510   2.3274048   0.9866276   0.4540149   4.2305360
  11.0000000   0.0437742   0.0228296  -0.0008487   0.1495534   0.0132290   0.0084935   0.0228389   0.0268989   2.3476120   0.9804593   0.4853593   4.2394662   2.3142833   0.9777126   0.4400577   4.1931056   2.3955229   1.0056186   0.4821504   4.4028510   2.3319801   0.9887275   0.4604598   4.2352168
  12.0000000   0.0422966   0.0217381   0.0011423   0.1474548   0.0156723   0.0098624   0.0225760   0.0350187   2.3495204   0.9818177   0.4827236   4.2429744   2.3165668   0.9785068   0.4458100   4.1914618   2.3955229   1.0056186   0.4821504   4.4028510   2.3362632   0.9906102   0.4666401   4.2402358
  13.0000000   0.0410871   0.0208146   0.0029830   0.1465050   0.0179288   0.0110822   0.0218374   0.0428196   2.3510645   0.9829494   0.4803932   4.2449790   2.3186252   0.9791612   0.4507051   4.1899723   2.3955229   1.0056186   0.4821504   4.4028510   2.3402345   0.9922656   0.4713031   4.2454556
  14.0000000   0.0401260   0.0200411   0.0046443   0.1466158   0.0200509   0.0122018   0.0211173   0.0502118   2.3522873   0.9838877   0.4783507   4.2456437   2.3204706   0.9797038   0.4565622   4.1886106   2.3955229   1.0056186   0.4821504   4.4028510   2.3439328   0.9937546   0.4768163   4.2506659
  15.0000000   0.0393826   0.0193959   0.0061461   0.1476901   0.0219466   0.0131656   0.0202064   0.0571394   2.3532359   0.9846644   0.4765551   4.2451322   2.3222335   0.9801934   0.4612334   4.1873229   2.3955229   1.0056186   0.4821504   4.4028510   2.3473786   0.9950687   0.4808667   4.2556937
  16.0000000   0.0388276   0.0188602   0.0075115   0.1496354   0.0236751   0.0140180   0.0193917   0.0636297   2.3539529   0.9853064   0.4749627   4.2435870   2.3238918   0.9806283   0.4653352   4.1859811   2.3955229   1.0056186   0.4821504   4.4028510   2.3505960   0.9962431   0.4843836   4.2603931
  17.0000000   0.0384341   0.0184177   0.0087428   0.1523506   0.0252064   0.0147409   0.0185437   0.0697049   2.3544747   0.9858356   0.4735476   4.2411406   2.3254823   0.9810342   0.4687207   4.1848062   2.3955229   1.0056186   0.4821504   4.4028510   2.3535829   0.9972794   0.4871117   4.2649782
  18.0000000   0.0381773   0.0180540   0.0098131   0.1557012   0.0265772   0.0153601   0.0177725   0.0754096   2.3548330   0.9862702   0.4723286   4.2379546   2.3270086   0.9814229   0.4716137   4.1832654   2.3955229   1.0056186   0.4821504   4.4028510   2.3563728   0.9982114   0.4893871   4.2689335
  19.0000000   0.0380318   0.0177560   0.0106906   0.1595183   0.0278553   0.0159228   0.0172574   0.0808381   2.3550585   0.9866267   0.4713286   4.2342189   2.3284402   0.9817653   0.4742331   4.1817530   2.3955229   1.0056186   0.4821504   4.4028510   2.3589974   0.9990536   0.4916228   4.2727307
  20.0000000   0.0379717   0.0175111   0.0113633   0.1636205   0.0289858   0.0163902   0.0167103   0.0860322   2.3551813   0.9869200   0.4705509   4.2301285   2.3298342   0.9820999   0.4753304   4.1801723   2.3955229   1.0056186   0.4821504   4.4028510   2.3614551   0.9998035   0.4922861   4.2763012
  21.0000000   0.0379728   0.0173080   0.0118408   0.1678368   0.0299422   0.0167435   0.0160223   0.0909851   2.3552287   0.9871633   0.4699812   4.2258640   2.3311725   0.9824314   0.4767964   4.1785428   2.3955229   1.0056186   0.4821504   4.4028510   2.3636982   1.0004451   0.4931629   4.2796466
  22.0000000   0.0380140   0.0171368   0.0121452   0.1720193   0.0308178   0.0170474   0.0155291   0.0957523   2.3552241   0.9873677   0.4695958   4.2215819   2.3324463   0.9827427   0.4778857   4.1771671   2.3955229   1.0056186   0.4821504   4.4028510   2.3658085   1.0010244   0.4938453   4.2831153
  23.0000000   0.0380782   0.0169897   0.0123020   0.1760462   0.0316176   0.0173051   0.0151732   0.1003975   2.3551865   0.9875423   0.4693683   4.2174128   2.3336590   0.9830394   0.4788780   4.1760738   2.3955229   1.0056186   0.4821504   4.4028510   2.3677924   1.0015490   0.4945567   4.2867905
  24.0000000   0.0381523   0.0168603   0.0123347   0.1798191   0.0323570   0.0175261   0.0149357   0.1049752   2.3551309   0.9876945   0.4692756   4.2134639   2.3348301   0.9833244   0.4793536   4.1752864   2.3955229   1.0056186   0.4821504   4.4028510   2.3696827   1.0020302   0.4948586   4.2907409
  25.0000000   0.0382260   0.0167435   0.0122634   0.1832593   0.0331408   0.0177811   0.0151048   0.1096064   2.3550692   0.9878302   0.4692976   4.2098231   2.3359057   0.9835729   0.4791825   4.1747586   2.3955229   1.0056186   0.4821504   4.4028510   2.3715288   1.0025132   0.4949096   4.2950320
  26.0000000   0.0382917   0.0166354   0.0121054   0.1863049   0.0337356   0.0179083   0.0147429   0.1141973   2.3550105   0.9879540   0.4694169   4.2065615   2.3369699   0.9838446   0.4790151   4.1745676   2.3955229   1.0056186   0.4821504   4.4028510   2.3731801   1.0028949   0.4944222   4.2996374
  27.0000000   0.0383434   0.0165326   0.0118763   0.1889091   0.0342720   0.0179980   0.0144225   0.1187151   2.3549620   0.9880700   0.4696174   4.2037349   2.3379822   0.9841098   0.4785601   4.1746896   2.3955229   1.0056186   0.4821504   4.4028510   2.3747250   1.0032354   0.4936785   4.3044920
  28.0000000   0.0383769   0.0164329   0.0115902   0.1910382   0.0347531   0.0180548   0.0141406   0.1231482   2.3549291   0.9881810   0.4698837   4.2013845   2.3389285   0.9843638   0.4792645   4.1751373   2.3955229   1.0056186   0.4821504   4.4028510   2.3761514   1.0035338   0.4941229   4.3095884
  29.0000000   0.0383892   0.0163341   0.0112602   0.1926709   0.0351433   0.0180556   0.0137634   0.1274629   2.3549156   0.9882894   0.4702022   4.1995386   2.3398812   0.9846312   0.4789415   4.1758153   2.3955229   1.0056186   0.4821504   4.4028510   2.3774953   1.0037914   0.4934361   4.3147908
  30.0000000   0.0383785   0.0162349   0.0108980   0.1937966   0.0355294   0.0180609   0.0135923   0.1316821   2.3549243   0.9883972   0.4705601   4.1982137   2.3407634   0.9848772   0.4786303   4.1770359   2.3955229   1.0056186   0.4821504   4.4028510   2.3787655   1.0040334   0.4929598   4.3204280
  31.0000000   0.0383437   0.0161342   0.0105140   0.1944144   0.0358243   0.0180117   0.0132682   0.1357699   2.3549569   0.9885056   0.4709460   4.1974152   2.3416291   0.9851345   0.4779613   4.1783984   2.3955229   1.0056186   0.4821504   4.4028510   2.3799285   1.0042329   0.4919653   4.3260580
  32.0000000   0.0382845   0.0160313   0.0101175   0.1945317   0.0361468   0.0179894   0.0132126   0.1397628   2.3550141   0.9886157   0.4713497   4.1971394   2.3424018   0.9853568   0.4789500   4.1802596   2.3955229   1.0056186   0.4821504   4.4028510   2.3810258   1.0044252   0.4928917   4.3320702
  33.0000000   0.0382012   0.0159256   0.0097166   0.1941631   0.0363794   0.0179139   0.0129435   0.1436134   2.3550961   0.9887281   0.4717621   4.1973744   2.3432118   0.9856006   0.4787094   4.1824103   2.3955229   1.0056186   0.4821504   4.4028510   2.3820697   1.0045861   0.4923707   4.3382049
  34.0000000   0.0380945   0.0158170   0.0093180   0.1933293   0.0365853   0.0178288   0.0127162   0.1473009   2.3552024   0.9888433   0.4721755   4.1981013   2.3439855   0.9858372   0.4779749   4.1848124   2.3955229   1.0056186   0.4821504   4.4028510   2.3830498   1.0047305   0.4913938   4.3444007
  35.0000000   0.0379656   0.0157053   0.0089273   0.1920555   0.0367772   0.0177435   0.0125532   0.1508221   2.3553320   0.9889615   0.4725837   4.1992962   2.3446957   0.9860577   0.4782204   4.1875763   2.3955229   1.0056186   0.4821504   4.4028510   2.3839513   1.0048588   0.4914585   4.3507634
  36.0000000   0.0378157   0.0155905   0.0085487   0.1903706   0.0369222   0.0176359   0.0123165   0.1541478   2.3554839   0.9890827   0.4729817   4.2009306   2.3454022   0.9862814   0.4779245   4.1906441   2.3955229   1.0056186   0.4821504   4.4028510   2.3848010   1.0049680   0.4909059   4.3572053
  37.0000000   0.0376465   0.0154729   0.0081853   0.1883057   0.0370471   0.0175246   0.0121057   0.1572631   2.3556564   0.9892068   0.4733658   4.2029734   2.3460748   0.9864987   0.4776829   4.1939577   2.3955229   1.0056186   0.4821504   4.4028510   2.3855952   1.0050671   0.4904321   4.3636531
  38.0000000   0.0374595   0.0153526   0.0078389   0.1858933   0.0371614   0.0174165   0.0119415   0.1601667   2.3558480   0.9893337   0.4737337   4.2053916   2.3467059   0.9867030   0.4776347   4.1976392   2.3955229   1.0056186   0.4821504   4.4028510   2.3863358   1.0051562   0.4901977   4.3702284
  39.0000000   0.0372564   0.0152299   0.0075105   0.1831660   0.0372187   0.0172798   0.0116420   0.1628151   2.3560570   0.9894631   0.4740840   4.2081519   2.3473347   0.9869152   0.4773686   4.2014929   2.3955229   1.0056186   0.4821504   4.4028510   2.3870159   1.0052245   0.4896092   4.3766923
  40.0000000   0.0370388   0.0151052   0.0072003   0.1801561   0.0372729   0.0171519   0.0114238   0.1652065   2.3562819   0.9895947   0.4744161   4.2112205   2.3479237   0.9871144   0.4777542   4.2055541   2.3955229   1.0056186   0.4821504   4.4028510   2.3876518   1.0052886   0.4897539   4.3830794
  41.0000000   0.0368082   0.0149786   0.0069083   0.1768954   0.0373095   0.0170230   0.0112128   0.1673377   2.3565210   0.9897284   0.4747296   4.2145645   2.3485060   0.9873111   0.4775870   4.2098958   2.3955229   1.0056186   0.4821504   4.4028510   2.3882618   1.0053490   0.4893535   4.3894615
  42.0000000   0.0365662   0.0148504   0.0066343   0.1734146   0.0373179   0.0168858   0.0109601   0.1691907   2.3567727   0.9898637   0.4750246   4.2181515   2.3490715   0.9875063   0.4774552   4.2143352   2.3955229   1.0056186   0.4821504   4.4028510   2.3888259   1.0053995   0.4889468   4.3956387
  43.0000000   0.0363141   0.0147211   0.0063779   0.1697438   0.0373008   0.0167422   0.0106849   0.1707518   2.3570356   0.9900003   0.4753012   4.2219495   2.3496185   0.9876984   0.4771752   4.2188823   2.3955229   1.0056186   0.4821504   4.4028510   2.3893447   1.0054402   0.4883705   4.4016092
  44.0000000   0.0360532   0.0145908   0.0061387   0.1659122   0.0372807   0.0166075   0.0104695   0.1720303   2.3573082   0.9901381   0.4755598   4.2259278   2.3501314   0.9878789   0.4773508   4.2235873   2.3955229   1.0056186   0.4821504   4.4028510   2.3898254   1.0054782   0.4883108   4.4074349
  45.0000000   0.0357848   0.0144599   0.0059161   0.1619479   0.0372263   0.0164602   0.0101795   0.1730069   2.3575893   0.9902767   0.4758008   4.2300564   2.3506464   0.9880640   0.4769674   4.2283163   2.3955229   1.0056186   0.4821504   4.4028510   2.3902729   1.0055081   0.4876177   4.4129636
  46.0000000   0.0355101   0.0143285   0.0057093   0.1578781   0.0371562   0.0163130   0.0099035   0.1736819   2.3578775   0.9904157   0.4760250   4.2343063   2.3511331   0.9882423   0.4771279   4.2330816   2.3955229   1.0056186   0.4821504   4.4028510   2.3906755   1.0055310   0.4874840   4.4182102
  47.0000000   0.0352302   0.0141970   0.0055177   0.1537285   0.0370546   0.0161550   0.0095809   0.1740446   2.3581716   0.9905551   0.4762331   4.2386499   2.3516198   0.9884229   0.4769957   4.2378609   2.3955229   1.0056186   0.4821504   4.4028510   2.3910460   1.0055455   0.4870120   4.4231437
  48.0000000   0.0349461   0.0140655   0.0053402   0.1495236   0.0369542   0.0160086   0.0093358   0.1741141   2.3584706   0.9906944   0.4764260   4.2430611   2.3520791   0.9885928   0.4776787   4.2426744   2.3955229   1.0056186   0.4821504   4.4028510   2.3913895   1.0055606   0.4874338   4.4278051
  49.0000000   0.0346588   0.0139344   0.0051761   0.1452861   0.0368367   0.0158607   0.0090804   0.1738972   2.3587734   0.9908335   0.4766047   4.2475155   2.3525520   0.9887651   0.4776198   4.2475086   2.3955229   1.0056186   0.4821504   4.4028510   2.3917289   1.0055768   0.4871043   4.4321897
  50.0000000   0.0343690   0.0138038   0.0050242   0.1410366   0.0367367   0.0157346   0.0089295   0.1734269   2.3590791   0.9909721   0.4767701   4.2519908   2.3530001   0.9889263   0.4773718   4.2523228   2.3955229   1.0056186   0.4821504   4.4028510   2.3920605   1.0056035   0.4866912   4.4362914
  51.0000000   0.0340777   0.0136738   0.0048837   0.1367942   0.0365533   0.0155603   0.0085112   0.1726547   2.3593869   0.9911101   0.4769232   4.2564664   2.3534572   0.9891016   0.4776190   4.2570876   2.3955229   1.0056186   0.4821504   4.4028510   2.3923173   1.0055961   0.4865069   4.4400338
  52.0000000   0.0337854   0.0135447   0.0047537   0.1325755   0.0363897   0.0154088   0.0082509   0.1716073   2.3596959   0.9912472   0.4770650   4.2609242   2.3538992   0.9892673   0.4776696   4.2618134   2.3955229   1.0056186   0.4821504   4.4028510   2.3925782   1.0056019   0.4862850   4.4434559
  53.0000000   0.0334928   0.0134166   0.0046331   0.1283954   0.0362090   0.0152550   0.0079833   0.1702994   2.3600055   0.9913834   0.4771965   4.2653478   2.3543355   0.9894319   0.4778002   4.2664636   2.3955229   1.0056186   0.4821504   4.4028510   2.3928162   1.0056043   0.4861366   4.4465370
  54.0000000   0.0332005   0.0132896   0.0045213   0.1242668   0.0360176   0.0151025   0.0077285   0.1687476   2.3603152   0.9915185   0.4773184   4.2697230   2.3547662   0.9895944   0.4778179   4.2710626   2.3955229   1.0056186   0.4821504   4.4028510   2.3930376   1.0056059   0.4858889   4.4493199
  55.0000000   0.0329089   0.0131638   0.0044174   0.1202007   0.0358047   0.0149434   0.0074428   0.1669555   2.3606242   0.9916523   0.4774317   4.2740376   2.3551929   0.9897573   0.4777130   4.2755486   2.3955229   1.0056186   0.4821504   4.4028510   2.3932334   1.0056013   0.4854883   4.4517475
  56.0000000   0.0326184   0.0130392   0.0043208   0.1162063   0.0356406   0.0148254   0.0073737   0.1649872   2.3609323   0.9917848   0.4775371   4.2782812   2.3555822   0.9899007   0.4778691   4.2799281   2.3955229   1.0056186   0.4821504   4.4028510   2.3934403   1.0056184   0.4855662   4.4538914
  57.0000000   0.0323295   0.0129161   0.0042308   0.1122916   0.0354300   0.0146821   0.0071346   0.1628330   2.3612389   0.9919159   0.4776353   4.2824448   2.3559824   0.9900524   0.4781010   4.2842345   2.3955229   1.0056186   0.4821504   4.4028510   2.3936116   1.0056186   0.4855507   4.4557768
  58.0000000   0.0320424   0.0127944   0.0041468   0.1084626   0.0352122   0.0145398   0.0068990   0.1604954   2.3615438   0.9920456   0.4777267   4.2865214   2.3563839   0.9902043   0.4780123   4.2884220   2.3955229   1.0056186   0.4821504   4.4028510   2.3937768   1.0056200   0.4852184   4.4573613
  59.0000000   0.0317575   0.0126741   0.0040684   0.1047244   0.0349961   0.0144049   0.0067050   0.1579958   2.3618465   0.9921736   0.4778122   4.2905050   2.3567695   0.9903502   0.4780946   4.2925302   2.3955229   1.0056186   0.4821504   4.4028510   2.3939280   1.0056227   0.4850994   4.4587068
  60.0000000   0.0314802   0.0125590   0.0040126   0.1010851   0.0347742   0.0142715   0.0065125   0.1553493   2.3621415   0.9922965   0.4778745   4.2943868   2.3571476   0.9904927   0.4779794   4.2965212   2.3955229   1.0056186   0.4821504   4.4028510   2.3940657   1.0056238   0.4847850   4.4597913
  61.0000000   0.0312474   0.0124739   0.0040946   0.0975815   0.0345507   0.0141423   0.0063343   0.1525718   2.3623921   0.9923893   0.4777986   4.2981295   2.3574871   0.9906132   0.4781103   4.3003473   2.3955229   1.0056186   0.4821504   4.4028510   2.3941634   1.0056071   0.4847312   4.4605836
  62.0000000   0.0309891   0.0123702   0.0040385   0.0941931   0.0343227   0.0140147   0.0061598   0.1496785   2.3626680   0.9925006   0.4778603   4.3017529   2.3578450   0.9907455   0.4780605   4.3040347   2.3955229   1.0056186   0.4821504   4.4028510   2.3942750   1.0056038   0.4845010   4.4611257
  63.0000000   0.0307387   0.0122707   0.0039941   0.0909137   0.0340905   0.0138886   0.0059892   0.1466838   2.3629360   0.9926077   0.4779100   4.3052628   2.3581909   0.9908739   0.4780885   4.3075863   2.3955229   1.0056186   0.4821504   4.4028510   2.3943704   1.0055983   0.4843528   4.4614355
  64.0000000   0.0304802   0.0121647   0.0039093   0.0877305   0.0338544   0.0137639   0.0058234   0.1436015   2.3632120   0.9927212   0.4779998   4.3086716   2.3585358   0.9910044   0.4783510   4.3110404   2.3955229   1.0056186   0.4821504   4.4028510   2.3944612   1.0055963   0.4844445   4.4615654
  65.0000000   0.0302424   0.0120721   0.0038946   0.0846547   0.0336148   0.0136404   0.0056602   0.1404432   2.3634672   0.9928211   0.4780191   4.3119677   2.3588739   0.9911280   0.4781696   4.3143462   2.3955229   1.0056186   0.4821504   4.4028510   2.3945417   1.0055889   0.4840949   4.4614764
  66.0000000   0.0299854   0.0119657   0.0037984   0.0816692   0.0333716   0.0135179   0.0055047   0.1372235   2.3637415   0.9929348   0.4781196   4.3151682   2.3592110   0.9912568   0.4786497   4.3175743   2.3955229   1.0056186   0.4821504   4.4028510   2.3946178   1.0055877   0.4844151   4.4612542
  67.0000000   0.0297406   0.0118670   0.0037507   0.0787781   0.0331255   0.0133965   0.0053536   0.1339544   2.3640034   0.9930407   0.4781715   4.3182686   2.3595531   0.9913841   0.4783862   4.3207114   2.3955229   1.0056186   0.4821504   4.4028510   2.3946961   1.0055861   0.4839962   4.4608978
  68.0000000   0.0294922   0.0117653   0.0036867   0.0759776   0.0328766   0.0132760   0.0052072   0.1306465   2.3642687   0.9931494   0.4782393   4.3212727   2.3598838   0.9915105   0.4783182   4.3237456   2.3955229   1.0056186   0.4821504   4.4028510   2.3947604   1.0055845   0.4837778   4.4604057
  69.0000000   0.0292434   0.0116629   0.0036224   0.0732649   0.0326253   0.0131563   0.0050668   0.1273117   2.3645343   0.9932589   0.4783073   4.3241833   2.3602080   0.9916361   0.4783372   4.3266824   2.3955229   1.0056186   0.4821504   4.4028510   2.3948159   1.0055832   0.4836526   4.4597954
  70.0000000   0.0289960   0.0115608   0.0035639   0.0706384   0.0323719   0.0130375   0.0049323   0.1239604   2.3647983   0.9933679   0.4783692   4.3270018   2.3605266   0.9917601   0.4783747   4.3295164   2.3955229   1.0056186   0.4821504   4.4028510   2.3948640   1.0055812   0.4835521   4.4590723
  71.0000000   0.0287464   0.0114567   0.0034982   0.0680943   0.0321168   0.0129195   0.0048038   0.1206027   2.3650643   0.9934788   0.4784381   4.3297319   2.3608431   0.9918845   0.4783467   4.3322419   2.3955229   1.0056186   0.4821504   4.4028510   2.3949084   1.0055806   0.4833921   4.4582404
  72.0000000   0.0285008   0.0113549   0.0034486   0.0656334   0.0318603   0.0128025   0.0046821   0.1172486   2.3653261   0.9935873   0.4784908   4.3323731   2.3611526   0.9920068   0.4783598   4.3348654   2.3955229   1.0056186   0.4821504   4.4028510   2.3949447   1.0055789   0.4832803   4.4573164
  73.0000000   0.0282579   0.0112544   0.0034055   0.0632558   0.0316029   0.0126863   0.0045663   0.1139071   2.3655851   0.9936945   0.4785368   4.3349252   2.3614568   0.9921273   0.4783680   4.3373882   2.3955229   1.0056186   0.4821504   4.4028510   2.3949749   1.0055763   0.4831696   4.4563104
  74.0000000   0.0280202   0.0111569   0.0033755   0.0609629   0.0313450   0.0125711   0.0044562   0.1105863   2.3658386   0.9937986   0.4785696   4.3373869   2.3617555   0.9922457   0.4784171   4.3398038   2.3955229   1.0056186   0.4821504   4.4028510   2.3949992   1.0055728   0.4831056   4.4552239
  75.0000000   0.0277819   0.0110581   0.0033341   0.0587506   0.0310867   0.0124568   0.0043523   0.1072943   2.3660927   0.9939037   0.4786136   4.3397624   2.3620528   0.9923641   0.4784629   4.3421280   2.3955229   1.0056186   0.4821504   4.4028510   2.3950220   1.0055702   0.4830449   4.4540808
  76.0000000   0.0275487   0.0109622   0.0033042   0.0566183   0.0308286   0.0123436   0.0042551   0.1040383   2.3663413   0.9940060   0.4786460   4.3420525   2.3623440   0.9924794   0.4786090   4.3443695   2.3955229   1.0056186   0.4821504   4.4028510   2.3950391   1.0055658   0.4830911   4.4528970
  77.0000000   0.0273145   0.0108648   0.0032620   0.0545608   0.0305708   0.0122314   0.0041630   0.1008244   2.3665908   0.9941097   0.4786906   4.3442623   2.3626392   0.9925968   0.4786594   4.3465284   2.3955229   1.0056186   0.4821504   4.4028510   2.3950608   1.0055646   0.4830469   4.4516784
  78.0000000   0.0270841   0.0107693   0.0032271   0.0525761   0.0303139   0.0121204   0.0040779   0.0976596   2.3668363   0.9942113   0.4787277   4.3463941   2.3629306   0.9927127   0.4786765   4.3486506   2.3955229   1.0056186   0.4821504   4.4028510   2.3950797   1.0055629   0.4829766   4.4504779
  79.0000000   0.0268590   0.0106768   0.0032034   0.0506643   0.0300621   0.0120133   0.0040102   0.0945511   2.3670763   0.9943099   0.4787537   4.3484479   2.3632152   0.9928251   0.4786916   4.3507054   2.3955229   1.0056186   0.4821504   4.4028510   2.3950972   1.0055620   0.4829218   4.4492719
  80.0000000   0.0266375   0.0105860   0.0031811   0.0488239   0.0298122   0.0119078   0.0039440   0.0915031   2.3673126   0.9944068   0.4787780   4.3504252   2.3634947   0.9929354   0.4786451   4.3526729   2.3955229   1.0056186   0.4821504   4.4028510   2.3951116   1.0055606   0.4828070   4.4480443
  81.0000000   0.0264194   0.0104967   0.0031595   0.0470528   0.0295703   0.0118077   0.0039004   0.0885240   2.3675452   0.9945020   0.4788016   4.3523285   2.3637650   0.9930419   0.4787198   4.3545605   2.3955229   1.0056186   0.4821504   4.4028510   2.3951250   1.0055608   0.4828359   4.4468109
  82.0000000   0.0262047   0.0104089   0.0031383   0.0453485   0.0293259   0.0117058   0.0038382   0.0856121   2.3677743   0.9945956   0.4788248   4.3541603   2.3640354   0.9931485   0.4786604   4.3563613   2.3955229   1.0056186   0.4821504   4.4028510   2.3951362   1.0055596   0.4827124   4.4455630
  83.0000000   0.0259932   0.0103227   0.0031172   0.0437082   0.0290870   0.0116074   0.0037873   0.0827711   2.3679999   0.9946876   0.4788477   4.3559235   2.3642959   0.9932518   0.4786022   4.3580919   2.3955229   1.0056186   0.4821504   4.4028510   2.3951432   1.0055586   0.4826012   4.4443207
  84.0000000   0.0257850   0.0102378   0.0030961   0.0421292   0.0288517   0.0115112   0.0037412   0.0800030   2.3682221   0.9947782   0.4788706   4.3576209   2.3645505   0.9933532   0.4786315   4.3597469   2.3955229   1.0056186   0.4821504   4.4028510   2.3951481   1.0055579   0.4825826   4.4430804
  85.0000000   0.0255798   0.0101543   0.0030750   0.0406090   0.0286200   0.0114170   0.0036985   0.0773095   2.3684410   0.9948673   0.4788935   4.3592553   2.3648013   0.9934529   0.4786334   4.3613349   2.3955229   1.0056186   0.4821504   4.4028510   2.3951531   1.0055577   0.4825400   4.4418523
  86.0000000   0.0253776   0.0100720   0.0030538   0.0391450   0.0283889   0.0113228   0.0036487   0.0746892   2.3686569   0.9949550   0.4789164   4.3608294   2.3650487   0.9935516   0.4786707   4.3628574   2.3955229   1.0056186   0.4821504   4.4028510   2.3951554   1.0055565   0.4825258   4.4406362
  87.0000000   0.0251782   0.0099910   0.0030325   0.0377348   0.0281625   0.0112313   0.0036083   0.0721437   2.3688698   0.9950415   0.4789393   4.3623457   2.3652925   0.9936485   0.4787031   4.3643231   2.3955229   1.0056186   0.4821504   4.4028510   2.3951589   1.0055562   0.4825161   4.4394425
  88.0000000   0.0249814   0.0099112   0.0030112   0.0363760   0.0279404   0.0111422   0.0035750   0.0696745   2.3690797   0.9951267   0.4789623   4.3638067   2.3655326   0.9937437   0.4787011   4.3657366   2.3955229   1.0056186   0.4821504   4.4028510   2.3951633   1.0055568   0.4824791   4.4382770
  89.0000000   0.0247873   0.0098324   0.0029898   0.0350664   0.0277181   0.0110523   0.0035300   0.0672788   2.3692869   0.9952107   0.4789852   4.3652148   2.3657697   0.9938383   0.4786893   4.3670954   2.3955229   1.0056186   0.4821504   4.4028510   2.3951646   1.0055561   0.4824207   4.4371344
  90.0000000   0.0245957   0.0097548   0.0029684   0.0338040   0.0275023   0.0109662   0.0035009   0.0649585   2.3694915   0.9952936   0.4790082   4.3665722   2.3660010   0.9939303   0.4787305   4.3683994   2.3955229   1.0056186   0.4821504   4.4028510   2.3951668   1.0055566   0.4824313   4.4360160
  91.0000000   0.0244065   0.0096782   0.0029469   0.0325867   0.0272862   0.0108793   0.0034612   0.0627109   2.3696934   0.9953754   0.4790311   4.3678809   2.3662371   0.9940234   0.4787253   4.3696526   2.3955229   1.0056186   0.4821504   4.4028510   2.3951738   1.0055575   0.4823848   4.4349234
  92.0000000   0.0242197   0.0096026   0.0029255   0.0314127   0.0270735   0.0107941   0.0034270   0.0605355   2.3698929   0.9954561   0.4790540   4.3691430   2.3664621   0.9941131   0.4787943   4.3708636   2.3955229   1.0056186   0.4821504   4.4028510   2.3951731   1.0055568   0.4824182   4.4338644
  93.0000000   0.0240351   0.0095279   0.0029040   0.0302803   0.0268616   0.0107086   0.0033877   0.0584297   2.3700899   0.9955358   0.4790769   4.3703603   2.3666876   0.9942030   0.4787857   4.3720338   2.3955229   1.0056186   0.4821504   4.4028510   2.3951738   1.0055560   0.4823687   4.4328377
  94.0000000   0.0238527   0.0094541   0.0028826   0.0291877   0.0266569   0.0106275   0.0033676   0.0563964   2.3702846   0.9956145   0.4790997   4.3715347   2.3669078   0.9942907   0.4788023   4.3731645   2.3955229   1.0056186   0.4821504   4.4028510   2.3951768   1.0055575   0.4823638   4.4318472
  95.0000000   0.0236724   0.0093813   0.0028613   0.0281335   0.0264520   0.0105455   0.0033363   0.0544325   2.3704770   0.9956922   0.4791224   4.3726677   2.3671257   0.9943776   0.4788086   4.3742534   2.3955229   1.0056186   0.4821504   4.4028510   2.3951773   1.0055574   0.4823373   4.4308876
  96.0000000   0.0234942   0.0093093   0.0028400   0.0271161   0.0262455   0.0104617   0.0032924   0.0525326   2.3706673   0.9957690   0.4791451   4.3737610   2.3673417   0.9944642   0.4788221   4.3752990   2.3955229   1.0056186   0.4821504   4.4028510   2.3951745   1.0055552   0.4823056   4.4299518
  97.0000000   0.0233179   0.0092382   0.0028188   0.0261342   0.0260483   0.0103835   0.0032771   0.0507006   2.3708553   0.9958449   0.4791676   4.3748161   2.3675531   0.9945486   0.4788415   4.3763081   2.3955229   1.0056186   0.4821504   4.4028510   2.3951766   1.0055566   0.4823082   4.4290503
  98.0000000   0.0231437   0.0091679   0.0027977   0.0251864   0.0258510   0.0103046   0.0032506   0.0489341   2.3710413   0.9959200   0.4791901   4.3758344   2.3677620   0.9946319   0.4788581   4.3772805   2.3955229   1.0056186   0.4821504   4.4028510   2.3951761   1.0055561   0.4822969   4.4281805
  99.0000000   0.0229713   0.0090983   0.0027767   0.0242715   0.0256563   0.0102266   0.0032251   0.0472310   2.3712253   0.9959942   0.4792124   4.3768172   2.3679698   0.9947153   0.4788762   4.3782181   2.3955229   1.0056186   0.4821504   4.4028510   2.3951774   1.0055567   0.4822882   4.4273422
 100.0000000   0.0228007   0.0090296   0.0027558   0.0233884   0.0254641   0.0101497   0.0032009   0.0455898   2.3714073   0.9960675   0.4792346   4.3777658   2.3681736   0.9947966   0.4789036   4.3791239   2.3955229   1.0056186   0.4821504   4.4028510   2.3951772   1.0055563   0.4822901   4.4265363
 101.0000000   0.0226320   0.0089616   0.0027350   0.0225358   0.0252744   0.0100738   0.0031779   0.0440087   2.3715873   0.9961401   0.4792568   4.3786814   2.3683771   0.9948782   0.4789316   4.3799992   2.3955229   1.0056186   0.4821504   4.4028510   2.3951795   1.0055573   0.4822938   4.4257629
 102.0000000   0.0224650   0.0088943   0.0027143   0.0217128   0.0250873   0.0099988   0.0031557   0.0424860   2.3717655   0.9962119   0.4792787   4.3795651   2.3685775   0.9949582   0.4789577   4.3808474   2.3955229   1.0056186   0.4821504   4.4028510   2.3951813   1.0055578   0.4822964   4.4250232
 103.0000000   0.0222997   0.0088277   0.0026937   0.0209183   0.0249027   0.0099249   0.0031346   0.0410203   2.3719418   0.9962829   0.4793006   4.3804182   2.3687752   0.9950368   0.4789887   4.3816685   2.3955229   1.0056186   0.4821504   4.4028510   2.3951831   1.0055580   0.4823049   4.4243159
 104.0000000   0.0221361   0.0087618   0.0026733   0.0201513   0.0247237   0.0098541   0.0031250   0.0396125   2.3721164   0.9963532   0.4793224   4.3812415   2.3689718   0.9951151   0.4790326   4.3824691   2.3955229   1.0056186   0.4821504   4.4028510   2.3951895   1.0055610   0.4823379   4.4236481
 105.0000000   0.0219741   0.0086966   0.0026529   0.0194109   0.0245452   0.0097829   0.0031064   0.0382592   2.3722892   0.9964227   0.4793440   4.3820362   2.3691670   0.9951927   0.4790834   4.3832483   2.3955229   1.0056186   0.4821504   4.4028510   2.3951951   1.0055628   0.4823689   4.4230156
 106.0000000   0.0218137   0.0086321   0.0026326   0.0186963   0.0243661   0.0097104   0.0030772   0.0369552   2.3724603   0.9964916   0.4793655   4.3828032   2.3693629   0.9952706   0.4792332   4.3839959   2.3955229   1.0056186   0.4821504   4.4028510   2.3952010   1.0055639   0.4824882   4.4224031
 107.0000000   0.0216549   0.0085682   0.0026125   0.0180065   0.0241871   0.0096375   0.0030435   0.0356969   2.3726297   0.9965598   0.4793870   4.3835434   2.3695631   0.9953500   0.4791951   4.3847300   2.3955229   1.0056186   0.4821504   4.4028510   2.3952113   1.0055659   0.4824151   4.4218247
 108.0000000   0.0214975   0.0085049   0.0025924   0.0173408   0.0240130   0.0095673   0.0030247   0.0344853   2.3727975   0.9966273   0.4794083   4.3842577   2.3697573   0.9954266   0.4793377   4.3854520   2.3955229   1.0056186   0.4821504   4.4028510   2.3952207   1.0055681   0.4825377   4.4212830
 109.0000000   0.0213417   0.0084422   0.0025725   0.0166983   0.0238421   0.0094987   0.0030101   0.0333206   2.3729638   0.9966941   0.4794295   4.3849470   2.3699546   0.9955039   0.4793290   4.3861563   2.3955229   1.0056186   0.4821504   4.4028510   2.3952365   1.0055725   0.4825131   4.4207723
 110.0000000   0.0211873   0.0083801   0.0025526   0.0160784   0.0236675   0.0094271   0.0029762   0.0321967   2.3731285   0.9967603   0.4794506   4.3856121   2.3701517   0.9955819   0.4794405   4.3868450   2.3955229   1.0056186   0.4821504   4.4028510   2.3952485   1.0055746   0.4825894   4.4202887
 111.0000000   0.0210342   0.0083186   0.0025329   0.0154802   0.0234943   0.0093558   0.0029450   0.0311113   2.3732917   0.9968259   0.4794716   4.3862538   2.3703519   0.9956608   0.4795315   4.3875199   2.3955229   1.0056186   0.4821504   4.4028510   2.3952651   1.0055781   0.4826480   4.4198316
 112.0000000   0.0208826   0.0082577   0.0025132   0.0149030   0.0233300   0.0092901   0.0029421   0.0300694   2.3734534   0.9968909   0.4794925   4.3868728   2.3705487   0.9957368   0.4796137   4.3881859   2.3955229   1.0056186   0.4821504   4.4028510   2.3952874   1.0055843   0.4827261   4.4194108
 113.0000000   0.0207323   0.0081973   0.0024937   0.0143462   0.0231694   0.0092264   0.0029411   0.0290722   2.3736136   0.9969553   0.4795133   4.3874699   2.3707465   0.9958130   0.4796823   4.3888335   2.3955229   1.0056186   0.4821504   4.4028510   2.3953143   1.0055926   0.4827925   4.4190179
 114.0000000   0.0205834   0.0081375   0.0024742   0.0138092   0.0230545   0.0091932   0.0030786   0.0281530   2.3737725   0.9970191   0.4795340   4.3880459   2.3709264   0.9958770   0.4796496   4.3894808   2.3955229   1.0056186   0.4821504   4.4028510   2.3953692   1.0056194   0.4828960   4.4187044
 115.0000000   0.0204357   0.0080782   0.0024548   0.0132911   0.0228785   0.0091168   0.0029580   0.0272600   2.3739300   0.9970823   0.4795546   4.3886014   2.3711300   0.9959581   0.4798745   4.3901485   2.3955229   1.0056186   0.4821504   4.4028510   2.3953868   1.0056201   0.4829992   4.4184389
 116.0000000   0.0202893   0.0080194   0.0024356   0.0127915   0.0227364   0.0090627   0.0029698   0.0264046   2.3740861   0.9971450   0.4795751   4.3891371   2.3713264   0.9960314   0.4799809   4.3908231   2.3955229   1.0056186   0.4821504   4.4028510   2.3954312   1.0056353   0.4831162   4.4182194
 117.0000000   0.0201441   0.0079611   0.0024164   0.0123098   0.0226076   0.0090172   0.0030131   0.0255982   2.3742409   0.9972071   0.4795955   4.3896536   2.3715212   0.9961030   0.4801174   4.3915302   2.3955229   1.0056186   0.4821504   4.4028510   2.3954874   1.0056574   0.4832948   4.4180829
 118.0000000   0.0200001   0.0079034   0.0023973   0.0118453   0.0224632   0.0089601   0.0029778   0.0248244   2.3743944   0.9972687   0.4796158   4.3901517   2.3717296   0.9961817   0.4801812   4.3921646   2.3955229   1.0056186   0.4821504   4.4028510   2.3955416   1.0056750   0.4833221   4.4179077
 119.0000000   0.0199077   0.0078805   0.0025455   0.0114382   0.0222503   0.0088556   0.0026896   0.0240154   2.3744962   0.9972954   0.4794688   4.3905910   2.3719413   0.9962611   0.4777984   4.3924450   2.3955229   1.0056186   0.4821504   4.4028510   2.3955309   1.0056462   0.4806483   4.4028510
