 t z psi theta tau_a f_e f_o tau_x tau_l C H B r w div entry mass rgdp rinv firm
 s_constrained exit exit_b
 avg_firm_size labor_share std_dev_growth_emp std_dev_growth_sales debt capital 
 ngdp ninv exdem psi_c collat_binding
   1.0000000   1.0000000   0.8007070   0.6453138   0.0032343   1.0000000   1.3434523   0.0000000   0.0000000   1.9133572   1.0056182  -6.9547093   0.0101010   1.5363361   0.4236967   0.0051078   0.1838049   2.3955229   0.4821504  -1.0000000   0.0217338   0.0000000   4.8925964   0.6449396   0.0000000   0.0000000  -4.4028510  26.9106090   2.3955229   0.4821504   0.0000153   1.0000000   0.0000000
   2.0000000   0.9593483   0.8007070   0.6453138   0.0032343   1.0000000   1.3434523   0.0000000   0.0000000   1.8955579   0.9531831  -6.9547093   0.0101010   1.4980420   0.5048229   0.0005108   0.1838049   2.2863515   0.3605209  -1.0000000   0.0067809   0.0000000   5.1252399   0.6245585   0.0000000   0.0000000  -4.4028510  26.6468726   2.2862683   0.3604377   0.0302727   1.0000000   0.0000000
   3.0000000   0.9635461   0.8007070   0.6453138   0.0032343   1.0000000   1.3434523   0.0000000   0.0000000   1.8935506   0.9603285  -6.9688212   0.0094760   1.5027162   0.5130453   0.0005108   0.1791974   2.2768512   0.3796374  -1.0000000   0.0061353   0.0000000   5.2948368   0.6338348   0.0000000   0.0000000  -4.3694189  26.5792087   2.2767781   0.3795644   0.0036631   1.0000000   0.0000000
   4.0000000   0.9673104   0.8007070   0.6453138   0.0032343   1.0000000   1.3434523   0.0000000   0.0000000   1.8904930   0.9659597  -6.9566526   0.0093486   1.5059929   0.4663217   0.0023332   0.1752354   2.2862540   0.3957605  -1.0000000   0.0115535   0.0000000   5.2167964   0.6363773   0.0000000   0.0000000  -4.3302523  26.6375595   2.2859527   0.3954592   0.0000005   1.0000000   0.0000000
   5.0000000   0.9706860   0.8007070   0.6453138   0.0032343   1.0000000   1.3434523   0.0000000   0.0000000   1.8874410   0.9706992  -6.9771757   0.0093980   1.5086322   0.4344827   0.0037705   0.1736099   2.2961372   0.4086957  -1.0000000   0.0162419   0.0000000   5.1182778   0.6379024   0.0000000   0.0000000  -4.2917540  26.6696447   2.2956928   0.4082512   0.0000005   1.0000000   0.0000000
   6.0000000   0.9737130   0.8007070   0.6453138   0.0032343   1.0000000   1.3434523   0.0000000   0.0000000   1.8833805   0.9747061  -7.0181192   0.0095224   1.5108768   0.4171439   0.0046482   0.1734115   2.3039824   0.4206024  -1.0000000   0.0192758   0.0000000   5.0453280   0.6393203   0.0000000   0.0000000  -4.2625415  26.6663856   2.3034789   0.4200988   0.0000005   1.0000000   0.0000000
   7.0000000   0.9764275   0.8007070   0.6453138   0.0032343   1.0000000   1.3434523   0.0000000   0.0000000   1.8827146   0.9784367  -7.0654358   0.0096408   1.5130758   0.4069249   0.0052366   0.1739141   2.3110704   0.4283570  -1.0000000   0.0213528   0.0000000   4.9870416   0.6407338   0.0000000   0.0000000  -4.2436652  26.6486819   2.3105521   0.4278387   0.0000012   1.0000000   0.0000000
   8.0000000   0.9788616   0.8007070   0.6453138   0.0032343   1.0000000   1.3434523   0.0000000   0.0000000   1.8801910   0.9814765  -7.1157231   0.0097387   1.5148808   0.4042360   0.0055521   0.1748430   2.3170376   0.4368466  -1.0000000   0.0226404   0.0000000   4.9452773   0.6418305   0.0000000   0.0000000  -4.2306194  26.6164605   2.3165308   0.4363397   0.0000000   1.0000000   0.0000000
   9.0000000   0.9810444   0.8007070   0.6453138   0.0032343   1.0000000   1.3434523   0.0000000   0.0000000   1.8771605   0.9841958  -7.1610829   0.0098564   1.5166106   0.4009553   0.0057057   0.1758270   2.3224170   0.4452558  -1.0000000   0.0231563   0.0000000   4.9184030   0.6428430   0.0000000   0.0000000  -4.2262691  26.5804473   2.3219381   0.4447769   0.0000007   1.0000000   0.0000000
  10.0000000   0.9830018   0.8007070   0.6453138   0.0032343   1.0000000   1.3434523   0.0000000   0.0000000   1.8733900   0.9866276  -7.2018859   0.0099440   1.5182472   0.4008960   0.0057756   0.1769485   2.3274048   0.4540149  -1.0000000   0.0234723   0.0000000   4.8958371   0.6437345   0.0000000   0.0000000  -4.2269737  26.5467506   2.3269602   0.4535703   0.0000001   1.0000000   0.0000000
  11.0000000   0.9847571   0.8007070   0.6453138   0.0032343   1.0000000   1.3434523   0.0000000   0.0000000   1.8715214   0.9887282  -7.2344555   0.0100105   1.5197264   0.4018375   0.0057813   0.1780515   2.3319801   0.4604598  -1.0000000   0.0235961   0.0000000   4.8789705   0.6444565   0.0000000   0.0000000  -4.2305360  26.5177145   2.3315715   0.4600512   0.0000011   1.0000000   0.0000000
  12.0000000   0.9863311   0.8007070   0.6453138   0.0032343   1.0000000   1.3434523   0.0000000   0.0000000   1.8696235   0.9906105  -7.2602393   0.0100718   1.5211283   0.4030487   0.0057770   0.1790549   2.3362632   0.4666401  -1.0000000   0.0236812   0.0000000   4.8646073   0.6450844   0.0000000   0.0000000  -4.2352168  26.4947903   2.3358893   0.4662663   0.0000005   1.0000000   0.0000000
  13.0000000   0.9877426   0.8007070   0.6453138   0.0032343   1.0000000   1.3434523   0.0000000   0.0000000   1.8689324   0.9922663  -7.2791242   0.0101120   1.5224156   0.4052192   0.0057616   0.1799551   2.3402345   0.4713031  -1.0000000   0.0237334   0.0000000   4.8528470   0.6456028   0.0000000   0.0000000  -4.2402358  26.4776743   2.3398933   0.4709618   0.0000010   1.0000000   0.0000000
  14.0000000   0.9890083   0.8007070   0.6453138   0.0032343   1.0000000   1.3434523   0.0000000   0.0000000   1.8671156   0.9937539  -7.2917134   0.0101474   1.5236264   0.4061262   0.0057472   0.1807376   2.3439328   0.4768163  -1.0000000   0.0237599   0.0000000   4.8430404   0.6460554   0.0000000   0.0000000  -4.2454556  26.4656148   2.3436220   0.4765055   0.0000009   1.0000000   0.0000000
  15.0000000   0.9901434   0.8007070   0.6453138   0.0032343   1.0000000   1.3434523   0.0000000   0.0000000   1.8665126   0.9950692  -7.2983331   0.0101715   1.5247408   0.4073762   0.0057247   0.1814322   2.3473786   0.4808667  -1.0000000   0.0237549   0.0000000   4.8353448   0.6464254   0.0000000   0.0000000  -4.2506659  26.4588702   2.3470962   0.4805843   0.0000007   1.0000000   0.0000000
  16.0000000   0.9911612   0.8007070   0.6453138   0.0032343   1.0000000   1.3434523   0.0000000   0.0000000   1.8662115   0.9962424  -7.3001188   0.0101897   1.5257735   0.4083842   0.0057023   0.1820359   2.3505960   0.4843836  -1.0000000   0.0237391   0.0000000   4.8291143   0.6467321   0.0000000   0.0000000  -4.2556937  26.4564772   2.3503397   0.4841273   0.0000010   1.0000000   0.0000000
  17.0000000   0.9920739   0.8007070   0.6453138   0.0032343   1.0000000   1.3434523   0.0000000   0.0000000   1.8664706   0.9972790  -7.2978159   0.0102005   1.5267173   0.4094182   0.0056757   0.1825601   2.3535829   0.4871117  -1.0000000   0.0236986   0.0000000   4.8245277   0.6469767   0.0000000   0.0000000  -4.2603931  26.4575874   2.3533506   0.4868794   0.0000006   1.0000000   0.0000000
  18.0000000   0.9928924   0.8007070   0.6453138   0.0032343   1.0000000   1.3434523   0.0000000   0.0000000   1.8669846   0.9982107  -7.2922055   0.0102091   1.5275938   0.4096909   0.0056486   0.1830116   2.3563728   0.4893871  -1.0000000   0.0236377   0.0000000   4.8211920   0.6471796   0.0000000   0.0000000  -4.2649782  26.4616470   2.3561626   0.4891769   0.0000011   1.0000000   0.0000000
  19.0000000   0.9936263   0.8007070   0.6453138   0.0032343   1.0000000   1.3434523   0.0000000   0.0000000   1.8673757   0.9990543  -7.2844864   0.0102144   1.5284108   0.4115131   0.0056269   0.1834087   2.3589974   0.4916228  -1.0000000   0.0236031   0.0000000   4.8181741   0.6473463   0.0000000   0.0000000  -4.2689335  26.4684789   2.3588077   0.4914330   0.0000011   1.0000000   0.0000000
  20.0000000   0.9942845   0.8007070   0.6453138   0.0032343   1.0000000   1.3434523   0.0000000   0.0000000   1.8691684   0.9998031  -7.2730939   0.0102130   1.5291530   0.4122505   0.0056014   0.1837482   2.3614551   0.4922861  -1.0000000   0.0235441   0.0000000   4.8164244   0.6474664   0.0000000   0.0000000  -4.2727307  26.4774436   2.3612839   0.4921149   0.0000006   1.0000000   0.0000000
  21.0000000   0.9948747   0.8007070   0.6453138   0.0032343   1.0000000   1.3434523   0.0000000   0.0000000   1.8705359   1.0004456  -7.2607055   0.0102091   1.5298079   0.4133146   0.0055693   0.1840380   2.3636982   0.4931629  -1.0000000   0.0234580   0.0000000   4.8159625   0.6475403   0.0000000   0.0000000  -4.2763012  26.4868091   2.3635435   0.4930082   0.0000006   1.0000000   0.0000000
  22.0000000   0.9954039   0.8007070   0.6453138   0.0032343   1.0000000   1.3434523   0.0000000   0.0000000   1.8719642   1.0010251  -7.2468335   0.0102093   1.5304151   0.4140288   0.0055418   0.1842774   2.3658085   0.4938453  -1.0000000   0.0233806   0.0000000   4.8159152   0.6475902   0.0000000   0.0000000  -4.2796466  26.4975061   2.3656689   0.4937057   0.0000010   1.0000000   0.0000000
  23.0000000   0.9958785   0.8007070   0.6453138   0.0032343   1.0000000   1.3434523   0.0000000   0.0000000   1.8732342   1.0015480  -7.2319978   0.0102062   1.5309742   0.4147367   0.0055168   0.1844771   2.3677924   0.4945567  -1.0000000   0.0233065   0.0000000   4.8162660   0.6476183   0.0000000   0.0000000  -4.2831153  26.5091654   2.3676665   0.4944308   0.0000015   1.0000000   0.0000000
  24.0000000   0.9963041   0.8007070   0.6453138   0.0032343   1.0000000   1.3434523   0.0000000   0.0000000   1.8748250   1.0020308  -7.2161545   0.0102009   1.5314946   0.4151017   0.0054941   0.1846446   2.3696827   0.4948586  -1.0000000   0.0232376   0.0000000   4.8169450   0.6476302   0.0000000   0.0000000  -4.2867905  26.5217467   2.3695696   0.4947454   0.0000009   1.0000000   0.0000000
  25.0000000   0.9966858   0.8007070   0.6453138   0.0032343   1.0000000   1.3434523   0.0000000   0.0000000   1.8766184   1.0025127  -7.2000345   0.0101915   1.5320001   0.4155383   0.0054831   0.1847845   2.3715288   0.4949096  -1.0000000   0.0232035   0.0000000   4.8171087   0.6476476   0.0000000   0.0000000  -4.2907409  26.5353583   2.3714276   0.4948085   0.0000008   1.0000000   0.0000000
  26.0000000   0.9970280   0.8007070   0.6453138   0.0032343   1.0000000   1.3434523   0.0000000   0.0000000   1.8787594   1.0028958  -7.1838157   0.0101868   1.5324230   0.4160085   0.0054544   0.1849115   2.3731801   0.4944222  -1.0000000   0.0231115   0.0000000   4.8188348   0.6476202   0.0000000   0.0000000  -4.2950320  26.5479136   2.3730893   0.4943313   0.0000015   1.0000000   0.0000000
  27.0000000   0.9973349   0.8007070   0.6453138   0.0032343   1.0000000   1.3434523   0.0000000   0.0000000   1.8810464   1.0032353  -7.1680378   0.0101804   1.5328027   0.4166252   0.0054278   0.1850085   2.3747250   0.4936785  -1.0000000   0.0230227   0.0000000   4.8208440   0.6475759   0.0000000   0.0000000  -4.2996374  26.5602137   2.3746434   0.4935969   0.0000002   1.0000000   0.0000000
  28.0000000   0.9976101   0.8007070   0.6453138   0.0032343   1.0000000   1.3434523   0.0000000   0.0000000   1.8820298   1.0035346  -7.1528173   0.0101743   1.5331427   0.4172129   0.0054029   0.1850810   2.3761514   0.4941229  -1.0000000   0.0229374   0.0000000   4.8230554   0.6475216   0.0000000   0.0000000  -4.3044920  26.5719749   2.3760780   0.4940494   0.0000012   1.0000000   0.0000000
  29.0000000   0.9978569   0.8007070   0.6453138   0.0032343   1.0000000   1.3434523   0.0000000   0.0000000   1.8840577   1.0037904  -7.1369698   0.0101676   1.5334392   0.4176751   0.0053754   0.1851329   2.3774953   0.4934361  -1.0000000   0.0228427   0.0000000   4.8257949   0.6474438   0.0000000   0.0000000  -4.3095884  26.5841309   2.3774290   0.4933698   0.0000015   1.0000000   0.0000000
  30.0000000   0.9980782   0.8007070   0.6453138   0.0032343   1.0000000   1.3434523   0.0000000   0.0000000   1.8858059   1.0040334  -7.1218199   0.0101663   1.5337240   0.4181088   0.0053553   0.1851625   2.3787655   0.4929598  -1.0000000   0.0227680   0.0000000   4.8282582   0.6473731   0.0000000   0.0000000  -4.3147908  26.5961409   2.3787060   0.4929002   0.0000001   1.0000000   0.0000000
  31.0000000   0.9982766   0.8007070   0.6453138   0.0032343   1.0000000   1.3434523   0.0000000   0.0000000   1.8879623   1.0042324  -7.1071043   0.0101584   1.5339631   0.4186986   0.0053309   0.1851814   2.3799285   0.4919653  -1.0000000   0.0226796   0.0000000   4.8311917   0.6472843   0.0000000   0.0000000  -4.3204280  26.6074678   2.3798746   0.4919115   0.0000009   1.0000000   0.0000000
  32.0000000   0.9984546   0.8007070   0.6453138   0.0032343   1.0000000   1.3434523   0.0000000   0.0000000   1.8881333   1.0044248  -7.0932483   0.0101578   1.5341964   0.4188661   0.0053160   0.1851847   2.3810258   0.4928917  -1.0000000   0.0226244   0.0000000   4.8335091   0.6472069   0.0000000   0.0000000  -4.3260580  26.6184495   2.3809774   0.4928433   0.0000007   1.0000000   0.0000000
  33.0000000   0.9986142   0.8007070   0.6453138   0.0032343   1.0000000   1.3434523   0.0000000   0.0000000   1.8897000   1.0045868  -7.0786564   0.0101515   1.5343968   0.4195403   0.0052951   0.1851801   2.3820697   0.4923707  -1.0000000   0.0225478   0.0000000   4.8364719   0.6471108   0.0000000   0.0000000  -4.3320702  26.6300187   2.3820260   0.4923270   0.0000010   1.0000000   0.0000000
  34.0000000   0.9987573   0.8007070   0.6453138   0.0032343   1.0000000   1.3434523   0.0000000   0.0000000   1.8916565   1.0047309  -7.0643200   0.0101482   1.5345785   0.4196551   0.0052768   0.1851629   2.3830498   0.4913938  -1.0000000   0.0224788   0.0000000   4.8393730   0.6470129   0.0000000   0.0000000  -4.3382049  26.6412810   2.3830103   0.4913544   0.0000005   1.0000000   0.0000000
  35.0000000   0.9988856   0.8007070   0.6453138   0.0032343   1.0000000   1.3434523   0.0000000   0.0000000   1.8924918   1.0048582  -7.0512500   0.0101452   1.5347429   0.4200298   0.0052619   0.1851371   2.3839513   0.4914585  -1.0000000   0.0224204   0.0000000   4.8420697   0.6469184   0.0000000   0.0000000  -4.3444007  26.6517899   2.3839156   0.4914229   0.0000009   1.0000000   0.0000000
  36.0000000   0.9990007   0.8007070   0.6453138   0.0032343   1.0000000   1.3434523   0.0000000   0.0000000   1.8938959   1.0049686  -7.0381049   0.0101419   1.5348894   0.4202119   0.0052457   0.1851061   2.3848010   0.4909059  -1.0000000   0.0223582   0.0000000   4.8449292   0.6468198   0.0000000   0.0000000  -4.3507634  26.6623058   2.3847687   0.4908736   0.0000008   1.0000000   0.0000000
  37.0000000   0.9991039   0.8007070   0.6453138   0.0032343   1.0000000   1.3434523   0.0000000   0.0000000   1.8951618   1.0050663  -7.0256986   0.0101389   1.5350216   0.4203918   0.0052318   0.1850687   2.3855952   0.4904321  -1.0000000   0.0223021   0.0000000   4.8476642   0.6467222   0.0000000   0.0000000  -4.3572053  26.6724198   2.3855659   0.4904028   0.0000012   1.0000000   0.0000000
  38.0000000   0.9991964   0.8007070   0.6453138   0.0032343   1.0000000   1.3434523   0.0000000   0.0000000   1.8961380   1.0051561  -7.0139481   0.0101376   1.5351458   0.4206152   0.0052204   0.1850279   2.3863358   0.4901977  -1.0000000   0.0222559   0.0000000   4.8501817   0.6466308   0.0000000   0.0000000  -4.3636531  26.6822203   2.3863094   0.4901713   0.0000002   1.0000000   0.0000000
  39.0000000   0.9992794   0.8007070   0.6453138   0.0032343   1.0000000   1.3434523   0.0000000   0.0000000   1.8974063   1.0052243  -7.0025256   0.0101338   1.5352478   0.4208897   0.0052060   0.1849850   2.3870159   0.4896092  -1.0000000   0.0221989   0.0000000   4.8529494   0.6465328   0.0000000   0.0000000  -4.3702284  26.6915962   2.3869918   0.4895851   0.0000004   1.0000000   0.0000000
  40.0000000   0.9993538   0.8007070   0.6453138   0.0032343   1.0000000   1.3434523   0.0000000   0.0000000   1.8978970   1.0052881  -6.9917538   0.0101328   1.5353448   0.4211081   0.0051956   0.1849379   2.3876518   0.4897539  -1.0000000   0.0221554   0.0000000   4.8554069   0.6464418   0.0000000   0.0000000  -4.3766923  26.7006330   2.3876298   0.4897320   0.0000008   1.0000000   0.0000000
  41.0000000   0.9994205   0.8007070   0.6453138   0.0032343   1.0000000   1.3434523   0.0000000   0.0000000   1.8989074   1.0053485  -6.9809224   0.0101318   1.5354377   0.4209720   0.0051863   0.1848896   2.3882618   0.4893535  -1.0000000   0.0221161   0.0000000   4.8577570   0.6463541   0.0000000   0.0000000  -4.3830794  26.7098758   2.3882420   0.4893337   0.0000009   1.0000000   0.0000000
  42.0000000   0.9994804   0.8007070   0.6453138   0.0032343   1.0000000   1.3434523   0.0000000   0.0000000   1.8998779   1.0053987  -6.9709112   0.0101289   1.5355186   0.4210554   0.0051768   0.1848412   2.3888259   0.4889468  -1.0000000   0.0220764   0.0000000   4.8600851   0.6462673   0.0000000   0.0000000  -4.3894615  26.7186742   2.3888079   0.4889288   0.0000011   1.0000000   0.0000000
  43.0000000   0.9995340   0.8007070   0.6453138   0.0032343   1.0000000   1.3434523   0.0000000   0.0000000   1.9009730   1.0054394  -6.9615000   0.0101269   1.5355889   0.4214149   0.0051676   0.1847922   2.3893447   0.4883705  -1.0000000   0.0220384   0.0000000   4.8623514   0.6461822   0.0000000   0.0000000  -4.3956387  26.7270637   2.3893283   0.4883541   0.0000012   1.0000000   0.0000000
  44.0000000   0.9995821   0.8007070   0.6453138   0.0032343   1.0000000   1.3434523   0.0000000   0.0000000   1.9015156   1.0054789  -6.9525757   0.0101259   1.5356569   0.4214929   0.0051612   0.1847421   2.3898254   0.4883108  -1.0000000   0.0220094   0.0000000   4.8643651   0.6461059   0.0000000   0.0000000  -4.4016092  26.7350126   2.3898104   0.4882959   0.0000010   1.0000000   0.0000000
  45.0000000   0.9996253   0.8007070   0.6453138   0.0032343   1.0000000   1.3434523   0.0000000   0.0000000   1.9026562   1.0055087  -6.9438667   0.0101238   1.5357143   0.4216571   0.0051533   0.1846936   2.3902729   0.4876177  -1.0000000   0.0219758   0.0000000   4.8664382   0.6460279   0.0000000   0.0000000  -4.4074349  26.7427803   2.3902593   0.4876041   0.0000010   1.0000000   0.0000000
  46.0000000   0.9996640   0.8007070   0.6453138   0.0032343   1.0000000   1.3434523   0.0000000   0.0000000   1.9031914   1.0055310  -6.9359236   0.0101224   1.5357638   0.4217252   0.0051467   0.1846453   2.3906755   0.4874840  -1.0000000   0.0219470   0.0000000   4.8683522   0.6459539   0.0000000   0.0000000  -4.4129636  26.7498960   2.3906630   0.4874715   0.0000001   1.0000000   0.0000000
  47.0000000   0.9996987   0.8007070   0.6453138   0.0032343   1.0000000   1.3434523   0.0000000   0.0000000   1.9040336   1.0055452  -6.9282632   0.0101214   1.5358057   0.4217476   0.0051393   0.1845974   2.3910460   0.4870120  -1.0000000   0.0219157   0.0000000   4.8702928   0.6458803   0.0000000   0.0000000  -4.4182102  26.7568061   2.3910344   0.4870004   0.0000004   1.0000000   0.0000000
  48.0000000   0.9997298   0.8007070   0.6453138   0.0032343   1.0000000   1.3434523   0.0000000   0.0000000   1.9039547   1.0055600  -6.9212718   0.0101213   1.5358479   0.4218461   0.0051349   0.1845493   2.3913895   0.4874338  -1.0000000   0.0218953   0.0000000   4.8719390   0.6458146   0.0000000   0.0000000  -4.4231437  26.7634015   2.3913788   0.4874231   0.0000009   1.0000000   0.0000000
  49.0000000   0.9997577   0.8007070   0.6453138   0.0032343   1.0000000   1.3434523   0.0000000   0.0000000   1.9046252   1.0055772  -6.9139468   0.0101209   1.5358913   0.4218919   0.0051306   0.1845031   2.3917289   0.4871043  -1.0000000   0.0218752   0.0000000   4.8735416   0.6457519   0.0000000   0.0000000  -4.4278051  26.7703846   2.3917192   0.4870945   0.0000005   1.0000000   0.0000000
  50.0000000   0.9997827   0.8007070   0.6453138   0.0032343   1.0000000   1.3434523   0.0000000   0.0000000   1.9053708   1.0056044  -6.9070799   0.0101189   1.5359394   0.4217826   0.0051301   0.1844587   2.3920605   0.4866912  -1.0000000   0.0218678   0.0000000   4.8747757   0.6456998   0.0000000   0.0000000  -4.4321897  26.7771955   2.3920518   0.4866825   0.0000015   1.0000000   0.0000000
  51.0000000   0.9998052   0.8007070   0.6453138   0.0032343   1.0000000   1.3434523   0.0000000   0.0000000   1.9058118   1.0055970  -6.9009005   0.0101186   1.5359605   0.4219722   0.0051214   0.1844196   2.3923173   0.4865069  -1.0000000   0.0218347   0.0000000   4.8765436   0.6456345   0.0000000   0.0000000  -4.4362914  26.7830298   2.3923091   0.4864988   0.0000014   1.0000000   0.0000000
  52.0000000   0.9998253   0.8007070   0.6453138   0.0032343   1.0000000   1.3434523   0.0000000   0.0000000   1.9062934   1.0056020  -6.8948846   0.0101178   1.5359898   0.4219956   0.0051183   0.1843764   2.3925782   0.4862850  -1.0000000   0.0218192   0.0000000   4.8778977   0.6455794   0.0000000   0.0000000  -4.4400338  26.7890181   2.3925707   0.4862775   0.0000002   1.0000000   0.0000000
  53.0000000   0.9998433   0.8007070   0.6453138   0.0032343   1.0000000   1.3434523   0.0000000   0.0000000   1.9066785   1.0056037  -6.8892178   0.0101171   1.5360155   0.4220038   0.0051151   0.1843356   2.3928162   0.4861366  -1.0000000   0.0218040   0.0000000   4.8791898   0.6455269   0.0000000   0.0000000  -4.4434559  26.7947244   2.3928092   0.4861297   0.0000011   1.0000000   0.0000000
  54.0000000   0.9998595   0.8007070   0.6453138   0.0032343   1.0000000   1.3434523   0.0000000   0.0000000   1.9071483   1.0056056  -6.8838290   0.0101162   1.5360402   0.4220081   0.0051125   0.1842965   2.3930376   0.4858889  -1.0000000   0.0217910   0.0000000   4.8803878   0.6454787   0.0000000   0.0000000  -4.4465370  26.8002655   2.3930312   0.4858825   0.0000004   1.0000000   0.0000000
  55.0000000   0.9998740   0.8007070   0.6453138   0.0032343   1.0000000   1.3434523   0.0000000   0.0000000   1.9077464   1.0056022  -6.8788112   0.0101151   1.5360589   0.4219637   0.0051091   0.1842594   2.3932334   0.4854883  -1.0000000   0.0217761   0.0000000   4.8815920   0.6454314   0.0000000   0.0000000  -4.4493199  26.8054620   2.3932274   0.4854823   0.0000014   1.0000000   0.0000000
  56.0000000   0.9998870   0.8007070   0.6453138   0.0032343   1.0000000   1.3434523   0.0000000   0.0000000   1.9078735   1.0056180  -6.8743670   0.0101146   1.5360917   0.4218368   0.0051126   0.1842227   2.3934403   0.4855662  -1.0000000   0.0217837   0.0000000   4.8821857   0.6453994   0.0000000   0.0000000  -4.4517475  26.8106124   2.3934350   0.4855609   0.0000005   1.0000000   0.0000000
  57.0000000   0.9998987   0.8007070   0.6453138   0.0032343   1.0000000   1.3434523   0.0000000   0.0000000   1.9080620   1.0056193  -6.8700667   0.0101142   1.5361128   0.4218347   0.0051104   0.1841933   2.3936116   0.4855507  -1.0000000   0.0217735   0.0000000   4.8831085   0.6453628   0.0000000   0.0000000  -4.4538914  26.8154041   2.3936067   0.4855459   0.0000012   1.0000000   0.0000000
  58.0000000   0.9999091   0.8007070   0.6453138   0.0032343   1.0000000   1.3434523   0.0000000   0.0000000   1.9085595   1.0056207  -6.8658805   0.0101134   1.5361328   0.4217054   0.0051087   0.1841648   2.3937768   0.4852184  -1.0000000   0.0217649   0.0000000   4.8839672   0.6453274   0.0000000   0.0000000  -4.4557768  26.8201580   2.3937724   0.4852140   0.0000011   1.0000000   0.0000000
  59.0000000   0.9999185   0.8007070   0.6453138   0.0032343   1.0000000   1.3434523   0.0000000   0.0000000   1.9088290   1.0056230  -6.8622542   0.0101129   1.5361527   0.4217288   0.0051083   0.1841375   2.3939280   0.4850994  -1.0000000   0.0217610   0.0000000   4.8846715   0.6452964   0.0000000   0.0000000  -4.4573613  26.8246022   2.3939240   0.4850954   0.0000004   1.0000000   0.0000000
  60.0000000   0.9999269   0.8007070   0.6453138   0.0032343   1.0000000   1.3434523   0.0000000   0.0000000   1.9092798   1.0056232  -6.8588044   0.0101119   1.5361694   0.4216426   0.0051073   0.1841123   2.3940657   0.4847850  -1.0000000   0.0217552   0.0000000   4.8853701   0.6452663   0.0000000   0.0000000  -4.4587068  26.8288360   2.3940621   0.4847813   0.0000010   1.0000000   0.0000000
  61.0000000   0.9999345   0.8007070   0.6453138   0.0032343   1.0000000   1.3434523   0.0000000   0.0000000   1.9094310   1.0056063  -6.8558394   0.0101116   1.5361726   0.4217681   0.0051026   0.1840886   2.3941634   0.4847312  -1.0000000   0.0217378   0.0000000   4.8863223   0.6452304   0.0000000   0.0000000  -4.4597913  26.8324893   2.3941599   0.4847276   0.0000013   1.0000000   0.0000000
  62.0000000   0.9999413   0.8007070   0.6453138   0.0032343   1.0000000   1.3434523   0.0000000   0.0000000   1.9097734   1.0056034  -6.8528862   0.0101109   1.5361855   0.4216315   0.0051026   0.1840624   2.3942750   0.4845010  -1.0000000   0.0217354   0.0000000   4.8869314   0.6452039   0.0000000   0.0000000  -4.4605836  26.8363569   2.3942717   0.4844977   0.0000006   1.0000000   0.0000000
  63.0000000   0.9999473   0.8007070   0.6453138   0.0032343   1.0000000   1.3434523   0.0000000   0.0000000   1.9100164   1.0055975  -6.8503713   0.0101101   1.5361949   0.4215988   0.0051022   0.1840386   2.3943704   0.4843528  -1.0000000   0.0217319   0.0000000   4.8875113   0.6451782   0.0000000   0.0000000  -4.4611257  26.8399120   2.3943674   0.4843497   0.0000013   1.0000000   0.0000000
  64.0000000   0.9999528   0.8007070   0.6453138   0.0032343   1.0000000   1.3434523   0.0000000   0.0000000   1.9100153   1.0055955  -6.8481091   0.0101103   1.5362075   0.4216076   0.0051030   0.1840165   2.3944612   0.4844445  -1.0000000   0.0217329   0.0000000   4.8879401   0.6451577   0.0000000   0.0000000  -4.4614355  26.8433467   2.3944584   0.4844417   0.0000014   1.0000000   0.0000000
  65.0000000   0.9999576   0.8007070   0.6453138   0.0032343   1.0000000   1.3434523   0.0000000   0.0000000   1.9104467   1.0055889  -6.8457974   0.0101093   1.5362151   0.4215797   0.0051017   0.1839970   2.3945417   0.4840949  -1.0000000   0.0217273   0.0000000   4.8885034   0.6451349   0.0000000   0.0000000  -4.4615654  26.8466866   2.3945391   0.4840923   0.0000000   1.0000000   0.0000000
  66.0000000   0.9999620   0.8007070   0.6453138   0.0032343   1.0000000   1.3434523   0.0000000   0.0000000   1.9102033   1.0055880  -6.8439318   0.0101097   1.5362277   0.4215059   0.0051031   0.1839776   2.3946178   0.4844151  -1.0000000   0.0217303   0.0000000   4.8888164   0.6451191   0.0000000   0.0000000  -4.4614764  26.8497966   2.3946155   0.4844127   0.0000005   1.0000000   0.0000000
  67.0000000   0.9999659   0.8007070   0.6453138   0.0032343   1.0000000   1.3434523   0.0000000   0.0000000   1.9107005   1.0055865  -6.8418582   0.0101087   1.5362383   0.4214220   0.0051030   0.1839612   2.3946961   0.4839962  -1.0000000   0.0217289   0.0000000   4.8892108   0.6451014   0.0000000   0.0000000  -4.4612542  26.8530807   2.3946939   0.4839941   0.0000007   1.0000000   0.0000000
  68.0000000   0.9999695   0.8007070   0.6453138   0.0032343   1.0000000   1.3434523   0.0000000   0.0000000   1.9109831   1.0055849  -6.8403388   0.0101080   1.5362476   0.4213828   0.0051036   0.1839457   2.3947604   0.4837778  -1.0000000   0.0217294   0.0000000   4.8895140   0.6450869   0.0000000   0.0000000  -4.4608978  26.8559325   2.3947585   0.4837759   0.0000005   1.0000000   0.0000000
  69.0000000   0.9999726   0.8007070   0.6453138   0.0032343   1.0000000   1.3434523   0.0000000   0.0000000   1.9111622   1.0055825  -6.8391195   0.0101074   1.5362555   0.4213187   0.0051042   0.1839321   2.3948159   0.4836526  -1.0000000   0.0217307   0.0000000   4.8897605   0.6450737   0.0000000   0.0000000  -4.4604057  26.8585222   2.3948142   0.4836509   0.0000011   1.0000000   0.0000000
  70.0000000   0.9999754   0.8007070   0.6453138   0.0032343   1.0000000   1.3434523   0.0000000   0.0000000   1.9113110   1.0055806  -6.8381284   0.0101070   1.5362632   0.4212757   0.0051048   0.1839200   2.3948640   0.4835521  -1.0000000   0.0217317   0.0000000   4.8899844   0.6450627   0.0000000   0.0000000  -4.4597954  26.8609340   2.3948624   0.4835505   0.0000009   1.0000000   0.0000000
  71.0000000   0.9999780   0.8007070   0.6453138   0.0032343   1.0000000   1.3434523   0.0000000   0.0000000   1.9115156   1.0055802  -6.8373148   0.0101064   1.5362711   0.4212554   0.0051056   0.1839092   2.3949084   0.4833921  -1.0000000   0.0217340   0.0000000   4.8901514   0.6450537   0.0000000   0.0000000  -4.4590723  26.8632220   2.3949070   0.4833906   0.0000007   1.0000000   0.0000000
  72.0000000   0.9999802   0.8007070   0.6453138   0.0032343   1.0000000   1.3434523   0.0000000   0.0000000   1.9116632   1.0055781  -6.8367121   0.0101059   1.5362769   0.4211697   0.0051061   0.1838998   2.3949447   0.4832803  -1.0000000   0.0217348   0.0000000   4.8903198   0.6450451   0.0000000   0.0000000  -4.4582404  26.8652795   2.3949434   0.4832790   0.0000012   1.0000000   0.0000000
  73.0000000   0.9999823   0.8007070   0.6453138   0.0032343   1.0000000   1.3434523   0.0000000   0.0000000   1.9118043   1.0055757  -6.8363364   0.0101055   1.5362819   0.4211368   0.0051064   0.1838914   2.3949749   0.4831696  -1.0000000   0.0217355   0.0000000   4.8904735   0.6450374   0.0000000   0.0000000  -4.4573164  26.8671824   2.3949737   0.4831684   0.0000010   1.0000000   0.0000000
  74.0000000   0.9999841   0.8007070   0.6453138   0.0032343   1.0000000   1.3434523   0.0000000   0.0000000   1.9118926   1.0055722  -6.8361317   0.0101051   1.5362854   0.4210919   0.0051064   0.1838837   2.3949992   0.4831056  -1.0000000   0.0217348   0.0000000   4.8906395   0.6450301   0.0000000   0.0000000  -4.4563104  26.8689227   2.3949981   0.4831045   0.0000010   1.0000000   0.0000000
  75.0000000   0.9999858   0.8007070   0.6453138   0.0032343   1.0000000   1.3434523   0.0000000   0.0000000   1.9119763   1.0055697  -6.8360643   0.0101050   1.5362895   0.4210718   0.0051068   0.1838767   2.3950220   0.4830449  -1.0000000   0.0217362   0.0000000   4.8907499   0.6450240   0.0000000   0.0000000  -4.4552239  26.8705967   2.3950210   0.4830438   0.0000009   1.0000000   0.0000000
  76.0000000   0.9999872   0.8007070   0.6453138   0.0032343   1.0000000   1.3434523   0.0000000   0.0000000   1.9119495   1.0055668  -6.8361045   0.0101050   1.5362933   0.4210237   0.0051070   0.1838703   2.3950391   0.4830911  -1.0000000   0.0217362   0.0000000   4.8908787   0.6450192   0.0000000   0.0000000  -4.4540808  26.8721603   2.3950382   0.4830902   0.0000015   1.0000000   0.0000000
  77.0000000   0.9999885   0.8007070   0.6453138   0.0032343   1.0000000   1.3434523   0.0000000   0.0000000   1.9120148   1.0055652  -6.8361692   0.0101047   1.5362977   0.4210029   0.0051075   0.1838642   2.3950608   0.4830469  -1.0000000   0.0217378   0.0000000   4.8909601   0.6450141   0.0000000   0.0000000  -4.4528970  26.8737707   2.3950600   0.4830461   0.0000009   1.0000000   0.0000000
  78.0000000   0.9999897   0.8007070   0.6453138   0.0032343   1.0000000   1.3434523   0.0000000   0.0000000   1.9121033   1.0055631  -6.8363225   0.0101045   1.5363015   0.4209832   0.0051078   0.1838589   2.3950797   0.4829766  -1.0000000   0.0217387   0.0000000   4.8910429   0.6450093   0.0000000   0.0000000  -4.4516784  26.8752932   2.3950790   0.4829759   0.0000003   1.0000000   0.0000000
  79.0000000   0.9999908   0.8007070   0.6453138   0.0032343   1.0000000   1.3434523   0.0000000   0.0000000   1.9121742   1.0055613  -6.8365878   0.0101042   1.5363051   0.4209509   0.0051083   0.1838541   2.3950972   0.4829218  -1.0000000   0.0217399   0.0000000   4.8911037   0.6450049   0.0000000   0.0000000  -4.4504779  26.8767243   2.3950965   0.4829212   0.0000011   1.0000000   0.0000000
  80.0000000   0.9999917   0.8007070   0.6453138   0.0032343   1.0000000   1.3434523   0.0000000   0.0000000   1.9123040   1.0055601  -6.8369611   0.0101039   1.5363086   0.4209288   0.0051086   0.1838499   2.3951116   0.4828070  -1.0000000   0.0217409   0.0000000   4.8911644   0.6450017   0.0000000   0.0000000  -4.4492719  26.8780670   2.3951110   0.4828064   0.0000007   1.0000000   0.0000000
  81.0000000   0.9999926   0.8007070   0.6453138   0.0032343   1.0000000   1.3434523   0.0000000   0.0000000   1.9122881   1.0055602  -6.8374934   0.0101039   1.5363130   0.4208970   0.0051095   0.1838462   2.3951250   0.4828359  -1.0000000   0.0217436   0.0000000   4.8911653   0.6450000   0.0000000   0.0000000  -4.4480443  26.8793011   2.3951245   0.4828354   0.0000010   1.0000000   0.0000000
  82.0000000   0.9999934   0.8007070   0.6453138   0.0032343   1.0000000   1.3434523   0.0000000   0.0000000   1.9124231   1.0055592  -6.8380439   0.0101034   1.5363159   0.4208969   0.0051096   0.1838434   2.3951362   0.4827124  -1.0000000   0.0217440   0.0000000   4.8912151   0.6449975   0.0000000   0.0000000  -4.4468109  26.8804915   2.3951357   0.4827119   0.0000007   1.0000000   0.0000000
  83.0000000   0.9999940   0.8007070   0.6453138   0.0032343   1.0000000   1.3434523   0.0000000   0.0000000   1.9125428   1.0055591  -6.8387371   0.0101031   1.5363191   0.4208504   0.0051100   0.1838408   2.3951432   0.4826012  -1.0000000   0.0217451   0.0000000   4.8912339   0.6449969   0.0000000   0.0000000  -4.4455630  26.8815577   2.3951429   0.4826009   0.0000008   1.0000000   0.0000000
  84.0000000   0.9999947   0.8007070   0.6453138   0.0032343   1.0000000   1.3434523   0.0000000   0.0000000   1.9125663   1.0055584  -6.8396045   0.0101029   1.5363215   0.4208029   0.0051104   0.1838388   2.3951481   0.4825826  -1.0000000   0.0217466   0.0000000   4.8912329   0.6449961   0.0000000   0.0000000  -4.4443207  26.8824901   2.3951478   0.4825823   0.0000008   1.0000000   0.0000000
  85.0000000   0.9999952   0.8007070   0.6453138   0.0032343   1.0000000   1.3434523   0.0000000   0.0000000   1.9126136   1.0055581  -6.8405537   0.0101027   1.5363238   0.4208210   0.0051109   0.1838373   2.3951531   0.4825400  -1.0000000   0.0217480   0.0000000   4.8912241   0.6449955   0.0000000   0.0000000  -4.4430804  26.8833845   2.3951528   0.4825397   0.0000005   1.0000000   0.0000000
  86.0000000   0.9999957   0.8007070   0.6453138   0.0032343   1.0000000   1.3434523   0.0000000   0.0000000   1.9126300   1.0055567  -6.8415437   0.0101026   1.5363253   0.4208158   0.0051110   0.1838361   2.3951554   0.4825258  -1.0000000   0.0217485   0.0000000   4.8912342   0.6449947   0.0000000   0.0000000  -4.4418523  26.8841983   2.3951551   0.4825256   0.0000004   1.0000000   0.0000000
  87.0000000   0.9999961   0.8007070   0.6453138   0.0032343   1.0000000   1.3434523   0.0000000   0.0000000   1.9126431   1.0055565  -6.8425690   0.0101025   1.5363273   0.4208003   0.0051113   0.1838350   2.3951589   0.4825161  -1.0000000   0.0217496   0.0000000   4.8912262   0.6449944   0.0000000   0.0000000  -4.4406362  26.8849960   2.3951587   0.4825160   0.0000004   1.0000000   0.0000000
  88.0000000   0.9999965   0.8007070   0.6453138   0.0032343   1.0000000   1.3434523   0.0000000   0.0000000   1.9126842   1.0055569  -6.8436349   0.0101023   1.5363297   0.4207900   0.0051118   0.1838342   2.3951633   0.4824791  -1.0000000   0.0217510   0.0000000   4.8912035   0.6449944   0.0000000   0.0000000  -4.4394425  26.8857745   2.3951632   0.4824790   0.0000001   1.0000000   0.0000000
  89.0000000   0.9999969   0.8007070   0.6453138   0.0032343   1.0000000   1.3434523   0.0000000   0.0000000   1.9127438   1.0055560  -6.8447634   0.0101022   1.5363308   0.4208048   0.0051118   0.1838337   2.3951646   0.4824207  -1.0000000   0.0217511   0.0000000   4.8912097   0.6449940   0.0000000   0.0000000  -4.4382770  26.8864738   2.3951645   0.4824206   0.0000001   1.0000000   0.0000000
  90.0000000   0.9999972   0.8007070   0.6453138   0.0032343   1.0000000   1.3434523   0.0000000   0.0000000   1.9127354   1.0055566  -6.8459515   0.0101021   1.5363329   0.4207932   0.0051122   0.1838333   2.3951668   0.4824313  -1.0000000   0.0217525   0.0000000   4.8911793   0.6449946   0.0000000   0.0000000  -4.4371344  26.8871280   2.3951668   0.4824312   0.0000001   1.0000000   0.0000000
  91.0000000   1.0000000   0.8007070   0.6453138   0.0032343   1.0000000   1.3434523   0.0000000   0.0000000   1.9127890   1.0055575  -6.8471553   0.0101021   1.5363352   0.4207987   0.0051122   0.1838332   2.3951738   0.4823848  -1.0000000   0.0217526   0.0000000   4.8911855   0.6449943   0.0000000   0.0000000  -4.4360160  26.8877523   2.3951738   0.4823847   0.0000000   1.0000000   0.0000000
  92.0000000   1.0000000   0.8007070   0.6453138   0.0032343   1.0000000   1.3434523   0.0000000   0.0000000   1.9127559   1.0055574  -6.8484196   0.0101020   1.5363367   0.4207990   0.0051123   0.1838331   2.3951731   0.4824182  -1.0000000   0.0217530   0.0000000   4.8911769   0.6449950   0.0000000   0.0000000  -4.4349234  26.8883263   2.3951731   0.4824182   0.0000009   1.0000000   0.0000000
  93.0000000   1.0000000   0.8007070   0.6453138   0.0032343   1.0000000   1.3434523   0.0000000   0.0000000   1.9128060   1.0055567  -6.8496643   0.0101019   1.5363376   0.4208183   0.0051122   0.1838330   2.3951738   0.4823687  -1.0000000   0.0217527   0.0000000   4.8911858   0.6449947   0.0000000   0.0000000  -4.4338644  26.8889107   2.3951739   0.4823688   0.0000009   1.0000000   0.0000000
  94.0000000   1.0000000   0.8007070   0.6453138   0.0032343   1.0000000   1.3434523   0.0000000   0.0000000   1.9128120   1.0055569  -6.8509557   0.0101018   1.5363391   0.4208112   0.0051126   0.1838328   2.3951768   0.4823638  -1.0000000   0.0217541   0.0000000   4.8911478   0.6449947   0.0000000   0.0000000  -4.4328377  26.8894686   2.3951768   0.4823639   0.0000009   1.0000000   0.0000000
  95.0000000   1.0000000   0.8007070   0.6453138   0.0032343   1.0000000   1.3434523   0.0000000   0.0000000   1.9128394   1.0055571  -6.8522737   0.0101017   1.5363402   0.4208155   0.0051126   0.1838330   2.3951773   0.4823373  -1.0000000   0.0217541   0.0000000   4.8911430   0.6449951   0.0000000   0.0000000  -4.4318472  26.8899830   2.3951774   0.4823374   0.0000006   1.0000000   0.0000000
  96.0000000   1.0000000   0.8007070   0.6453138   0.0032343   1.0000000   1.3434523   0.0000000   0.0000000   1.9128699   1.0055559  -6.8536294   0.0101016   1.5363402   0.4208402   0.0051122   0.1838332   2.3951745   0.4823056  -1.0000000   0.0217527   0.0000000   4.8911762   0.6449951   0.0000000   0.0000000  -4.4308876  26.8904376   2.3951746   0.4823057   0.0000010   1.0000000   0.0000000
  97.0000000   1.0000000   0.8007070   0.6453138   0.0032343   1.0000000   1.3434523   0.0000000   0.0000000   1.9128680   1.0055563  -6.8550092   0.0101015   1.5363414   0.4208424   0.0051126   0.1838330   2.3951766   0.4823082  -1.0000000   0.0217541   0.0000000   4.8911406   0.6449953   0.0000000   0.0000000  -4.4299518  26.8909077   2.3951767   0.4823083   0.0000004   1.0000000   0.0000000
  98.0000000   1.0000000   0.8007070   0.6453138   0.0032343   1.0000000   1.3434523   0.0000000   0.0000000   1.9128805   1.0055570  -6.8563992   0.0101015   1.5363426   0.4208563   0.0051126   0.1838332   2.3951761   0.4822969  -1.0000000   0.0217541   0.0000000   4.8911389   0.6449964   0.0000000   0.0000000  -4.4290503  26.8913433   2.3951762   0.4822971   0.0000013   1.0000000   0.0000000
  99.0000000   1.0000000   0.8007070   0.6453138   0.0032343   1.0000000   1.3434523   0.0000000   0.0000000   1.9128883   1.0055561  -6.8578023   0.0101014   1.5363426   0.4208711   0.0051126   0.1838334   2.3951774   0.4822882  -1.0000000   0.0217541   0.0000000   4.8911307   0.6449955   0.0000000   0.0000000  -4.4281805  26.8917606   2.3951775   0.4822884   0.0000009   1.0000000   0.0000000
 100.0000000   1.0000000   0.8007070   0.6453138   0.0032343   1.0000000   1.3434523   0.0000000   0.0000000   1.9128882   1.0055570  -6.8592158   0.0101013   1.5363437   0.4208871   0.0051126   0.1838335   2.3951772   0.4822901  -1.0000000   0.0217541   0.0000000   4.8911309   0.6449966   0.0000000   0.0000000  -4.4273422  26.8921624   2.3951774   0.4822902   0.0000010   1.0000000   0.0000000
 101.0000000   1.0000000   0.8007070   0.6453138   0.0032343   1.0000000   1.3434523   0.0000000   0.0000000   1.9128845   1.0055566  -6.8606268   0.0101012   1.5363437   0.4209036   0.0051126   0.1838337   2.3951795   0.4822938  -1.0000000   0.0217541   0.0000000   4.8911243   0.6449957   0.0000000   0.0000000  -4.4265363  26.8925596   2.3951796   0.4822940   0.0000012   1.0000000   0.0000000
 102.0000000   1.0000000   0.8007070   0.6453138   0.0032343   1.0000000   1.3434523   0.0000000   0.0000000   1.9128843   1.0055574  -6.8620346   0.0101012   1.5363446   0.4209209   0.0051126   0.1838339   2.3951813   0.4822964  -1.0000000   0.0217541   0.0000000   4.8911235   0.6449961   0.0000000   0.0000000  -4.4257629  26.8929543   2.3951815   0.4822965   0.0000006   1.0000000   0.0000000
 103.0000000   1.0000000   0.8007070   0.6453138   0.0032343   1.0000000   1.3434523   0.0000000   0.0000000   1.9128796   1.0055589  -6.8634392   0.0101012   1.5363461   0.4209381   0.0051126   0.1838341   2.3951831   0.4823049  -1.0000000   0.0217541   0.0000000   4.8911258   0.6449972   0.0000000   0.0000000  -4.4250232  26.8933452   2.3951833   0.4823051   0.0000015   1.0000000   0.0000000
 104.0000000   1.0000000   0.8007070   0.6453138   0.0032343   1.0000000   1.3434523   0.0000000   0.0000000   1.9128506   1.0055603  -6.8648337   0.0101011   1.5363473   0.4209449   0.0051130   0.1838344   2.3951895   0.4823379  -1.0000000   0.0217551   0.0000000   4.8910933   0.6449968   0.0000000   0.0000000  -4.4243159  26.8937572   2.3951897   0.4823381   0.0000010   1.0000000   0.0000000
 105.0000000   1.0000000   0.8007070   0.6453138   0.0032343   1.0000000   1.3434523   0.0000000   0.0000000   1.9128257   1.0055624  -6.8662035   0.0101009   1.5363487   0.4209663   0.0051130   0.1838350   2.3951951   0.4823689  -1.0000000   0.0217551   0.0000000   4.8910890   0.6449973   0.0000000   0.0000000  -4.4236481  26.8941735   2.3951954   0.4823692   0.0000005   1.0000000   0.0000000
 106.0000000   1.0000000   0.8007070   0.6453138   0.0032343   1.0000000   1.3434523   0.0000000   0.0000000   1.9127133   1.0055643  -6.8675348   0.0101005   1.5363493   0.4209976   0.0051126   0.1838356   2.3952010   0.4824882  -1.0000000   0.0217541   0.0000000   4.8911175   0.6449971   0.0000000   0.0000000  -4.4230156  26.8945953   2.3952013   0.4824885   0.0000005   1.0000000   0.0000000
 107.0000000   1.0000000   0.8007070   0.6453138   0.0032343   1.0000000   1.3434523   0.0000000   0.0000000   1.9127958   1.0055656  -6.8687333   0.0101005   1.5363496   0.4210212   0.0051122   0.1838358   2.3952113   0.4824151  -1.0000000   0.0217525   0.0000000   4.8911623   0.6449953   0.0000000   0.0000000  -4.4224031  26.8951288   2.3952116   0.4824154   0.0000005   1.0000000   0.0000000
 108.0000000   1.0000000   0.8007070   0.6453138   0.0032343   1.0000000   1.3434523   0.0000000   0.0000000   1.9126837   1.0055686  -6.8700026   0.0101005   1.5363511   0.4210506   0.0051122   0.1838357   2.3952207   0.4825377  -1.0000000   0.0217525   0.0000000   4.8911790   0.6449953   0.0000000   0.0000000  -4.4218247  26.8956095   2.3952210   0.4825380   0.0000007   1.0000000   0.0000000
 109.0000000   1.0000000   0.8007070   0.6453138   0.0032343   1.0000000   1.3434523   0.0000000   0.0000000   1.9127239   1.0055728  -6.8711358   0.0101002   1.5363531   0.4210823   0.0051123   0.1838357   2.3952365   0.4825131  -1.0000000   0.0217528   0.0000000   4.8911893   0.6449946   0.0000000   0.0000000  -4.4212830  26.8962119   2.3952369   0.4825135   0.0000005   1.0000000   0.0000000
 110.0000000   1.0000000   0.8007070   0.6453138   0.0032343   1.0000000   1.3434523   0.0000000   0.0000000   1.9126597   1.0055749  -6.8722801   0.0100999   1.5363531   0.4210935   0.0051118   0.1838358   2.3952485   0.4825894  -1.0000000   0.0217509   0.0000000   4.8912512   0.6449927   0.0000000   0.0000000  -4.4207723  26.8967414   2.3952489   0.4825898   0.0000005   1.0000000   0.0000000
 111.0000000   1.0000000   0.8007070   0.6453138   0.0032343   1.0000000   1.3434523   0.0000000   0.0000000   1.9126159   1.0055773  -6.8733570   0.0100998   1.5363531   0.4210560   0.0051113   0.1838355   2.3952651   0.4826480  -1.0000000   0.0217493   0.0000000   4.8913149   0.6449898   0.0000000   0.0000000  -4.4202887  26.8973511   2.3952654   0.4826484   0.0000011   1.0000000   0.0000000
 112.0000000   1.0000000   0.8007070   0.6453138   0.0032343   1.0000000   1.3434523   0.0000000   0.0000000   1.9125615   1.0055844  -6.8744360   0.0100997   1.5363566   0.4211122   0.0051118   0.1838350   2.3952874   0.4827261  -1.0000000   0.0217506   0.0000000   4.8913180   0.6449899   0.0000000   0.0000000  -4.4198316  26.8980647   2.3952878   0.4827265   0.0000002   1.0000000   0.0000000
 113.0000000   1.0000000   0.8007070   0.6453138   0.0032343   1.0000000   1.3434523   0.0000000   0.0000000   1.9125220   1.0055928  -6.8753967   0.0100991   1.5363602   0.4211402   0.0051122   0.1838350   2.3953143   0.4827925  -1.0000000   0.0217520   0.0000000   4.8913143   0.6449894   0.0000000   0.0000000  -4.4194108  26.8988411   2.3953148   0.4827930   0.0000002   1.0000000   0.0000000
 114.0000000   1.0000000   0.8007070   0.6453138   0.0032343   1.0000000   1.3434523   0.0000000   0.0000000   1.9124735   1.0056196  -6.8762795   0.0100985   1.5363769   0.4210386   0.0051170   0.1838355   2.3953692   0.4828960  -1.0000000   0.0217677   0.0000000   4.8909477   0.6449987   0.0000000   0.0000000  -4.4190179  26.8999171   2.3953701   0.4828969   0.0000003   1.0000000   0.0000000
 115.0000000   1.0000000   0.8007070   0.6453138   0.0032343   1.0000000   1.3434523   0.0000000   0.0000000   1.9123869   1.0056196  -6.8771672   0.0100985   1.5363730   0.4211393   0.0051134   0.1838407   2.3953868   0.4829992  -1.0000000   0.0217566   0.0000000   4.8911879   0.6449924   0.0000000   0.0000000  -4.4187044  26.9005458   2.3953876   0.4830000   0.0000007   1.0000000   0.0000000
 116.0000000   1.0000000   0.8007070   0.6453138   0.0032343   1.0000000   1.3434523   0.0000000   0.0000000   1.9123162   1.0056360  -6.8778730   0.0100976   1.5363804   0.4211298   0.0051144   0.1838417   2.3954312   0.4831162  -1.0000000   0.0217597   0.0000000   4.8911448   0.6449940   0.0000000   0.0000000  -4.4184389  26.9015693   2.3954321   0.4831171   0.0000012   1.0000000   0.0000000
 117.0000000   1.0000000   0.8007070   0.6453138   0.0032343   1.0000000   1.3434523   0.0000000   0.0000000   1.9121935   1.0056579  -6.8784864   0.0100968   1.5363906   0.4210957   0.0051162   0.1838437   2.3954874   0.4832948  -1.0000000   0.0217656   0.0000000   4.8910155   0.6449972   0.0000000   0.0000000  -4.4182194  26.9027337   2.3954886   0.4832960   0.0000008   1.0000000   0.0000000
 118.0000000   1.0000000   0.8007070   0.6453138   0.0032343   1.0000000   1.3434523   0.0000000   0.0000000   1.9122185   1.0056744  -6.8789610   0.0100951   1.5363941   0.4211977   0.0051156   0.1838477   2.3955416   0.4833221  -1.0000000   0.0217639   0.0000000   4.8910670   0.6449946   0.0000000   0.0000000  -4.4180829  26.9038944   2.3955429   0.4833233   0.0000011   1.0000000   0.0000000
 119.0000000   1.0000000   0.8007070   0.6453138   0.0032343   1.0000000   1.3434523   0.0000000   0.0000000   1.9121369   1.0056466  -6.8793070   0.0100911   1.5363578   0.4215900   0.0051026   0.1838506   2.3955309   0.4806483  -1.0000000   0.0217221   0.0000000   4.8921772   0.6449646   0.0000000   0.0000000  -4.4179077  26.9043645   2.3955314   0.4806488   0.0027458   1.0000000   0.0000000
 120.0000000   1.0000000   0.8007070   0.6453138   0.0032343   1.0000000   1.3434523   0.0000000   0.0000000   1.9133572   1.0056182  -6.9547093   0.0101010   1.5363361   0.4236967   0.0051078   0.1838049   2.3955229   0.4821504  -1.0000000   0.0217338   0.0000000   4.8925964   0.6449396   0.0000000   0.0000000  -4.4028510  26.9106090   2.3955229   0.4821504   0.0000153   1.0000000   0.0000000
