 t r r1 w w1
   1.0000000   0.0101010   0.0101010   1.9362948   1.9362948
   2.0000000   0.0101010   0.0101010   1.9114807   1.9102272
   3.0000000   0.0093614   0.0095301   1.9113587   1.9101153
   4.0000000   0.0094405   0.0095419   1.9112391   1.9101095
   5.0000000   0.0094587   0.0094974   1.9122580   1.9112221
   6.0000000   0.0096286   0.0098994   1.9127998   1.9117385
   7.0000000   0.0097343   0.0100290   1.9135322   1.9125109
   8.0000000   0.0098156   0.0098394   1.9141645   1.9131583
   9.0000000   0.0098910   0.0100426   1.9147889   1.9137848
  10.0000000   0.0099495   0.0100548   1.9155080   1.9146621
  11.0000000   0.0100005   0.0101538   1.9162079   1.9152525
  12.0000000   0.0100465   0.0103654   1.9168885   1.9159877
  13.0000000   0.0100869   0.0101548   1.9175287   1.9166172
  14.0000000   0.0101151   0.0103074   1.9181403   1.9172545
  15.0000000   0.0101478   0.0104225   1.9187596   1.9178977
  16.0000000   0.0101729   0.0103076   1.9193768   1.9185318
  17.0000000   0.0101925   0.0104041   1.9199847   1.9191612
  18.0000000   0.0102076   0.0103617   1.9205857   1.9197799
  19.0000000   0.0102260   0.0104273   1.9211856   1.9203994
  20.0000000   0.0102381   0.0103749   1.9217776   1.9210129
  21.0000000   0.0102458   0.0104526   1.9223511   1.9216082
  22.0000000   0.0102534   0.0104348   1.9229152   1.9221928
  23.0000000   0.0102625   0.0104307   1.9234686   1.9227721
  24.0000000   0.0102660   0.0104603   1.9240099   1.9233325
  25.0000000   0.0102668   0.0104749   1.9245364   1.9238780
  26.0000000   0.0102691   0.0104508   1.9250496   1.9244137
  27.0000000   0.0102693   0.0104272   1.9255478   1.9249342
  28.0000000   0.0102697   0.0104160   1.9260318   1.9254434
  29.0000000   0.0102683   0.0105206   1.9265017   1.9259364
  30.0000000   0.0102664   0.0103954   1.9269573   1.9264123
  31.0000000   0.0102645   0.0105191   1.9273979   1.9268766
  32.0000000   0.0102607   0.0103614   1.9278222   1.9273212
  33.0000000   0.0102581   0.0105552   1.9282309   1.9277543
  34.0000000   0.0102544   0.0103843   1.9286250   1.9281674
  35.0000000   0.0102512   0.0104027   1.9290056   1.9285634
  36.0000000   0.0102490   0.0104255   1.9293774   1.9289558
  37.0000000   0.0102432   0.0103799   1.9297275   1.9293222
  38.0000000   0.0102395   0.0104594   1.9300643   1.9296786
  39.0000000   0.0102359   0.0103640   1.9303870   1.9300213
  40.0000000   0.0102301   0.0104113   1.9306942   1.9303452
  41.0000000   0.0102271   0.0103174   1.9309923   1.9306551
  42.0000000   0.0102236   0.0103568   1.9312773   1.9309549
  43.0000000   0.0102195   0.0103779   1.9315515   1.9312459
  44.0000000   0.0102160   0.0103470   1.9318137   1.9315266
  45.0000000   0.0102115   0.0103421   1.9320641   1.9317942
  46.0000000   0.0102069   0.0104028   1.9323032   1.9320499
  47.0000000   0.0102037   0.0103288   1.9325316   1.9322933
  48.0000000   0.0101998   0.0102587   1.9327494   1.9325264
  49.0000000   0.0101965   0.0103641   1.9329562   1.9327523
  50.0000000   0.0101919   0.0103270   1.9331525   1.9329651
  51.0000000   0.0101876   0.0103198   1.9333392   1.9331669
  52.0000000   0.0101847   0.0103294   1.9335156   1.9333592
  53.0000000   0.0101800   0.0103113   1.9336826   1.9335395
  54.0000000   0.0101764   0.0103356   1.9338411   1.9337092
  55.0000000   0.0101741   0.0101907   1.9339903   1.9338694
  56.0000000   0.0101692   0.0103747   1.9341162   1.9340341
  57.0000000   0.0101668   0.0101662   1.9341941   1.9340890
  58.0000000   0.0101640   0.0102435   1.9343215   1.9342260
  59.0000000   0.0101614   0.0102580   1.9344420   1.9343568
  60.0000000   0.0101588   0.0102894   1.9345568   1.9344812
  61.0000000   0.0101561   0.0102096   1.9346645   1.9345964
  62.0000000   0.0101546   0.0102371   1.9347688   1.9347080
  63.0000000   0.0101455   0.0101741   1.9348599   1.9348048
  64.0000000   0.0101539   0.0102673   1.9349733   1.9349283
  65.0000000   0.0101443   0.0101984   1.9350564   1.9350154
  66.0000000   0.0101446   0.0102247   1.9351378   1.9351029
  67.0000000   0.0101409   0.0101781   1.9352138   1.9351816
  68.0000000   0.0101402   0.0101760   1.9352862   1.9352582
  69.0000000   0.0101380   0.0102074   1.9353542   1.9353302
  70.0000000   0.0101366   0.0101727   1.9354188   1.9353979
  71.0000000   0.0101347   0.0101535   1.9354789   1.9354615
  72.0000000   0.0101327   0.0101847   1.9355356   1.9355215
  73.0000000   0.0101316   0.0101559   1.9355892   1.9355783
  74.0000000   0.0101297   0.0101696   1.9356396   1.9356311
  75.0000000   0.0101284   0.0101881   1.9356869   1.9356806
  76.0000000   0.0101264   0.0101109   1.9357317   1.9357250
  77.0000000   0.0101260   0.0101724   1.9357741   1.9357723
  78.0000000   0.0101244   0.0101334   1.9358138   1.9358144
  79.0000000   0.0101232   0.0101605   1.9358509   1.9358502
  80.0000000   0.0101220   0.0101494   1.9358846   1.9358864
  81.0000000   0.0101210   0.0101136   1.9359173   1.9359208
  82.0000000   0.0101200   0.0101577   1.9359484   1.9359538
  83.0000000   0.0101191   0.0101357   1.9359778   1.9359844
  84.0000000   0.0101184   0.0101301   1.9360059   1.9360137
  85.0000000   0.0101174   0.0101376   1.9360322   1.9360411
  86.0000000   0.0101165   0.0101257   1.9360568   1.9360665
  87.0000000   0.0101158   0.0101157   1.9360801   1.9360913
  88.0000000   0.0101150   0.0101381   1.9361016   1.9361150
  89.0000000   0.0101139   0.0101251   1.9361215   1.9361361
  90.0000000   0.0101128   0.0101541   1.9361399   1.9361554
  91.0000000   0.0101124   0.0100913   1.9361587   1.9361740
  92.0000000   0.0101116   0.0101190   1.9361750   1.9361907
  93.0000000   0.0101112   0.0101232   1.9361902   1.9362065
  94.0000000   0.0101103   0.0101146   1.9362043   1.9362207
  95.0000000   0.0101098   0.0101124   1.9362176   1.9362339
  96.0000000   0.0101091   0.0101126   1.9362301   1.9362461
  97.0000000   0.0101087   0.0101095   1.9362417   1.9362576
  98.0000000   0.0101094   0.0101407   1.9362531   1.9362701
  99.0000000   0.0101071   0.0100498   1.9362621   1.9362725
 100.0000000   0.0101062   0.0101357   1.9362691   1.9362802
 101.0000000   0.0101056   0.0100941   1.9362755   1.9362871
 102.0000000   0.0101056   0.0101052   1.9362823   1.9362941
 103.0000000   0.0101053   0.0101020   1.9362891   1.9363008
 104.0000000   0.0101051   0.0101097   1.9362956   1.9363076
 105.0000000   0.0101045   0.0100985   1.9363018   1.9363132
 106.0000000   0.0101043   0.0101016   1.9363076   1.9363190
 107.0000000   0.0101042   0.0101022   1.9363135   1.9363245
 108.0000000   0.0101037   0.0101051   1.9363188   1.9363295
 109.0000000   0.0101028   0.0100795   1.9363237   1.9363331
 110.0000000   0.0101021   0.0101052   1.9363278   1.9363366
 111.0000000   0.0101018   0.0101042   1.9363316   1.9363404
 112.0000000   0.0101017   0.0100965   1.9363352   1.9363437
 113.0000000   0.0101009   0.0100924   1.9363386   1.9363463
 114.0000000   0.0101003   0.0100995   1.9363414   1.9363484
 115.0000000   0.0100999   0.0100858   1.9363440   1.9363501
 116.0000000   0.0100992   0.0100994   1.9363463   1.9363516
 117.0000000   0.0100988   0.0100980   1.9363479   1.9363529
 118.0000000   0.0100975   0.0100836   1.9363490   1.9363526
 119.0000000   0.0100912   0.0100727   1.9363438   1.9363456
 120.0000000   0.0101010   0.0101010   1.9362948   1.9362948
