  9.361386197045195E-003
  9.440521512238188E-003
  9.458731529642488E-003
  9.628628912472476E-003
  9.734307659620463E-003
  9.815620296016500E-003
  9.890965887119359E-003
  9.949486157766054E-003
  1.000054826087076E-002
  1.004647188591123E-002
  1.008694459847447E-002
  1.011507577406389E-002
  1.014776140910235E-002
  1.017286912880734E-002
  1.019245685918402E-002
  1.020758468412313E-002
  1.022598585926781E-002
  1.023807818649690E-002
  1.024582293031909E-002
  1.025341031513420E-002
  1.026245174873872E-002
  1.026598613529944E-002
  1.026681021096843E-002
  1.026912464925630E-002
  1.026925416087533E-002
  1.026973188884543E-002
  1.026829735463376E-002
  1.026642617746624E-002
  1.026452914112702E-002
  1.026072682339763E-002
  1.025811857402388E-002
  1.025439233401065E-002
  1.025121381200439E-002
  1.024899408182743E-002
  1.024321782288655E-002
  1.023950667240104E-002
  1.023585437439686E-002
  1.023008646871700E-002
  1.022712720948586E-002
  1.022364979347719E-002
  1.021952210847733E-002
  1.021601759728760E-002
  1.021149599879591E-002
  1.020694640226309E-002
  1.020370264191821E-002
  1.019983224210887E-002
  1.019651437807068E-002
  1.019187633344277E-002
  1.018756277395152E-002
  1.018469945943448E-002
  1.018003610848864E-002
  1.017637484957337E-002
  1.017405082471252E-002
  1.016918380316490E-002
  1.016684922098986E-002
  1.016397433555796E-002
  1.016139975548889E-002
  1.015876016466409E-002
  1.015614622768035E-002
  1.015461110862184E-002
  1.014549601464598E-002
  1.015393074119210E-002
  1.014426434150052E-002
  1.014458901635600E-002
  1.014086264250798E-002
  1.014018122173501E-002
  1.013799321982919E-002
  1.013663943205904E-002
  1.013470399692511E-002
  1.013274678245397E-002
  1.013164281666629E-002
  1.012971265440566E-002
  1.012838090281066E-002
  1.012644421261682E-002
  1.012595380405093E-002
  1.012437023756492E-002
  1.012324888727659E-002
  1.012198275320753E-002
  1.012104568774467E-002
  1.011995332531584E-002
  1.011905370753773E-002
  1.011840486153282E-002
  1.011742291429999E-002
  1.011647882791912E-002
  1.011577014123748E-002
  1.011503549488321E-002
  1.011385894886026E-002
  1.011279052601292E-002
  1.011241243046090E-002
  1.011156318907282E-002
  1.011117770344545E-002
  1.011032111052061E-002
  1.010978559758823E-002
  1.010914509482473E-002
  1.010868392931589E-002
  1.010937330405461E-002
  1.010705856649467E-002
  1.010615118603793E-002
  1.010564588932765E-002
  1.010556590798268E-002
  1.010532907399896E-002
  1.010513369607243E-002
  1.010445886337861E-002
  1.010428958798203E-002
  1.010417263214329E-002
  1.010365747671069E-002
  1.010279211282068E-002
  1.010209536390755E-002
  1.010184180213224E-002
  1.010166657243552E-002
  1.010094037713768E-002
  1.010028306972366E-002
  1.009991375399415E-002
  1.009924606788371E-002
  1.009876245243567E-002
  1.009754822783080E-002
  1.009121118254363E-002
