   1.91148065371028     
   1.91135865707469     
   1.91123914155366     
   1.91225799036845     
   1.91279975044953     
   1.91353215012405     
   1.91416451561792     
   1.91478885985288     
   1.91550801205424     
   1.91620786066139     
   1.91688845245810     
   1.91752869395081     
   1.91814025422328     
   1.91875960641957     
   1.91937675666495     
   1.91998472420240     
   1.92058573543542     
   1.92118559771444     
   1.92177761266004     
   1.92235112064210     
   1.92291518125585     
   1.92346858574831     
   1.92400993252727     
   1.92453635900924     
   1.92504957014104     
   1.92554784386046     
   1.92603182318985     
   1.92650167799246     
   1.92695731488035     
   1.92739787625115     
   1.92782217112492     
   1.92823089990663     
   1.92862504231196     
   1.92900555961200     
   1.92937740544714     
   1.92972749461817     
   1.93006431142671     
   1.93038695264431     
   1.93069416432445     
   1.93099228207108     
   1.93127730481724     
   1.93155153944106     
   1.93181369501440     
   1.93206406473056     
   1.93230321173453     
   1.93253164496954     
   1.93274936645458     
   1.93295622096454     
   1.93315249302338     
   1.93333919295799     
   1.93351563715382     
   1.93368260039015     
   1.93384109897748     
   1.93399027953819     
   1.93411617207320     
   1.93419413642939     
   1.93432152140332     
   1.93444197135701     
   1.93455676122827     
   1.93466449419514     
   1.93476878860584     
   1.93485988808733     
   1.93497328279251     
   1.93505635174911     
   1.93513778915538     
   1.93521382329279     
   1.93528617918582     
   1.93535424425509     
   1.93541879794654     
   1.93547889152771     
   1.93553557388358     
   1.93558921662251     
   1.93563955641036     
   1.93568689602589     
   1.93573165468226     
   1.93577405537861     
   1.93581376225467     
   1.93585091170558     
   1.93588464310746     
   1.93591728051719     
   1.93594836488230     
   1.93597781876247     
   1.93600587882077     
   1.93603218684005     
   1.93605682965813     
   1.93608008148548     
   1.93610158718235     
   1.93612149816610     
   1.93613988154326     
   1.93615869730502     
   1.93617498048910     
   1.93619019139231     
   1.93620431636825     
   1.93621761226863     
   1.93623012916862     
   1.93624169845814     
   1.93625312828550     
   1.93626208395367     
   1.93626909742320     
   1.93627551031418     
   1.93628231024905     
   1.93628912798520     
   1.93629561015300     
   1.93630175911730     
   1.93630758968971     
   1.93631347449607     
   1.93631875221329     
   1.93632366464801     
   1.93632778767598     
   1.93633156377142     
   1.93633524411530     
   1.93633862613374     
   1.93634144491357     
   1.93634403402027     
   1.93634626465862     
   1.93634793326611     
   1.93634902341065     
   1.93634384886458     
