 date d_e_o v_e cost mass
 120.0000000   0.0000000  10.2689620  15.4193988   0.0048881
 120.0000000   0.0000000  10.2689620  15.4193988   0.0170169
 120.0000000   0.0000000  10.2689620  15.4193988   0.0414709
 120.0000000   0.0000000  10.2689620  15.4193988   0.0752169
 120.0000000   0.0000000  10.2689620  15.4193988   0.1066902
 120.0000000   0.0000000  10.2689620  15.4193988   0.1234781
 120.0000000   0.0000000  10.2689620  15.4193988   0.1213169
 120.0000000   0.0000000  10.2689620  15.4193988   0.1050707
 120.0000000   0.0000000  10.5949327  15.4193988   0.0828910
 120.0000000   0.0000000  11.7894071  15.4193988   0.0610151
 120.0000000   0.0000000  13.1618919  15.4193988   0.0424557
 120.0000000   0.0000000  14.4559504  15.4193988   0.0279198
 120.0000000   1.0000000  15.4793543  15.4193988   0.0169947
 120.0000000   1.0000000  16.1536582  15.4193988   0.0089694
 120.0000000   1.0000000  16.4862347  15.4193988   0.0033919
 120.0000000   1.0000000  16.5588610  15.4193988   0.0008666
 120.0000000   1.0000000  16.5922897  15.4193988   0.0015326
 120.0000000   1.0000000  16.7491485  15.4193988   0.0039053
 120.0000000   1.0000000  17.0902158  15.4193988   0.0068791
 120.0000000   1.0000000  17.6733810  15.4193988   0.0100948
 120.0000000   1.0000000  18.5664788  15.4193988   0.0131956
 120.0000000   1.0000000  19.8552755  15.4193988   0.0157932
 120.0000000   1.0000000  21.6497405  15.4193988   0.0174970
 120.0000000   1.0000000  24.0881825  15.4193988   0.0179915
 120.0000000   1.0000000  27.3376535  15.4193988   0.0171382
 120.0000000   1.0000000  31.5884936  15.4193988   0.0150459
 120.0000000   1.0000000  37.0432408  15.4193988   0.0120691
 120.0000000   1.0000000  43.8697467  15.4193988   0.0087408
 120.0000000   1.0000000  52.0795807  15.4193988   0.0056368
 120.0000000   1.0000000  61.3151042  15.4193988   0.0031587
 120.0000000   1.0000000  70.0174319  15.4193988   0.0016683
 120.0000000   0.0000000  10.2689620  15.4193988   0.0000494
 120.0000000   0.0000000  10.2689620  15.4193988   0.0001719
 120.0000000   0.0000000  10.2689620  15.4193988   0.0004189
 120.0000000   0.0000000  10.2689620  15.4193988   0.0007598
 120.0000000   0.0000000  10.2689620  15.4193988   0.0010777
 120.0000000   0.0000000  10.2689620  15.4193988   0.0012473
 120.0000000   0.0000000  10.2689620  15.4193988   0.0012254
 120.0000000   0.0000000  10.2689620  15.4193988   0.0010613
 120.0000000   0.0000000  10.2689620  15.4193988   0.0008373
 120.0000000   0.0000000  10.2689620  15.4193988   0.0006163
 120.0000000   0.0000000  10.2689620  15.4193988   0.0004288
 120.0000000   0.0000000  10.2689620  15.4193988   0.0002820
 120.0000000   0.0000000  10.2689620  15.4193988   0.0001717
 120.0000000   0.0000000  10.2689620  15.4193988   0.0000906
 120.0000000   0.0000000  10.2689620  15.4193988   0.0000343
 120.0000000   0.0000000  10.2689620  15.4193988   0.0000088
 120.0000000   0.0000000  10.2689620  15.4193988   0.0000155
 120.0000000   0.0000000  10.2689620  15.4193988   0.0000394
 120.0000000   0.0000000  10.2689620  15.4193988   0.0000695
 120.0000000   0.0000000  10.2689620  15.4193988   0.0001020
 120.0000000   0.0000000  10.2689620  15.4193988   0.0001333
 120.0000000   0.0000000  10.2689620  15.4193988   0.0001595
 120.0000000   0.0000000  10.2689620  15.4193988   0.0001767
 120.0000000   0.0000000  10.2689620  15.4193988   0.0001817
 120.0000000   0.0000000  10.2689620  15.4193988   0.0001731
 120.0000000   0.0000000  10.2689620  15.4193988   0.0001520
 120.0000000   0.0000000  10.2689620  15.4193988   0.0001219
 120.0000000   0.0000000  10.2689620  15.4193988   0.0000883
 120.0000000   0.0000000  10.2689620  15.4193988   0.0000569
 120.0000000   0.0000000  10.2689620  15.4193988   0.0000319
 120.0000000   0.0000000  10.2689620  15.4193988   0.0000169
