 t avg_prod_f avg_k_f avg_a_f avg_l_f avg_prod_ex avg_k_ex avg_a_ex avg_l_ex
   1.0000000   1.2899766  76.0519305 -13.3428992************   1.0364307  34.0832588 -17.4946831************
   2.0000000   1.2900006  76.2147505 -13.3776208************   1.0321453  33.0241164 -15.5221908************
   3.0000000   1.2908220  76.4053443 -13.5020249************   1.0346036  35.7016392 -16.1545580************
   4.0000000   1.2909563  76.4312840 -13.5710950************   1.0391113  35.4588623 -16.8200417************
   5.0000000   1.2908439  76.2797209 -13.5915354************   1.0368800  34.6989552 -16.7047879************
   6.0000000   1.2909163  76.1531625 -13.6346910************   1.0359068  34.9229953 -16.8415298************
   7.0000000   1.2909506  76.0270944 -13.6688604************   1.0349823  35.3175906 -17.3724675************
   8.0000000   1.2908446  75.8705172 -13.6880487************   1.0374053  34.5300282 -17.1182475************
   9.0000000   1.2907964  75.7678569 -13.7083969************   1.0363006  34.3491679 -17.0272877************
  10.0000000   1.2908163  75.6908627 -13.7248846************   1.0373181  34.6883697 -17.6021976************
  11.0000000   1.2906402  75.5776593 -13.7322670************   1.0364106  33.8385608 -17.4079178************
  12.0000000   1.2906577  75.5260336 -13.7370295************   1.0382803  33.8965151 -17.6543205************
  13.0000000   1.2905593  75.4643075 -13.7388774************   1.0364593  33.5695591 -17.5717512************
  14.0000000   1.2905770  75.4316775 -13.7372897************   1.0367790  33.5362326 -17.5609554************
  15.0000000   1.2905846  75.4067190 -13.7338057************   1.0365583  33.5733790 -17.5670024************
  16.0000000   1.2905907  75.3859598 -13.7271236************   1.0364911  33.5837995 -17.5654962************
  17.0000000   1.2905947  75.3705357 -13.7179341************   1.0364219  33.5918488 -17.5632862************
  18.0000000   1.2905972  75.3594606 -13.7068629************   1.0363782  33.6055041 -17.5630651************
  19.0000000   1.2905961  75.3519293 -13.6972479************   1.0363605  33.6161394 -17.6643281************
  20.0000000   1.2905916  75.3475412 -13.6830111************   1.0363316  33.6342912 -17.6723861************
  21.0000000   1.2905808  75.3451535 -13.6672717************   1.0363128  33.6207024 -17.6540383************
  22.0000000   1.2905728  75.3466534 -13.6506775************   1.0362474  33.6371556 -17.6459687************
  23.0000000   1.2905628  75.3499810 -13.6330640************   1.0362070  33.6456195 -17.6395831************
  24.0000000   1.2905519  75.3553218 -13.6141029************   1.0359557  33.6402490 -17.6422119************
  25.0000000   1.2905487  75.3632053 -13.5940624************   1.0360095  33.6601020 -17.6325507************
  26.0000000   1.2905396  75.3715840 -13.5736162************   1.0360135  33.6772084 -17.6213937************
  27.0000000   1.2905265  75.3805620 -13.5534264************   1.0359815  33.6806841 -17.6180509************
  28.0000000   1.2905130  75.3907665 -13.5331962************   1.0359781  33.6932681 -17.6110757************
  29.0000000   1.2904968  75.4015793 -13.5126909************   1.0360247  33.6894892 -17.6014642************
  30.0000000   1.2904795  75.4130878 -13.4926586************   1.0359511  33.6960647 -17.5962018************
  31.0000000   1.2904627  75.4253032 -13.4722399************   1.0359177  33.7014370 -17.5867731************
  32.0000000   1.2904458  75.4375108 -13.4520701************   1.0359105  33.7020076 -17.5730280************
  33.0000000   1.2904291  75.4507466 -13.4315983************   1.0358666  33.7054889 -17.5633070************
  34.0000000   1.2904138  75.4637630 -13.4120589************   1.0358579  33.7063346 -17.5556390************
  35.0000000   1.2903984  75.4772821 -13.3922831************   1.0359414  33.7020401 -17.5374108************
  36.0000000   1.2903830  75.4917600 -13.3726012************   1.0359053  33.7183419 -17.5401323************
  37.0000000   1.2903635  75.5047235 -13.3532612************   1.0358599  33.6760705 -17.5327493************
  38.0000000   1.2903527  75.5202099 -13.3338937************   1.0358686  33.6863303 -17.5230282************
  39.0000000   1.2903400  75.5348317 -13.3152112************   1.0358854  33.6917934 -17.5069179************
  40.0000000   1.2903262  75.5493739 -13.3009323************   1.0358520  33.6859446 -17.5859339************
  41.0000000   1.2903153  75.5642238 -13.2843535************   1.0358377  33.6958016 -17.5681903************
  42.0000000   1.2903056  75.5794568 -13.2677743************   1.0358412  33.7057496 -17.5481024************
  43.0000000   1.2902965  75.5947598 -13.2517046************   1.0359064  33.7176723 -17.5315203************
  44.0000000   1.2902842  75.6092740 -13.2363919************   1.0359348  33.7207414 -17.5090454************
  45.0000000   1.2902712  75.6235487 -13.2218516************   1.0359419  33.7233662 -17.4976037************
  46.0000000   1.2902586  75.6376776 -13.2080385************   1.0359411  33.7246018 -17.4895963************
  47.0000000   1.2902469  75.6513393 -13.1946480************   1.0359385  33.7251449 -17.4809082************
  48.0000000   1.2902362  75.6649327 -13.1821092************   1.0359747  33.7292346 -17.4687414************
  49.0000000   1.2902249  75.6785856 -13.1695137************   1.0359864  33.7325680 -17.4549033************
  50.0000000   1.2902141  75.6917620 -13.1578670************   1.0359856  33.7340487 -17.4503535************
  51.0000000   1.2902043  75.7047046 -13.1466065************   1.0360070  33.7377512 -17.4395531************
  52.0000000   1.2901946  75.7172683 -13.1362492************   1.0359544  33.7420164 -17.4698037************
  53.0000000   1.2901879  75.7296818 -13.1263305************   1.0360469  33.7496121 -17.4543573************
  54.0000000   1.2901785  75.7413694 -13.1172890************   1.0360320  33.7507168 -17.4460834************
  55.0000000   1.2901706  75.7525739 -13.1092298************   1.0359572  33.7430047 -17.4405572************
  56.0000000   1.2901675  75.7646341 -13.1041247************   1.0361561  33.7642204 -17.5341969************
  57.0000000   1.2901557  75.7745485 -13.0983262************   1.0340226  33.6895644 -17.2755130************
  58.0000000   1.2902712  75.8050472 -13.0925679************   1.0360189  34.0163711 -17.2988280************
  59.0000000   1.2902644  75.8151914 -13.0873748************   1.0360462  34.0198190 -17.2933263************
  60.0000000   1.2902574  75.8249284 -13.0825287************   1.0360472  34.0241105 -17.2907590************
  61.0000000   1.2902504  75.8339048 -13.0782968************   1.0360634  34.0191706 -17.2828321************
  62.0000000   1.2902450  75.8431258 -13.0751211************   1.0361001  34.0268591 -17.2827257************
  63.0000000   1.2902379  75.8516089 -13.0718442************   1.0361383  34.0169972 -17.2884147************
  64.0000000   1.2902301  75.8603206 -13.0692469************   1.0360462  34.1411555 -17.2922978************
  65.0000000   1.2902055  75.8620323 -13.0665922************   1.0361085  33.9952901 -17.2830099************
  66.0000000   1.2902040  75.8709460 -13.0645743************   1.0361069  34.0170870 -17.2847790************
  67.0000000   1.2901993  75.8782981 -13.0628531************   1.0361212  34.0096432 -17.2875616************
  68.0000000   1.2901956  75.8857613 -13.0618865************   1.0361547  34.0116657 -17.2881111************
  69.0000000   1.2901911  75.8929475 -13.0610291************   1.0361759  34.0108162 -17.2859791************
  70.0000000   1.2901866  75.8997953 -13.0605867************   1.0361933  34.0126256 -17.2823392************
  71.0000000   1.2901819  75.9063967 -13.0604130************   1.0362135  34.0140394 -17.2787610************
  72.0000000   1.2901770  75.9128638 -13.0603432************   1.0362202  34.0151465 -17.2784875************
  73.0000000   1.2901725  75.9190373 -13.0605898************   1.0362288  34.0161400 -17.2780071************
  74.0000000   1.2901682  75.9250679 -13.0609740************   1.0362352  34.0173488 -17.2773513************
  75.0000000   1.2901642  75.9308607 -13.0614335************   1.0362420  34.0186366 -17.2748089************
  76.0000000   1.2901604  75.9362838 -13.0623852************   1.0362468  34.0196921 -17.2748245************
  77.0000000   1.2901570  75.9418086 -13.0631839************   1.0363515  34.0321433 -17.2695984************
  78.0000000   1.2901488  75.9463315 -13.0643294************   1.0363006  34.0277289 -17.2685564************
  79.0000000   1.2901436  75.9511157 -13.0656353************   1.0363477  34.0208519 -17.2625656************
  80.0000000   1.2901401  75.9563592 -13.0672043************   1.0363427  34.0270458 -17.2623369************
  81.0000000   1.2901357  75.9609921 -13.0727489************   1.0363797  34.0324121 -17.3615650************
  82.0000000   1.2901297  75.9653433 -13.0756484************   1.0363896  34.0356800 -17.3546844************
  83.0000000   1.2901236  75.9693315 -13.0791145************   1.0363961  34.0383413 -17.3561376************
  84.0000000   1.2901175  75.9731187 -13.0826554************   1.0364030  34.0409211 -17.3580179************
  85.0000000   1.2901114  75.9767360 -13.0864755************   1.0364108  34.0432332 -17.3604604************
  86.0000000   1.2901054  75.9801354 -13.0902507************   1.0364043  34.0442630 -17.3656103************
  87.0000000   1.2901000  75.9834663 -13.0939553************   1.0364312  34.0485863 -17.3642726************
  88.0000000   1.2900936  75.9865712 -13.0977117************   1.0364284  34.0496753 -17.3667326************
  89.0000000   1.2900877  75.9895037 -13.1015380************   1.0364184  34.0501488 -17.3690333************
  90.0000000   1.2900827  75.9923856 -13.1053722************   1.0364208  34.0515051 -17.3696593************
  91.0000000   1.2900779  75.9949723 -13.1094387************   1.0364211  34.0525557 -17.3724497************
  92.0000000   1.2900734  75.9976498 -13.1133454************   1.0364241  34.0539983 -17.3733128************
  93.0000000   1.2900690  76.0002253 -13.1173068************   1.0364214  34.0548302 -17.3764377************
  94.0000000   1.2900651  76.0026979 -13.1212479************   1.0364202  34.0556353 -17.3793752************
  95.0000000   1.2900615  76.0051109 -13.1251091************   1.0364200  34.0565036 -17.3816527************
  96.0000000   1.2900581  76.0074676 -13.1289127************   1.0364223  34.0575172 -17.3830010************
  97.0000000   1.2900549  76.0097553 -13.1327044************   1.0364257  34.0587877 -17.3840353************
  98.0000000   1.2900518  76.0119755 -13.1364737************   1.0364268  34.0597282 -17.3857297************
  99.0000000   1.2900488  76.0139748 -13.1403675************   1.0364259  34.0603657 -17.3882613************
 100.0000000   1.2900462  76.0162210 -13.1438711************   1.0364339  34.0621839 -17.3875632************
 101.0000000   1.2900433  76.0182089 -13.1475663************   1.0364329  34.0630200 -17.3895140************
 102.0000000   1.2900407  76.0202391 -13.1510610************   1.0364322  34.0638306 -17.3916049************
 103.0000000   1.2900383  76.0222395 -13.1545170************   1.0364343  34.0647758 -17.3932314************
 104.0000000   1.2900359  76.0242101 -13.1578957************   1.0364377  34.0658030 -17.3939730************
 105.0000000   1.2900334  76.0260922 -13.1612649************   1.0364366  34.0662320 -17.3966111************
 106.0000000   1.2900311  76.0279811 -13.1645014************   1.0364355  34.0667408 -17.3990865************
 107.0000000   1.2900290  76.0298590 -13.1676639************   1.0364340  34.0671070 -17.4014876************
 108.0000000   1.2900270  76.0317310 -13.1707661************   1.0364322  34.0675443 -17.4031399************
 109.0000000   1.2900252  76.0335861 -13.1737603************   1.0364317  34.0681177 -17.4044172************
 110.0000000   1.2900235  76.0355725 -13.1765124************   1.0364307  34.0687882 -17.4061328************
 111.0000000   1.2900219  76.0375501 -13.1798273************   1.0364540  34.0715591 -17.4091268************
 112.0000000   1.2900194  76.0393935 -13.1828976************   1.0364447  34.0721498 -17.4123456************
 113.0000000   1.2900174  76.0413134 -13.1857772************   1.0364444  34.0730425 -17.4151284************
 114.0000000   1.2900156  76.0433060 -13.1884662************   1.0364425  34.0738278 -17.4174559************
 115.0000000   1.2900139  76.0453348 -13.1912200************   1.0364407  34.0746004 -17.4187267************
 116.0000000   1.2900123  76.0474853 -13.1935784************   1.0364411  34.0754366 -17.4205003************
 117.0000000   1.2900108  76.0496709 -13.1958454************   1.0364390  34.0762713 -17.4224294************
 118.0000000   1.2900095  76.0519189 -13.1979033************   1.0364379  34.0771362 -17.4228205************
 119.0000000   1.2900083  76.0543139 -13.1994303************   1.0364363  34.0781321 -17.4232186************
 120.0000000   1.2899766  76.0519305 -13.3428992************   1.0364307  34.0832588 -17.4946831************
