 t output_loss_entry employment_loss_entry investment_loss_entry debt_loss_entry
 output_gain_entry employment_gain_entry investment_gain_entry debt_gain_entry
 output_loss_incumbent employment_loss_incumbent investment_loss_incumbent debt_
 loss_incumbent
 output_gain_incumbent employment_gain_incumbent investment_gain_incumbent debt_
 gain_incumbent
 gdp1 h1 inv1 firm_debt2
 gdp_t h_t inv_t firm_debt_t
   1.0000000   0.0000000   0.0000000   0.0000000   0.0000000   0.0000000   0.0000000   0.0000000   0.0000000   0.0000000   0.0000000   0.0000000   0.0000000   0.0000000   0.0000000   0.0000000   0.0000000   3.0559909   0.9978595   0.5619947   5.5404881   3.0559909   0.9978595   0.5619947   5.5404881
   2.0000000   0.0046701   0.0023918   0.0198816   0.0030988   0.0000000   0.0000000   0.0000000   0.0000000   3.0488733   0.9942097   0.5610216   5.5373179   2.9372092   0.9764860   0.4945395   5.5243059   3.0559909   0.9978595   0.5619947   5.5404881   2.9372092   0.9764860   0.4754062   5.5243059
   3.0000000   0.0074840   0.0037424   0.0222977   0.0086954   0.0000000   0.0000000   0.0000000   0.0000000   3.0453070   0.9924812   0.9201571   5.5297164   2.9447060   0.9774833   0.8629655   5.5046172   3.0559909   0.9978595   0.5619947   5.5404881   2.9453085   0.9778030   0.4848968   5.5061335
   4.0000000   0.0104039   0.0050805   0.0226951   0.0150049   0.0000000   0.0000000   0.0000000   0.0000000   3.0319765   0.9860658   0.9288868   5.4987469   2.9418071   0.9736085   0.8797183   5.4645834   3.0559909   0.9978595   0.5619947   5.5404881   2.9527064   0.9790771   0.4936565   5.4893487
   5.0000000   0.0085995   0.0039761   0.0023533   0.0181593   0.0000000   0.0000000   0.0000000   0.0000000   3.0169493   0.9791398   0.9600817   5.4540084   2.9348617   0.9682175   0.9016340   5.4090226   3.0559909   0.9978595   0.5619947   5.5404881   2.9617726   0.9814656   0.5041922   5.4739357
   6.0000000   0.0085067   0.0038317  -0.0008974   0.0184158   0.0000000   0.0000000   0.0000000   0.0000000   3.0256616   0.9836791   0.6044963   5.4715989   2.9488828   0.9735612   0.5511607   5.4152297   3.0559909   0.9978595   0.5619947   5.5404881   2.9683536   0.9829153   0.5112638   5.4627820
   7.0000000   0.0081310   0.0036095  -0.0020559   0.0175405   0.0000000   0.0000000   0.0000000   0.0000000   3.0303084   0.9860691   0.5867083   5.4825275   2.9588639   0.9769072   0.5390921   5.4164758   3.0559909   0.9978595   0.5619947   5.5404881   2.9747905   0.9844243   0.5178759   5.4544787
   8.0000000   0.0076401   0.0033529  -0.0022207   0.0163535   0.0000000   0.0000000   0.0000000   0.0000000   3.0334646   0.9876679   0.5784961   5.4902304   2.9669051   0.9793656   0.5373867   5.4166034   3.0559909   0.9978595   0.5619947   5.5404881   2.9804313   0.9856477   0.5241529   5.4484692
   9.0000000   0.0071471   0.0031040  -0.0019125   0.0152379   0.0000000   0.0000000   0.0000000   0.0000000   3.0358190   0.9888513   0.5735258   5.4958818   2.9736992   0.9812824   0.5384099   5.4159622   3.0559909   0.9978595   0.5619947   5.5404881   2.9855434   0.9867036   0.5294071   5.4435197
  10.0000000   0.0067018   0.0028805  -0.0015483   0.0142725   0.0000000   0.0000000   0.0000000   0.0000000   3.0376460   0.9897678   0.5703880   5.5002017   2.9800560   0.9831004   0.5410547   5.4158020   3.0559909   0.9978595   0.5619947   5.5404881   2.9906895   0.9879048   0.5346655   5.4402025
  11.0000000   0.0063156   0.0026863  -0.0012366   0.0134445   0.0000000   0.0000000   0.0000000   0.0000000   3.0391032   0.9904993   0.5682046   5.5035919   2.9852507   0.9844025   0.5434586   5.4161895   3.0559909   0.9978595   0.5619947   5.5404881   2.9949110   0.9887109   0.5387586   5.4381796
  12.0000000   0.0059796   0.0025168  -0.0009337   0.0127567   0.0000000   0.0000000   0.0000000   0.0000000   3.0402906   0.9910965   0.5666415   5.5063119   2.9901824   0.9856589   0.5457897   5.4167956   3.0559909   0.9978595   0.5619947   5.5404881   2.9990765   0.9895768   0.5422811   5.4369049
  13.0000000   0.0056897   0.0023694  -0.0006948   0.0121801   0.0000000   0.0000000   0.0000000   0.0000000   3.0412757   0.9915938   0.5654491   5.5085143   2.9944379   0.9866598   0.5484415   5.4176899   3.0559909   0.9978595   0.5619947   5.5404881   3.0026989   0.9902547   0.5457726   5.4362899
  14.0000000   0.0054376   0.0022403  -0.0004780   0.0117050   0.0000000   0.0000000   0.0000000   0.0000000   3.0421014   0.9920131   0.5645100   5.5102999   2.9983523   0.9875595   0.5506724   5.4191033   3.0559909   0.9978595   0.5619947   5.5404881   3.0060886   0.9908859   0.5486602   5.4364866
  15.0000000   0.0052188   0.0021271  -0.0003006   0.0113126   0.0000000   0.0000000   0.0000000   0.0000000   3.0427993   0.9923704   0.5637641   5.5117498   3.0019323   0.9883587   0.5525389   5.4206971   3.0559909   0.9978595   0.5619947   5.5404881   3.0092289   0.9914590   0.5510183   5.4370826
  16.0000000   0.0050278   0.0020273  -0.0001438   0.0109932   0.0000000   0.0000000   0.0000000   0.0000000   3.0433935   0.9926777   0.5631725   5.5129321   3.0051941   0.9890660   0.5545283   5.4226879   3.0559909   0.9978595   0.5619947   5.5404881   3.0121175   0.9919736   0.5534042   5.4382553
  17.0000000   0.0048609   0.0019390  -0.0000106   0.0107356   0.0000000   0.0000000   0.0000000   0.0000000   3.0439035   0.9929442   0.5626962   5.5138974   3.0082039   0.9897031   0.5561616   5.4248543   3.0559909   0.9978595   0.5619947   5.5404881   3.0148085   0.9924447   0.5553573   5.4397486
  18.0000000   0.0047146   0.0018607   0.0001067   0.0105320   0.0000000   0.0000000   0.0000000   0.0000000   3.0443442   0.9931770   0.5623061   5.5146859   3.0109790   0.9902773   0.5577646   5.4276952   3.0559909   0.9978595   0.5619947   5.5404881   3.0173095   0.9928752   0.5572234   5.4420358
  19.0000000   0.0045861   0.0017909   0.0002088   0.0103750   0.0000000   0.0000000   0.0000000   0.0000000   3.0447272   0.9933817   0.5619806   5.5153294   3.0135633   0.9907980   0.5590970   5.4306941   3.0559909   0.9978595   0.5619947   5.5404881   3.0196565   0.9932703   0.5587756   5.4445809
  20.0000000   0.0044729   0.0017284   0.0002992   0.0102589   0.0000000   0.0000000   0.0000000   0.0000000   3.0450615   0.9935626   0.5617059   5.5158533   3.0159587   0.9912733   0.5604320   5.4337540   3.0559909   0.9978595   0.5619947   5.5404881   3.0218458   0.9936353   0.5602976   5.4472723
  21.0000000   0.0043731   0.0016724   0.0003789   0.0101784   0.0000000   0.0000000   0.0000000   0.0000000   3.0453544   0.9937233   0.5614681   5.5162726   3.0181768   0.9917016   0.5614553   5.4369779   3.0559909   0.9978595   0.5619947   5.5404881   3.0238842   0.9939662   0.5614792   5.4501993
  22.0000000   0.0042849   0.0016221   0.0004499   0.0101293   0.0000000   0.0000000   0.0000000   0.0000000   3.0456118   0.9938665   0.5612579   5.5165955   3.0202433   0.9920928   0.5624121   5.4404136   3.0559909   0.9978595   0.5619947   5.5404881   3.0257934   0.9942710   0.5625747   5.4534014
  23.0000000   0.0042068   0.0015766   0.0005131   0.0101076   0.0000000   0.0000000   0.0000000   0.0000000   3.0458384   0.9939947   0.5610735   5.5168316   3.0221769   0.9924511   0.5632855   5.4439984   3.0559909   0.9978595   0.5619947   5.5404881   3.0275890   0.9945524   0.5635663   5.4568055
  24.0000000   0.0041374   0.0015355   0.0005693   0.0101098   0.0000000   0.0000000   0.0000000   0.0000000   3.0460384   0.9941099   0.5609124   5.5169909   3.0239793   0.9927748   0.5639858   5.4476227   3.0559909   0.9978595   0.5619947   5.5404881   3.0292699   0.9948073   0.5643706   5.4602947
  25.0000000   0.0040757   0.0014981   0.0006192   0.0101325   0.0000000   0.0000000   0.0000000   0.0000000   3.0462154   0.9942136   0.5607721   5.5170835   3.0256626   0.9930743   0.5645569   5.4513837   3.0559909   0.9978595   0.5619947   5.5404881   3.0308459   0.9950450   0.5650343   5.4639620
  26.0000000   0.0040205   0.0014641   0.0006633   0.0101728   0.0000000   0.0000000   0.0000000   0.0000000   3.0463727   0.9943075   0.5606503   5.5171196   3.0272440   0.9933527   0.5651100   5.4551178   3.0559909   0.9978595   0.5619947   5.5404881   3.0323324   0.9952678   0.5656670   5.4676365
  27.0000000   0.0039712   0.0014330   0.0007021   0.0102277   0.0000000   0.0000000   0.0000000   0.0000000   3.0465130   0.9943928   0.5605449   5.5171089   3.0287280   0.9936100   0.5656414   5.4588408   3.0559909   0.9978595   0.5619947   5.5404881   3.0337320   0.9954746   0.5662700   5.4713300
  28.0000000   0.0039268   0.0014044   0.0007359   0.0102945   0.0000000   0.0000000   0.0000000   0.0000000   3.0466387   0.9944706   0.5604536   5.5170604   3.0301241   0.9938497   0.5661305   5.4625919   3.0559909   0.9978595   0.5619947   5.5404881   3.0350530   0.9956686   0.5668216   5.4750773
  29.0000000   0.0038866   0.0013781   0.0007649   0.0103702   0.0000000   0.0000000   0.0000000   0.0000000   3.0467519   0.9945418   0.5603745   5.5169815   3.0314408   0.9940715   0.5662987   5.4662989   3.0559909   0.9978595   0.5619947   5.5404881   3.0363024   0.9958487   0.5670457   5.4788030
  30.0000000   0.0038501   0.0013538   0.0007894   0.0104521   0.0000000   0.0000000   0.0000000   0.0000000   3.0468544   0.9946073   0.5603065   5.5168786   3.0326711   0.9942756   0.5667003   5.4701215   3.0559909   0.9978595   0.5619947   5.5404881   3.0374725   0.9960146   0.5674961   5.4826628
  31.0000000   0.0038167   0.0013313   0.0008094   0.0105375   0.0000000   0.0000000   0.0000000   0.0000000   3.0469476   0.9946678   0.5602489   5.5167576   3.0338408   0.9944682   0.5667508   5.4738202   3.0559909   0.9978595   0.5619947   5.5404881   3.0385878   0.9961723   0.5675890   5.4864135
  32.0000000   0.0037858   0.0013102   0.0008252   0.0106236   0.0000000   0.0000000   0.0000000   0.0000000   3.0470331   0.9947238   0.5602008   5.5166239   3.0349331   0.9946450   0.5671204   5.4776013   3.0559909   0.9978595   0.5619947   5.5404881   3.0396309   0.9963168   0.5679950   5.4902582
  33.0000000   0.0037571   0.0012905   0.0008368   0.0107076   0.0000000   0.0000000   0.0000000   0.0000000   3.0471120   0.9947760   0.5601620   5.5164828   3.0359765   0.9948127   0.5669777   5.4811578   3.0559909   0.9978595   0.5619947   5.5404881   3.0406296   0.9964546   0.5678823   5.4938858
  34.0000000   0.0037300   0.0012719   0.0008443   0.0107871   0.0000000   0.0000000   0.0000000   0.0000000   3.0471853   0.9948248   0.5601322   5.5163400   3.0369439   0.9949649   0.5671843   5.4847293   3.0559909   0.9978595   0.5619947   5.5404881   3.0415556   0.9965791   0.5681149   5.4975337
  35.0000000   0.0037044   0.0012543   0.0008480   0.0108593   0.0000000   0.0000000   0.0000000   0.0000000   3.0472541   0.9948706   0.5601112   5.5162010   3.0378554   0.9951037   0.5672986   5.4883343   3.0559909   0.9978595   0.5619947   5.5404881   3.0424290   0.9966920   0.5682495   5.5012172
  36.0000000   0.0036797   0.0012376   0.0008478   0.0109220   0.0000000   0.0000000   0.0000000   0.0000000   3.0473193   0.9949139   0.5600987   5.5160714   3.0387369   0.9952415   0.5673341   5.4918161   3.0559909   0.9978595   0.5619947   5.5404881   3.0432749   0.9968055   0.5683005   5.5047762
  37.0000000   0.0036556   0.0012216   0.0008440   0.0109728   0.0000000   0.0000000   0.0000000   0.0000000   3.0473817   0.9949550   0.5600944   5.5159566   3.0395568   0.9953624   0.5674264   5.4952308   3.0559909   0.9978595   0.5619947   5.5404881   3.0440614   0.9969035   0.5684035   5.5082637
  38.0000000   0.0036320   0.0012062   0.0008368   0.0110098   0.0000000   0.0000000   0.0000000   0.0000000   3.0474420   0.9949941   0.5600979   5.5158615   3.0403397   0.9954790   0.5672933   5.4984896   3.0559909   0.9978595   0.5619947   5.5404881   3.0448125   0.9969985   0.5682762   5.5115879
  39.0000000   0.0036086   0.0011913   0.0008264   0.0110313   0.0000000   0.0000000   0.0000000   0.0000000   3.0475008   0.9950316   0.5601089   5.5157907   3.0410733   0.9955875   0.5673507   5.5014902   3.0559909   0.9978595   0.5619947   5.5404881   3.0455155   0.9970864   0.5683343   5.5146436
  40.0000000   0.0035851   0.0011769   0.0008132   0.0110359   0.0000000   0.0000000   0.0000000   0.0000000   3.0475587   0.9950677   0.5601268   5.5157482   3.0417624   0.9956870   0.5672507   5.5044621   3.0559909   0.9978595   0.5619947   5.5404881   3.0461747   0.9971662   0.5682324   5.5176585
  41.0000000   0.0035613   0.0011628   0.0007974   0.0110225   0.0000000   0.0000000   0.0000000   0.0000000   3.0476164   0.9951027   0.5601512   5.5157372   3.0424091   0.9957771   0.5673441   5.5072806   3.0559909   0.9978595   0.5619947   5.5404881   3.0467922   0.9972373   0.5683190   5.5205051
  42.0000000   0.0035372   0.0011490   0.0007794   0.0109906   0.0000000   0.0000000   0.0000000   0.0000000   3.0476741   0.9951367   0.5601814   5.5157606   3.0430287   0.9958630   0.5673169   5.5100759   3.0559909   0.9978595   0.5619947   5.5404881   3.0473829   0.9973048   0.5682819   5.5233123
  43.0000000   0.0035125   0.0011354   0.0007595   0.0109398   0.0000000   0.0000000   0.0000000   0.0000000   3.0477323   0.9951698   0.5602168   5.5158203   3.0436256   0.9959473   0.5672189   5.5127604   3.0559909   0.9978595   0.5619947   5.5404881   3.0479508   0.9973714   0.5681703   5.5259904
  44.0000000   0.0034873   0.0011220   0.0007381   0.0108701   0.0000000   0.0000000   0.0000000   0.0000000   3.0477914   0.9952024   0.5602569   5.5159178   3.0441923   0.9960273   0.5671691   5.5153463   3.0559909   0.9978595   0.5619947   5.5404881   3.0484884   0.9974341   0.5681039   5.5285505
  45.0000000   0.0034613   0.0011087   0.0007154   0.0107819   0.0000000   0.0000000   0.0000000   0.0000000   3.0478515   0.9952344   0.5603009   5.5160537   3.0447285   0.9961024   0.5671030   5.5178682   3.0559909   0.9978595   0.5619947   5.5404881   3.0489951   0.9974923   0.5680185   5.5310264
  46.0000000   0.0034345   0.0010955   0.0006917   0.0106756   0.0000000   0.0000000   0.0000000   0.0000000   3.0479130   0.9952660   0.5603483   5.5162281   3.0452413   0.9961738   0.5668663   5.5202456   3.0559909   0.9978595   0.5619947   5.5404881   3.0494777   0.9975471   0.5677599   5.5333369
  47.0000000   0.0034070   0.0010824   0.0006673   0.0105522   0.0000000   0.0000000   0.0000000   0.0000000   3.0479760   0.9952972   0.5603984   5.5164406   3.0457202   0.9962388   0.5667785   5.5225008   3.0559909   0.9978595   0.5619947   5.5404881   3.0499259   0.9975956   0.5676484   5.5355041
  48.0000000   0.0033786   0.0010693   0.0006424   0.0104125   0.0000000   0.0000000   0.0000000   0.0000000   3.0480405   0.9953282   0.5604505   5.5166902   3.0461749   0.9963005   0.5668391   5.5247243   3.0559909   0.9978595   0.5619947   5.5404881   3.0503491   0.9976411   0.5676841   5.5376192
  49.0000000   0.0033494   0.0010563   0.0006173   0.0102578   0.0000000   0.0000000   0.0000000   0.0000000   3.0481067   0.9953591   0.5605043   5.5169752   3.0466158   0.9963611   0.5666278   5.5268155   3.0559909   0.9978595   0.5619947   5.5404881   3.0507576   0.9976856   0.5674460   5.5395816
  50.0000000   0.0033195   0.0010433   0.0005922   0.0100893   0.0000000   0.0000000   0.0000000   0.0000000   3.0481747   0.9953897   0.5605590   5.5172939   3.0470306   0.9964173   0.5664812   5.5288055   3.0559909   0.9978595   0.5619947   5.5404881   3.0511392   0.9977258   0.5672720   5.5414234
  51.0000000   0.0032887   0.0010302   0.0005671   0.0099084   0.0000000   0.0000000   0.0000000   0.0000000   3.0482444   0.9954203   0.5606144   5.5176439   3.0474247   0.9964705   0.5663312   5.5307135   3.0559909   0.9978595   0.5619947   5.5404881   3.0514991   0.9977631   0.5670939   5.5431650
  52.0000000   0.0032572   0.0010172   0.0005424   0.0097165   0.0000000   0.0000000   0.0000000   0.0000000   3.0483158   0.9954509   0.5606699   5.5180227   3.0477966   0.9965195   0.5661350   5.5324041   3.0559909   0.9978595   0.5619947   5.5404881   3.0518359   0.9977963   0.5668689   5.5446718
  53.0000000   0.0032250   0.0010042   0.0005180   0.0095150   0.0000000   0.0000000   0.0000000   0.0000000   3.0483888   0.9954813   0.5607252   5.5184276   3.0481419   0.9965653   0.5659558   5.5339662   3.0559909   0.9978595   0.5619947   5.5404881   3.0521452   0.9978262   0.5666608   5.5460342
  54.0000000   0.0031921   0.0009912   0.0004941   0.0093055   0.0000000   0.0000000   0.0000000   0.0000000   3.0484635   0.9955118   0.5607799   5.5188556   3.0484671   0.9966073   0.5656963   5.5354271   3.0559909   0.9978595   0.5619947   5.5404881   3.0524334   0.9978524   0.5663719   5.5472811
  55.0000000   0.0031586   0.0009782   0.0004708   0.0090892   0.0000000   0.0000000   0.0000000   0.0000000   3.0485397   0.9955422   0.5608339   5.5193039   3.0487707   0.9966441   0.5657682   5.5367803   3.0559909   0.9978595   0.5619947   5.5404881   3.0526992   0.9978734   0.5664168   5.5484081
  56.0000000   0.0031245   0.0009652   0.0004481   0.0088676   0.0000000   0.0000000   0.0000000   0.0000000   3.0486173   0.9955725   0.5608868   5.5197694   3.0490851   0.9966951   0.5654003   5.5379742   3.0559909   0.9978595   0.5619947   5.5404881   3.0529751   0.9979087   0.5660191   5.5493640
  57.0000000   0.0030899   0.0009523   0.0004261   0.0086418   0.0000000   0.0000000   0.0000000   0.0000000   3.0486963   0.9956029   0.5609386   5.5202493   3.0491795   0.9966375   0.5653219   5.5391041   3.0559909   0.9978595   0.5619947   5.5404881   3.0530299   0.9978353   0.5659133   5.5502462
  58.0000000   0.0030548   0.0009393   0.0004049   0.0084132   0.0000000   0.0000000   0.0000000   0.0000000   3.0487765   0.9956331   0.5609889   5.5207407   3.0494395   0.9966701   0.5652181   5.5401648   3.0559909   0.9978595   0.5619947   5.5404881   3.0532498   0.9978522   0.5657824   5.5510513
  59.0000000   0.0030194   0.0009264   0.0003844   0.0081829   0.0000000   0.0000000   0.0000000   0.0000000   3.0488578   0.9956634   0.5610378   5.5212410   3.0496875   0.9967014   0.5650651   5.5411705   3.0559909   0.9978595   0.5619947   5.5404881   3.0534570   0.9978678   0.5656029   5.5517950
  60.0000000   0.0029835   0.0009135   0.0003646   0.0079518   0.0000000   0.0000000   0.0000000   0.0000000   3.0489401   0.9956935   0.5610851   5.5217476   3.0499230   0.9967312   0.5648208   5.5421200   3.0559909   0.9978595   0.5619947   5.5404881   3.0536510   0.9978820   0.5653329   5.5524775
  61.0000000   0.0029474   0.0009007   0.0003457   0.0077208   0.0000000   0.0000000   0.0000000   0.0000000   3.0490232   0.9957236   0.5611307   5.5222582   3.0501397   0.9967568   0.5647528   5.5430206   3.0559909   0.9978595   0.5619947   5.5404881   3.0538258   0.9978920   0.5652400   5.5531076
  62.0000000   0.0029110   0.0008879   0.0003275   0.0074908   0.0000000   0.0000000   0.0000000   0.0000000   3.0491072   0.9957536   0.5611747   5.5227705   3.0503463   0.9967815   0.5646054   5.5434075   3.0559909   0.9978595   0.5619947   5.5404881   3.0539899   0.9979011   0.5650689   5.5532216
  63.0000000   0.0028744   0.0008751   0.0003101   0.0072624   0.0000000   0.0000000   0.0000000   0.0000000   3.0491917   0.9957835   0.5612170   5.5232827   3.0505460   0.9968090   0.5646066   5.5441482   3.0559909   0.9978595   0.5619947   5.5404881   3.0541467   0.9979131   0.5650456   5.5536876
  64.0000000   0.0028376   0.0008625   0.0002935   0.0070364   0.0000000   0.0000000   0.0000000   0.0000000   3.0492768   0.9958133   0.5612575   5.5237930   3.0507436   0.9968474   0.5643722   5.5447334   3.0559909   0.9978595   0.5619947   5.5404881   3.0543010   0.9979359   0.5647900   5.5539990
  65.0000000   0.0028008   0.0008499   0.0002777   0.0068132   0.0000000   0.0000000   0.0000000   0.0000000   3.0493624   0.9958429   0.5612964   5.5242997   3.0509248   0.9968671   0.5642919   5.5453605   3.0559909   0.9978595   0.5619947   5.5404881   3.0544387   0.9979402   0.5646878   5.5543529
  66.0000000   0.0027638   0.0008374   0.0002626   0.0065934   0.0000000   0.0000000   0.0000000   0.0000000   3.0494482   0.9958723   0.5613335   5.5248015   3.0510895   0.9968865   0.5641285   5.5459029   3.0559909   0.9978595   0.5619947   5.5404881   3.0545596   0.9979443   0.5645038   5.5546238
  67.0000000   0.0027269   0.0008249   0.0002482   0.0063772   0.0000000   0.0000000   0.0000000   0.0000000   3.0495342   0.9959016   0.5613689   5.5252972   3.0512454   0.9969043   0.5640703   5.5463860   3.0559909   0.9978595   0.5619947   5.5404881   3.0546714   0.9979468   0.5644257   5.5548379
  68.0000000   0.0026899   0.0008126   0.0002345   0.0061652   0.0000000   0.0000000   0.0000000   0.0000000   3.0496204   0.9959307   0.5614028   5.5257857   3.0513928   0.9969210   0.5640072   5.5468458   3.0559909   0.9978595   0.5619947   5.5404881   3.0547746   0.9979483   0.5643439   5.5550320
  69.0000000   0.0026530   0.0008003   0.0002215   0.0059574   0.0000000   0.0000000   0.0000000   0.0000000   3.0497066   0.9959596   0.5614350   5.5262661   3.0515347   0.9969373   0.5638608   5.5472402   3.0559909   0.9978595   0.5619947   5.5404881   3.0548723   0.9979495   0.5641793   5.5551644
  70.0000000   0.0026162   0.0007882   0.0002092   0.0057543   0.0000000   0.0000000   0.0000000   0.0000000   3.0497928   0.9959883   0.5614656   5.5267377   3.0516652   0.9969517   0.5637874   5.5475585   3.0559909   0.9978595   0.5619947   5.5404881   3.0549585   0.9979490   0.5640888   5.5552248
  71.0000000   0.0025795   0.0007762   0.0001976   0.0055558   0.0000000   0.0000000   0.0000000   0.0000000   3.0498788   0.9960167   0.5614947   5.5271998   3.0517884   0.9969655   0.5637531   5.5478698   3.0559909   0.9978595   0.5619947   5.5404881   3.0550374   0.9979479   0.5640382   5.5552831
  72.0000000   0.0025430   0.0007642   0.0001865   0.0053622   0.0000000   0.0000000   0.0000000   0.0000000   3.0499645   0.9960449   0.5615223   5.5276520   3.0519089   0.9969794   0.5636387   5.5481278   3.0559909   0.9978595   0.5619947   5.5404881   3.0551136   0.9979470   0.5639081   5.5552929
  73.0000000   0.0025066   0.0007524   0.0001760   0.0051736   0.0000000   0.0000000   0.0000000   0.0000000   3.0500500   0.9960729   0.5615485   5.5280938   3.0520216   0.9969921   0.5635866   5.5483647   3.0559909   0.9978595   0.5619947   5.5404881   3.0551822   0.9979450   0.5638413   5.5552870
  74.0000000   0.0024704   0.0007407   0.0001661   0.0049899   0.0000000   0.0000000   0.0000000   0.0000000   3.0501352   0.9961006   0.5615734   5.5285249   3.0521296   0.9970043   0.5634953   5.5485541   3.0559909   0.9978595   0.5619947   5.5404881   3.0552460   0.9979427   0.5637360   5.5552390
  75.0000000   0.0024344   0.0007292   0.0001568   0.0048113   0.0000000   0.0000000   0.0000000   0.0000000   3.0502199   0.9961280   0.5615969   5.5289452   3.0522311   0.9970156   0.5633515   5.5487141   3.0559909   0.9978595   0.5619947   5.5404881   3.0553037   0.9979397   0.5635789   5.5551673
  76.0000000   0.0023987   0.0007177   0.0001480   0.0046377   0.0000000   0.0000000   0.0000000   0.0000000   3.0503041   0.9961551   0.5616192   5.5293544   3.0523241   0.9970254   0.5633888   5.5488497   3.0559909   0.9978595   0.5619947   5.5404881   3.0553530   0.9979353   0.5636037   5.5550770
  77.0000000   0.0023633   0.0007064   0.0001396   0.0044692   0.0000000   0.0000000   0.0000000   0.0000000   3.0503878   0.9961820   0.5616402   5.5297524   3.0524206   0.9970389   0.5632778   5.5489640   3.0559909   0.9978595   0.5619947   5.5404881   3.0554060   0.9979347   0.5634807   5.5549713
  78.0000000   0.0023281   0.0006953   0.0001317   0.0043057   0.0000000   0.0000000   0.0000000   0.0000000   3.0504710   0.9962085   0.5616601   5.5301394   3.0525096   0.9970501   0.5632550   5.5490359   3.0559909   0.9978595   0.5619947   5.5404881   3.0554519   0.9979319   0.5634465   5.5548291
  79.0000000   0.0022932   0.0006842   0.0001243   0.0041471   0.0000000   0.0000000   0.0000000   0.0000000   3.0505535   0.9962348   0.5616789   5.5305152   3.0525887   0.9970568   0.5631550   5.5490557   3.0559909   0.9978595   0.5619947   5.5404881   3.0554880   0.9979248   0.5633358   5.5546407
  80.0000000   0.0022587   0.0006733   0.0001173   0.0039934   0.0000000   0.0000000   0.0000000   0.0000000   3.0506353   0.9962607   0.5616966   5.5308799   3.0526691   0.9970663   0.5630835   5.5490401   3.0559909   0.9978595   0.5619947   5.5404881   3.0555258   0.9979207   0.5632541   5.5544229
  81.0000000   0.0022244   0.0006626   0.0001107   0.0038445   0.0000000   0.0000000   0.0000000   0.0000000   3.0507165   0.9962864   0.5617134   5.5312336   3.0527442   0.9970757   0.5630947   5.5490218   3.0559909   0.9978595   0.5619947   5.5404881   3.0555586   0.9979166   0.5632557   5.5542083
  82.0000000   0.0021905   0.0006519   0.0001045   0.0037004   0.0000000   0.0000000   0.0000000   0.0000000   3.0507969   0.9963117   0.5617292   5.5315765   3.0528190   0.9970856   0.5629965   5.5489951   3.0559909   0.9978595   0.5619947   5.5404881   3.0555915   0.9979132   0.5631485   5.5539912
  83.0000000   0.0021570   0.0006414   0.0000987   0.0035609   0.0000000   0.0000000   0.0000000   0.0000000   3.0508766   0.9963367   0.5617441   5.5319087   3.0528883   0.9970947   0.5629470   5.5489293   3.0559909   0.9978595   0.5619947   5.5404881   3.0556192   0.9979091   0.5630906   5.5537408
  84.0000000   0.0021238   0.0006311   0.0000931   0.0034260   0.0000000   0.0000000   0.0000000   0.0000000   3.0509554   0.9963613   0.5617581   5.5322303   3.0529543   0.9971034   0.5629080   5.5488296   3.0559909   0.9978595   0.5619947   5.5404881   3.0556439   0.9979048   0.5630436   5.5534621
  85.0000000   0.0020910   0.0006209   0.0000879   0.0032955   0.0000000   0.0000000   0.0000000   0.0000000   3.0510335   0.9963857   0.5617713   5.5325416   3.0530176   0.9971121   0.5628476   5.5487507   3.0559909   0.9978595   0.5619947   5.5404881   3.0556665   0.9979007   0.5629757   5.5532100
  86.0000000   0.0020586   0.0006109   0.0000831   0.0031694   0.0000000   0.0000000   0.0000000   0.0000000   3.0511106   0.9964097   0.5617838   5.5328428   3.0530781   0.9971203   0.5628138   5.5486711   3.0559909   0.9978595   0.5619947   5.5404881   3.0556865   0.9978963   0.5629348   5.5529627
  87.0000000   0.0020265   0.0006009   0.0000785   0.0030475   0.0000000   0.0000000   0.0000000   0.0000000   3.0511870   0.9964334   0.5617955   5.5331340   3.0531370   0.9971291   0.5628033   5.5485832   3.0559909   0.9978595   0.5619947   5.5404881   3.0557055   0.9978926   0.5629176   5.5527125
  88.0000000   0.0019948   0.0005912   0.0000741   0.0029298   0.0000000   0.0000000   0.0000000   0.0000000   3.0512625   0.9964567   0.5618066   5.5334156   3.0531954   0.9971382   0.5627369   5.5484970   3.0559909   0.9978595   0.5619947   5.5404881   3.0557243   0.9978894   0.5628449   5.5524695
  89.0000000   0.0019636   0.0005815   0.0000700   0.0028161   0.0000000   0.0000000   0.0000000   0.0000000   3.0513370   0.9964798   0.5618170   5.5336877   3.0532507   0.9971467   0.5626995   5.5483987   3.0559909   0.9978595   0.5619947   5.5404881   3.0557406   0.9978857   0.5628015   5.5522194
  90.0000000   0.0019327   0.0005721   0.0000662   0.0027063   0.0000000   0.0000000   0.0000000   0.0000000   3.0514107   0.9965025   0.5618268   5.5339505   3.0533045   0.9971552   0.5625894   5.5482753   3.0559909   0.9978595   0.5619947   5.5404881   3.0557557   0.9978823   0.5626857   5.5519494
  91.0000000   0.0019022   0.0005627   0.0000626   0.0026003   0.0000000   0.0000000   0.0000000   0.0000000   3.0514835   0.9965248   0.5618360   5.5342044   3.0533593   0.9971637   0.5626353   5.5481776   3.0559909   0.9978595   0.5619947   5.5404881   3.0557724   0.9978790   0.5627263   5.5517101
  92.0000000   0.0018721   0.0005535   0.0000592   0.0024981   0.0000000   0.0000000   0.0000000   0.0000000   3.0515553   0.9965469   0.5618447   5.5344495   3.0534085   0.9971716   0.5626073   5.5480465   3.0559909   0.9978595   0.5619947   5.5404881   3.0557839   0.9978753   0.5626933   5.5514421
  93.0000000   0.0018425   0.0005445   0.0000560   0.0023994   0.0000000   0.0000000   0.0000000   0.0000000   3.0516262   0.9965686   0.5618529   5.5346861   3.0534558   0.9971793   0.5625673   5.5479177   3.0559909   0.9978595   0.5619947   5.5404881   3.0557940   0.9978715   0.5626486   5.5511811
  94.0000000   0.0018132   0.0005355   0.0000530   0.0023043   0.0000000   0.0000000   0.0000000   0.0000000   3.0516962   0.9965899   0.5618606   5.5349144   3.0535014   0.9971867   0.5625470   5.5477954   3.0559909   0.9978595   0.5619947   5.5404881   3.0558027   0.9978677   0.5626239   5.5509312
  95.0000000   0.0017843   0.0005268   0.0000502   0.0022125   0.0000000   0.0000000   0.0000000   0.0000000   3.0517652   0.9966110   0.5618678   5.5351347   3.0535459   0.9971941   0.5625312   5.5476695   3.0559909   0.9978595   0.5619947   5.5404881   3.0558110   0.9978639   0.5626040   5.5506821
  96.0000000   0.0017559   0.0005181   0.0000475   0.0021240   0.0000000   0.0000000   0.0000000   0.0000000   3.0518334   0.9966317   0.5618746   5.5353472   3.0535899   0.9972015   0.5625146   5.5475252   3.0559909   0.9978595   0.5619947   5.5404881   3.0558192   0.9978604   0.5625835   5.5504189
  97.0000000   0.0017278   0.0005096   0.0000450   0.0020388   0.0000000   0.0000000   0.0000000   0.0000000   3.0519005   0.9966521   0.5618810   5.5355521   3.0536325   0.9972090   0.5625047   5.5473845   3.0559909   0.9978595   0.5619947   5.5404881   3.0558265   0.9978571   0.5625699   5.5501636
  98.0000000   0.0017001   0.0005012   0.0000426   0.0019566   0.0000000   0.0000000   0.0000000   0.0000000   3.0519668   0.9966722   0.5618871   5.5357496   3.0536735   0.9972159   0.5624159   5.5470197   3.0559909   0.9978595   0.5619947   5.5404881   3.0558326   0.9978534   0.5624779   5.5496884
  99.0000000   0.0016729   0.0004930   0.0000404   0.0018774   0.0000000   0.0000000   0.0000000   0.0000000   3.0520321   0.9966920   0.5618928   5.5359400   3.0536862   0.9972169   0.5625239   5.5468353   3.0559909   0.9978595   0.5619947   5.5404881   3.0558110   0.9978439   0.5625826   5.5493974
 100.0000000   0.0016460   0.0004849   0.0000383   0.0018011   0.0000000   0.0000000   0.0000000   0.0000000   3.0520964   0.9967115   0.5618981   5.5361235   3.0537253   0.9972249   0.5624467   5.5466503   3.0559909   0.9978595   0.5619947   5.5404881   3.0558162   0.9978417   0.5625021   5.5491096
 101.0000000   0.0016196   0.0004769   0.0000363   0.0017276   0.0000000   0.0000000   0.0000000   0.0000000   3.0521599   0.9967306   0.5619032   5.5363004   3.0537638   0.9972330   0.5624716   5.5464785   3.0559909   0.9978595   0.5619947   5.5404881   3.0558213   0.9978396   0.5625242   5.5488387
 102.0000000   0.0015935   0.0004691   0.0000345   0.0016568   0.0000000   0.0000000   0.0000000   0.0000000   3.0522224   0.9967495   0.5619079   5.5364707   3.0538032   0.9972411   0.5624705   5.5463144   3.0559909   0.9978595   0.5619947   5.5404881   3.0558279   0.9978378   0.5625203   5.5485792
 103.0000000   0.0015678   0.0004613   0.0000327   0.0015887   0.0000000   0.0000000   0.0000000   0.0000000   3.0522840   0.9967680   0.5619124   5.5366348   3.0538431   0.9972492   0.5624781   5.5461582   3.0559909   0.9978595   0.5619947   5.5404881   3.0558353   0.9978361   0.5625253   5.5483309
 104.0000000   0.0015425   0.0004537   0.0000311   0.0015231   0.0000000   0.0000000   0.0000000   0.0000000   3.0523446   0.9967863   0.5619166   5.5367928   3.0538834   0.9972577   0.5624675   5.5460093   3.0559909   0.9978595   0.5619947   5.5404881   3.0558437   0.9978349   0.5625124   5.5480934
 105.0000000   0.0015176   0.0004463   0.0000295   0.0014600   0.0000000   0.0000000   0.0000000   0.0000000   3.0524044   0.9968042   0.5619205   5.5369449   3.0539235   0.9972662   0.5624845   5.5458575   3.0559909   0.9978595   0.5619947   5.5404881   3.0558523   0.9978340   0.5625271   5.5478563
 106.0000000   0.0014931   0.0004389   0.0000281   0.0013992   0.0000000   0.0000000   0.0000000   0.0000000   3.0524633   0.9968219   0.5619243   5.5370913   3.0539642   0.9972749   0.5624947   5.5457293   3.0559909   0.9978595   0.5619947   5.5404881   3.0558620   0.9978334   0.5625352   5.5476459
 107.0000000   0.0014690   0.0004317   0.0000267   0.0013408   0.0000000   0.0000000   0.0000000   0.0000000   3.0525212   0.9968393   0.5619278   5.5372323   3.0540048   0.9972835   0.5625037   5.5456272   3.0559909   0.9978595   0.5619947   5.5404881   3.0558719   0.9978328   0.5625422   5.5474648
 108.0000000   0.0014452   0.0004246   0.0000254   0.0012845   0.0000000   0.0000000   0.0000000   0.0000000   3.0525783   0.9968563   0.5619311   5.5373679   3.0540460   0.9972925   0.5625066   5.5455348   3.0559909   0.9978595   0.5619947   5.5404881   3.0558831   0.9978327   0.5625433   5.5472962
 109.0000000   0.0014218   0.0004176   0.0000242   0.0012305   0.0000000   0.0000000   0.0000000   0.0000000   3.0526345   0.9968732   0.5619342   5.5374984   3.0540873   0.9973016   0.5625730   5.5454628   3.0559909   0.9978595   0.5619947   5.5404881   3.0558948   0.9978329   0.5626079   5.5471510
 110.0000000   0.0013988   0.0004107   0.0000230   0.0011784   0.0000000   0.0000000   0.0000000   0.0000000   3.0526898   0.9968897   0.5619372   5.5376239   3.0541320   0.9973117   0.5625800   5.5453965   3.0559909   0.9978595   0.5619947   5.5404881   3.0559104   0.9978343   0.5626132   5.5470143
 111.0000000   0.0013761   0.0004040   0.0000219   0.0011284   0.0000000   0.0000000   0.0000000   0.0000000   3.0527443   0.9969059   0.5619400   5.5377446   3.0541772   0.9973225   0.5625902   5.5453276   3.0559909   0.9978595   0.5619947   5.5404881   3.0559268   0.9978365   0.5626218   5.5468775
 112.0000000   0.0013538   0.0003974   0.0000209   0.0010804   0.0000000   0.0000000   0.0000000   0.0000000   3.0527979   0.9969219   0.5619426   5.5378607   3.0542221   0.9973331   0.5626193   5.5452835   3.0559909   0.9978595   0.5619947   5.5404881   3.0559435   0.9978387   0.5626495   5.5467683
 113.0000000   0.0013319   0.0003908   0.0000199   0.0010342   0.0000000   0.0000000   0.0000000   0.0000000   3.0528507   0.9969376   0.5619450   5.5379723   3.0542690   0.9973442   0.5626610   5.5452569   3.0559909   0.9978595   0.5619947   5.5404881   3.0559625   0.9978415   0.5626898   5.5466790
 114.0000000   0.0013103   0.0003844   0.0000190   0.0009898   0.0000000   0.0000000   0.0000000   0.0000000   3.0529026   0.9969531   0.5619474   5.5380796   3.0543174   0.9973559   0.5626870   5.5452593   3.0559909   0.9978595   0.5619947   5.5404881   3.0559836   0.9978450   0.5627145   5.5466212
 115.0000000   0.0012890   0.0003781   0.0000182   0.0009471   0.0000000   0.0000000   0.0000000   0.0000000   3.0529537   0.9969683   0.5619496   5.5381827   3.0543672   0.9973679   0.5627486   5.5452777   3.0559909   0.9978595   0.5619947   5.5404881   3.0560064   0.9978490   0.5627749   5.5465817
 116.0000000   0.0012681   0.0003719   0.0000173   0.0009061   0.0000000   0.0000000   0.0000000   0.0000000   3.0530040   0.9969832   0.5619517   5.5382818   3.0544199   0.9973807   0.5627800   5.5453616   3.0559909   0.9978595   0.5619947   5.5404881   3.0560326   0.9978539   0.5628051   5.5466099
 117.0000000   0.0012476   0.0003658   0.0000166   0.0008668   0.0000000   0.0000000   0.0000000   0.0000000   3.0530535   0.9969979   0.5619536   5.5383770   3.0544750   0.9973943   0.5628173   5.5454409   3.0559909   0.9978595   0.5619947   5.5404881   3.0560616   0.9978597   0.5628414   5.5466357
 118.0000000   0.0012273   0.0003598   0.0000158   0.0008290   0.0000000   0.0000000   0.0000000   0.0000000   3.0531022   0.9970124   0.5619555   5.5384684   3.0545318   0.9974084   0.5628923   5.5455465   3.0559909   0.9978595   0.5619947   5.5404881   3.0560927   0.9978663   0.5629153   5.5466900
 119.0000000   0.0012074   0.0003539   0.0000152   0.0007927   0.0000000   0.0000000   0.0000000   0.0000000   3.0531501   0.9970266   0.5619572   5.5385562   3.0546014   0.9974280   0.5616465   5.5453414   3.0559909   0.9978595   0.5619947   5.5404881   3.0561371   0.9978783   0.5616672   5.5404881
