 t r r1 w w1
   1.0000000   0.0101010   0.0101010   1.9459142   1.9459142
   2.0000000   0.0101010   0.0101010   1.9184818   1.9201965
   3.0000000   0.0093370   0.0096536   1.9188053   1.9202985
   4.0000000   0.0094615   0.0091969   1.9191988   1.9206313
   5.0000000   0.0095792   0.0079871   1.9198997   1.9207261
   6.0000000   0.0097192   0.0097943   1.9206588   1.9214359
   7.0000000   0.0098053   0.0099078   1.9215355   1.9223807
   8.0000000   0.0098642   0.0096126   1.9222392   1.9228974
   9.0000000   0.0099362   0.0098812   1.9229820   1.9235092
  10.0000000   0.0100021   0.0099798   1.9237686   1.9241599
  11.0000000   0.0100525   0.0101655   1.9245940   1.9247729
  12.0000000   0.0100988   0.0100627   1.9255613   1.9259822
  13.0000000   0.0101321   0.0101866   1.9262941   1.9266341
  14.0000000   0.0101652   0.0102036   1.9270243   1.9273054
  15.0000000   0.0101959   0.0103459   1.9277694   1.9279884
  16.0000000   0.0102158   0.0103910   1.9284978   1.9286551
  17.0000000   0.0102354   0.0102940   1.9292174   1.9293124
  18.0000000   0.0102512   0.0103612   1.9299130   1.9299862
  19.0000000   0.0102676   0.0104437   1.9306094   1.9306525
  20.0000000   0.0102775   0.0103758   1.9312914   1.9313049
  21.0000000   0.0102854   0.0104989   1.9319585   1.9319464
  22.0000000   0.0102940   0.0105359   1.9326104   1.9325801
  23.0000000   0.0102941   0.0103776   1.9332436   1.9331637
  24.0000000   0.0102985   0.0103769   1.9338604   1.9337517
  25.0000000   0.0103016   0.0105831   1.9344453   1.9343437
  26.0000000   0.0103030   0.0103500   1.9350232   1.9349113
  27.0000000   0.0103022   0.0103506   1.9355812   1.9354537
  28.0000000   0.0103007   0.0105104   1.9361208   1.9359985
  29.0000000   0.0102995   0.0104218   1.9366459   1.9365244
  30.0000000   0.0102967   0.0104698   1.9371546   1.9370359
  31.0000000   0.0102980   0.0105198   1.9376357   1.9375483
  32.0000000   0.0102854   0.0104594   1.9380953   1.9379919
  33.0000000   0.0102831   0.0103383   1.9385424   1.9384362
  34.0000000   0.0102865   0.0103523   1.9389777   1.9388838
  35.0000000   0.0102782   0.0104434   1.9393907   1.9392934
  36.0000000   0.0102721   0.0103497   1.9397874   1.9396859
  37.0000000   0.0102676   0.0104011   1.9401661   1.9400609
  38.0000000   0.0102615   0.0104613   1.9405291   1.9404188
  39.0000000   0.0102574   0.0102510   1.9408654   1.9407724
  40.0000000   0.0102527   0.0103395   1.9411940   1.9411127
  41.0000000   0.0102486   0.0103834   1.9415103   1.9414443
  42.0000000   0.0102402   0.0103124   1.9418088   1.9417431
  43.0000000   0.0102350   0.0102877   1.9420966   1.9420365
  44.0000000   0.0102297   0.0104574   1.9423203   1.9423556
  45.0000000   0.0102255   0.0102285   1.9424050   1.9420435
  46.0000000   0.0102229   0.0103174   1.9426231   1.9423096
  47.0000000   0.0102163   0.0102853   1.9428381   1.9425336
  48.0000000   0.0102135   0.0103296   1.9430347   1.9427705
  49.0000000   0.0102094   0.0103203   1.9432135   1.9429112
  50.0000000   0.0102032   0.0102579   1.9434016   1.9431022
  51.0000000   0.0102009   0.0102925   1.9435672   1.9432907
  52.0000000   0.0101973   0.0103248   1.9437327   1.9434787
  53.0000000   0.0101911   0.0102762   1.9438946   1.9436467
  54.0000000   0.0101885   0.0102098   1.9440468   1.9438140
  55.0000000   0.0101863   0.0102785   1.9441921   1.9439775
  56.0000000   0.0101820   0.0102439   1.9443308   1.9441308
  57.0000000   0.0101787   0.0102720   1.9444563   1.9442813
  58.0000000   0.0101752   0.0102346   1.9445799   1.9444210
  59.0000000   0.0101717   0.0102516   1.9447002   1.9445496
  60.0000000   0.0101677   0.0102499   1.9448100   1.9446723
  61.0000000   0.0101636   0.0101674   1.9449183   1.9447820
  62.0000000   0.0101648   0.0102105   1.9450217   1.9448946
  63.0000000   0.0101596   0.0102294   1.9451167   1.9449962
  64.0000000   0.0101573   0.0102335   1.9452066   1.9450922
  65.0000000   0.0101536   0.0101750   1.9452906   1.9451805
  66.0000000   0.0101517   0.0102274   1.9453703   1.9452640
  67.0000000   0.0101486   0.0101712   1.9454445   1.9453402
  68.0000000   0.0101468   0.0101860   1.9455136   1.9454126
  69.0000000   0.0101437   0.0101584   1.9455772   1.9454746
  70.0000000   0.0101421   0.0101694   1.9456352   1.9455402
  71.0000000   0.0101394   0.0101737   1.9456921   1.9455980
  72.0000000   0.0101384   0.0101600   1.9457461   1.9456529
  73.0000000   0.0101358   0.0101650   1.9457951   1.9457031
  74.0000000   0.0101342   0.0101464   1.9458404   1.9457428
  75.0000000   0.0101336   0.0101358   1.9458831   1.9457869
  76.0000000   0.0101309   0.0101492   1.9459228   1.9458263
  77.0000000   0.0101299   0.0101547   1.9459600   1.9458634
  78.0000000   0.0101291   0.0101278   1.9459946   1.9458988
  79.0000000   0.0101261   0.0101579   1.9460256   1.9459301
  80.0000000   0.0101254   0.0101332   1.9460544   1.9459593
  81.0000000   0.0101242   0.0101540   1.9460811   1.9459880
  82.0000000   0.0101225   0.0101284   1.9460940   1.9460202
  83.0000000   0.0101212   0.0101248   1.9461104   1.9460470
  84.0000000   0.0101201   0.0101343   1.9461251   1.9460725
  85.0000000   0.0101192   0.0101214   1.9461382   1.9460959
  86.0000000   0.0101176   0.0101429   1.9461495   1.9461162
  87.0000000   0.0101164   0.0101289   1.9461591   1.9461336
  88.0000000   0.0101154   0.0101155   1.9461679   1.9461488
  89.0000000   0.0101141   0.0101203   1.9461755   1.9461624
  90.0000000   0.0101135   0.0101115   1.9461825   1.9461746
  91.0000000   0.0101127   0.0101212   1.9461895   1.9461870
  92.0000000   0.0101111   0.0101066   1.9461941   1.9461951
  93.0000000   0.0101107   0.0101043   1.9461980   1.9462028
  94.0000000   0.0101099   0.0101218   1.9462012   1.9462093
  95.0000000   0.0101093   0.0101031   1.9462036   1.9462148
  96.0000000   0.0101085   0.0101058   1.9462055   1.9462190
  97.0000000   0.0101084   0.0101047   1.9462069   1.9462232
  98.0000000   0.0101071   0.0101152   1.9462080   1.9462252
  99.0000000   0.0101068   0.0100822   1.9462082   1.9462339
 100.0000000   0.0101058   0.0101141   1.9462072   1.9462376
 101.0000000   0.0101052   0.0100924   1.9462057   1.9462395
 102.0000000   0.0101046   0.0101198   1.9462041   1.9462409
 103.0000000   0.0101039   0.0100971   1.9461906   1.9462481
 104.0000000   0.0101033   0.0100877   1.9461823   1.9462508
 105.0000000   0.0101026   0.0100908   1.9461738   1.9462540
 106.0000000   0.0101027   0.0100913   1.9461656   1.9462575
 107.0000000   0.0101023   0.0100706   1.9461578   1.9462604
 108.0000000   0.0101011   0.0101645   1.9461502   1.9462651
 109.0000000   0.0101011   0.0100300   1.9461426   1.9462669
 110.0000000   0.0101000   0.0101208   1.9461347   1.9462690
 111.0000000   0.0100993   0.0100986   1.9461262   1.9462698
 112.0000000   0.0100981   0.0101173   1.9461187   1.9462682
 113.0000000   0.0100982   0.0100296   1.9461117   1.9462664
 114.0000000   0.0100976   0.0101445   1.9461036   1.9462676
 115.0000000   0.0100965   0.0101010   1.9460990   1.9462637
 116.0000000   0.0100959   0.0101175   1.9460904   1.9462616
 117.0000000   0.0100957   0.0100784   1.9460807   1.9462602
 118.0000000   0.0100946   0.0101410   1.9460698   1.9462586
 119.0000000   0.0100876   0.0102144   1.9460342   1.9462601
 120.0000000   0.0101010   0.0101010   1.9459142   1.9459142
