  9.337011377464401E-003
  9.461515504324841E-003
  9.579229092398171E-003
  9.719151821914147E-003
  9.805331646822834E-003
  9.864150877938540E-003
  9.936185276674071E-003
  1.000208116147717E-002
  1.005246910344625E-002
  1.009879149599380E-002
  1.013207230508899E-002
  1.016521546114952E-002
  1.019585527009883E-002
  1.021582881225170E-002
  1.023539350547822E-002
  1.025118118992886E-002
  1.026755623609689E-002
  1.027752921846524E-002
  1.028540746193655E-002
  1.029395716283686E-002
  1.029411441960390E-002
  1.029854685313838E-002
  1.030161202455995E-002
  1.030300590478931E-002
  1.030223464746958E-002
  1.030068933114640E-002
  1.029951690238589E-002
  1.029669346882966E-002
  1.029803854128654E-002
  1.028535665137613E-002
  1.028309780262408E-002
  1.028652292603018E-002
  1.027819644516689E-002
  1.027210623426559E-002
  1.026760840850649E-002
  1.026152943624635E-002
  1.025739586904766E-002
  1.025274552369265E-002
  1.024857896175417E-002
  1.024022053516675E-002
  1.023502432583378E-002
  1.022969565913309E-002
  1.022546700899875E-002
  1.022288173817164E-002
  1.021634336120832E-002
  1.021349239444471E-002
  1.020942034643731E-002
  1.020320784332071E-002
  1.020086253027057E-002
  1.019726391416224E-002
  1.019108985160728E-002
  1.018847342289545E-002
  1.018633658006253E-002
  1.018199951353833E-002
  1.017866760547360E-002
  1.017521985994266E-002
  1.017170842854745E-002
  1.016770998753242E-002
  1.016364555000221E-002
  1.016482408161754E-002
  1.015957577367610E-002
  1.015725048315998E-002
  1.015360778314667E-002
  1.015165710205989E-002
  1.014855413804773E-002
  1.014676777893434E-002
  1.014367617825058E-002
  1.014213312766206E-002
  1.013944320228604E-002
  1.013836613397434E-002
  1.013580684210801E-002
  1.013415172241100E-002
  1.013357321733972E-002
  1.013085638999666E-002
  1.012987784646074E-002
  1.012907075190312E-002
  1.012611521167786E-002
  1.012539976538480E-002
  1.012416033070028E-002
  1.012248336453801E-002
  1.012122255588516E-002
  1.012011485401242E-002
  1.011919964057587E-002
  1.011757435306613E-002
  1.011639267748494E-002
  1.011537767871173E-002
  1.011409906113640E-002
  1.011347072242360E-002
  1.011267454172496E-002
  1.011106735331116E-002
  1.011069777538467E-002
  1.010985561471492E-002
  1.010933501986967E-002
  1.010854683042505E-002
  1.010842383505403E-002
  1.010710887929505E-002
  1.010675871843122E-002
  1.010581271792733E-002
  1.010522848961933E-002
  1.010462630045170E-002
  1.010387967982139E-002
  1.010329856077441E-002
  1.010261502241756E-002
  1.010274377112989E-002
  1.010230880462911E-002
  1.010107095283933E-002
  1.010107119595144E-002
  1.010004653741393E-002
  1.009928500904794E-002
  1.009814936341480E-002
  1.009820282159189E-002
  1.009755164872424E-002
  1.009651221421980E-002
  1.009593718169904E-002
  1.009573950061237E-002
  1.009458041941471E-002
  1.008759630750750E-002
