 date d_e_o v_e cost mass
 120.0000000   0.0000000  10.7120165  15.4290182   0.0056838
 120.0000000   0.0000000  10.7120165  15.4290182   0.0206890
 120.0000000   0.0000000  10.7120165  15.4290182   0.0509574
 120.0000000   0.0000000  10.7120165  15.4290182   0.0912408
 120.0000000   0.0000000  10.7120165  15.4290182   0.1257631
 120.0000000   0.0000000  10.7120165  15.4290182   0.1398686
 120.0000000   0.0000000  10.7120165  15.4290182   0.1309573
 120.0000000   0.0000000  10.7120165  15.4290182   0.1075329
 120.0000000   0.0000000  10.7120165  15.4290182   0.0803677
 120.0000000   0.0000000  11.5052302  15.4290182   0.0562359
 120.0000000   0.0000000  12.7641225  15.4290182   0.0374398
 120.0000000   0.0000000  14.0433415  15.4290182   0.0237592
 120.0000000   0.0000000  15.0929894  15.4290182   0.0140882
 120.0000000   1.0000000  15.7980887  15.4290182   0.0073119
 120.0000000   1.0000000  16.1471393  15.4290182   0.0027417
 120.0000000   1.0000000  16.2236391  15.4290182   0.0006546
 120.0000000   1.0000000  16.2518363  15.4290182   0.0009880
 120.0000000   1.0000000  16.3841182  15.4290182   0.0025157
 120.0000000   1.0000000  16.6715914  15.4290182   0.0044255
 120.0000000   1.0000000  17.1626802  15.4290182   0.0064829
 120.0000000   1.0000000  17.9138844  15.4290182   0.0084602
 120.0000000   1.0000000  18.9965795  15.4290182   0.0101187
 120.0000000   1.0000000  20.5026839  15.4290182   0.0112271
 120.0000000   1.0000000  22.5490518  15.4290182   0.0116025
 120.0000000   1.0000000  25.2881749  15.4290182   0.0111636
 120.0000000   1.0000000  28.9188581  15.4290182   0.0099690
 120.0000000   1.0000000  33.5543113  15.4290182   0.0082152
 120.0000000   1.0000000  39.3179623  15.4290182   0.0061953
 120.0000000   1.0000000  46.2271234  15.4290182   0.0042294
 120.0000000   1.0000000  53.9495006  15.4290182   0.0025432
 120.0000000   1.0000000  61.2216361  15.4290182   0.0015719
 120.0000000   0.0000000  10.7120165  15.4290182   0.0000286
 120.0000000   0.0000000  10.7120165  15.4290182   0.0001040
 120.0000000   0.0000000  10.7120165  15.4290182   0.0002561
 120.0000000   0.0000000  10.7120165  15.4290182   0.0004585
 120.0000000   0.0000000  10.7120165  15.4290182   0.0006320
 120.0000000   0.0000000  10.7120165  15.4290182   0.0007029
 120.0000000   0.0000000  10.7120165  15.4290182   0.0006581
 120.0000000   0.0000000  10.7120165  15.4290182   0.0005404
 120.0000000   0.0000000  10.7120165  15.4290182   0.0004039
 120.0000000   0.0000000  10.7120165  15.4290182   0.0002826
 120.0000000   0.0000000  10.7120165  15.4290182   0.0001881
 120.0000000   0.0000000  10.7120165  15.4290182   0.0001194
 120.0000000   0.0000000  10.7120165  15.4290182   0.0000708
 120.0000000   0.0000000  10.7120165  15.4290182   0.0000367
 120.0000000   0.0000000  10.7120165  15.4290182   0.0000138
 120.0000000   0.0000000  10.7120165  15.4290182   0.0000033
 120.0000000   0.0000000  10.7120165  15.4290182   0.0000050
 120.0000000   0.0000000  10.7120165  15.4290182   0.0000126
 120.0000000   0.0000000  10.7120165  15.4290182   0.0000222
 120.0000000   0.0000000  10.7120165  15.4290182   0.0000326
 120.0000000   0.0000000  10.7120165  15.4290182   0.0000425
 120.0000000   0.0000000  10.7120165  15.4290182   0.0000508
 120.0000000   0.0000000  10.7120165  15.4290182   0.0000564
 120.0000000   0.0000000  10.7120165  15.4290182   0.0000583
 120.0000000   0.0000000  10.7120165  15.4290182   0.0000561
 120.0000000   0.0000000  10.7120165  15.4290182   0.0000501
 120.0000000   0.0000000  10.7120165  15.4290182   0.0000413
 120.0000000   0.0000000  10.7120165  15.4290182   0.0000311
 120.0000000   0.0000000  10.7120165  15.4290182   0.0000213
 120.0000000   0.0000000  10.7120165  15.4290182   0.0000128
 120.0000000   0.0000000  10.7120165  15.4290182   0.0000079
