   0.0000000   0.0000000   0.0000000   0.0000000   0.0000000   0.0000000   0.0000000   0.0000000   0.0000000   0.0000000   0.0000000   0.0000000   0.0000000
   0.0773665   0.0000000   0.0773665   0.2188256   0.2188256   0.2188256   0.2188256   0.0000000   0.0000000   0.0000000   0.0000000   0.0000000   0.0000000
   0.2188256   0.0000000   0.4020084   0.4020084   0.4020084   0.4020084   0.4020084   0.0000000   0.0000000   0.0000000   0.0000000   0.0000000   0.0000000
   0.4020084   0.0000000   0.6189324   0.6189324   0.6189324   0.8649843   0.8649843   0.0000000   0.0000000   0.0000000   0.0000000   0.0000000   0.0000000
   0.6189324   0.0000000   1.1370514   1.1370514   1.1370514   1.1370514   1.4328485   0.0000000   0.0000000   0.0000000   0.0000000   0.0000000   0.0000000
   0.8649843   0.0000000   1.4328485   1.4328485   1.4328485   1.7506051   2.0888967   0.0000000   0.0000000   0.0000000   0.0000000   0.0000000   0.0000000
   1.1370514   0.0000000   1.7506051   2.0888967   2.0888967   2.0888967   2.4465450   0.0000000   0.0000000   0.0000000   0.0000000   0.0000000   0.0000000
   1.4328485   0.0000000   2.4465450   2.4465450   2.4465450   2.8225539   3.2160669   0.0000000   0.0000000   0.0000000   0.0000000   0.0000000   0.0000000
   1.7506051   0.0000000   2.8225539   3.2160669   3.2160669   3.2160669   4.0527075   0.0000000   0.0000000   0.0000000   0.0000000   0.0000000   0.0000000
   2.0888967   0.0000000   3.6263376   3.6263376   3.6263376   4.0527075   4.9514589   0.0000000   0.0000000   0.0000000   0.0000000   0.0000000   0.0000000
   2.4465450   0.0000000   4.0527075   4.4945902   4.4945902   4.9514589   5.4228375   0.0000000   0.0000000   0.0000000   0.0000000   0.0000000   0.0000000
   2.8225539   0.0000000   4.4945902   4.9514589   4.9514589   5.4228375   6.4074262   0.0000000   0.0000000   0.0000000   0.0000000   0.0000000   0.0000000
   3.2160669   0.0000000   5.4228375   5.9082922   5.9082922   6.4074262   7.4452991   0.0000000   0.0000000   0.0000000   0.0000000   0.0000000   0.0000000
   3.6263376   0.0000000   5.9082922   6.4074262   6.4074262   6.9198742   8.5338492   0.0000000   0.0000000   0.0000000   0.0000000   0.0000000   0.0000000
   4.0527075   4.9514589   6.9198742   7.4452991   7.4452991   7.9833879   9.0964109   0.0000000   0.0000000   0.0000000   0.0000000   0.0000000   0.0000000
   4.4945902   5.4228375   7.4452991   7.9833879   7.9833879   8.5338492  10.2568317   0.0000000   0.0000000   0.0000000   0.0000000   0.0000000   0.0000000
   4.9514589   5.9082922   7.9833879   8.5338492   9.0964109   9.6708183  11.4627879   0.0000000   0.0000000   0.0000000   0.0000000   0.0000000   0.0000000
   5.4228375   6.4074262   9.0964109   9.6708183   9.6708183  10.2568317  12.7126207   0.0000000   0.0000000   0.0000000   0.0000000   0.0000000   0.0000000
   5.9082922   6.9198742   9.6708183  10.2568317  10.8542259  11.4627879  13.4831040   0.0000000   0.0000000   0.0000000   0.0000000   0.0000000   0.0000000
   6.4074262   7.9833879  10.2568317  11.4627879  11.4627879  12.7126207  14.6664200   0.0000000   0.0000000   0.0000000   0.0000000   0.0000000   0.0000000
   6.9198742   8.5338492  11.4627879  12.0823164  12.0823164  13.3535196  16.0197331   0.0000000   0.0000000   0.0000000   0.0000000   0.0000000   0.0000000
   7.4452991   9.0964109  12.0823164  13.3535196  13.3535196  14.6664200  17.4122861   0.0000000   0.0000000   0.0000000   0.0000000   0.0000000   0.0000000
   7.9833879   9.6708183  12.7126207  13.4831040  14.6664200  15.3381007  18.1229380   0.0000000   0.0000000   0.0000000   0.0000000   0.0000000   0.0000000
   8.5338492  10.2568317  13.4831040  15.3381007  15.3381007  16.7111740  19.5723600   0.0000000   0.0000000   0.0000000   0.0000000   0.0000000   0.0000000
   9.0964109  10.8542259  14.6664200  16.0197331  16.0197331  17.4122861  21.0584860   0.0000000   0.0000000   0.0000000   0.0000000   0.0000000   0.0000000
   9.6708183  11.4627879  15.3381007  16.7111740  17.4122861  18.8430031  22.5804308   0.0000000   0.0000000   0.0000000   0.0000000   0.0000000   0.0000000
  10.2568317  12.0823164  16.7111740  18.1229380  18.1229380  19.5723600  23.3545756   0.0000000   0.0000000   0.0000000   0.0000000   0.0000000   0.0000000
  10.8542259  12.7126207  17.4122861  18.8430031  19.5723600  21.0584860  24.9287209   0.0000000   0.0000000   0.0000000   0.0000000   0.0000000   0.0000000
  11.4627879  13.3535196  18.1229380  20.3108919  20.3108919  21.8150339  26.5367253   0.0000000   0.0000000   0.0000000   0.0000000   0.0000000   0.0000000
  12.0823164  13.4831040  19.5723600  21.0584860  21.0584860  23.3545756  27.3532047   0.0000000   0.0000000   0.0000000   0.0000000   0.0000000   0.0000000
  12.7126207  14.6664200  20.3108919  21.8150339  22.5804308  24.1373705  29.0107011   0.0000000   0.0000000   0.0000000   0.0000000   0.0000000   0.0000000
  13.3535196  15.3381007  21.0584860  23.3545756  23.3545756  25.7285354  30.7003869   0.0000000   0.0000000   0.0000000   0.0000000   0.0000000   0.0000000
  13.4831040  15.3381007  21.0584860  23.3545756  23.3545756  25.7285354  30.7003869   0.0000000   0.0000000   0.0000000   0.0000000   0.0000000   0.0000000
  14.6664200  16.7111740  23.3545756  24.9287209  25.7285354  28.1778902  33.2939630   0.0000000   0.0000000   0.0000000   0.0000000   0.0000000   0.0000000
  15.3381007  17.4122861  24.1373705  26.5367253  26.5367253  29.0107011  35.0615593   0.0000000   0.0000000   0.0000000   0.0000000   0.0000000   0.0000000
  16.0197331  18.1229380  24.9287209  27.3532047  28.1778902  30.7003869  36.8593745   0.0000000   0.0000000   0.0000000   0.0000000   0.0000000   0.0000000
  16.7111740  18.8430031  25.7285354  29.0107011  29.0107011  31.5571114  37.7694572   0.0000000   0.0000000   0.0000000   0.0000000   0.0000000   0.0000000
  17.4122861  19.5723600  27.3532047  29.8515587  29.8515587  33.2939630  39.6116716   0.0000000   0.0000000   0.0000000   0.0000000   0.0000000   0.0000000
  18.1229380  20.3108919  28.1778902  30.7003869  31.5571114  34.1739515  41.4829002   0.0000000   0.0000000   0.0000000   0.0000000   0.0000000   0.0000000
  18.8430031  21.0584860  29.0107011  32.4216602  32.4216602  35.9567213  42.4292557   0.0000000   0.0000000   0.0000000   0.0000000   0.0000000   0.0000000
  19.5723600  21.8150339  29.8515587  33.2939630  34.1739515  36.8593745  44.3431811   0.0000000   0.0000000   0.0000000   0.0000000   0.0000000   0.0000000
  20.3108919  21.8150339  31.5571114  34.1739515  35.0615593  38.6869091  46.2850494   0.0000000   0.0000000   0.0000000   0.0000000   0.0000000   0.0000000
  21.0584860  22.5804308  32.4216602  35.9567213  35.9567213  39.6116716  48.2544643   0.0000000   0.0000000   0.0000000   0.0000000   0.0000000   0.0000000
  21.8150339  23.3545756  33.2939630  36.8593745  37.7694572  40.5436873  49.2493824   0.0000000   0.0000000   0.0000000   0.0000000   0.0000000   0.0000000
  22.5804308  24.1373705  34.1739515  37.7694572  38.6869091  42.4292557  51.2594093   0.0000000   0.0000000   0.0000000   0.0000000   0.0000000   0.0000000
  23.3545756  24.9287209  35.9567213  39.6116716  39.6116716  43.3827000  53.2960611   0.0000000   0.0000000   0.0000000   0.0000000   0.0000000   0.0000000
  24.1373705  25.7285354  36.8593745  40.5436873  41.4829002  45.3106475  54.3242633   0.0000000   0.0000000   0.0000000   0.0000000   0.0000000   0.0000000
  24.9287209  26.5367253  37.7694572  41.4829002  42.4292557  46.2850494  56.4002121   0.0000000   0.0000000   0.0000000   0.0000000   0.0000000   0.0000000
  25.7285354  27.3532047  38.6869091  43.3827000  43.3827000  48.2544643  58.5019507   0.0000000   0.0000000   0.0000000   0.0000000   0.0000000   0.0000000
  26.5367253  28.1778902  39.6116716  44.3431811  45.3106475  49.2493824  59.5623930   0.0000000   0.0000000   0.0000000   0.0000000   0.0000000   0.0000000
  27.3532047  28.1778902  41.4829002  45.3106475  46.2850494  51.2594093  61.7022336   0.0000000   0.0000000   0.0000000   0.0000000   0.0000000   0.0000000
  28.1778902  29.0107011  42.4292557  47.2663377  47.2663377  52.2744289  63.8671030   0.0000000   0.0000000   0.0000000   0.0000000   0.0000000   0.0000000
  29.0107011  29.8515587  43.3827000  48.2544643  49.2493824  53.2960611  64.9588337   0.0000000   0.0000000   0.0000000   0.0000000   0.0000000   0.0000000
  29.8515587  30.7003869  44.3431811  49.2493824  50.2510457  55.3589940  67.1607129   0.0000000   0.0000000   0.0000000   0.0000000   0.0000000   0.0000000
  30.7003869  31.5571114  45.3106475  51.2594093  51.2594093  56.4002121  68.2707934   0.0000000   0.0000000   0.0000000   0.0000000   0.0000000   0.0000000
  31.5571114  32.4216602  47.2663377  52.2744289  53.2960611  58.5019507  70.5090705   0.0000000   0.0000000   0.0000000   0.0000000   0.0000000   0.0000000
  32.4216602  32.4216602  48.2544643  53.2960611  54.3242633  59.5623930  72.7712874   0.0000000   0.0000000   0.0000000   0.0000000   0.0000000   0.0000000
  33.2939630  33.2939630  49.2493824  54.3242633  55.3589940  61.7022336  73.9112948   0.0000000   0.0000000   0.0000000   0.0000000   0.0000000   0.0000000
  34.1739515  34.1739515  50.2510457  56.4002121  57.4478775  62.7815578  76.2089540   0.0000000   0.0000000   0.0000000   0.0000000   0.0000000   0.0000000
  35.0615593  35.0615593  51.2594093  57.4478775  58.5019507  63.8671030  77.3665461   0.0000000   0.0000000   0.0000000   0.0000000   0.0000000   0.0000000
  35.9567213  35.9567213  52.2744289  58.5019507  59.5623930  66.0567151  79.6991091   0.0000000   0.0000000   0.0000000   0.0000000   0.0000000   0.0000000
  36.8593745  36.8593745  54.3242633  59.5623930  60.6291664  67.1607129  82.0546539   0.0000000   0.0000000   0.0000000   0.0000000   0.0000000   0.0000000
  37.7694572  37.7694572  55.3589940  61.7022336  62.7815578  69.3869234  83.2409748   0.0000000   0.0000000   0.0000000   0.0000000   0.0000000   0.0000000
  38.6869091  38.6869091  56.4002121  62.7815578  63.8671030  70.5090705  85.6305780   0.0000000   0.0000000   0.0000000   0.0000000   0.0000000   0.0000000
  39.6116716  38.6869091  57.4478775  63.8671030  64.9588337  71.6372023  86.8338070   0.0000000   0.0000000   0.0000000   0.0000000   0.0000000   0.0000000
  40.5436873  39.6116716  58.5019507  64.9588337  66.0567151  73.9112948  89.2569899   0.0000000   0.0000000   0.0000000   0.0000000   0.0000000   0.0000000
  41.4829002  40.5436873  59.5623930  67.1607129  68.2707934  75.0571937  91.7023030   0.0000000   0.0000000   0.0000000   0.0000000   0.0000000   0.0000000
  42.4292557  41.4829002  60.6291664  68.2707934  69.3869234  76.2089540  92.9331962   0.0000000   0.0000000   0.0000000   0.0000000   0.0000000   0.0000000
  43.3827000  42.4292557  61.7022336  69.3869234  70.5090705  78.5299407  95.4113343   0.0000000   0.0000000   0.0000000   0.0000000   0.0000000   0.0000000
  44.3431811  43.3827000  63.8671030  70.5090705  71.6372023  79.6991091  96.6585315   0.0000000   0.0000000   0.0000000   0.0000000   0.0000000   0.0000000
  45.3106475  44.3431811  64.9588337  72.7712874  73.9112948  80.8740228  99.1690653   0.0000000   0.0000000   0.0000000   0.0000000   0.0000000   0.0000000
  46.2850494  45.3106475  66.0567151  73.9112948  75.0571937  83.2409748 101.7009660   0.0000000   0.0000000   0.0000000   0.0000000   0.0000000   0.0000000
  47.2663377  46.2850494  67.1607129  75.0571937  76.2089540  84.4329584 102.9748728   0.0000000   0.0000000   0.0000000   0.0000000   0.0000000   0.0000000
  48.2544643  47.2663377  68.2707934  76.2089540  77.3665461  86.8338070 105.5384900   0.0000000   0.0000000   0.0000000   0.0000000   0.0000000   0.0000000
  49.2493824  48.2544643  69.3869234  77.3665461  79.6991091  88.0426196 108.1230351   0.0000000   0.0000000   0.0000000   0.0000000   0.0000000   0.0000000
  50.2510457  49.2493824  70.5090705  79.6991091  80.8740228  89.2569899 109.4231031   0.0000000   0.0000000   0.0000000   0.0000000   0.0000000   0.0000000
  51.2594093  50.2510457  71.6372023  80.8740228  82.0546539  91.7023030 112.0387264   0.0000000   0.0000000   0.0000000   0.0000000   0.0000000   0.0000000
  52.2744289  51.2594093  72.7712874  82.0546539  83.2409748  92.9331962 113.3542413   0.0000000   0.0000000   0.0000000   0.0000000   0.0000000   0.0000000
  53.2960611  52.2744289  73.9112948  83.2409748  85.6305780  94.1695480 116.0005778   0.0000000   0.0000000   0.0000000   0.0000000   0.0000000   0.0000000
  54.3242633  53.2960611  75.0571937  84.4329584  86.8338070  96.6585315 117.3313603   0.0000000   0.0000000   0.0000000   0.0000000   0.0000000   0.0000000
  55.3589940  54.3242633  76.2089540  86.8338070  88.0426196  97.9111162 120.0080576   0.0000000   0.0000000   0.0000000   0.0000000   0.0000000   0.0000000
  56.4002121  55.3589940  77.3665461  88.0426196  89.2569899  99.1690653 122.7048055   0.0000000   0.0000000   0.0000000   0.0000000   0.0000000   0.0000000
  57.4478775  56.4002121  78.5299407  89.2569899  90.4768927 100.4323560 124.0606521   0.0000000   0.0000000   0.0000000   0.0000000   0.0000000   0.0000000
  58.5019507  57.4478775  79.6991091  90.4768927  91.7023030 102.9748728 126.7871995   0.0000000   0.0000000   0.0000000   0.0000000   0.0000000   0.0000000
  59.5623930  58.5019507  80.8740228  91.7023030  94.1695480 104.2540547 128.1578646   0.0000000   0.0000000   0.0000000   0.0000000   0.0000000   0.0000000
  60.6291664  59.5623930  82.0546539  92.9331962  95.4113343 105.5384900 130.9138893   0.0000000   0.0000000   0.0000000   0.0000000   0.0000000   0.0000000
  61.7022336  59.5623930  84.4329584  95.4113343  96.6585315 108.1230351 132.2992143   0.0000000   0.0000000   0.0000000   0.0000000   0.0000000   0.0000000
  62.7815578  60.6291664  85.6305780  96.6585315  97.9111162 109.4231031 133.6893916   0.0000000   0.0000000   0.0000000   0.0000000   0.0000000   0.0000000
  63.8671030  61.7022336  86.8338070  97.9111162  99.1690653 110.7283403 136.4842358   0.0000000   0.0000000   0.0000000   0.0000000   0.0000000   0.0000000
  64.9588337  61.7022336  88.0426196  99.1690653 101.7009660 113.3542413 137.8888695   0.0000000   0.0000000   0.0000000   0.0000000   0.0000000   0.0000000
  66.0567151  62.7815578  89.2569899 100.4323560 102.9748728 114.6748649 140.7124781   0.0000000   0.0000000   0.0000000   0.0000000   0.0000000   0.0000000
  67.1607129  63.8671030  90.4768927 101.7009660 104.2540547 116.0005778 142.1314208   0.0000000   0.0000000   0.0000000   0.0000000   0.0000000   0.0000000
  68.2707934  63.8671030  91.7023030 102.9748728 105.5384900 117.3313603 144.9835037   0.0000000   0.0000000   0.0000000   0.0000000   0.0000000   0.0000000
  69.3869234  64.9588337  91.7023030 105.5384900 106.8281571 120.0080576 146.4166126   0.0000000   0.0000000   0.0000000   0.0000000   0.0000000   0.0000000
  70.5090705  66.0567151  92.9331962 106.8281571 108.1230351 121.3539345 149.2968883   0.0000000   0.0000000   0.0000000   0.0000000   0.0000000   0.0000000
  71.6372023  66.0567151  94.1695480 108.1230351 109.4231031 122.7048055 150.7440247   0.0000000   0.0000000   0.0000000   0.0000000   0.0000000   0.0000000
  72.7712874  67.1607129  95.4113343 109.4231031 112.0387264 124.0606521 152.1958069   0.0000000   0.0000000   0.0000000   0.0000000   0.0000000   0.0000000
  73.9112948  68.2707934  96.6585315 110.7283403 113.3542413 126.7871995 155.1132492   0.0000000   0.0000000   0.0000000   0.0000000   0.0000000   0.0000000
  75.0571937  68.2707934  97.9111162 112.0387264 114.6748649 128.1578646 156.5788802   0.0000000   0.0000000   0.0000000   0.0000000   0.0000000   0.0000000
  76.2089540  69.3869234  99.1690653 113.3542413 116.0005778 129.5334336 159.5238897   0.0000000   0.0000000   0.0000000   0.0000000   0.0000000   0.0000000
  77.3665461  70.5090705 100.4323560 114.6748649 117.3313603 130.9138893 161.0032399   0.0000000   0.0000000   0.0000000   0.0000000   0.0000000   0.0000000
  78.5299407  70.5090705 101.7009660 116.0005778 118.6671932 133.6893916 163.9755609   0.0000000   0.0000000   0.0000000   0.0000000   0.0000000   0.0000000
  79.6991091  71.6372023 102.9748728 118.6671932 120.0080576 135.0844044 165.4685042   0.0000000   0.0000000   0.0000000   0.0000000   0.0000000   0.0000000
  80.8740228  71.6372023 104.2540547 120.0080576 121.3539345 136.4842358 166.9659510   0.0000000   0.0000000   0.0000000   0.0000000   0.0000000   0.0000000
  82.0546539  72.7712874 105.5384900 121.3539345 122.7048055 137.8888695 169.9743017   0.0000000   0.0000000   0.0000000   0.0000000   0.0000000   0.0000000
  83.2409748  72.7712874 106.8281571 122.7048055 125.4214561 140.7124781 171.4851789   0.0000000   0.0000000   0.0000000   0.0000000   0.0000000   0.0000000
  84.4329584  73.9112948 108.1230351 124.0606521 126.7871995 142.1314208 174.5202712   0.0000000   0.0000000   0.0000000   0.0000000   0.0000000   0.0000000
  85.6305780  73.9112948 109.4231031 125.4214561 128.1578646 143.5551012 176.0444604   0.0000000   0.0000000   0.0000000   0.0000000   0.0000000   0.0000000
  86.8338070  75.0571937 110.7283403 126.7871995 129.5334336 144.9835037 179.1060606   0.0000000   0.0000000   0.0000000   0.0000000   0.0000000   0.0000000
  88.0426196  76.2089540 110.7283403 128.1578646 130.9138893 146.4166126 180.6434465   0.0000000   0.0000000   0.0000000   0.0000000   0.0000000   0.0000000
  89.2569899  76.2089540 112.0387264 129.5334336 132.2992143 149.2968883 182.1852062   0.0000000   0.0000000   0.0000000   0.0000000   0.0000000   0.0000000
  90.4768927  77.3665461 113.3542413 130.9138893 133.6893916 150.7440247 185.2817975   0.0000000   0.0000000   0.0000000   0.0000000   0.0000000   0.0000000
  91.7023030  77.3665461 114.6748649 132.2992143 135.0844044 152.1958069 186.8366047   0.0000000   0.0000000   0.0000000   0.0000000   0.0000000   0.0000000
  92.9331962  78.5299407 116.0005778 133.6893916 136.4842358 153.6522199 189.9591820   0.0000000   0.0000000   0.0000000   0.0000000   0.0000000   0.0000000
  94.1695480  78.5299407 117.3313603 135.0844044 137.8888695 155.1132492 191.5269283   0.0000000   0.0000000   0.0000000   0.0000000   0.0000000   0.0000000
  95.4113343  78.5299407 118.6671932 136.4842358 139.2982890 158.0490985 194.6752771   0.0000000   0.0000000   0.0000000   0.0000000   0.0000000   0.0000000
  96.6585315  79.6991091 118.6671932 137.8888695 140.7124781 159.5238897 196.2558564   0.0000000   0.0000000   0.0000000   0.0000000   0.0000000   0.0000000
  97.9111162  79.6991091 120.0080576 139.2982890 142.1314208 161.0032399 199.4297674   0.0000000   0.0000000   0.0000000   0.0000000   0.0000000   0.0000000
  99.1690653  80.8740228 121.3539345 140.7124781 143.5551012 162.4871349 201.0230764   0.0000000   0.0000000   0.0000000   0.0000000   0.0000000   0.0000000
 100.4323560  82.0546539 122.7048055 142.1314208 144.9835037 163.9755609 202.6206062   0.0000000   0.0000000   0.0000000   0.0000000   0.0000000   0.0000000
 101.7009660  82.0546539 124.0606521 143.5551012 146.4166126 165.4685042 205.8282833   0.0000000   0.0000000   0.0000000   0.0000000   0.0000000   0.0000000
 102.9748728  82.0546539 125.4214561 144.9835037 147.8544126 168.4678880 207.4384088   0.0000000   0.0000000   0.0000000   0.0000000   0.0000000   0.0000000
 104.2540547  83.2409748 125.4214561 146.4166126 149.2968883 169.9743017 210.6711791   0.0000000   0.0000000   0.0000000   0.0000000   0.0000000   0.0000000
 105.5384900  83.2409748 126.7871995 147.8544126 150.7440247 171.4851789 212.2938025   0.0000000   0.0000000   0.0000000   0.0000000   0.0000000   0.0000000
 106.8281571  84.4329584 128.1578646 149.2968883 152.1958069 173.0005064 215.5514726   0.0000000   0.0000000   0.0000000   0.0000000   0.0000000   0.0000000
 108.1230351  84.4329584 129.5334336 150.7440247 153.6522199 174.5202712 217.1864984   0.0000000   0.0000000   0.0000000   0.0000000   0.0000000   0.0000000
 109.4231031  84.4329584 130.9138893 152.1958069 155.1132492 176.0444604 220.4688796   0.0000000   0.0000000   0.0000000   0.0000000   0.0000000   0.0000000
 110.7283403  85.6305780 130.9138893 153.6522199 156.5788802 179.1060606 222.1162144   0.0000000   0.0000000   0.0000000   0.0000000   0.0000000   0.0000000
 112.0387264  85.6305780 132.2992143 155.1132492 158.0490985 180.6434465 223.7676318   0.0000000   0.0000000   0.0000000   0.0000000   0.0000000   0.0000000
 113.3542413  86.8338070 133.6893916 156.5788802 159.5238897 182.1852062 227.0826744   0.0000000   0.0000000   0.0000000   0.0000000   0.0000000   0.0000000
 114.6748649  86.8338070 135.0844044 158.0490985 161.0032399 183.7313272 228.7462797   0.0000000   0.0000000   0.0000000   0.0000000   0.0000000   0.0000000
 116.0005778  88.0426196 136.4842358 159.5238897 162.4871349 185.2817975 232.0856087   0.0000000   0.0000000   0.0000000   0.0000000   0.0000000   0.0000000
 117.3313603  88.0426196 136.4842358 161.0032399 163.9755609 186.8366047 233.7613130   0.0000000   0.0000000   0.0000000   0.0000000   0.0000000   0.0000000
 118.6671932  88.0426196 137.8888695 162.4871349 165.4685042 188.3957369 235.4410310   0.0000000   0.0000000   0.0000000   0.0000000   0.0000000   0.0000000
 120.0080576  89.2569899 139.2982890 163.9755609 166.9659510 189.9591820 238.8124699   0.0000000   0.0000000   0.0000000   0.0000000   0.0000000   0.0000000
 121.3539345  89.2569899 140.7124781 165.4685042 168.4678880 191.5269283 240.5041718   0.0000000   0.0000000   0.0000000   0.0000000   0.0000000   0.0000000
 122.7048055  89.2569899 140.7124781 166.9659510 169.9743017 194.6752771 242.1998495   0.0000000   0.0000000   0.0000000   0.0000000   0.0000000   0.0000000
 124.0606521  90.4768927 142.1314208 168.4678880 171.4851789 196.2558564 243.8994937   0.0000000   0.0000000   0.0000000   0.0000000   0.0000000   0.0000000
 125.4214561  90.4768927 143.5551012 168.4678880 173.0005064 197.8406903 245.6030951   0.0000000   0.0000000   0.0000000   0.0000000   0.0000000   0.0000000
 126.7871995  90.4768927 143.5551012 169.9743017 174.5202712 199.4297674 249.0221333   0.0000000   0.0000000   0.0000000   0.0000000   0.0000000   0.0000000
 128.1578646  91.7023030 144.9835037 171.4851789 176.0444604 201.0230764 250.7375518   0.0000000   0.0000000   0.0000000   0.0000000   0.0000000   0.0000000
 129.5334336  91.7023030 146.4166126 173.0005064 177.5730611 202.6206062 252.4568913   0.0000000   0.0000000   0.0000000   0.0000000   0.0000000   0.0000000
 130.9138893  91.7023030 146.4166126 174.5202712 179.1060606 204.2223455 254.1801428   0.0000000   0.0000000   0.0000000   0.0000000   0.0000000   0.0000000
 132.2992143  91.7023030 147.8544126 176.0444604 180.6434465 205.8282833 255.9072975   0.0000000   0.0000000   0.0000000   0.0000000   0.0000000   0.0000000
 133.6893916  92.9331962 149.2968883 177.5730611 182.1852062 207.4384088 257.6383466   0.0000000   0.0000000   0.0000000   0.0000000   0.0000000   0.0000000
 135.0844044  92.9331962 149.2968883 179.1060606 182.1852062 209.0527109 259.3732813   0.0000000   0.0000000   0.0000000   0.0000000   0.0000000   0.0000000
 136.4842358  94.1695480 150.7440247 180.6434465 183.7313272 210.6711791 262.8547730   0.0000000   0.0000000   0.0000000   0.0000000   0.0000000   0.0000000
 137.8888695  94.1695480 152.1958069 180.6434465 185.2817975 212.2938025 264.6013128   0.0000000   0.0000000   0.0000000   0.0000000   0.0000000   0.0000000
 139.2982890  94.1695480 152.1958069 182.1852062 186.8366047 213.9205705 266.3517039   0.0000000   0.0000000   0.0000000   0.0000000   0.0000000   0.0000000
 140.7124781  94.1695480 153.6522199 183.7313272 188.3957369 215.5514726 268.1059377   0.0000000   0.0000000   0.0000000   0.0000000   0.0000000   0.0000000
 142.1314208  94.1695480 153.6522199 185.2817975 189.9591820 217.1864984 269.8640059   0.0000000   0.0000000   0.0000000   0.0000000   0.0000000   0.0000000
 143.5551012  94.1695480 155.1132492 186.8366047 191.5269283 218.8256375 271.6259002   0.0000000   0.0000000   0.0000000   0.0000000   0.0000000   0.0000000
 144.9835037  95.4113343 156.5788802 188.3957369 193.0989638 220.4688796 273.3916123   0.0000000   0.0000000   0.0000000   0.0000000   0.0000000   0.0000000
 146.4166126  95.4113343 156.5788802 189.9591820 194.6752771 223.7676318 275.1611339   0.0000000   0.0000000   0.0000000   0.0000000   0.0000000   0.0000000
 147.8544126  95.4113343 158.0490985 189.9591820 194.6752771 225.4231219 276.9344568   0.0000000   0.0000000   0.0000000   0.0000000   0.0000000   0.0000000
 149.2968883  96.6585315 158.0490985 191.5269283 196.2558564 227.0826744 278.7115729   0.0000000   0.0000000   0.0000000   0.0000000   0.0000000   0.0000000
 150.7440247  96.6585315 159.5238897 193.0989638 197.8406903 228.7462797 280.4924742   0.0000000   0.0000000   0.0000000   0.0000000   0.0000000   0.0000000
 152.1958069  96.6585315 161.0032399 194.6752771 199.4297674 230.4139277 282.2771525   0.0000000   0.0000000   0.0000000   0.0000000   0.0000000   0.0000000
 153.6522199  96.6585315 161.0032399 196.2558564 201.0230764 232.0856087 284.0656000   0.0000000   0.0000000   0.0000000   0.0000000   0.0000000   0.0000000
 155.1132492  96.6585315 162.4871349 196.2558564 202.6206062 233.7613130 285.8578087   0.0000000   0.0000000   0.0000000   0.0000000   0.0000000   0.0000000
 156.5788802  96.6585315 162.4871349 197.8406903 202.6206062 235.4410310 289.4534783   0.0000000   0.0000000   0.0000000   0.0000000   0.0000000   0.0000000
 158.0490985  97.9111162 163.9755609 199.4297674 204.2223455 237.1247531 291.2569235   0.0000000   0.0000000   0.0000000   0.0000000   0.0000000   0.0000000
 159.5238897  97.9111162 163.9755609 201.0230764 205.8282833 238.8124699 293.0640987   0.0000000   0.0000000   0.0000000   0.0000000   0.0000000   0.0000000
 161.0032399  97.9111162 165.4685042 202.6206062 207.4384088 240.5041718 294.8749962   0.0000000   0.0000000   0.0000000   0.0000000   0.0000000   0.0000000
 162.4871349  97.9111162 166.9659510 202.6206062 209.0527109 242.1998495 296.6896084   0.0000000   0.0000000   0.0000000   0.0000000   0.0000000   0.0000000
 163.9755609  97.9111162 166.9659510 204.2223455 209.0527109 243.8994937 298.5079277   0.0000000   0.0000000   0.0000000   0.0000000   0.0000000   0.0000000
 165.4685042  99.1690653 168.4678880 205.8282833 210.6711791 243.8994937 300.3299465   0.0000000   0.0000000   0.0000000   0.0000000   0.0000000   0.0000000
 166.9659510  99.1690653 168.4678880 207.4384088 212.2938025 245.6030951 302.1556573   0.0000000   0.0000000   0.0000000   0.0000000   0.0000000   0.0000000
 168.4678880  99.1690653 169.9743017 207.4384088 213.9205705 247.3106447 303.9850528   0.0000000   0.0000000   0.0000000   0.0000000   0.0000000   0.0000000
 169.9743017  99.1690653 169.9743017 209.0527109 215.5514726 249.0221333 305.8181254   0.0000000   0.0000000   0.0000000   0.0000000   0.0000000   0.0000000
 171.4851789  99.1690653 171.4851789 210.6711791 215.5514726 250.7375518 307.6548678   0.0000000   0.0000000   0.0000000   0.0000000   0.0000000   0.0000000
 173.0005064  99.1690653 171.4851789 210.6711791 217.1864984 252.4568913 309.4952728   0.0000000   0.0000000   0.0000000   0.0000000   0.0000000   0.0000000
 174.5202712  99.1690653 173.0005064 212.2938025 218.8256375 254.1801428 311.3393330   0.0000000   0.0000000   0.0000000   0.0000000   0.0000000   0.0000000
 176.0444604  99.1690653 174.5202712 213.9205705 220.4688796 255.9072975 313.1870411   0.0000000   0.0000000   0.0000000   0.0000000   0.0000000   0.0000000
 177.5730611  99.1690653 176.0444604 215.5514726 220.4688796 257.6383466 315.0383901   0.0000000   0.0000000   0.0000000   0.0000000   0.0000000   0.0000000
 179.1060606  99.1690653 177.5730611 215.5514726 222.1162144 259.3732813 318.7519820   0.0000000   0.0000000   0.0000000   0.0000000   0.0000000   0.0000000
 180.6434465 100.4323560 179.1060606 217.1864984 223.7676318 261.1120930 320.6142107   0.0000000   0.0000000   0.0000000   0.0000000   0.0000000   0.0000000
 182.1852062 100.4323560 180.6434465 218.8256375 223.7676318 262.8547730 322.4800518   0.0000000   0.0000000   0.0000000   0.0000000   0.0000000   0.0000000
 183.7313272 100.4323560 182.1852062 218.8256375 225.4231219 264.6013128 324.3494985   0.0000000   0.0000000   0.0000000   0.0000000   0.0000000   0.0000000
 185.2817975 100.4323560 182.1852062 220.4688796 227.0826744 266.3517039 326.2225437   0.0000000   0.0000000   0.0000000   0.0000000   0.0000000   0.0000000
 186.8366047 100.4323560 183.7313272 222.1162144 228.7462797 268.1059377 328.0991806   0.0000000   0.0000000   0.0000000   0.0000000   0.0000000   0.0000000
 188.3957369 100.4323560 185.2817975 222.1162144 228.7462797 269.8640059 329.9794023   0.0000000   0.0000000   0.0000000   0.0000000   0.0000000   0.0000000
 189.9591820 100.4323560 186.8366047 223.7676318 230.4139277 269.8640059 331.8632020   0.0000000   0.0000000   0.0000000   0.0000000   0.0000000   0.0000000
 191.5269283 100.4323560 188.3957369 225.4231219 232.0856087 271.6259002 333.7505728   0.0000000   0.0000000   0.0000000   0.0000000   0.0000000   0.0000000
 193.0989638 100.4323560 189.9591820 225.4231219 232.0856087 273.3916123 335.6415081   0.0000000   0.0000000   0.0000000   0.0000000   0.0000000   0.0000000
 194.6752771 100.4323560 191.5269283 227.0826744 233.7613130 275.1611339 337.5360011   0.0000000   0.0000000   0.0000000   0.0000000   0.0000000   0.0000000
 196.2558564 100.4323560 193.0989638 228.7462797 235.4410310 276.9344568 339.4340452   0.0000000   0.0000000   0.0000000   0.0000000   0.0000000   0.0000000
 197.8406903 100.4323560 194.6752771 228.7462797 235.4410310 278.7115729 343.2407601   0.0000000   0.0000000   0.0000000   0.0000000   0.0000000   0.0000000
 199.4297674 100.4323560 196.2558564 230.4139277 237.1247531 280.4924742 345.1494178   0.0000000   0.0000000   0.0000000   0.0000000   0.0000000   0.0000000
 201.0230764 100.4323560 197.8406903 230.4139277 238.8124699 282.2771525 347.0616002   0.0000000   0.0000000   0.0000000   0.0000000   0.0000000   0.0000000
 202.6206062 100.4323560 199.4297674 232.0856087 238.8124699 282.2771525 348.9773009   0.0000000   0.0000000   0.0000000   0.0000000   0.0000000   0.0000000
 204.2223455 100.4323560 201.0230764 233.7613130 240.5041718 284.0656000 350.8965135   0.0000000   0.0000000   0.0000000   0.0000000   0.0000000   0.0000000
 205.8282833 100.4323560 202.6206062 233.7613130 242.1998495 285.8578087 352.8192314   0.0000000   0.0000000   0.0000000   0.0000000   0.0000000   0.0000000
 207.4384088 100.4323560 204.2223455 235.4410310 242.1998495 287.6537707 354.7454484   0.0000000   0.0000000   0.0000000   0.0000000   0.0000000   0.0000000
 209.0527109 100.4323560 205.8282833 235.4410310 243.8994937 289.4534783 356.6751581   0.0000000   0.0000000   0.0000000   0.0000000   0.0000000   0.0000000
 210.6711791 100.4323560 207.4384088 237.1247531 243.8994937 291.2569235 358.6083542   0.0000000   0.0000000   0.0000000   0.0000000   0.0000000   0.0000000
 212.2938025 100.4323560 209.0527109 238.8124699 245.6030951 293.0640987 360.5450304   0.0000000   0.0000000   0.0000000   0.0000000   0.0000000   0.0000000
 213.9205705 100.4323560 210.6711791 238.8124699 247.3106447 293.0640987 364.4287981   0.0000000   0.0000000   0.0000000   0.0000000   0.0000000   0.0000000
 215.5514726 100.4323560 212.2938025 240.5041718 247.3106447 294.8749962 366.3758772   0.0000000   0.0000000   0.0000000   0.0000000   0.0000000   0.0000000
 217.1864984 100.4323560 213.9205705 240.5041718 249.0221333 296.6896084 368.3264118   0.0000000   0.0000000   0.0000000   0.0000000   0.0000000   0.0000000
 218.8256375 100.4323560 215.5514726 242.1998495 250.7375518 298.5079277 370.2803955   0.0000000   0.0000000   0.0000000   0.0000000   0.0000000   0.0000000
 220.4688796 100.4323560 217.1864984 242.1998495 250.7375518 300.3299465 372.2378224   0.0000000   0.0000000   0.0000000   0.0000000   0.0000000   0.0000000
 222.1162144 100.4323560 218.8256375 243.8994937 252.4568913 300.3299465 374.1986863   0.0000000   0.0000000   0.0000000   0.0000000   0.0000000   0.0000000
 223.7676318 100.4323560 220.4688796 243.8994937 252.4568913 302.1556573 376.1629814   0.0000000   0.0000000   0.0000000   0.0000000   0.0000000   0.0000000
 225.4231219  99.1690653 222.1162144 245.6030951 254.1801428 303.9850528 378.1307016   0.0000000   0.0000000   0.0000000   0.0000000   0.0000000   0.0000000
 227.0826744  99.1690653 223.7676318 245.6030951 254.1801428 305.8181254 382.0763935   0.0000000   0.0000000   0.0000000   0.0000000   0.0000000   0.0000000
 228.7462797  99.1690653 225.4231219 247.3106447 255.9072975 305.8181254 384.0543534   0.0000000   0.0000000   0.0000000   0.0000000   0.0000000   0.0000000
 230.4139277  99.1690653 227.0826744 247.3106447 255.9072975 307.6548678 386.0357147   0.0000000   0.0000000   0.0000000   0.0000000   0.0000000   0.0000000
 232.0856087  99.1690653 228.7462797 249.0221333 257.6383466 309.4952728 388.0204718   0.0000000   0.0000000   0.0000000   0.0000000   0.0000000   0.0000000
 233.7613130  99.1690653 230.4139277 250.7375518 257.6383466 311.3393330 390.0086187   0.0000000   0.0000000   0.0000000   0.0000000   0.0000000   0.0000000
 235.4410310  99.1690653 232.0856087 250.7375518 259.3732813 311.3393330 392.0001496   0.0000000   0.0000000   0.0000000   0.0000000   0.0000000   0.0000000
 237.1247531  99.1690653 233.7613130 250.7375518 261.1120930 313.1870411 393.9950590   0.0000000   0.0000000   0.0000000   0.0000000   0.0000000   0.0000000
 238.8124699  99.1690653 235.4410310 252.4568913 261.1120930 315.0383901 397.9949898   0.0000000   0.0000000   0.0000000   0.0000000   0.0000000   0.0000000
 240.5041718  99.1690653 237.1247531 252.4568913 262.8547730 316.8933728 400.0000000   0.0000000   0.0000000   0.0000000   0.0000000   0.0000000   0.0000000
 242.1998495  99.1690653 237.1247531 254.1801428 262.8547730 316.8933728 400.0000000   0.0000000   0.0000000   0.0000000   0.0000000   0.0000000   0.0000000
 243.8994937  99.1690653 238.8124699 254.1801428 264.6013128 318.7519820 400.0000000   0.0000000   0.0000000   0.0000000   0.0000000   0.0000000   0.0000000
 245.6030951  97.9111162 240.5041718 255.9072975 264.6013128 320.6142107 400.0000000   0.0000000   0.0000000   0.0000000   0.0000000   0.0000000   0.0000000
 247.3106447  97.9111162 242.1998495 255.9072975 264.6013128 320.6142107 400.0000000   0.0000000   0.0000000   0.0000000   0.0000000   0.0000000   0.0000000
 249.0221333  97.9111162 243.8994937 257.6383466 266.3517039 322.4800518 400.0000000   0.0000000   0.0000000   0.0000000   0.0000000   0.0000000   0.0000000
 250.7375518  97.9111162 245.6030951 257.6383466 266.3517039 324.3494985 400.0000000   0.0000000   0.0000000   0.0000000   0.0000000   0.0000000   0.0000000
 252.4568913  97.9111162 247.3106447 259.3732813 268.1059377 324.3494985 400.0000000   0.0000000   0.0000000   0.0000000   0.0000000   0.0000000   0.0000000
 254.1801428  97.9111162 249.0221333 259.3732813 268.1059377 326.2225437 400.0000000   0.0000000   0.0000000   0.0000000   0.0000000   0.0000000   0.0000000
 255.9072975  96.6585315 250.7375518 259.3732813 269.8640059 328.0991806 400.0000000   0.0000000   0.0000000   0.0000000   0.0000000   0.0000000   0.0000000
 257.6383466  96.6585315 252.4568913 261.1120930 269.8640059 328.0991806 400.0000000   0.0000000   0.0000000   0.0000000   0.0000000   0.0000000   0.0000000
 259.3732813  96.6585315 254.1801428 261.1120930 271.6259002 329.9794023 400.0000000   0.0000000   0.0000000   0.0000000   0.0000000   0.0000000   0.0000000
 261.1120930  96.6585315 255.9072975 262.8547730 271.6259002 331.8632020 400.0000000   0.0000000   0.0000000   0.0000000   0.0000000   0.0000000   0.0000000
 262.8547730  96.6585315 257.6383466 262.8547730 273.3916123 331.8632020 400.0000000   0.0000000   0.0000000   0.0000000   0.0000000   0.0000000   0.0000000
 264.6013128  96.6585315 259.3732813 262.8547730 273.3916123 333.7505728 400.0000000   0.0000000   0.0000000   0.0000000   0.0000000   0.0000000   0.0000000
 266.3517039  96.6585315 261.1120930 264.6013128 275.1611339 335.6415081 400.0000000   0.0000000   0.0000000   0.0000000   0.0000000   0.0000000   0.0000000
 268.1059377  96.6585315 261.1120930 264.6013128 275.1611339 335.6415081 400.0000000   0.0000000   0.0000000   0.0000000   0.0000000   0.0000000   0.0000000
 269.8640059  96.6585315 262.8547730 266.3517039 275.1611339 337.5360011 400.0000000   0.0000000   0.0000000   0.0000000   0.0000000   0.0000000   0.0000000
 271.6259002  96.6585315 262.8547730 268.1059377 276.9344568 339.4340452 400.0000000   0.0000000   0.0000000   0.0000000   0.0000000   0.0000000   0.0000000
 273.3916123  95.4113343 264.6013128 269.8640059 276.9344568 339.4340452 400.0000000   0.0000000   0.0000000   0.0000000   0.0000000   0.0000000   0.0000000
 275.1611339  95.4113343 264.6013128 271.6259002 278.7115729 341.3356338 400.0000000   0.0000000   0.0000000   0.0000000   0.0000000   0.0000000   0.0000000
 276.9344568  95.4113343 264.6013128 273.3916123 278.7115729 341.3356338 400.0000000   0.0000000   0.0000000   0.0000000   0.0000000   0.0000000   0.0000000
 278.7115729  94.1695480 266.3517039 275.1611339 278.7115729 343.2407601 400.0000000   0.0000000   0.0000000   0.0000000   0.0000000   0.0000000   0.0000000
 280.4924742  94.1695480 266.3517039 276.9344568 280.4924742 345.1494178 400.0000000   0.0000000   0.0000000   0.0000000   0.0000000   0.0000000   0.0000000
 282.2771525  94.1695480 268.1059377 278.7115729 280.4924742 345.1494178 400.0000000   0.0000000   0.0000000   0.0000000   0.0000000   0.0000000   0.0000000
 284.0656000  94.1695480 268.1059377 280.4924742 282.2771525 347.0616002 400.0000000   0.0000000   0.0000000   0.0000000   0.0000000   0.0000000   0.0000000
 285.8578087  94.1695480 269.8640059 282.2771525 282.2771525 347.0616002 400.0000000   0.0000000   0.0000000   0.0000000   0.0000000   0.0000000   0.0000000
 287.6537707  94.1695480 269.8640059 284.0656000 284.0656000 348.9773009 400.0000000   0.0000000   0.0000000   0.0000000   0.0000000   0.0000000   0.0000000
 289.4534783  94.1695480 269.8640059 285.8578087 285.8578087 348.9773009 400.0000000   0.0000000   0.0000000   0.0000000   0.0000000   0.0000000   0.0000000
 291.2569235  94.1695480 271.6259002 287.6537707 287.6537707 350.8965135 400.0000000   0.0000000   0.0000000   0.0000000   0.0000000   0.0000000   0.0000000
 293.0640987  94.1695480 271.6259002 289.4534783 289.4534783 352.8192314 400.0000000   0.0000000   0.0000000   0.0000000   0.0000000   0.0000000   0.0000000
 294.8749962  94.1695480 273.3916123 291.2569235 291.2569235 352.8192314 400.0000000   0.0000000   0.0000000   0.0000000   0.0000000   0.0000000   0.0000000
 296.6896084  94.1695480 273.3916123 293.0640987 293.0640987 354.7454484 400.0000000   0.0000000   0.0000000   0.0000000   0.0000000   0.0000000   0.0000000
 298.5079277  94.1695480 275.1611339 294.8749962 294.8749962 354.7454484 400.0000000   0.0000000   0.0000000   0.0000000   0.0000000   0.0000000   0.0000000
 300.3299465  92.9331962 275.1611339 296.6896084 296.6896084 356.6751581 400.0000000   0.0000000   0.0000000   0.0000000   0.0000000   0.0000000   0.0000000
 302.1556573  92.9331962 275.1611339 298.5079277 298.5079277 356.6751581 400.0000000   0.0000000   0.0000000   0.0000000   0.0000000   0.0000000   0.0000000
 303.9850528  92.9331962 276.9344568 300.3299465 300.3299465 358.6083542 400.0000000   0.0000000   0.0000000   0.0000000   0.0000000   0.0000000   0.0000000
 305.8181254  91.7023030 276.9344568 302.1556573 302.1556573 358.6083542 400.0000000   0.0000000   0.0000000   0.0000000   0.0000000   0.0000000   0.0000000
 307.6548678  91.7023030 276.9344568 303.9850528 303.9850528 360.5450304 400.0000000   0.0000000   0.0000000   0.0000000   0.0000000   0.0000000   0.0000000
 309.4952728  91.7023030 278.7115729 305.8181254 305.8181254 360.5450304 400.0000000   0.0000000   0.0000000   0.0000000   0.0000000   0.0000000   0.0000000
 311.3393330  91.7023030 278.7115729 307.6548678 307.6548678 362.4851804 400.0000000   0.0000000   0.0000000   0.0000000   0.0000000   0.0000000   0.0000000
 313.1870411  91.7023030 280.4924742 309.4952728 309.4952728 362.4851804 400.0000000   0.0000000   0.0000000   0.0000000   0.0000000   0.0000000   0.0000000
 315.0383901  91.7023030 280.4924742 309.4952728 311.3393330 364.4287981 400.0000000   0.0000000   0.0000000   0.0000000   0.0000000   0.0000000   0.0000000
 316.8933728  91.7023030 280.4924742 311.3393330 313.1870411 364.4287981 400.0000000   0.0000000   0.0000000   0.0000000   0.0000000   0.0000000   0.0000000
 318.7519820  91.7023030 282.2771525 313.1870411 315.0383901 366.3758772 400.0000000   0.0000000   0.0000000   0.0000000   0.0000000   0.0000000   0.0000000
 320.6142107  91.7023030 282.2771525 315.0383901 316.8933728 366.3758772 400.0000000   0.0000000   0.0000000   0.0000000   0.0000000   0.0000000   0.0000000
 322.4800518  90.4768927 282.2771525 316.8933728 318.7519820 368.3264118 400.0000000   0.0000000   0.0000000   0.0000000   0.0000000   0.0000000   0.0000000
 324.3494985  90.4768927 284.0656000 318.7519820 320.6142107 368.3264118 400.0000000   0.0000000   0.0000000   0.0000000   0.0000000   0.0000000   0.0000000
 326.2225437  90.4768927 284.0656000 320.6142107 322.4800518 370.2803955 400.0000000   0.0000000   0.0000000   0.0000000   0.0000000   0.0000000   0.0000000
 328.0991806  89.2569899 284.0656000 322.4800518 322.4800518 370.2803955 400.0000000   0.0000000   0.0000000   0.0000000   0.0000000   0.0000000   0.0000000
 329.9794023  89.2569899 285.8578087 324.3494985 324.3494985 372.2378224 400.0000000   0.0000000   0.0000000   0.0000000   0.0000000   0.0000000   0.0000000
 331.8632020  89.2569899 285.8578087 326.2225437 326.2225437 372.2378224 400.0000000   0.0000000   0.0000000   0.0000000   0.0000000   0.0000000   0.0000000
 333.7505728  89.2569899 285.8578087 328.0991806 328.0991806 374.1986863 400.0000000   0.0000000   0.0000000   0.0000000   0.0000000   0.0000000   0.0000000
 335.6415081  89.2569899 287.6537707 329.9794023 329.9794023 374.1986863 400.0000000   0.0000000   0.0000000   0.0000000   0.0000000   0.0000000   0.0000000
 337.5360011  89.2569899 287.6537707 331.8632020 331.8632020 376.1629814 400.0000000   0.0000000   0.0000000   0.0000000   0.0000000   0.0000000   0.0000000
 339.4340452  89.2569899 287.6537707 333.7505728 333.7505728 376.1629814 400.0000000   0.0000000   0.0000000   0.0000000   0.0000000   0.0000000   0.0000000
 341.3356338  89.2569899 289.4534783 335.6415081 335.6415081 376.1629814 400.0000000   0.0000000   0.0000000   0.0000000   0.0000000   0.0000000   0.0000000
 343.2407601  89.2569899 289.4534783 337.5360011 337.5360011 378.1307016 400.0000000   0.0000000   0.0000000   0.0000000   0.0000000   0.0000000   0.0000000
 345.1494178  88.0426196 289.4534783 339.4340452 339.4340452 378.1307016 400.0000000   0.0000000   0.0000000   0.0000000   0.0000000   0.0000000   0.0000000
 347.0616002  88.0426196 289.4534783 341.3356338 341.3356338 380.1018409 400.0000000   0.0000000   0.0000000   0.0000000   0.0000000   0.0000000   0.0000000
 348.9773009  88.0426196 291.2569235 343.2407601 343.2407601 380.1018409 400.0000000   0.0000000   0.0000000   0.0000000   0.0000000   0.0000000   0.0000000
 350.8965135  88.0426196 291.2569235 345.1494178 345.1494178 382.0763935 400.0000000   0.0000000   0.0000000   0.0000000   0.0000000   0.0000000   0.0000000
 352.8192314  88.0426196 291.2569235 347.0616002 347.0616002 382.0763935 400.0000000   0.0000000   0.0000000   0.0000000   0.0000000   0.0000000   0.0000000
 354.7454484  88.0426196 293.0640987 348.9773009 348.9773009 382.0763935 400.0000000   0.0000000   0.0000000   0.0000000   0.0000000   0.0000000   0.0000000
 356.6751581  86.8338070 293.0640987 350.8965135 350.8965135 384.0543534 400.0000000   0.0000000   0.0000000   0.0000000   0.0000000   0.0000000   0.0000000
 358.6083542  86.8338070 293.0640987 352.8192314 352.8192314 384.0543534 400.0000000   0.0000000   0.0000000   0.0000000   0.0000000   0.0000000   0.0000000
 360.5450304  86.8338070 293.0640987 354.7454484 354.7454484 386.0357147 400.0000000   0.0000000   0.0000000   0.0000000   0.0000000   0.0000000   0.0000000
 362.4851804  86.8338070 294.8749962 356.6751581 356.6751581 386.0357147 400.0000000   0.0000000   0.0000000   0.0000000   0.0000000   0.0000000   0.0000000
 364.4287981  86.8338070 294.8749962 358.6083542 358.6083542 386.0357147 400.0000000   0.0000000   0.0000000   0.0000000   0.0000000   0.0000000   0.0000000
 366.3758772  86.8338070 294.8749962 360.5450304 360.5450304 388.0204718 400.0000000   0.0000000   0.0000000   0.0000000   0.0000000   0.0000000   0.0000000
 368.3264118  86.8338070 294.8749962 362.4851804 362.4851804 388.0204718 400.0000000   0.0000000   0.0000000   0.0000000   0.0000000   0.0000000   0.0000000
 370.2803955  86.8338070 296.6896084 364.4287981 364.4287981 388.0204718 400.0000000   0.0000000   0.0000000   0.0000000   0.0000000   0.0000000   0.0000000
 372.2378224  85.6305780 296.6896084 366.3758772 366.3758772 390.0086187 400.0000000   0.0000000   0.0000000   0.0000000   0.0000000   0.0000000   0.0000000
 374.1986863  85.6305780 296.6896084 368.3264118 368.3264118 390.0086187 400.0000000   0.0000000   0.0000000   0.0000000   0.0000000   0.0000000   0.0000000
 376.1629814  85.6305780 296.6896084 370.2803955 370.2803955 390.0086187 400.0000000   0.0000000   0.0000000   0.0000000   0.0000000   0.0000000   0.0000000
 378.1307016  84.4329584 298.5079277 372.2378224 372.2378224 392.0001496 400.0000000   0.0000000   0.0000000   0.0000000   0.0000000   0.0000000   0.0000000
 380.1018409  84.4329584 298.5079277 374.1986863 374.1986863 392.0001496 400.0000000   0.0000000   0.0000000   0.0000000   0.0000000   0.0000000   0.0000000
 382.0763935  84.4329584 298.5079277 376.1629814 376.1629814 392.0001496 400.0000000   0.0000000   0.0000000   0.0000000   0.0000000   0.0000000   0.0000000
 384.0543534  84.4329584 298.5079277 378.1307016 378.1307016 393.9950590 400.0000000   0.0000000   0.0000000   0.0000000   0.0000000   0.0000000   0.0000000
 386.0357147  84.4329584 300.3299465 380.1018409 380.1018409 393.9950590 400.0000000   0.0000000   0.0000000   0.0000000   0.0000000   0.0000000   0.0000000
 388.0204718  84.4329584 300.3299465 382.0763935 382.0763935 393.9950590 400.0000000   0.0000000   0.0000000   0.0000000   0.0000000   0.0000000   0.0000000
 390.0086187  84.4329584 300.3299465 384.0543534 384.0543534 395.9933409 400.0000000   0.0000000   0.0000000   0.0000000   0.0000000   0.0000000   0.0000000
 392.0001496  84.4329584 300.3299465 386.0357147 386.0357147 395.9933409 400.0000000   0.0000000   0.0000000   0.0000000   0.0000000   0.0000000   0.0000000
 393.9950590  84.4329584 300.3299465 388.0204718 388.0204718 395.9933409 400.0000000   0.0000000   0.0000000   0.0000000   0.0000000   0.0000000   0.0000000
 395.9933409  84.4329584 302.1556573 390.0086187 390.0086187 397.9949898 400.0000000   0.0000000   0.0000000   0.0000000   0.0000000   0.0000000   0.0000000
 397.9949898  84.4329584 302.1556573 392.0001496 392.0001496 397.9949898 400.0000000   0.0000000   0.0000000   0.0000000   0.0000000   0.0000000   0.0000000
 400.0000000  83.2409748 302.1556573 393.9950590 393.9950590 397.9949898 400.0000000   0.0000000   0.0000000   0.0000000   0.0000000   0.0000000   0.0000000
