 t output_loss_entry employment_loss_entry investment_loss_entry debt_loss_entry
 output_gain_entry employment_gain_entry investment_gain_entry debt_gain_entry
 output_loss_incumbent employment_loss_incumbent investment_loss_incumbent debt_
 loss_incumbent
 output_gain_incumbent employment_gain_incumbent investment_gain_incumbent debt_
 gain_incumbent
 gdp1 h1 inv1 firm_debt2
 gdp_t h_t inv_t firm_debt_t
   1.0000000   0.0000000   0.0000000   0.0000000   0.0000000   0.0000000   0.0000000   0.0000000   0.0000000   0.0000000   0.0000000   0.0000000   0.0000000   0.0000000   0.0000000   0.0000000   0.0000000   3.0290596   1.0000573   0.5460764   5.4739898   3.0290596   1.0000573   0.5460764   5.4739898
   2.0000000   0.0000000   0.0000000   0.0000000   0.0000000   0.0000000   0.0000000   0.0000000   0.0000000   3.0269712   0.9989896   0.5621449   5.4739146   2.9178475   0.9826541   0.4727717   5.4526797   3.0290596   1.0000573   0.5460764   5.4739898   2.9178475   0.9826541   0.4565187   5.4526797
   3.0000000   0.0000000   0.0000000   0.0000000   0.0000000   0.0000000   0.0000000   0.0000000   0.0000000   3.0249626   0.9979999   0.7685098   5.4703073   2.9259342   0.9840083   0.6797268   5.4315415   3.0290596   1.0000573   0.5460764   5.4739898   2.9263834   0.9842469   0.4661449   5.4326193
   4.0000000   0.0000000   0.0000000   0.0000000   0.0000000   0.0000000   0.0000000   0.0000000   0.0000000   3.0138702   0.9926446   0.7855286   5.4468174   2.9237341   0.9806454   0.7073816   5.3954218   3.0290596   1.0000573   0.5460764   5.4739898   2.9341799   0.9858359   0.4761435   5.4157292
   5.0000000   0.0000000   0.0000000   0.0000000   0.0000000   0.0000000   0.0000000   0.0000000   0.0000000   2.9959921   0.9842150   0.7979860   5.4041165   2.9134370   0.9737521   0.7298716   5.3419692   3.0290596   1.0000573   0.5460764   5.4739898   2.9405371   0.9869526   0.4876448   5.4034715
   6.0000000   0.0000000   0.0000000   0.0000000   0.0000000   0.0000000   0.0000000   0.0000000   0.0000000   3.0061017   0.9893147   0.5896095   5.4225891   2.9278559   0.9792817   0.5342554   5.3490973   3.0290596   1.0000573   0.5460764   5.4739898   2.9471013   0.9884293   0.4949538   5.3938371
   7.0000000   0.0000000   0.0000000   0.0000000   0.0000000   0.0000000   0.0000000   0.0000000   0.0000000   3.0108050   0.9916672   0.5690278   5.4326406   2.9381153   0.9826940   0.5223193   5.3496134   3.0290596   1.0000573   0.5460764   5.4739898   2.9537171   0.9899811   0.5020386   5.3853974
   8.0000000   0.0000000   0.0000000   0.0000000   0.0000000   0.0000000   0.0000000   0.0000000   0.0000000   3.0136182   0.9930602   0.5608604   5.4393379   2.9458055   0.9849174   0.5213307   5.3499166   3.0290596   1.0000573   0.5460764   5.4739898   2.9589881   0.9909780   0.5084948   5.3798547
   9.0000000   0.0000000   0.0000000   0.0000000   0.0000000   0.0000000   0.0000000   0.0000000   0.0000000   3.0156346   0.9940533   0.5560485   5.4439847   2.9524966   0.9867296   0.5225637   5.3494926   3.0290596   1.0000573   0.5460764   5.4739898   2.9639766   0.9919324   0.5140165   5.3754341
  10.0000000   0.0000000   0.0000000   0.0000000   0.0000000   0.0000000   0.0000000   0.0000000   0.0000000   3.0170978   0.9947718   0.5532061   5.4473962   2.9582600   0.9882132   0.5249770   5.3494480   3.0290596   1.0000573   0.5460764   5.4739898   2.9685104   0.9927981   0.5188445   5.3724382
  11.0000000   0.0000000   0.0000000   0.0000000   0.0000000   0.0000000   0.0000000   0.0000000   0.0000000   3.0182340   0.9953299   0.5512602   5.4499498   2.9633171   0.9894226   0.5272757   5.3492903   3.0290596   1.0000573   0.5460764   5.4739898   2.9726085   0.9935262   0.5227861   5.3700484
  12.0000000   0.0000000   0.0000000   0.0000000   0.0000000   0.0000000   0.0000000   0.0000000   0.0000000   3.0191264   0.9957690   0.5499452   5.4519252   2.9689202   0.9910150   0.5311586   5.3500341   3.0290596   1.0000573   0.5460764   5.4739898   2.9775330   0.9947794   0.5278034   5.3690584
  13.0000000   0.0000000   0.0000000   0.0000000   0.0000000   0.0000000   0.0000000   0.0000000   0.0000000   3.0198522   0.9961271   0.5489786   5.4534695   2.9731097   0.9919467   0.5336678   5.3513108   3.0290596   1.0000573   0.5460764   5.4739898   2.9810879   0.9953916   0.5311507   5.3689695
  14.0000000   0.0000000   0.0000000   0.0000000   0.0000000   0.0000000   0.0000000   0.0000000   0.0000000   3.0204482   0.9964224   0.5482536   5.4546895   2.9769611   0.9927771   0.5361123   5.3528491   3.0290596   1.0000573   0.5460764   5.4739898   2.9844181   0.9959588   0.5342321   5.3694210
  15.0000000   0.0000000   0.0000000   0.0000000   0.0000000   0.0000000   0.0000000   0.0000000   0.0000000   3.0209462   0.9966702   0.5476999   5.4556662   2.9804697   0.9935154   0.5381277   5.3544974   3.0290596   1.0000573   0.5460764   5.4739898   2.9874938   0.9964776   0.5367137   5.3701858
  16.0000000   0.0000000   0.0000000   0.0000000   0.0000000   0.0000000   0.0000000   0.0000000   0.0000000   3.0213660   0.9968803   0.5472663   5.4564575   2.9836808   0.9941643   0.5398900   5.3565041   3.0290596   1.0000573   0.5460764   5.4739898   2.9903391   0.9969402   0.5388554   5.3714761
  17.0000000   0.0000000   0.0000000   0.0000000   0.0000000   0.0000000   0.0000000   0.0000000   0.0000000   3.0217239   0.9970604   0.5469173   5.4571019   2.9866248   0.9947382   0.5417478   5.3588686   3.0290596   1.0000573   0.5460764   5.4739898   2.9929718   0.9973545   0.5410198   5.3732573
  18.0000000   0.0000000   0.0000000   0.0000000   0.0000000   0.0000000   0.0000000   0.0000000   0.0000000   3.0220307   0.9972160   0.5466298   5.4576268   2.9893898   0.9952758   0.5433634   5.3618834   3.0290596   1.0000573   0.5460764   5.4739898   2.9954704   0.9977546   0.5428868   5.3757986
  19.0000000   0.0000000   0.0000000   0.0000000   0.0000000   0.0000000   0.0000000   0.0000000   0.0000000   3.0222956   0.9973513   0.5463856   5.4580479   2.9919594   0.9957552   0.5446626   5.3649070   3.0290596   1.0000573   0.5460764   5.4739898   2.9978106   0.9981144   0.5443948   5.3784393
  20.0000000   0.0000000   0.0000000   0.0000000   0.0000000   0.0000000   0.0000000   0.0000000   0.0000000   3.0225248   0.9974698   0.5461751   5.4583771   2.9943243   0.9961855   0.5459860   5.3681407   3.0290596   1.0000573   0.5460764   5.4739898   2.9999768   0.9984401   0.5458936   5.3813654
  21.0000000   0.0000000   0.0000000   0.0000000   0.0000000   0.0000000   0.0000000   0.0000000   0.0000000   3.0227239   0.9975739   0.5459954   5.4586286   2.9965226   0.9965762   0.5468941   5.3715753   3.0290596   1.0000573   0.5460764   5.4739898   3.0020021   0.9987387   0.5469523   5.3845576
  22.0000000   0.0000000   0.0000000   0.0000000   0.0000000   0.0000000   0.0000000   0.0000000   0.0000000   3.0228974   0.9976660   0.5458418   5.4588147   2.9985666   0.9969311   0.5476081   5.3749304   3.0290596   1.0000573   0.5460764   5.4739898   3.0038952   0.9990123   0.5477884   5.3877220
  23.0000000   0.0000000   0.0000000   0.0000000   0.0000000   0.0000000   0.0000000   0.0000000   0.0000000   3.0230493   0.9977477   0.5457085   5.4589444   3.0004220   0.9972251   0.5485412   5.3784282   3.0290596   1.0000573   0.5460764   5.4739898   3.0056176   0.9992337   0.5488382   5.3910789
  24.0000000   0.0000000   0.0000000   0.0000000   0.0000000   0.0000000   0.0000000   0.0000000   0.0000000   3.0231826   0.9978206   0.5455923   5.4590262   3.0021737   0.9975066   0.5494072   5.3821990   3.0290596   1.0000573   0.5460764   5.4739898   3.0072527   0.9994506   0.5498022   5.3947503
  25.0000000   0.0000000   0.0000000   0.0000000   0.0000000   0.0000000   0.0000000   0.0000000   0.0000000   3.0233000   0.9978858   0.5454913   5.4590686   3.0038456   0.9977794   0.5497188   5.3860389   3.0290596   1.0000573   0.5460764   5.4739898   3.0088218   0.9996656   0.5501985   5.3985256
  26.0000000   0.0000000   0.0000000   0.0000000   0.0000000   0.0000000   0.0000000   0.0000000   0.0000000   3.0234037   0.9979445   0.5454035   5.4590797   3.0053942   0.9980183   0.5504959   5.3899334   3.0290596   1.0000573   0.5460764   5.4739898   3.0102795   0.9998524   0.5510500   5.4023863
  27.0000000   0.0000000   0.0000000   0.0000000   0.0000000   0.0000000   0.0000000   0.0000000   0.0000000   3.0234957   0.9979975   0.5453270   5.4590657   3.0068336   0.9982274   0.5511785   5.3938378   3.0290596   1.0000573   0.5460764   5.4739898   3.0116380   1.0000145   0.5518008   5.4062839
  28.0000000   0.0000000   0.0000000   0.0000000   0.0000000   0.0000000   0.0000000   0.0000000   0.0000000   3.0235776   0.9980455   0.5452596   5.4590313   3.0082161   0.9984376   0.5514332   5.3975932   3.0290596   1.0000573   0.5460764   5.4739898   3.0129487   1.0001821   0.5521144   5.4100550
  29.0000000   0.0000000   0.0000000   0.0000000   0.0000000   0.0000000   0.0000000   0.0000000   0.0000000   3.0236508   0.9980893   0.5452005   5.4589802   3.0094911   0.9986266   0.5518110   5.4014627   3.0290596   1.0000573   0.5460764   5.4739898   3.0141595   1.0003324   0.5525437   5.4139592
  30.0000000   0.0000000   0.0000000   0.0000000   0.0000000   0.0000000   0.0000000   0.0000000   0.0000000   3.0237164   0.9981292   0.5451493   5.4589159   3.0106992   0.9988027   0.5520178   5.4054300   3.0290596   1.0000573   0.5460764   5.4739898   3.0153101   1.0004731   0.5527954   5.4179768
  31.0000000   0.0000000   0.0000000   0.0000000   0.0000000   0.0000000   0.0000000   0.0000000   0.0000000   3.0237755   0.9981659   0.5451058   5.4588420   3.0118543   0.9989742   0.5520708   5.4092012   3.0290596   1.0000573   0.5460764   5.4739898   3.0164133   1.0006122   0.5528776   5.4218068
  32.0000000   0.0000000   0.0000000   0.0000000   0.0000000   0.0000000   0.0000000   0.0000000   0.0000000   3.0238292   0.9981996   0.5450692   5.4587618   3.0128976   0.9990974   0.5521529   5.4129955   3.0290596   1.0000573   0.5460764   5.4739898   3.0174088   1.0007051   0.5529991   5.4256712
  33.0000000   0.0000000   0.0000000   0.0000000   0.0000000   0.0000000   0.0000000   0.0000000   0.0000000   3.0238782   0.9982309   0.5450389   5.4586784   3.0138846   0.9992231   0.5524895   5.4167524   3.0290596   1.0000573   0.5460764   5.4739898   3.0183527   1.0008030   0.5533641   5.4295043
  34.0000000   0.0000000   0.0000000   0.0000000   0.0000000   0.0000000   0.0000000   0.0000000   0.0000000   3.0239232   0.9982599   0.5450144   5.4585948   3.0148312   0.9993434   0.5527618   5.4203046   3.0290596   1.0000573   0.5460764   5.4739898   3.0192597   1.0008976   0.5536579   5.4331342
  35.0000000   0.0000000   0.0000000   0.0000000   0.0000000   0.0000000   0.0000000   0.0000000   0.0000000   3.0239649   0.9982871   0.5449958   5.4585145   3.0157041   0.9994391   0.5527446   5.4238515   3.0290596   1.0000573   0.5460764   5.4739898   3.0200960   1.0009693   0.5536583   5.4367582
  36.0000000   0.0000000   0.0000000   0.0000000   0.0000000   0.0000000   0.0000000   0.0000000   0.0000000   3.0240040   0.9983126   0.5449826   5.4584407   3.0165247   0.9995277   0.5529112   5.4272671   3.0290596   1.0000573   0.5460764   5.4739898   3.0208825   1.0010354   0.5538374   5.4402471
  37.0000000   0.0000000   0.0000000   0.0000000   0.0000000   0.0000000   0.0000000   0.0000000   0.0000000   3.0240408   0.9983366   0.5449747   5.4583764   3.0172966   0.9996058   0.5529110   5.4305961   3.0290596   1.0000573   0.5460764   5.4739898   3.0216221   1.0010922   0.5538441   5.4436419
  38.0000000   0.0000000   0.0000000   0.0000000   0.0000000   0.0000000   0.0000000   0.0000000   0.0000000   3.0240759   0.9983594   0.5449717   5.4583244   3.0180210   0.9996772   0.5527205   5.4337753   3.0290596   1.0000573   0.5460764   5.4739898   3.0223159   1.0011434   0.5536576   5.4468778
  39.0000000   0.0000000   0.0000000   0.0000000   0.0000000   0.0000000   0.0000000   0.0000000   0.0000000   3.0241098   0.9983812   0.5449735   5.4582876   3.0187114   0.9997511   0.5530151   5.4369522   3.0290596   1.0000573   0.5460764   5.4739898   3.0229767   1.0011982   0.5539518   5.4500992
  40.0000000   0.0000000   0.0000000   0.0000000   0.0000000   0.0000000   0.0000000   0.0000000   0.0000000   3.0241427   0.9984020   0.5449796   5.4582683   3.0193713   0.9998196   0.5530674   5.4402436   3.0290596   1.0000573   0.5460764   5.4739898   3.0236081   1.0012484   0.5540002   5.4534212
  41.0000000   0.0000000   0.0000000   0.0000000   0.0000000   0.0000000   0.0000000   0.0000000   0.0000000   3.0241751   0.9984221   0.5449897   5.4582686   3.0200071   0.9998868   0.5529927   5.4431071   3.0290596   1.0000573   0.5460764   5.4739898   3.0242158   1.0012980   0.5539174   5.4562988
  42.0000000   0.0000000   0.0000000   0.0000000   0.0000000   0.0000000   0.0000000   0.0000000   0.0000000   3.0242073   0.9984415   0.5450035   5.4582901   3.0205752   0.9999359   0.5530273   5.4459359   3.0290596   1.0000573   0.5460764   5.4739898   3.0247562   1.0013301   0.5539407   5.4591236
  43.0000000   0.0000000   0.0000000   0.0000000   0.0000000   0.0000000   0.0000000   0.0000000   0.0000000   3.0242394   0.9984603   0.5450204   5.4583342   3.0211326   0.9999893   0.5531140   5.4487691   3.0290596   1.0000573   0.5460764   5.4739898   3.0252859   1.0013670   0.5540137   5.4619339
  44.0000000   0.0000000   0.0000000   0.0000000   0.0000000   0.0000000   0.0000000   0.0000000   0.0000000   3.0242718   0.9984787   0.5450402   5.4584016   3.0217457   1.0000792   0.5528438   5.4515026   3.0290596   1.0000573   0.5460764   5.4739898   3.0258713   1.0014410   0.5537272   5.4646243
  45.0000000   0.0000000   0.0000000   0.0000000   0.0000000   0.0000000   0.0000000   0.0000000   0.0000000   3.0243045   0.9984968   0.5450623   5.4584926   3.0210872   0.9995264   0.5518638   5.4538248   3.0290596   1.0000573   0.5460764   5.4739898   3.0251849   1.0008725   0.5527288   5.4668829
  46.0000000   0.0000000   0.0000000   0.0000000   0.0000000   0.0000000   0.0000000   0.0000000   0.0000000   3.0243378   0.9985145   0.5450864   5.4586073   3.0215637   0.9995745   0.5518024   5.4559093   3.0290596   1.0000573   0.5460764   5.4739898   3.0256329   1.0009053   0.5526473   5.4688834
  47.0000000   0.0000000   0.0000000   0.0000000   0.0000000   0.0000000   0.0000000   0.0000000   0.0000000   3.0243716   0.9985320   0.5451122   5.4587453   3.0219630   0.9995920   0.5517435   5.4579637   3.0290596   1.0000573   0.5460764   5.4739898   3.0260033   1.0009075   0.5525663   5.4708330
  48.0000000   0.0000000   0.0000000   0.0000000   0.0000000   0.0000000   0.0000000   0.0000000   0.0000000   3.0244063   0.9985493   0.5451391   5.4589058   3.0223751   0.9996280   0.5515891   5.4596452   3.0290596   1.0000573   0.5460764   5.4739898   3.0263859   1.0009287   0.5523890   5.4723898
  49.0000000   0.0000000   0.0000000   0.0000000   0.0000000   0.0000000   0.0000000   0.0000000   0.0000000   3.0244416   0.9985664   0.5451670   5.4590879   3.0225828   0.9995730   0.5512528   5.4613555   3.0290596   1.0000573   0.5460764   5.4739898   3.0265634   1.0008588   0.5520294   5.4739564
  50.0000000   0.0000000   0.0000000   0.0000000   0.0000000   0.0000000   0.0000000   0.0000000   0.0000000   3.0244778   0.9985834   0.5451956   5.4592903   3.0229229   0.9995819   0.5512022   5.4629552   3.0290596   1.0000573   0.5460764   5.4739898   3.0268726   1.0008531   0.5519542   5.4753939
  51.0000000   0.0000000   0.0000000   0.0000000   0.0000000   0.0000000   0.0000000   0.0000000   0.0000000   3.0245149   0.9986003   0.5452244   5.4595116   3.0232359   0.9995927   0.5510387   5.4645637   3.0290596   1.0000573   0.5460764   5.4739898   3.0271540   1.0008493   0.5517663   5.4768237
  52.0000000   0.0000000   0.0000000   0.0000000   0.0000000   0.0000000   0.0000000   0.0000000   0.0000000   3.0245527   0.9986171   0.5452534   5.4597503   3.0235431   0.9996101   0.5507902   5.4660100   3.0290596   1.0000573   0.5460764   5.4739898   3.0274290   1.0008522   0.5514929   5.4780753
  53.0000000   0.0000000   0.0000000   0.0000000   0.0000000   0.0000000   0.0000000   0.0000000   0.0000000   3.0245914   0.9986339   0.5452824   5.4600047   3.0238160   0.9996190   0.5506253   5.4673828   3.0290596   1.0000573   0.5460764   5.4739898   3.0276690   1.0008467   0.5513033   5.4792394
  54.0000000   0.0000000   0.0000000   0.0000000   0.0000000   0.0000000   0.0000000   0.0000000   0.0000000   3.0246308   0.9986505   0.5453111   5.4602731   3.0240840   0.9996323   0.5506169   5.4687515   3.0290596   1.0000573   0.5460764   5.4739898   3.0279034   1.0008457   0.5512709   5.4803870
  55.0000000   0.0000000   0.0000000   0.0000000   0.0000000   0.0000000   0.0000000   0.0000000   0.0000000   3.0246710   0.9986671   0.5453394   5.4605537   3.0243430   0.9996458   0.5504309   5.4699598   3.0290596   1.0000573   0.5460764   5.4739898   3.0281282   1.0008449   0.5510604   5.4813629
  56.0000000   0.0000000   0.0000000   0.0000000   0.0000000   0.0000000   0.0000000   0.0000000   0.0000000   3.0247118   0.9986837   0.5453671   5.4608448   3.0245845   0.9996574   0.5503108   5.4711271   3.0290596   1.0000573   0.5460764   5.4739898   3.0283350   1.0008423   0.5509167   5.4822883
  57.0000000   0.0000000   0.0000000   0.0000000   0.0000000   0.0000000   0.0000000   0.0000000   0.0000000   3.0247533   0.9987002   0.5453943   5.4611447   3.0248225   0.9996725   0.5501170   5.4721166   3.0290596   1.0000573   0.5460764   5.4739898   3.0285376   1.0008434   0.5506998   5.4830277
  58.0000000   0.0000000   0.0000000   0.0000000   0.0000000   0.0000000   0.0000000   0.0000000   0.0000000   3.0247955   0.9987166   0.5454209   5.4614516   3.0250366   0.9996833   0.5499903   5.4730081   3.0290596   1.0000573   0.5460764   5.4739898   3.0287159   1.0008401   0.5505504   5.4836626
  59.0000000   0.0000000   0.0000000   0.0000000   0.0000000   0.0000000   0.0000000   0.0000000   0.0000000   3.0248381   0.9987330   0.5454467   5.4617640   3.0252312   0.9996896   0.5498011   5.4738881   3.0290596   1.0000573   0.5460764   5.4739898   3.0288742   1.0008323   0.5503392   5.4842809
  60.0000000   0.0000000   0.0000000   0.0000000   0.0000000   0.0000000   0.0000000   0.0000000   0.0000000   3.0248813   0.9987493   0.5454717   5.4620803   3.0254198   0.9996977   0.5496088   5.4746715   3.0290596   1.0000573   0.5460764   5.4739898   3.0290261   1.0008265   0.5501257   5.4847991
  61.0000000   0.0000000   0.0000000   0.0000000   0.0000000   0.0000000   0.0000000   0.0000000   0.0000000   3.0249249   0.9987656   0.5454959   5.4623991   3.0255862   0.9997004   0.5495961   5.4753105   3.0290596   1.0000573   0.5460764   5.4739898   3.0291554   1.0008152   0.5500919   5.4851701
  62.0000000   0.0000000   0.0000000   0.0000000   0.0000000   0.0000000   0.0000000   0.0000000   0.0000000   3.0249689   0.9987818   0.5455193   5.4627190   3.0257500   0.9997037   0.5494733   5.4759426   3.0290596   1.0000573   0.5460764   5.4739898   3.0292818   1.0008047   0.5499495   5.4855332
  63.0000000   0.0000000   0.0000000   0.0000000   0.0000000   0.0000000   0.0000000   0.0000000   0.0000000   3.0250132   0.9987980   0.5455419   5.4630390   3.0258994   0.9997060   0.5492890   5.4766430   3.0290596   1.0000573   0.5460764   5.4739898   3.0293936   1.0007932   0.5497462   5.4859644
  64.0000000   0.0000000   0.0000000   0.0000000   0.0000000   0.0000000   0.0000000   0.0000000   0.0000000   3.0250578   0.9988140   0.5455637   5.4633578   3.0260386   0.9997070   0.5490838   5.4772860   3.0290596   1.0000573   0.5460764   5.4739898   3.0294950   1.0007805   0.5495223   5.4863390
  65.0000000   0.0000000   0.0000000   0.0000000   0.0000000   0.0000000   0.0000000   0.0000000   0.0000000   3.0251026   0.9988300   0.5455847   5.4636745   3.0261675   0.9997072   0.5490108   5.4778199   3.0290596   1.0000573   0.5460764   5.4739898   3.0295858   1.0007671   0.5494313   5.4866057
  66.0000000   0.0000000   0.0000000   0.0000000   0.0000000   0.0000000   0.0000000   0.0000000   0.0000000   3.0251476   0.9988459   0.5456048   5.4639882   3.0262878   0.9997063   0.5487997   5.4783245   3.0290596   1.0000573   0.5460764   5.4739898   3.0296679   1.0007526   0.5492031   5.4868455
  67.0000000   0.0000000   0.0000000   0.0000000   0.0000000   0.0000000   0.0000000   0.0000000   0.0000000   3.0251927   0.9988617   0.5456242   5.4642982   3.0263961   0.9997040   0.5487142   5.4786532   3.0290596   1.0000573   0.5460764   5.4739898   3.0297379   1.0007368   0.5491007   5.4869120
  68.0000000   0.0000000   0.0000000   0.0000000   0.0000000   0.0000000   0.0000000   0.0000000   0.0000000   3.0252379   0.9988774   0.5456428   5.4646038   3.0264968   0.9997012   0.5485836   5.4788576   3.0290596   1.0000573   0.5460764   5.4739898   3.0298002   1.0007206   0.5489542   5.4868578
  69.0000000   0.0000000   0.0000000   0.0000000   0.0000000   0.0000000   0.0000000   0.0000000   0.0000000   3.0252831   0.9988930   0.5456606   5.4649044   3.0265797   0.9996936   0.5485025   5.4790233   3.0290596   1.0000573   0.5460764   5.4739898   3.0298447   1.0006998   0.5488577   5.4867688
  70.0000000   0.0000000   0.0000000   0.0000000   0.0000000   0.0000000   0.0000000   0.0000000   0.0000000   3.0253284   0.9989085   0.5456777   5.4651996   3.0266722   0.9996928   0.5484032   5.4791681   3.0290596   1.0000573   0.5460764   5.4739898   3.0298988   1.0006858   0.5487439   5.4866634
  71.0000000   0.0000000   0.0000000   0.0000000   0.0000000   0.0000000   0.0000000   0.0000000   0.0000000   3.0253737   0.9989239   0.5456941   5.4654889   3.0267541   0.9996892   0.5482826   5.4792181   3.0290596   1.0000573   0.5460764   5.4739898   3.0299423   1.0006691   0.5486089   5.4864678
  72.0000000   0.0000000   0.0000000   0.0000000   0.0000000   0.0000000   0.0000000   0.0000000   0.0000000   3.0254188   0.9989392   0.5457098   5.4657721   3.0268289   0.9996847   0.5481874   5.4792170   3.0290596   1.0000573   0.5460764   5.4739898   3.0299787   1.0006516   0.5485004   5.4862262
  73.0000000   0.0000000   0.0000000   0.0000000   0.0000000   0.0000000   0.0000000   0.0000000   0.0000000   3.0254639   0.9989544   0.5457248   5.4660488   3.0268988   0.9996802   0.5480747   5.4791815   3.0290596   1.0000573   0.5460764   5.4739898   3.0300104   1.0006342   0.5483748   5.4859556
  74.0000000   0.0000000   0.0000000   0.0000000   0.0000000   0.0000000   0.0000000   0.0000000   0.0000000   3.0255089   0.9989694   0.5457392   5.4663190   3.0269493   0.9996682   0.5479877   5.4790806   3.0290596   1.0000573   0.5460764   5.4739898   3.0300227   1.0006094   0.5482757   5.4856251
  75.0000000   0.0000000   0.0000000   0.0000000   0.0000000   0.0000000   0.0000000   0.0000000   0.0000000   3.0255537   0.9989843   0.5457530   5.4665824   3.0270057   0.9996617   0.5479324   5.4790679   3.0290596   1.0000573   0.5460764   5.4739898   3.0300411   1.0005903   0.5482086   5.4853887
  76.0000000   0.0000000   0.0000000   0.0000000   0.0000000   0.0000000   0.0000000   0.0000000   0.0000000   3.0255984   0.9989991   0.5457662   5.4668389   3.0270602   0.9996556   0.5478419   5.4789882   3.0290596   1.0000573   0.5460764   5.4739898   3.0300578   1.0005716   0.5481068   5.4850909
  77.0000000   0.0000000   0.0000000   0.0000000   0.0000000   0.0000000   0.0000000   0.0000000   0.0000000   3.0256429   0.9990138   0.5457788   5.4670886   3.0271098   0.9996491   0.5477326   5.4788783   3.0290596   1.0000573   0.5460764   5.4739898   3.0300697   1.0005526   0.5479867   5.4847687
  78.0000000   0.0000000   0.0000000   0.0000000   0.0000000   0.0000000   0.0000000   0.0000000   0.0000000   3.0256871   0.9990283   0.5457909   5.4673313   3.0271537   0.9996422   0.5476832   5.4787773   3.0290596   1.0000573   0.5460764   5.4739898   3.0300760   1.0005333   0.5479272   5.4844615
  79.0000000   0.0000000   0.0000000   0.0000000   0.0000000   0.0000000   0.0000000   0.0000000   0.0000000   3.0257311   0.9990427   0.5458024   5.4675671   3.0271973   0.9996368   0.5475598   5.4786839   3.0290596   1.0000573   0.5460764   5.4739898   3.0300823   1.0005158   0.5477938   5.4841675
  80.0000000   0.0000000   0.0000000   0.0000000   0.0000000   0.0000000   0.0000000   0.0000000   0.0000000   3.0257749   0.9990570   0.5458135   5.4677960   3.0272358   0.9996306   0.5474914   5.4785658   3.0290596   1.0000573   0.5460764   5.4739898   3.0300838   1.0004974   0.5477161   5.4838547
  81.0000000   0.0000000   0.0000000   0.0000000   0.0000000   0.0000000   0.0000000   0.0000000   0.0000000   3.0258183   0.9990712   0.5458241   5.4680182   3.0272724   0.9996262   0.5473700   5.4784333   3.0290596   1.0000573   0.5460764   5.4739898   3.0300835   1.0004811   0.5475857   5.4835334
  82.0000000   0.0000000   0.0000000   0.0000000   0.0000000   0.0000000   0.0000000   0.0000000   0.0000000   3.0258615   0.9990852   0.5458342   5.4682336   3.0273191   0.9996286   0.5473216   5.4782918   3.0290596   1.0000573   0.5460764   5.4739898   3.0300937   1.0004716   0.5475286   5.4832087
  83.0000000   0.0000000   0.0000000   0.0000000   0.0000000   0.0000000   0.0000000   0.0000000   0.0000000   3.0259044   0.9990990   0.5458439   5.4684423   3.0273570   0.9996280   0.5472728   5.4781947   3.0290596   1.0000573   0.5460764   5.4739898   3.0300953   1.0004592   0.5474716   5.4829340
  84.0000000   0.0000000   0.0000000   0.0000000   0.0000000   0.0000000   0.0000000   0.0000000   0.0000000   3.0259470   0.9991127   0.5458532   5.4686446   3.0273942   0.9996278   0.5472000   5.4780899   3.0290596   1.0000573   0.5460764   5.4739898   3.0300964   1.0004474   0.5473909   5.4826573
  85.0000000   0.0000000   0.0000000   0.0000000   0.0000000   0.0000000   0.0000000   0.0000000   0.0000000   3.0259893   0.9991263   0.5458621   5.4688404   3.0274284   0.9996274   0.5471559   5.4779593   3.0290596   1.0000573   0.5460764   5.4739898   3.0300949   1.0004354   0.5473392   5.4823601
  86.0000000   0.0000000   0.0000000   0.0000000   0.0000000   0.0000000   0.0000000   0.0000000   0.0000000   3.0260312   0.9991398   0.5458706   5.4690299   3.0274611   0.9996268   0.5470574   5.4777934   3.0290596   1.0000573   0.5460764   5.4739898   3.0300921   1.0004236   0.5472333   5.4820329
  87.0000000   0.0000000   0.0000000   0.0000000   0.0000000   0.0000000   0.0000000   0.0000000   0.0000000   3.0260728   0.9991531   0.5458788   5.4692133   3.0274880   0.9996255   0.5469876   5.4776028   3.0290596   1.0000573   0.5460764   5.4739898   3.0300838   1.0004109   0.5471565   5.4816862
  88.0000000   0.0000000   0.0000000   0.0000000   0.0000000   0.0000000   0.0000000   0.0000000   0.0000000   3.0261141   0.9991662   0.5458866   5.4693907   3.0275122   0.9996238   0.5469480   5.4774535   3.0290596   1.0000573   0.5460764   5.4739898   3.0300731   1.0003981   0.5471102   5.4813860
  89.0000000   0.0000000   0.0000000   0.0000000   0.0000000   0.0000000   0.0000000   0.0000000   0.0000000   3.0261550   0.9991792   0.5458942   5.4695623   3.0275366   0.9996228   0.5468968   5.4772712   3.0290596   1.0000573   0.5460764   5.4739898   3.0300629   1.0003861   0.5470525   5.4810576
  90.0000000   0.0000000   0.0000000   0.0000000   0.0000000   0.0000000   0.0000000   0.0000000   0.0000000   3.0261955   0.9991921   0.5459014   5.4697281   3.0275590   0.9996216   0.5468653   5.4771045   3.0290596   1.0000573   0.5460764   5.4739898   3.0300510   1.0003740   0.5470149   5.4807498
  91.0000000   0.0000000   0.0000000   0.0000000   0.0000000   0.0000000   0.0000000   0.0000000   0.0000000   3.0262356   0.9992048   0.5459083   5.4698883   3.0275884   0.9996219   0.5468170   5.4769399   3.0290596   1.0000573   0.5460764   5.4739898   3.0300465   1.0003636   0.5469607   5.4804487
  92.0000000   0.0000000   0.0000000   0.0000000   0.0000000   0.0000000   0.0000000   0.0000000   0.0000000   3.0262754   0.9992174   0.5459150   5.4700432   3.0276086   0.9996210   0.5467955   5.4767597   3.0290596   1.0000573   0.5460764   5.4739898   3.0300330   1.0003520   0.5469334   5.4801367
  93.0000000   0.0000000   0.0000000   0.0000000   0.0000000   0.0000000   0.0000000   0.0000000   0.0000000   3.0263149   0.9992299   0.5459214   5.4701928   3.0276281   0.9996202   0.5467791   5.4766399   3.0290596   1.0000573   0.5460764   5.4739898   3.0300192   1.0003406   0.5469116   5.4798895
  94.0000000   0.0000000   0.0000000   0.0000000   0.0000000   0.0000000   0.0000000   0.0000000   0.0000000   3.0263539   0.9992422   0.5459275   5.4703372   3.0276482   0.9996198   0.5467203   5.4764853   3.0290596   1.0000573   0.5460764   5.4739898   3.0300062   1.0003298   0.5468475   5.4796118
  95.0000000   0.0000000   0.0000000   0.0000000   0.0000000   0.0000000   0.0000000   0.0000000   0.0000000   3.0263925   0.9992543   0.5459334   5.4704767   3.0276661   0.9996192   0.5467054   5.4763282   3.0290596   1.0000573   0.5460764   5.4739898   3.0299914   1.0003189   0.5468275   5.4793358
  96.0000000   0.0000000   0.0000000   0.0000000   0.0000000   0.0000000   0.0000000   0.0000000   0.0000000   3.0264308   0.9992663   0.5459391   5.4706114   3.0276837   0.9996188   0.5466835   5.4761925   3.0290596   1.0000573   0.5460764   5.4739898   3.0299766   1.0003083   0.5468009   5.4790854
  97.0000000   0.0000000   0.0000000   0.0000000   0.0000000   0.0000000   0.0000000   0.0000000   0.0000000   3.0264687   0.9992782   0.5459446   5.4707414   3.0277011   0.9996185   0.5466644   5.4760734   3.0290596   1.0000573   0.5460764   5.4739898   3.0299620   1.0002980   0.5467771   5.4788555
  98.0000000   0.0000000   0.0000000   0.0000000   0.0000000   0.0000000   0.0000000   0.0000000   0.0000000   3.0265062   0.9992899   0.5459498   5.4708668   3.0277180   0.9996183   0.5466193   5.4759223   3.0290596   1.0000573   0.5460764   5.4739898   3.0299472   1.0002879   0.5467275   5.4785975
  99.0000000   0.0000000   0.0000000   0.0000000   0.0000000   0.0000000   0.0000000   0.0000000   0.0000000   3.0265433   0.9993015   0.5459549   5.4709878   3.0277481   0.9996257   0.5466686   5.4758167   3.0290596   1.0000573   0.5460764   5.4739898   3.0299459   1.0002855   0.5467725   5.4783888
 100.0000000   0.0000000   0.0000000   0.0000000   0.0000000   0.0000000   0.0000000   0.0000000   0.0000000   3.0265800   0.9993130   0.5459598   5.4711046   3.0277707   0.9996296   0.5466320   5.4757074   3.0290596   1.0000573   0.5460764   5.4739898   3.0299374   1.0002797   0.5467317   5.4781799
 101.0000000   0.0000000   0.0000000   0.0000000   0.0000000   0.0000000   0.0000000   0.0000000   0.0000000   3.0266163   0.9993243   0.5459644   5.4712173   3.0277922   0.9996328   0.5466479   5.4756367   3.0290596   1.0000573   0.5460764   5.4739898   3.0299282   1.0002733   0.5467436   5.4780132
 102.0000000   0.0000000   0.0000000   0.0000000   0.0000000   0.0000000   0.0000000   0.0000000   0.0000000   3.0266523   0.9993355   0.5459690   5.4713259   3.0278165   0.9996365   0.5465995   5.4755600   3.0290596   1.0000573   0.5460764   5.4739898   3.0299222   1.0002675   0.5466914   5.4778439
 103.0000000   0.0000000   0.0000000   0.0000000   0.0000000   0.0000000   0.0000000   0.0000000   0.0000000   3.0266878   0.9993465   0.5459733   5.4714307   3.0278535   0.9996476   0.5466198   5.4754597   3.0290596   1.0000573   0.5460764   5.4739898   3.0299291   1.0002693   0.5467080   5.4776542
 104.0000000   0.0000000   0.0000000   0.0000000   0.0000000   0.0000000   0.0000000   0.0000000   0.0000000   3.0267230   0.9993574   0.5459775   5.4715317   3.0278833   0.9996550   0.5466561   5.4753712   3.0290596   1.0000573   0.5460764   5.4739898   3.0299292   1.0002675   0.5467407   5.4774796
 105.0000000   0.0000000   0.0000000   0.0000000   0.0000000   0.0000000   0.0000000   0.0000000   0.0000000   3.0267577   0.9993682   0.5459816   5.4716291   3.0279164   0.9996642   0.5466884   5.4752674   3.0290596   1.0000573   0.5460764   5.4739898   3.0299329   1.0002676   0.5467695   5.4772927
 106.0000000   0.0000000   0.0000000   0.0000000   0.0000000   0.0000000   0.0000000   0.0000000   0.0000000   3.0267921   0.9993788   0.5459855   5.4717229   3.0279509   0.9996733   0.5467209   5.4751894   3.0290596   1.0000573   0.5460764   5.4739898   3.0299384   1.0002677   0.5467987   5.4771345
 107.0000000   0.0000000   0.0000000   0.0000000   0.0000000   0.0000000   0.0000000   0.0000000   0.0000000   3.0268261   0.9993893   0.5459893   5.4718134   3.0279867   0.9996826   0.5468058   5.4751967   3.0290596   1.0000573   0.5460764   5.4739898   3.0299454   1.0002681   0.5468805   5.4770648
 108.0000000   0.0000000   0.0000000   0.0000000   0.0000000   0.0000000   0.0000000   0.0000000   0.0000000   3.0268597   0.9993997   0.5459929   5.4719006   3.0280310   0.9996961   0.5466689   5.4751625   3.0290596   1.0000573   0.5460764   5.4739898   3.0299613   1.0002728   0.5467404   5.4769562
 109.0000000   0.0000000   0.0000000   0.0000000   0.0000000   0.0000000   0.0000000   0.0000000   0.0000000   3.0268929   0.9994100   0.5459964   5.4719845   3.0280672   0.9997064   0.5468545   5.4751703   3.0290596   1.0000573   0.5460764   5.4739898   3.0299694   1.0002745   0.5469231   5.4768924
 110.0000000   0.0000000   0.0000000   0.0000000   0.0000000   0.0000000   0.0000000   0.0000000   0.0000000   3.0269258   0.9994201   0.5459998   5.4720655   3.0281132   0.9997190   0.5468269   5.4751965   3.0290596   1.0000573   0.5460764   5.4739898   3.0299876   1.0002785   0.5468926   5.4768495
 111.0000000   0.0000000   0.0000000   0.0000000   0.0000000   0.0000000   0.0000000   0.0000000   0.0000000   3.0269582   0.9994301   0.5460031   5.4721434   3.0281585   0.9997317   0.5468535   5.4752435   3.0290596   1.0000573   0.5460764   5.4739898   3.0300055   1.0002827   0.5469165   5.4768300
 112.0000000   0.0000000   0.0000000   0.0000000   0.0000000   0.0000000   0.0000000   0.0000000   0.0000000   3.0269903   0.9994399   0.5460062   5.4722184   3.0282039   0.9997440   0.5468344   5.4752854   3.0290596   1.0000573   0.5460764   5.4739898   3.0300238   1.0002867   0.5468946   5.4768079
 113.0000000   0.0000000   0.0000000   0.0000000   0.0000000   0.0000000   0.0000000   0.0000000   0.0000000   3.0270220   0.9994496   0.5460093   5.4722907   3.0282481   0.9997560   0.5470299   5.4754193   3.0290596   1.0000573   0.5460764   5.4739898   3.0300413   1.0002905   0.5470876   5.4768801
 114.0000000   0.0000000   0.0000000   0.0000000   0.0000000   0.0000000   0.0000000   0.0000000   0.0000000   3.0270533   0.9994592   0.5460122   5.4723603   3.0283048   0.9997722   0.5469558   5.4755533   3.0290596   1.0000573   0.5460764   5.4739898   3.0300715   1.0002986   0.5470109   5.4769547
 115.0000000   0.0000000   0.0000000   0.0000000   0.0000000   0.0000000   0.0000000   0.0000000   0.0000000   3.0270842   0.9994687   0.5460151   5.4724273   3.0283537   0.9997851   0.5469808   5.4756739   3.0290596   1.0000573   0.5460764   5.4739898   3.0300942   1.0003034   0.5470336   5.4770182
 116.0000000   0.0000000   0.0000000   0.0000000   0.0000000   0.0000000   0.0000000   0.0000000   0.0000000   3.0271148   0.9994781   0.5460178   5.4724918   3.0284084   0.9998008   0.5469717   5.4758182   3.0290596   1.0000573   0.5460764   5.4739898   3.0301231   1.0003113   0.5470220   5.4771074
 117.0000000   0.0000000   0.0000000   0.0000000   0.0000000   0.0000000   0.0000000   0.0000000   0.0000000   3.0271450   0.9994873   0.5460205   5.4725538   3.0284645   0.9998176   0.5470598   5.4760256   3.0290596   1.0000573   0.5460764   5.4739898   3.0301536   1.0003203   0.5471081   5.4772619
 118.0000000   0.0000000   0.0000000   0.0000000   0.0000000   0.0000000   0.0000000   0.0000000   0.0000000   3.0271748   0.9994964   0.5460230   5.4726135   3.0285273   0.9998364   0.5470014   5.4762522   3.0290596   1.0000573   0.5460764   5.4739898   3.0301912   1.0003314   0.5470473   5.4774375
 119.0000000   0.0000000   0.0000000   0.0000000   0.0000000   0.0000000   0.0000000   0.0000000   0.0000000   3.0272043   0.9995054   0.5460255   5.4726709   3.0286214   0.9998721   0.5453989   5.4760357   3.0290596   1.0000573   0.5460764   5.4739898   3.0302604   1.0003594   0.5454410   5.4739898
