 t avg_prod_f avg_k_f avg_a_f avg_l_f avg_prod_ex avg_k_ex avg_a_ex avg_l_ex
   1.0000000   1.3432636  79.5270468 -11.3533580************   1.0311050  20.5103387  -6.3528629************
   2.0000000   1.3432636  79.5270468 -11.3533580************   1.0325761  20.6660402  -5.4192385************
   3.0000000   1.3438722  79.4614036 -11.4997362************   1.0373063  20.6190595  -5.7707310************
   4.0000000   1.3441378  79.3704340 -11.6031250************   1.0351232  20.6954345  -6.0474076************
   5.0000000   1.3442372  79.2494194 -11.6917714************   1.0382279  20.6788926  -5.9075649************
   6.0000000   1.3442638  79.1656740 -11.7656374************   1.0326009  21.7137112  -5.6297378************
   7.0000000   1.3440656  79.0024997 -11.8239710************   1.0313292  21.2157911  -6.2163304************
   8.0000000   1.3437780  78.8277174 -11.8701552************   1.0324892  20.3499870  -6.4053723************
   9.0000000   1.3437952  78.7556975 -11.9078285************   1.0314212  20.4257981  -6.4165500************
  10.0000000   1.3437930  78.6873349 -11.9379270************   1.0313325  20.5632909  -6.3349354************
  11.0000000   1.3437474  78.6205655 -11.9612370************   1.0311664  20.5368861  -6.3251715************
  12.0000000   1.3437243  78.5691285 -11.9799384************   1.0241394  20.6468120  -7.0470618************
  13.0000000   1.3434391  78.4214466 -11.9846066************   1.0310095  19.5540623  -7.1107891************
  14.0000000   1.3434325  78.3971384 -11.9901095************   1.0308657  19.5818353  -7.0889745************
  15.0000000   1.3434186  78.3785289 -11.9915009************   1.0301481  19.6636802  -7.0661720************
  16.0000000   1.3433999  78.3605240 -11.9892482************   1.0300425  19.6508183  -7.0729145************
  17.0000000   1.3433895  78.3497216 -11.9843992************   1.0299402  19.6521959  -7.0777501************
  18.0000000   1.3433797  78.3443091 -11.9764242************   1.0298993  19.6579261  -7.0607965************
  19.0000000   1.3433582  78.3406911 -11.9658354************   1.0295491  19.6541144  -7.0622406************
  20.0000000   1.3433454  78.3410755 -11.9538307************   1.0294731  19.6572158  -7.0660109************
  21.0000000   1.3433292  78.3441565 -11.9396388************   1.0292831  19.6625072  -7.0702948************
  22.0000000   1.3433139  78.3491158 -11.9244056************   1.0291961  19.6688263  -7.0711607************
  23.0000000   1.3432969  78.3551431 -11.9085264************   1.0295405  19.5938863  -7.1066659************
  24.0000000   1.3432893  78.3687478 -11.8917449************   1.0293035  19.6202685  -7.1110593************
  25.0000000   1.3432737  78.3813075 -11.8738276************   1.0291224  19.6258008  -7.1226497************
  26.0000000   1.3432584  78.3937802 -11.8556827************   1.0288948  19.6226465  -7.1344942************
  27.0000000   1.3432512  78.4089627 -11.8360615************   1.0285463  19.6281490  -7.1720007************
  28.0000000   1.3432603  78.4280057 -11.8152199************   1.0288340  19.6587298  -7.1667215************
  29.0000000   1.3432474  78.4443778 -11.7946871************   1.0288193  19.6659326  -7.1649411************
  30.0000000   1.3432313  78.4609269 -11.7736958************   1.0287914  19.6678702  -7.1648619************
  31.0000000   1.3432149  78.4778653 -11.7528070************   1.0287498  19.6705675  -7.1662361************
  32.0000000   1.3431983  78.4943228 -11.7325825************   1.0286736  19.5656542  -7.2281580************
  33.0000000   1.3432141  78.5188821 -11.7118255************   1.0287858  19.5994943  -7.2180337************
  34.0000000   1.3432102  78.5401818 -11.6921741************   1.0288017  19.6065668  -7.2168850************
  35.0000000   1.3432027  78.5612072 -11.6717224************   1.0289954  19.5577672  -7.2429738************
  36.0000000   1.3432047  78.5857908 -11.6521450************   1.0290892  19.5429273  -7.2605327************
  37.0000000   1.3432026  78.6102192 -11.6320565************   1.0292230  19.5191033  -7.2748233************
  38.0000000   1.3432010  78.6355409 -11.6120897************   1.0291937  19.5153585  -7.2831352************
  39.0000000   1.3431995  78.6600303 -11.5927250************   1.0292463  19.5185026  -7.2832565************
  40.0000000   1.3431938  78.6843548 -11.5727141************   1.0293548  19.5181944  -7.2798407************
  41.0000000   1.3431848  78.7084357 -11.5529918************   1.0293607  19.5241541  -7.2750691************
  42.0000000   1.3431742  78.7315880 -11.5339997************   1.0294733  19.4970067  -7.2847126************
  43.0000000   1.3431691  78.7566863 -11.5151610************   1.0295002  19.5032045  -7.2825957************
  44.0000000   1.3431589  78.7805386 -11.4965154************   1.0295372  19.5048507  -7.2752496************
  45.0000000   1.3431477  78.8033328 -11.4797345************   1.0357581  19.4349166  -6.5864912************
  46.0000000   1.3434119  78.9353966 -11.4694596************   1.0300427  20.4050300  -6.4957192************
  47.0000000   1.3434040  78.9572902 -11.4555136************   1.0306811  20.3438977  -6.5186235************
  48.0000000   1.3433942  78.9825306 -11.4420947************   1.0303823  20.3667853  -6.5209105************
  49.0000000   1.3433825  79.0043620 -11.4297836************   1.0311835  20.3540070  -6.4366714************
  50.0000000   1.3434056  79.0385948 -11.4189776************   1.0307777  20.3957985  -6.4727913************
  51.0000000   1.3433991  79.0621233 -11.4076279************   1.0306055  20.4062271  -6.4685670************
  52.0000000   1.3433976  79.0848441 -11.3969224************   1.0306727  20.4258289  -6.4635498************
  53.0000000   1.3433854  79.1041943 -11.3869370************   1.0306969  20.4253796  -6.4600078************
  54.0000000   1.3433746  79.1231641 -11.3774977************   1.0306537  20.4339096  -6.4574309************
  55.0000000   1.3433631  79.1411406 -11.3683178************   1.0306706  20.4375509  -6.4524595************
  56.0000000   1.3433516  79.1583158 -11.3595769************   1.0306539  20.4410492  -6.4501852************
  57.0000000   1.3433410  79.1748344 -11.3510890************   1.0306682  20.4434929  -6.4464085************
  58.0000000   1.3433309  79.1906589 -11.3438023************   1.0307073  20.4498102  -6.4371900************
  59.0000000   1.3433193  79.2056191 -11.3366431************   1.0307043  20.4508104  -6.4352913************
  60.0000000   1.3433092  79.2200531 -11.3300861************   1.0307199  20.4528427  -6.4294983************
  61.0000000   1.3432998  79.2338537 -11.3241669************   1.0307256  20.4544310  -6.4265246************
  62.0000000   1.3432913  79.2475159 -11.3196039************   1.0307420  20.4565008  -6.4228838************
  63.0000000   1.3432833  79.2607252 -11.3155220************   1.0307544  20.4577986  -6.4200824************
  64.0000000   1.3432761  79.2734035 -11.3109500************   1.0307684  20.4593314  -6.4172016************
  65.0000000   1.3432697  79.2854736 -11.3070984************   1.0307834  20.4607855  -6.4144552************
  66.0000000   1.3432638  79.2972817 -11.3028617************   1.0307984  20.4621844  -6.4113419************
  67.0000000   1.3432586  79.3084789 -11.2991583************   1.0308138  20.4636048  -6.4084133************
  68.0000000   1.3432539  79.3193969 -11.2957383************   1.0308280  20.4649114  -6.4053815************
  69.0000000   1.3432499  79.3299478 -11.2926976************   1.0308581  20.4665168  -6.3974481************
  70.0000000   1.3432484  79.3408142 -11.2897714************   1.0308446  20.4732757  -6.3957646************
  71.0000000   1.3432447  79.3505368 -11.2871585************   1.0308813  20.4727362  -6.3929751************
  72.0000000   1.3432413  79.3599733 -11.2848181************   1.0309030  20.4735705  -6.3902947************
  73.0000000   1.3432380  79.3690534 -11.2827149************   1.0309141  20.4733936  -6.3892976************
  74.0000000   1.3432354  79.3778574 -11.2809218************   1.0311150  20.4701100  -6.3815422************
  75.0000000   1.3432330  79.3875217 -11.2794688************   1.0310756  20.4776103  -6.3769085************
  76.0000000   1.3432284  79.3959570 -11.2782647************   1.0310412  20.4773256  -6.3791373************
  77.0000000   1.3432257  79.4041280 -11.2772271************   1.0310413  20.4782277  -6.3782152************
  78.0000000   1.3432235  79.4119245 -11.2763347************   1.0310493  20.4796763  -6.3761821************
  79.0000000   1.3432216  79.4194689 -11.2755915************   1.0310687  20.4824349  -6.3721012************
  80.0000000   1.3432192  79.4264862 -11.2755342************   1.0310630  20.4824934  -6.3725673************
  81.0000000   1.3432179  79.4333588 -11.2755026************   1.0311271  20.4878309  -6.3628472************
  82.0000000   1.3432136  79.4393695 -11.2756337************   1.0311042  20.4866562  -6.3636735************
  83.0000000   1.3432114  79.4454000 -11.2757496************   1.0311279  20.4891237  -6.3590861************
  84.0000000   1.3432084  79.4510833 -11.2759963************   1.0311341  20.4908118  -6.3558978************
  85.0000000   1.3432055  79.4564656 -11.2764132************   1.0311296  20.4913197  -6.3551984************
  86.0000000   1.3432035  79.4617221 -11.2769605************   1.0311224  20.4914866  -6.3553823************
  87.0000000   1.3432025  79.4667427 -11.2776287************   1.0311244  20.4923109  -6.3546458************
  88.0000000   1.3432018  79.4715278 -11.2784735************   1.0311264  20.4930619  -6.3540063************
  89.0000000   1.3432015  79.4761544 -11.2793708************   1.0311402  20.4946909  -6.3516691************
  90.0000000   1.3432008  79.4804918 -11.2804163************   1.0311405  20.4953171  -6.3510011************
  91.0000000   1.3432005  79.4846927 -11.2814396************   1.0311392  20.4957402  -6.3507846************
  92.0000000   1.3432006  79.4887332 -11.2825213************   1.0311422  20.4964404  -6.3501238************
  93.0000000   1.3432008  79.4926467 -11.2836040************   1.0311427  20.4971304  -6.3497526************
  94.0000000   1.3432014  79.4964581 -11.2847758************   1.0311438  20.4976984  -6.3495008************
  95.0000000   1.3432022  79.5000627 -11.2861907************   1.0311459  20.4982735  -6.3489406************
  96.0000000   1.3432031  79.5035655 -11.2874672************   1.0311473  20.4988277  -6.3486746************
  97.0000000   1.3432042  79.5069519 -11.2897972************   1.0311490  20.4994045  -6.3486394************
  98.0000000   1.3432054  79.5102296 -11.2921153************   1.0311514  20.4999718  -6.3485382************
  99.0000000   1.3432067  79.5133292 -11.2939607************   1.0309687  20.5044851  -6.3542242************
 100.0000000   1.3432084  79.5153642 -11.2949999************   1.0310725  20.5033322  -6.3486060************
 101.0000000   1.3432097  79.5178518 -11.2961804************   1.0310911  20.5028473  -6.3480426************
 102.0000000   1.3432115  79.5205342 -11.2971853************   1.0311004  20.5030590  -6.3477117************
 103.0000000   1.3432133  79.5231027 -11.2982524************   1.0311076  20.5033434  -6.3474394************
 104.0000000   1.3432152  79.5257143 -11.2992915************   1.0311130  20.5037175  -6.3472728************
 105.0000000   1.3432171  79.5283925 -11.3001340************   1.0311426  20.5074432  -6.3420388************
 106.0000000   1.3432174  79.5308582 -11.3011368************   1.0311329  20.5074294  -6.3431897************
 107.0000000   1.3432184  79.5334378 -11.3019478************   1.0311296  20.5076221  -6.3437112************
 108.0000000   1.3432196  79.5362322 -11.3024002************   1.0311775  20.5144609  -6.3385326************
 109.0000000   1.3432171  79.5379442 -11.3032586************   1.0311402  20.5110748  -6.3415677************
 110.0000000   1.3432172  79.5404710 -11.3037794************   1.0311339  20.5110143  -6.3420579************
 111.0000000   1.3432178  79.5429283 -11.3042107************   1.0311299  20.5112100  -6.3423287************
 112.0000000   1.3432186  79.5454245 -11.3045321************   1.0311273  20.5115700  -6.3424710************
 113.0000000   1.3432196  79.5478232 -11.3050360************   1.0311259  20.5119385  -6.3426172************
 114.0000000   1.3432206  79.5506650 -11.3048651************   1.0311551  20.5147773  -6.3378695************
 115.0000000   1.3432199  79.5529988 -11.3048940************   1.0311399  20.5143442  -6.3386809************
 116.0000000   1.3432199  79.5554285 -11.3049105************   1.0311346  20.5146049  -6.3388201************
 117.0000000   1.3432202  79.5577955 -11.3048401************   1.0311421  20.5158968  -6.3370132************
 118.0000000   1.3432200  79.5602443 -11.3044600************   1.0311315  20.5158649  -6.3376870************
 119.0000000   1.3432203  79.5625428 -11.3039804************   1.0311294  20.5163983  -6.3374806************
 120.0000000   1.3432636  79.5270468 -11.3533580************   1.0311050  20.5103387  -6.3528629************
