 t z psi theta tau_a f_e f_o tau_x tau_l C H B r w div entry mass rgdp rinv firm
 s_constrained exit exit_b
 avg_firm_size labor_share std_dev_growth_emp std_dev_growth_sales debt capital 
 ngdp ninv exdem psi_c collat_binding
   1.0000000   1.0000000   0.7837378   0.3778003   0.0032343   1.0000000   0.6829559   0.0000000   0.0000000   2.4828589   1.0000039  -4.5021227   0.0101010   1.9459142   0.5642540   0.0107784   0.3857670   3.0290596   0.5460764  -1.0000000   0.0107783   0.0000000   2.5217887   0.6424178   0.0000000   0.0000000  -5.4739898  31.5360904   3.0290596   0.5460764   0.0001242   1.0000000   0.0000000
   2.0000000   0.9593483   0.7837378   0.3778003   0.0032343   1.0000000   0.6829559   0.0000000   0.0000000   2.4613287   0.9826541  -4.5021227   0.0101010   1.9184818   0.5520321   0.0107784   0.3857670   2.9178475   0.4565187  -1.0000000   0.0116038   0.0000000   2.4781160   0.6461803   0.0000000   0.0000000  -5.4739898  31.5360904   2.9175518   0.4562231   0.0000000   1.0000000   0.0000000
   3.0000000   0.9635461   0.7837378   0.3778003   0.0032343   1.0000000   0.6829559   0.0000000   0.0000000   2.4602386   0.9842469  -4.5506766   0.0093370   1.9188053   0.5625482   0.0107784   0.3849417   2.9263834   0.4661449  -1.0000000   0.0113296   0.0000000   2.4873016   0.6454455   0.0000000   0.0000000  -5.4526797  31.4444733   2.9260913   0.4658527   0.0000000   1.0000000   0.0000000
   4.0000000   0.9673104   0.7837378   0.3778003   0.0032343   1.0000000   0.6829559   0.0000000   0.0000000   2.4580364   0.9858359  -4.5851944   0.0094615   1.9191988   0.5602392   0.0107784   0.3843905   2.9341799   0.4761435  -1.0000000   0.0110311   0.0000000   2.4947827   0.6448985   0.0000000   0.0000000  -5.4326193  31.3647293   2.9338920   0.4758556   0.0000000   1.0000000   0.0000000
   5.0000000   0.9706860   0.7837378   0.3778003   0.0032343   1.0000000   0.6829559   0.0000000   0.0000000   2.4528923   0.9869526  -4.6172707   0.0095792   1.9198997   0.5591552   0.0107784   0.3841378   2.9405371   0.4876448  -1.0000000   0.0110389   0.0000000   2.4991624   0.6444553   0.0000000   0.0000000  -5.4157292  31.2968848   2.9402567   0.4873644   0.0000000   1.0000000   0.0000000
   6.0000000   0.9737130   0.7837378   0.3778003   0.0032343   1.0000000   0.6829559   0.0000000   0.0000000   2.4521476   0.9884293  -4.6433769   0.0097192   1.9206588   0.5559118   0.0107784   0.3838774   2.9471013   0.4949538  -1.0000000   0.0105526   0.0000000   2.5045865   0.6442431   0.0000000   0.0000000  -5.4034715  31.2431913   2.9468291   0.4946816   0.0000000   1.0000000   0.0000000
   7.0000000   0.9764275   0.7837378   0.3778003   0.0032343   1.0000000   0.6829559   0.0000000   0.0000000   2.4516786   0.9899811  -4.6690693   0.0098053   1.9215355   0.5550218   0.0107784   0.3841032   2.9537171   0.5020386  -1.0000000   0.0103954   0.0000000   2.5070869   0.6441018   0.0000000   0.0000000  -5.3938371  31.1966381   2.9534544   0.5017758   0.0000000   1.0000000   0.0000000
   8.0000000   0.9788616   0.7837378   0.3778003   0.0032343   1.0000000   0.6829559   0.0000000   0.0000000   2.4504933   0.9909780  -4.6918534   0.0098642   1.9222392   0.5601002   0.0107784   0.3844863   2.9589881   0.5084948  -1.0000000   0.0108198   0.0000000   2.5071852   0.6438373   0.0000000   0.0000000  -5.3853974  31.1578143   2.9587329   0.5082397   0.0000000   1.0000000   0.0000000
   9.0000000   0.9810444   0.7837378   0.3778003   0.0032343   1.0000000   0.6829559   0.0000000   0.0000000   2.4499601   0.9919324  -4.7062519   0.0099362   1.9229820   0.5597004   0.0107784   0.3844449   2.9639766   0.5140165  -1.0000000   0.0107586   0.0000000   2.5098561   0.6436179   0.0000000   0.0000000  -5.3798547  31.1260907   2.9637294   0.5137693   0.0000000   1.0000000   0.0000000
  10.0000000   0.9830018   0.7837378   0.3778003   0.0032343   1.0000000   0.6829559   0.0000000   0.0000000   2.4496660   0.9927981  -4.7183841   0.0100021   1.9237686   0.5592955   0.0107784   0.3844647   2.9685104   0.5188445  -1.0000000   0.0107009   0.0000000   2.5119159   0.6434557   0.0000000   0.0000000  -5.3754341  31.1006317   2.9682718   0.5186058   0.0000000   1.0000000   0.0000000
  11.0000000   0.9847571   0.7837378   0.3778003   0.0032343   1.0000000   0.6829559   0.0000000   0.0000000   2.4498224   0.9935262  -4.7285251   0.0100525   1.9245940   0.5596361   0.0107784   0.3845423   2.9726085   0.5227861  -1.0000000   0.0107245   0.0000000   2.5132550   0.6433112   0.0000000   0.0000000  -5.3724382  31.0803404   2.9723787   0.5225563   0.0000000   1.0000000   0.0000000
  12.0000000   0.9863311   0.7837378   0.3778003   0.0032343   1.0000000   0.6829559   0.0000000   0.0000000   2.4497296   0.9947794  -4.7365640   0.0100988   1.9255613   0.5553445   0.0107784   0.3845962   2.9775330   0.5278034  -1.0000000   0.0101721   0.0000000   2.5160978   0.6433823   0.0000000   0.0000000  -5.3700484  31.0642422   2.9773137   0.5275840   0.0000000   1.0000000   0.0000000
  13.0000000   0.9877426   0.7837378   0.3778003   0.0032343   1.0000000   0.6829559   0.0000000   0.0000000   2.4499372   0.9953916  -4.7456768   0.0101321   1.9262941   0.5604056   0.0107784   0.3852026   2.9810879   0.5311507  -1.0000000   0.0107491   0.0000000   2.5137884   0.6432528   0.0000000   0.0000000  -5.3690584  31.0534045   2.9808765   0.5309393   0.0000000   1.0000000   0.0000000
  14.0000000   0.9890083   0.7837378   0.3778003   0.0032343   1.0000000   0.6829559   0.0000000   0.0000000   2.4501860   0.9959588  -4.7482075   0.0101652   1.9270243   0.5604536   0.0107784   0.3852319   2.9844181   0.5342321  -1.0000000   0.0107357   0.0000000   2.5150342   0.6431431   0.0000000   0.0000000  -5.3689695  31.0460784   2.9842145   0.5340285   0.0000000   1.0000000   0.0000000
  15.0000000   0.9901434   0.7837378   0.3778003   0.0032343   1.0000000   0.6829559   0.0000000   0.0000000   2.4507801   0.9964776  -4.7492711   0.0101959   1.9277694   0.5604949   0.0107784   0.3852747   2.9874938   0.5367137  -1.0000000   0.0107070   0.0000000   2.5160716   0.6430621   0.0000000   0.0000000  -5.3694210  31.0420590   2.9872982   0.5365181   0.0000000   1.0000000   0.0000000
  16.0000000   0.9911612   0.7837378   0.3778003   0.0032343   1.0000000   0.6829559   0.0000000   0.0000000   2.4514837   0.9969402  -4.7492353   0.0102158   1.9284978   0.5607898   0.0107784   0.3853461   2.9903391   0.5388554  -1.0000000   0.0107158   0.0000000   2.5167830   0.6429889   0.0000000   0.0000000  -5.3701858  31.0405253   2.9901513   0.5386676   0.0000000   1.0000000   0.0000000
  17.0000000   0.9920739   0.7837378   0.3778003   0.0032343   1.0000000   0.6829559   0.0000000   0.0000000   2.4519520   0.9973545  -4.7480652   0.0102354   1.9292174   0.5610169   0.0107784   0.3854087   2.9929718   0.5410198  -1.0000000   0.0107152   0.0000000   2.5174311   0.6429285   0.0000000   0.0000000  -5.3714761  31.0411543   2.9927918   0.5408398   0.0000000   1.0000000   0.0000000
  18.0000000   0.9928924   0.7837378   0.3778003   0.0032343   1.0000000   0.6829559   0.0000000   0.0000000   2.4525836   0.9977546  -4.7456630   0.0102512   1.9299130   0.5610850   0.0107784   0.3854720   2.9954704   0.5428868  -1.0000000   0.0107010   0.0000000   2.5180374   0.6428795   0.0000000   0.0000000  -5.3732573  31.0439643   2.9952980   0.5427143   0.0000000   1.0000000   0.0000000
  19.0000000   0.9936263   0.7837378   0.3778003   0.0032343   1.0000000   0.6829559   0.0000000   0.0000000   2.4534158   0.9981144  -4.7423932   0.0102676   1.9306094   0.5611097   0.0107784   0.3855494   2.9978106   0.5443948  -1.0000000   0.0107027   0.0000000   2.5184548   0.6428399   0.0000000   0.0000000  -5.3757986  31.0485936   2.9976457   0.5442299   0.0000000   1.0000000   0.0000000
  20.0000000   0.9942845   0.7837378   0.3778003   0.0032343   1.0000000   0.6829559   0.0000000   0.0000000   2.4540832   0.9984401  -4.7385400   0.0102775   1.9312914   0.5612630   0.0107784   0.3856250   2.9999768   0.5458936  -1.0000000   0.0106983   0.0000000   2.5187952   0.6428106   0.0000000   0.0000000  -5.3784393  31.0546747   2.9998192   0.5457360   0.0000000   1.0000000   0.0000000
  21.0000000   0.9948747   0.7837378   0.3778003   0.0032343   1.0000000   0.6829559   0.0000000   0.0000000   2.4550498   0.9987387  -4.7338709   0.0102854   1.9319585   0.5613483   0.0107784   0.3857052   3.0020021   0.5469523  -1.0000000   0.0106957   0.0000000   2.5190389   0.6427893   0.0000000   0.0000000  -5.3813654  31.0621724   3.0018517   0.5468019   0.0000000   1.0000000   0.0000000
  22.0000000   0.9954039   0.7837378   0.3778003   0.0032343   1.0000000   0.6829559   0.0000000   0.0000000   2.4561068   0.9990123  -4.7288179   0.0102940   1.9326104   0.5613942   0.0107784   0.3857879   3.0038952   0.5477884  -1.0000000   0.0106934   0.0000000   2.5192025   0.6427753   0.0000000   0.0000000  -5.3845576  31.0706220   3.0037518   0.5476450   0.0000000   1.0000000   0.0000000
  23.0000000   0.9958785   0.7837378   0.3778003   0.0032343   1.0000000   0.6829559   0.0000000   0.0000000   2.4567795   0.9992337  -4.7235327   0.0102941   1.9332436   0.5616225   0.0107784   0.3858729   3.0056176   0.5488382  -1.0000000   0.0107192   0.0000000   2.5192181   0.6427577   0.0000000   0.0000000  -5.3877220  31.0796711   3.0054811   0.5487016   0.0000000   1.0000000   0.0000000
  24.0000000   0.9963041   0.7837378   0.3778003   0.0032343   1.0000000   0.6829559   0.0000000   0.0000000   2.4574504   0.9994506  -4.7175804   0.0102985   1.9338604   0.5614623   0.0107784   0.3859321   3.0072527   0.5498022  -1.0000000   0.0107035   0.0000000   2.5193880   0.6427510   0.0000000   0.0000000  -5.3910789  31.0897073   3.0071227   0.5496723   0.0000000   1.0000000   0.0000000
  25.0000000   0.9966858   0.7837378   0.3778003   0.0032343   1.0000000   0.6829559   0.0000000   0.0000000   2.4586233   0.9996656  -4.7113622   0.0103016   1.9344453   0.5616207   0.0107784   0.3860070   3.0088218   0.5501985  -1.0000000   0.0107003   0.0000000   2.5194530   0.6427467   0.0000000   0.0000000  -5.3947503  31.1005636   3.0086982   0.5500749   0.0000000   1.0000000   0.0000000
  26.0000000   0.9970280   0.7837378   0.3778003   0.0032343   1.0000000   0.6829559   0.0000000   0.0000000   2.4592294   0.9998524  -4.7050883   0.0103030   1.9350232   0.5618519   0.0107784   0.3860851   3.0102795   0.5510500  -1.0000000   0.0107056   0.0000000   2.5194329   0.6427474   0.0000000   0.0000000  -5.3985256  31.1116338   3.0101621   0.5509326   0.0000000   1.0000000   0.0000000
  27.0000000   0.9973349   0.7837378   0.3778003   0.0032343   1.0000000   0.6829559   0.0000000   0.0000000   2.4598372   1.0000145  -4.6981634   0.0103022   1.9355812   0.5621194   0.0107784   0.3861580   3.0116380   0.5518008  -1.0000000   0.0107175   0.0000000   2.5193762   0.6427449   0.0000000   0.0000000  -5.4023863  31.1233700   3.0115266   0.5516894   0.0000000   1.0000000   0.0000000
  28.0000000   0.9976101   0.7837378   0.3778003   0.0032343   1.0000000   0.6829559   0.0000000   0.0000000   2.4608343   1.0001821  -4.6906105   0.0103007   1.9361208   0.5618616   0.0107784   0.3862189   3.0129487   0.5521144  -1.0000000   0.0107023   0.0000000   2.5194122   0.6427510   0.0000000   0.0000000  -5.4062839  31.1357070   3.0128431   0.5520088   0.0000000   1.0000000   0.0000000
  29.0000000   0.9978569   0.7837378   0.3778003   0.0032343   1.0000000   0.6829559   0.0000000   0.0000000   2.4616159   1.0003324  -4.6833567   0.0102995   1.9366459   0.5618868   0.0107784   0.3862950   3.0141595   0.5525437  -1.0000000   0.0107002   0.0000000   2.5193084   0.6427625   0.0000000   0.0000000  -5.4100550  31.1481771   3.0140596   0.5524438   0.0000000   1.0000000   0.0000000
  30.0000000   0.9980782   0.7837378   0.3778003   0.0032343   1.0000000   0.6829559   0.0000000   0.0000000   2.4625147   1.0004731  -4.6759420   0.0102967   1.9371546   0.5619003   0.0107784   0.3863732   3.0153101   0.5527954  -1.0000000   0.0107016   0.0000000   2.5191660   0.6427750   0.0000000   0.0000000  -5.4139592  31.1608821   3.0152156   0.5527010   0.0000000   1.0000000   0.0000000
  31.0000000   0.9982766   0.7837378   0.3778003   0.0032343   1.0000000   0.6829559   0.0000000   0.0000000   2.4635357   1.0006122  -4.6685489   0.0102980   1.9376357   0.5617771   0.0107784   0.3864500   3.0164133   0.5528776  -1.0000000   0.0107025   0.0000000   2.5190286   0.6427877   0.0000000   0.0000000  -5.4179768  31.1736383   3.0163241   0.5527884   0.0000000   1.0000000   0.0000000
  32.0000000   0.9984546   0.7837378   0.3778003   0.0032343   1.0000000   0.6829559   0.0000000   0.0000000   2.4644097   1.0007051  -4.6614063   0.0102854   1.9380953   0.5626025   0.0107784   0.3865259   3.0174088   0.5529991  -1.0000000   0.0107434   0.0000000   2.5187781   0.6427859   0.0000000   0.0000000  -5.4218068  31.1861372   3.0173245   0.5529148   0.0000000   1.0000000   0.0000000
  33.0000000   0.9986142   0.7837378   0.3778003   0.0032343   1.0000000   0.6829559   0.0000000   0.0000000   2.4649886   1.0008030  -4.6535695   0.0102831   1.9385424   0.5618172   0.0107784   0.3865610   3.0183527   0.5533641  -1.0000000   0.0107247   0.0000000   2.5187986   0.6427940   0.0000000   0.0000000  -5.4256712  31.1986444   3.0182732   0.5532846   0.0000000   1.0000000   0.0000000
  34.0000000   0.9987573   0.7837378   0.3778003   0.0032343   1.0000000   0.6829559   0.0000000   0.0000000   2.4656019   1.0008976  -4.6463900   0.0102865   1.9389777   0.5619859   0.0107784   0.3866147   3.0192597   0.5536579  -1.0000000   0.0107229   0.0000000   2.5186980   0.6428055   0.0000000   0.0000000  -5.4295043  31.2113309   3.0191850   0.5535831   0.0000000   1.0000000   0.0000000
  35.0000000   0.9988856   0.7837378   0.3778003   0.0032343   1.0000000   0.6829559   0.0000000   0.0000000   2.4664377   1.0009693  -4.6389102   0.0102782   1.9393907   0.5620489   0.0107784   0.3866702   3.0200960   0.5536583  -1.0000000   0.0107435   0.0000000   2.5185247   0.6428089   0.0000000   0.0000000  -5.4331342  31.2240452   3.0200257   0.5535879   0.0000000   1.0000000   0.0000000
  36.0000000   0.9990007   0.7837378   0.3778003   0.0032343   1.0000000   0.6829559   0.0000000   0.0000000   2.4670451   1.0010354  -4.6315365   0.0102721   1.9397874   0.5622217   0.0107784   0.3867052   3.0208825   0.5538374  -1.0000000   0.0107430   0.0000000   2.5184692   0.6428145   0.0000000   0.0000000  -5.4367582  31.2365626   3.0208165   0.5537713   0.0000000   1.0000000   0.0000000
  37.0000000   0.9991039   0.7837378   0.3778003   0.0032343   1.0000000   0.6829559   0.0000000   0.0000000   2.4677780   1.0010922  -4.6239634   0.0102676   1.9401661   0.5623813   0.0107784   0.3867406   3.0216221   0.5538441  -1.0000000   0.0107498   0.0000000   2.5183870   0.6428180   0.0000000   0.0000000  -5.4402471  31.2490552   3.0215602   0.5537822   0.0000000   1.0000000   0.0000000
  38.0000000   0.9991964   0.7837378   0.3778003   0.0032343   1.0000000   0.6829559   0.0000000   0.0000000   2.4686582   1.0011434  -4.6163586   0.0102615   1.9405291   0.5624619   0.0107784   0.3867692   3.0223159   0.5536576  -1.0000000   0.0107503   0.0000000   2.5183321   0.6428221   0.0000000   0.0000000  -5.4436419  31.2613721   3.0222578   0.5535996   0.0000000   1.0000000   0.0000000
  39.0000000   0.9992794   0.7837378   0.3778003   0.0032343   1.0000000   0.6829559   0.0000000   0.0000000   2.4690249   1.0011982  -4.6089865   0.0102574   1.9408654   0.5625088   0.0107784   0.3867973   3.0229767   0.5539518  -1.0000000   0.0107480   0.0000000   2.5182938   0.6428279   0.0000000   0.0000000  -5.4468778  31.2733221   3.0229223   0.5538974   0.0000000   1.0000000   0.0000000
  40.0000000   0.9993538   0.7837378   0.3778003   0.0032343   1.0000000   0.6829559   0.0000000   0.0000000   2.4696079   1.0012484  -4.6013826   0.0102527   1.9411940   0.5624520   0.0107784   0.3868278   3.0236081   0.5540002  -1.0000000   0.0107485   0.0000000   2.5182278   0.6428341   0.0000000   0.0000000  -5.4500992  31.2853857   3.0235572   0.5539493   0.0000000   1.0000000   0.0000000
  41.0000000   0.9994205   0.7837378   0.3778003   0.0032343   1.0000000   0.6829559   0.0000000   0.0000000   2.4702984   1.0012980  -4.5938865   0.0102486   1.9415103   0.5623109   0.0107784   0.3868577   3.0242158   0.5539174  -1.0000000   0.0107477   0.0000000   2.5181635   0.6428409   0.0000000   0.0000000  -5.4534212  31.2973146   3.0241684   0.5538699   0.0000000   1.0000000   0.0000000
  42.0000000   0.9994804   0.7837378   0.3778003   0.0032343   1.0000000   0.6829559   0.0000000   0.0000000   2.4708155   1.0013301  -4.5866890   0.0102402   1.9418088   0.5624343   0.0107784   0.3868884   3.0247562   0.5539407  -1.0000000   0.0107593   0.0000000   2.5180467   0.6428440   0.0000000   0.0000000  -5.4562988  31.3089405   3.0247119   0.5538964   0.0000000   1.0000000   0.0000000
  43.0000000   0.9995340   0.7837378   0.3778003   0.0032343   1.0000000   0.6829559   0.0000000   0.0000000   2.4712721   1.0013670  -4.5794179   0.0102350   1.9420966   0.5622926   0.0107784   0.3869075   3.0252859   0.5540137  -1.0000000   0.0107543   0.0000000   2.5180178   0.6428496   0.0000000   0.0000000  -5.4591236  31.3204286   3.0252447   0.5539726   0.0000000   1.0000000   0.0000000
  44.0000000   0.9995821   0.7837378   0.3778003   0.0032343   1.0000000   0.6829559   0.0000000   0.0000000   2.4721441   1.0014410  -4.5722799   0.0102297   1.9423203   0.5619706   0.0107784   0.3869316   3.0258713   0.5537272  -1.0000000   0.0107549   0.0000000   2.5180555   0.6428473   0.0000000   0.0000000  -5.4619339  31.3318135   3.0258326   0.5536885   0.0000000   1.0000000   0.0000000
  45.0000000   0.9996253   0.7837378   0.3778003   0.0032343   1.0000000   0.6829559   0.0000000   0.0000000   2.4724561   1.0008725  -4.5658759   0.0102255   1.9424050   0.5670886   0.0107784   0.3869552   3.0251849   0.5527288  -1.0000000   0.0113214   0.0000000   2.5164557   0.6426505   0.0000000   0.0000000  -5.4646243  31.3427317   3.0251471   0.5526910   0.0000000   1.0000000   0.0000000
  46.0000000   0.9996640   0.7837378   0.3778003   0.0032343   1.0000000   0.6829559   0.0000000   0.0000000   2.4729856   1.0009053  -4.5555619   0.0102229   1.9426231   0.5623710   0.0107784   0.3864122   3.0256329   0.5526473  -1.0000000   0.0107697   0.0000000   2.5199824   0.6426491   0.0000000   0.0000000  -5.4668829  31.3523999   3.0255975   0.5526118   0.0000000   1.0000000   0.0000000
  47.0000000   0.9996987   0.7837378   0.3778003   0.0032343   1.0000000   0.6829559   0.0000000   0.0000000   2.4734369   1.0009075  -4.5501225   0.0102163   1.9428381   0.5625341   0.0107784   0.3864209   3.0260033   0.5525663  -1.0000000   0.0107885   0.0000000   2.5199305   0.6426419   0.0000000   0.0000000  -5.4688834  31.3617839   3.0259701   0.5525332   0.0000000   1.0000000   0.0000000
  48.0000000   0.9997298   0.7837378   0.3778003   0.0032343   1.0000000   0.6829559   0.0000000   0.0000000   2.4739968   1.0009287  -4.5446776   0.0102135   1.9430347   0.5621924   0.0107784   0.3864109   3.0263859   0.5523890  -1.0000000   0.0107752   0.0000000   2.5200477   0.6426389   0.0000000   0.0000000  -5.4708330  31.3710166   3.0263548   0.5523580   0.0000000   1.0000000   0.0000000
  49.0000000   0.9997577   0.7837378   0.3778003   0.0032343   1.0000000   0.6829559   0.0000000   0.0000000   2.4745341   1.0008588  -4.5398243   0.0102094   1.9432135   0.5628096   0.0107784   0.3864141   3.0265634   0.5520294  -1.0000000   0.0108457   0.0000000   2.5198494   0.6426145   0.0000000   0.0000000  -5.4723898  31.3799396   3.0265343   0.5520002   0.0000000   1.0000000   0.0000000
  50.0000000   0.9997827   0.7837378   0.3778003   0.0032343   1.0000000   0.6829559   0.0000000   0.0000000   2.4749185   1.0008531  -4.5347639   0.0102032   1.9434016   0.5625710   0.0107784   0.3863468   3.0268726   0.5519542  -1.0000000   0.0107933   0.0000000   2.5202596   0.6426064   0.0000000   0.0000000  -5.4739564  31.3882188   3.0268455   0.5519271   0.0000000   1.0000000   0.0000000
  51.0000000   0.9998052   0.7837378   0.3778003   0.0032343   1.0000000   0.6829559   0.0000000   0.0000000   2.4753877   1.0008493  -4.5300872   0.0102009   1.9435672   0.5625558   0.0107784   0.3863319   3.0271540   0.5517663  -1.0000000   0.0107929   0.0000000   2.5203442   0.6425985   0.0000000   0.0000000  -5.4753939  31.3963880   3.0271287   0.5517410   0.0000000   1.0000000   0.0000000
  52.0000000   0.9998253   0.7837378   0.3778003   0.0032343   1.0000000   0.6829559   0.0000000   0.0000000   2.4759362   1.0008522  -4.5256713   0.0101973   1.9437327   0.5624386   0.0107784   0.3863175   3.0274290   0.5514929  -1.0000000   0.0107809   0.0000000   2.5204438   0.6425965   0.0000000   0.0000000  -5.4768237  31.4042682   3.0274055   0.5514693   0.0000000   1.0000000   0.0000000
  53.0000000   0.9998433   0.7837378   0.3778003   0.0032343   1.0000000   0.6829559   0.0000000   0.0000000   2.4763657   1.0008467  -4.5216780   0.0101911   1.9438946   0.5624675   0.0107784   0.3863150   3.0276690   0.5513033  -1.0000000   0.0107828   0.0000000   2.5204445   0.6425949   0.0000000   0.0000000  -5.4780753  31.4117567   3.0276472   0.5512815   0.0000000   1.0000000   0.0000000
  54.0000000   0.9998595   0.7837378   0.3778003   0.0032343   1.0000000   0.6829559   0.0000000   0.0000000   2.4766325   1.0008457  -4.5178804   0.0101885   1.9440468   0.5623946   0.0107784   0.3863107   3.0279034   0.5512709  -1.0000000   0.0107796   0.0000000   2.5204702   0.6425947   0.0000000   0.0000000  -5.4792394  31.4189464   3.0278833   0.5512508   0.0000000   1.0000000   0.0000000
  55.0000000   0.9998740   0.7837378   0.3778003   0.0032343   1.0000000   0.6829559   0.0000000   0.0000000   2.4770678   1.0008449  -4.5142220   0.0101863   1.9441921   0.5624545   0.0107784   0.3863095   3.0281282   0.5510604  -1.0000000   0.0107796   0.0000000   2.5204759   0.6425942   0.0000000   0.0000000  -5.4803870  31.4259933   3.0281097   0.5510419   0.0000000   1.0000000   0.0000000
  56.0000000   0.9998870   0.7837378   0.3778003   0.0032343   1.0000000   0.6829559   0.0000000   0.0000000   2.4774183   1.0008423  -4.5107378   0.0101820   1.9443308   0.5625172   0.0107784   0.3863083   3.0283350   0.5509167  -1.0000000   0.0107795   0.0000000   2.5204762   0.6425941   0.0000000   0.0000000  -5.4813629  31.4327204   3.0283179   0.5508996   0.0000000   1.0000000   0.0000000
  57.0000000   0.9998987   0.7837378   0.3778003   0.0032343   1.0000000   0.6829559   0.0000000   0.0000000   2.4778378   1.0008434  -4.5073557   0.0101787   1.9444563   0.5622907   0.0107784   0.3863073   3.0285376   0.5506998  -1.0000000   0.0107799   0.0000000   2.5204854   0.6425930   0.0000000   0.0000000  -5.4822883  31.4391984   3.0285219   0.5506841   0.0000000   1.0000000   0.0000000
  58.0000000   0.9999091   0.7837378   0.3778003   0.0032343   1.0000000   0.6829559   0.0000000   0.0000000   2.4781656   1.0008401  -4.5044450   0.0101752   1.9445799   0.5623907   0.0107784   0.3863058   3.0287159   0.5505504  -1.0000000   0.0107787   0.0000000   2.5204871   0.6425937   0.0000000   0.0000000  -5.4830277  31.4453621   3.0287015   0.5505360   0.0000000   1.0000000   0.0000000
  59.0000000   0.9999185   0.7837378   0.3778003   0.0032343   1.0000000   0.6829559   0.0000000   0.0000000   2.4785350   1.0008323  -4.5015987   0.0101717   1.9447002   0.5623833   0.0107784   0.3863055   3.0288742   0.5503392  -1.0000000   0.0107799   0.0000000   2.5204689   0.6425944   0.0000000   0.0000000  -5.4836626  31.4512780   3.0288611   0.5503261   0.0000000   1.0000000   0.0000000
  60.0000000   0.9999269   0.7837378   0.3778003   0.0032343   1.0000000   0.6829559   0.0000000   0.0000000   2.4789004   1.0008265  -4.4989778   0.0101677   1.9448100   0.5623610   0.0107784   0.3863040   3.0290261   0.5501257  -1.0000000   0.0107806   0.0000000   2.5204632   0.6425943   0.0000000   0.0000000  -5.4842809  31.4568891   3.0290142   0.5501138   0.0000000   1.0000000   0.0000000
  61.0000000   0.9999345   0.7837378   0.3778003   0.0032343   1.0000000   0.6829559   0.0000000   0.0000000   2.4790634   1.0008152  -4.4966026   0.0101636   1.9449183   0.5618937   0.0107784   0.3863018   3.0291554   0.5500919  -1.0000000   0.0107814   0.0000000   2.5204474   0.6425948   0.0000000   0.0000000  -5.4847991  31.4621958   3.0291446   0.5500812   0.0000000   1.0000000   0.0000000
  62.0000000   0.9999413   0.7837378   0.3778003   0.0032343   1.0000000   0.6829559   0.0000000   0.0000000   2.4793323   1.0008047  -4.4947568   0.0101648   1.9450217   0.5618536   0.0107784   0.3862988   3.0292818   0.5499495  -1.0000000   0.0107820   0.0000000   2.5204403   0.6425953   0.0000000   0.0000000  -5.4851701  31.4673829   3.0292722   0.5499399   0.0000000   1.0000000   0.0000000
  63.0000000   0.9999473   0.7837378   0.3778003   0.0032343   1.0000000   0.6829559   0.0000000   0.0000000   2.4796474   1.0007932  -4.4930958   0.0101596   1.9451167   0.5622706   0.0107784   0.3862952   3.0293936   0.5497462  -1.0000000   0.0107829   0.0000000   2.5204328   0.6425951   0.0000000   0.0000000  -5.4855332  31.4723468   3.0293850   0.5497376   0.0000000   1.0000000   0.0000000
  64.0000000   0.9999528   0.7837378   0.3778003   0.0032343   1.0000000   0.6829559   0.0000000   0.0000000   2.4799727   1.0007805  -4.4912299   0.0101573   1.9452066   0.5622195   0.0107784   0.3862908   3.0294950   0.5495223  -1.0000000   0.0107836   0.0000000   2.5204288   0.6425948   0.0000000   0.0000000  -5.4859644  31.4770271   3.0294873   0.5495147   0.0000000   1.0000000   0.0000000
  65.0000000   0.9999576   0.7837378   0.3778003   0.0032343   1.0000000   0.6829559   0.0000000   0.0000000   2.4801545   1.0007671  -4.4896418   0.0101536   1.9452906   0.5624774   0.0107784   0.3862856   3.0295858   0.5494313  -1.0000000   0.0107843   0.0000000   2.5204289   0.6425947   0.0000000   0.0000000  -5.4863390  31.4814076   3.0295791   0.5494246   0.0000000   1.0000000   0.0000000
  66.0000000   0.9999620   0.7837378   0.3778003   0.0032343   1.0000000   0.6829559   0.0000000   0.0000000   2.4804648   1.0007526  -4.4878926   0.0101517   1.9453703   0.5625019   0.0107784   0.3862797   3.0296679   0.5492031  -1.0000000   0.0107850   0.0000000   2.5204298   0.6425941   0.0000000   0.0000000  -5.4866057  31.4856270   3.0296620   0.5491973   0.0000000   1.0000000   0.0000000
  67.0000000   0.9999659   0.7837378   0.3778003   0.0032343   1.0000000   0.6829559   0.0000000   0.0000000   2.4806372   1.0007368  -4.4863477   0.0101486   1.9454445   0.5625031   0.0107784   0.3862731   3.0297379   0.5491007  -1.0000000   0.0107857   0.0000000   2.5204319   0.6425935   0.0000000   0.0000000  -5.4868455  31.4895503   3.0297328   0.5490956   0.0000000   1.0000000   0.0000000
  68.0000000   0.9999695   0.7837378   0.3778003   0.0032343   1.0000000   0.6829559   0.0000000   0.0000000   2.4808460   1.0007206  -4.4849079   0.0101468   1.9455136   0.5625054   0.0107784   0.3862658   3.0298002   0.5489542  -1.0000000   0.0107864   0.0000000   2.5204364   0.6425923   0.0000000   0.0000000  -5.4869120  31.4933102   3.0297959   0.5489499   0.0000000   1.0000000   0.0000000
  69.0000000   0.9999726   0.7837378   0.3778003   0.0032343   1.0000000   0.6829559   0.0000000   0.0000000   2.4809870   1.0006998  -4.4836105   0.0101437   1.9455772   0.5625980   0.0107784   0.3862578   3.0298447   0.5488577  -1.0000000   0.0107899   0.0000000   2.5204333   0.6425901   0.0000000   0.0000000  -5.4868578  31.4968664   3.0298410   0.5488541   0.0000000   1.0000000   0.0000000
  70.0000000   0.9999754   0.7837378   0.3778003   0.0032343   1.0000000   0.6829559   0.0000000   0.0000000   2.4811549   1.0006858  -4.4823189   0.0101421   1.9456352   0.5625470   0.0107784   0.3862463   3.0298988   0.5487439  -1.0000000   0.0107863   0.0000000   2.5204705   0.6425885   0.0000000   0.0000000  -5.4867688  31.5002689   3.0298958   0.5487409   0.0000000   1.0000000   0.0000000
  71.0000000   0.9999780   0.7837378   0.3778003   0.0032343   1.0000000   0.6829559   0.0000000   0.0000000   2.4813333   1.0006691  -4.4811926   0.0101394   1.9456921   0.5625890   0.0107784   0.3862385   3.0299423   0.5486089  -1.0000000   0.0107872   0.0000000   2.5204775   0.6425870   0.0000000   0.0000000  -5.4866634  31.5035037   3.0299399   0.5486065   0.0000000   1.0000000   0.0000000
  72.0000000   0.9999802   0.7837378   0.3778003   0.0032343   1.0000000   0.6829559   0.0000000   0.0000000   2.4814783   1.0006516  -4.4801641   0.0101384   1.9457461   0.5626022   0.0107784   0.3862297   3.0299787   0.5485004  -1.0000000   0.0107874   0.0000000   2.5204885   0.6425855   0.0000000   0.0000000  -5.4864678  31.5065514   3.0299769   0.5484986   0.0000000   1.0000000   0.0000000
  73.0000000   0.9999823   0.7837378   0.3778003   0.0032343   1.0000000   0.6829559   0.0000000   0.0000000   2.4816356   1.0006342  -4.4792274   0.0101358   1.9457951   0.5626153   0.0107784   0.3862207   3.0300104   0.5483748  -1.0000000   0.0107882   0.0000000   2.5205016   0.6425836   0.0000000   0.0000000  -5.4862262  31.5094412   3.0300091   0.5483735   0.0000000   1.0000000   0.0000000
  74.0000000   0.9999841   0.7837378   0.3778003   0.0032343   1.0000000   0.6829559   0.0000000   0.0000000   2.4817471   1.0006094  -4.4784050   0.0101342   1.9458404   0.5626556   0.0107784   0.3862109   3.0300227   0.5482757  -1.0000000   0.0107944   0.0000000   2.5205001   0.6425796   0.0000000   0.0000000  -5.4859556  31.5121585   3.0300219   0.5482749   0.0000000   1.0000000   0.0000000
  75.0000000   0.9999858   0.7837378   0.3778003   0.0032343   1.0000000   0.6829559   0.0000000   0.0000000   2.4818325   1.0005903  -4.4776478   0.0101336   1.9458831   0.5625647   0.0107784   0.3861949   3.0300411   0.5482086  -1.0000000   0.0107896   0.0000000   2.5205545   0.6425777   0.0000000   0.0000000  -5.4856251  31.5147252   3.0300408   0.5482083   0.0000000   1.0000000   0.0000000
  76.0000000   0.9999872   0.7837378   0.3778003   0.0032343   1.0000000   0.6829559   0.0000000   0.0000000   2.4819510   1.0005716  -4.4770441   0.0101309   1.9459228   0.5626099   0.0107784   0.3861837   3.0300578   0.5481068  -1.0000000   0.0107900   0.0000000   2.5205769   0.6425748   0.0000000   0.0000000  -5.4853887  31.5171889   3.0300579   0.5481069   0.0000000   1.0000000   0.0000000
  77.0000000   0.9999885   0.7837378   0.3778003   0.0032343   1.0000000   0.6829559   0.0000000   0.0000000   2.4820830   1.0005526  -4.4765016   0.0101299   1.9459600   0.5626774   0.0107784   0.3861721   3.0300697   0.5479867  -1.0000000   0.0107901   0.0000000   2.5206022   0.6425722   0.0000000   0.0000000  -5.4850909  31.5195130   3.0300702   0.5479872   0.0000000   1.0000000   0.0000000
  78.0000000   0.9999897   0.7837378   0.3778003   0.0032343   1.0000000   0.6829559   0.0000000   0.0000000   2.4821488   1.0005333  -4.4760159   0.0101291   1.9459946   0.5626694   0.0107784   0.3861605   3.0300760   0.5479272  -1.0000000   0.0107900   0.0000000   2.5206271   0.6425697   0.0000000   0.0000000  -5.4847687  31.5216821   3.0300769   0.5479281   0.0000000   1.0000000   0.0000000
  79.0000000   0.9999908   0.7837378   0.3778003   0.0032343   1.0000000   0.6829559   0.0000000   0.0000000   2.4822885   1.0005158  -4.4755907   0.0101261   1.9460256   0.5625306   0.0107784   0.3861489   3.0300823   0.5477938  -1.0000000   0.0107895   0.0000000   2.5206556   0.6425671   0.0000000   0.0000000  -5.4844615  31.5237597   3.0300835   0.5477950   0.0000000   1.0000000   0.0000000
  80.0000000   0.9999917   0.7837378   0.3778003   0.0032343   1.0000000   0.6829559   0.0000000   0.0000000   2.4823677   1.0004974  -4.4754435   0.0101254   1.9460544   0.5626067   0.0107784   0.3861379   3.0300838   0.5477161  -1.0000000   0.0107900   0.0000000   2.5206789   0.6425643   0.0000000   0.0000000  -5.4841675  31.5256684   3.0300853   0.5477176   0.0000000   1.0000000   0.0000000
  81.0000000   0.9999926   0.7837378   0.3778003   0.0032343   1.0000000   0.6829559   0.0000000   0.0000000   2.4824978   1.0004811  -4.4753003   0.0101242   1.9460811   0.5626451   0.0107784   0.3861263   3.0300835   0.5475857  -1.0000000   0.0107877   0.0000000   2.5207111   0.6425626   0.0000000   0.0000000  -5.4838547  31.5274759   3.0300853   0.5475875   0.0000000   1.0000000   0.0000000
  82.0000000   0.9999934   0.7837378   0.3778003   0.0032343   1.0000000   0.6829559   0.0000000   0.0000000   2.4825651   1.0004716  -4.4752472   0.0101225   1.9460940   0.5627313   0.0107784   0.3861170   3.0300937   0.5475286  -1.0000000   0.0107889   0.0000000   2.5207472   0.6425587   0.0000000   0.0000000  -5.4835334  31.5291211   3.0300957   0.5475306   0.0000000   1.0000000   0.0000000
  83.0000000   0.9999940   0.7837378   0.3778003   0.0032343   1.0000000   0.6829559   0.0000000   0.0000000   2.4826237   1.0004592  -4.4751755   0.0101212   1.9461104   0.5627336   0.0107784   0.3861065   3.0300953   0.5474716  -1.0000000   0.0107882   0.0000000   2.5207823   0.6425559   0.0000000   0.0000000  -5.4832087  31.5306853   3.0300975   0.5474737   0.0000000   1.0000000   0.0000000
  84.0000000   0.9999947   0.7837378   0.3778003   0.0032343   1.0000000   0.6829559   0.0000000   0.0000000   2.4827055   1.0004474  -4.4751638   0.0101201   1.9461251   0.5627515   0.0107784   0.3860968   3.0300964   0.5473909  -1.0000000   0.0107880   0.0000000   2.5208146   0.6425529   0.0000000   0.0000000  -5.4829340  31.5321679   3.0300987   0.5473931   0.0000000   1.0000000   0.0000000
  85.0000000   0.9999952   0.7837378   0.3778003   0.0032343   1.0000000   0.6829559   0.0000000   0.0000000   2.4827557   1.0004354  -4.4752215   0.0101192   1.9461382   0.5627585   0.0107784   0.3860873   3.0300949   0.5473392  -1.0000000   0.0107883   0.0000000   2.5208454   0.6425499   0.0000000   0.0000000  -5.4826573  31.5335451   3.0300973   0.5473416   0.0000000   1.0000000   0.0000000
  86.0000000   0.9999957   0.7837378   0.3778003   0.0032343   1.0000000   0.6829559   0.0000000   0.0000000   2.4828588   1.0004236  -4.4753276   0.0101176   1.9461495   0.5628274   0.0107784   0.3860774   3.0300921   0.5472333  -1.0000000   0.0107887   0.0000000   2.5208784   0.6425467   0.0000000   0.0000000  -5.4823601  31.5348479   3.0300947   0.5472359   0.0000000   1.0000000   0.0000000
  87.0000000   0.9999961   0.7837378   0.3778003   0.0032343   1.0000000   0.6829559   0.0000000   0.0000000   2.4829273   1.0004109  -4.4754770   0.0101164   1.9461591   0.5628400   0.0107784   0.3860671   3.0300838   0.5471565  -1.0000000   0.0107887   0.0000000   2.5209117   0.6425435   0.0000000   0.0000000  -5.4820329  31.5360245   3.0300865   0.5471591   0.0000000   1.0000000   0.0000000
  88.0000000   0.9999965   0.7837378   0.3778003   0.0032343   1.0000000   0.6829559   0.0000000   0.0000000   2.4829629   1.0003981  -4.4756962   0.0101154   1.9461679   0.5628687   0.0107784   0.3860569   3.0300731   0.5471102  -1.0000000   0.0107887   0.0000000   2.5209445   0.6425403   0.0000000   0.0000000  -5.4816862  31.5371059   3.0300758   0.5471129   0.0000000   1.0000000   0.0000000
  89.0000000   0.9999969   0.7837378   0.3778003   0.0032343   1.0000000   0.6829559   0.0000000   0.0000000   2.4830103   1.0003861  -4.4759363   0.0101141   1.9461755   0.5628686   0.0107784   0.3860466   3.0300629   0.5470525  -1.0000000   0.0107882   0.0000000   2.5209796   0.6425373   0.0000000   0.0000000  -5.4813860  31.5381251   3.0300657   0.5470553   0.0000000   1.0000000   0.0000000
  90.0000000   0.9999972   0.7837378   0.3778003   0.0032343   1.0000000   0.6829559   0.0000000   0.0000000   2.4830361   1.0003740  -4.4762410   0.0101135   1.9461825   0.5629201   0.0107784   0.3860368   3.0300510   0.5470149  -1.0000000   0.0107882   0.0000000   2.5210111   0.6425343   0.0000000   0.0000000  -5.4810576  31.5390699   3.0300539   0.5470178   0.0000000   1.0000000   0.0000000
  91.0000000   1.0000000   0.7837378   0.3778003   0.0032343   1.0000000   0.6829559   0.0000000   0.0000000   2.4830858   1.0003636  -4.4765371   0.0101127   1.9461895   0.5629577   0.0107784   0.3860271   3.0300465   0.5469607  -1.0000000   0.0107882   0.0000000   2.5210470   0.6425309   0.0000000   0.0000000  -5.4807498  31.5399617   3.0300494   0.5469637   0.0000000   1.0000000   0.0000000
  92.0000000   1.0000000   0.7837378   0.3778003   0.0032343   1.0000000   0.6829559   0.0000000   0.0000000   2.4830996   1.0003520  -4.4768556   0.0101111   1.9461941   0.5629902   0.0107784   0.3860172   3.0300330   0.5469334  -1.0000000   0.0107881   0.0000000   2.5210803   0.6425278   0.0000000   0.0000000  -5.4804487  31.5407851   3.0300360   0.5469364   0.0000000   1.0000000   0.0000000
  93.0000000   1.0000000   0.7837378   0.3778003   0.0032343   1.0000000   0.6829559   0.0000000   0.0000000   2.4831076   1.0003406  -4.4771759   0.0101107   1.9461980   0.5629808   0.0107784   0.3860076   3.0300192   0.5469116  -1.0000000   0.0107880   0.0000000   2.5211132   0.6425248   0.0000000   0.0000000  -5.4801367  31.5415684   3.0300222   0.5469146   0.0000000   1.0000000   0.0000000
  94.0000000   1.0000000   0.7837378   0.3778003   0.0032343   1.0000000   0.6829559   0.0000000   0.0000000   2.4831587   1.0003298  -4.4775326   0.0101099   1.9462012   0.5629556   0.0107784   0.3859980   3.0300062   0.5468475  -1.0000000   0.0107880   0.0000000   2.5211457   0.6425213   0.0000000   0.0000000  -5.4798895  31.5423175   3.0300093   0.5468506   0.0000000   1.0000000   0.0000000
  95.0000000   1.0000000   0.7837378   0.3778003   0.0032343   1.0000000   0.6829559   0.0000000   0.0000000   2.4831639   1.0003189  -4.4779865   0.0101093   1.9462036   0.5630344   0.0107784   0.3859884   3.0299914   0.5468275  -1.0000000   0.0107878   0.0000000   2.5211794   0.6425184   0.0000000   0.0000000  -5.4796118  31.5429906   3.0299946   0.5468307   0.0000000   1.0000000   0.0000000
  96.0000000   1.0000000   0.7837378   0.3778003   0.0032343   1.0000000   0.6829559   0.0000000   0.0000000   2.4831758   1.0003083  -4.4783870   0.0101085   1.9462055   0.5626543   0.0107784   0.3859790   3.0299766   0.5468009  -1.0000000   0.0107877   0.0000000   2.5212126   0.6425154   0.0000000   0.0000000  -5.4793358  31.5436338   3.0299798   0.5468040   0.0000000   1.0000000   0.0000000
  97.0000000   1.0000000   0.7837378   0.3778003   0.0032343   1.0000000   0.6829559   0.0000000   0.0000000   2.4831850   1.0002980  -4.4792067   0.0101084   1.9462069   0.5626885   0.0107784   0.3859698   3.0299620   0.5467771  -1.0000000   0.0107876   0.0000000   2.5212457   0.6425124   0.0000000   0.0000000  -5.4790854  31.5442398   3.0299652   0.5467802   0.0000000   1.0000000   0.0000000
  98.0000000   1.0000000   0.7837378   0.3778003   0.0032343   1.0000000   0.6829559   0.0000000   0.0000000   2.4832198   1.0002879  -4.4800232   0.0101071   1.9462080   0.5629333   0.0107784   0.3859606   3.0299472   0.5467275  -1.0000000   0.0107874   0.0000000   2.5212785   0.6425094   0.0000000   0.0000000  -5.4788555  31.5448134   3.0299504   0.5467306   0.0000000   1.0000000   0.0000000
  99.0000000   1.0000000   0.7837378   0.3778003   0.0032343   1.0000000   0.6829559   0.0000000   0.0000000   2.4831735   1.0002855  -4.4806538   0.0101068   1.9462082   0.5631440   0.0107784   0.3859516   3.0299459   0.5467725  -1.0000000   0.0107814   0.0000000   2.5213298   0.6425083   0.0000000   0.0000000  -5.4785975  31.5453287   3.0299491   0.5467756   0.0000000   1.0000000   0.0000000
 100.0000000   1.0000000   0.7837378   0.3778003   0.0032343   1.0000000   0.6829559   0.0000000   0.0000000   2.4832057   1.0002797  -4.4810323   0.0101058   1.9462072   0.5631686   0.0107784   0.3859486   3.0299374   0.5467317  -1.0000000   0.0107844   0.0000000   2.5213345   0.6425061   0.0000000   0.0000000  -5.4783888  31.5458980   3.0299406   0.5467349   0.0000000   1.0000000   0.0000000
 101.0000000   1.0000000   0.7837378   0.3778003   0.0032343   1.0000000   0.6829559   0.0000000   0.0000000   2.4831846   1.0002733  -4.4814328   0.0101052   1.9462057   0.5632429   0.0107784   0.3859426   3.0299282   0.5467436  -1.0000000   0.0107854   0.0000000   2.5213568   0.6425036   0.0000000   0.0000000  -5.4781799  31.5464077   3.0299314   0.5467468   0.0000000   1.0000000   0.0000000
 102.0000000   1.0000000   0.7837378   0.3778003   0.0032343   1.0000000   0.6829559   0.0000000   0.0000000   2.4832308   1.0002675  -4.4817530   0.0101046   1.9462041   0.5632802   0.0107784   0.3859357   3.0299222   0.5466914  -1.0000000   0.0107856   0.0000000   2.5213869   0.6425007   0.0000000   0.0000000  -5.4780132  31.5469192   3.0299253   0.5466945   0.0000000   1.0000000   0.0000000
 103.0000000   1.0000000   0.7837378   0.3778003   0.0032343   1.0000000   0.6829559   0.0000000   0.0000000   2.4832211   1.0002693  -4.4820956   0.0101039   1.9461906   0.5632940   0.0107784   0.3859286   3.0299291   0.5467080  -1.0000000   0.0107857   0.0000000   2.5214377   0.6424962   0.0000000   0.0000000  -5.4778439  31.5473697   3.0299321   0.5467110   0.0000000   1.0000000   0.0000000
 104.0000000   1.0000000   0.7837378   0.3778003   0.0032343   1.0000000   0.6829559   0.0000000   0.0000000   2.4831885   1.0002675  -4.4824261   0.0101033   1.9461823   0.5633509   0.0107784   0.3859213   3.0299292   0.5467407  -1.0000000   0.0107856   0.0000000   2.5214796   0.6424924   0.0000000   0.0000000  -5.4776542  31.5478306   3.0299321   0.5467436   0.0000000   1.0000000   0.0000000
 105.0000000   1.0000000   0.7837378   0.3778003   0.0032343   1.0000000   0.6829559   0.0000000   0.0000000   2.4831634   1.0002676  -4.4826789   0.0101026   1.9461738   0.5632603   0.0107784   0.3859141   3.0299329   0.5467695  -1.0000000   0.0107843   0.0000000   2.5215261   0.6424890   0.0000000   0.0000000  -5.4774796  31.5483206   3.0299357   0.5467723   0.0000000   1.0000000   0.0000000
 106.0000000   1.0000000   0.7837378   0.3778003   0.0032343   1.0000000   0.6829559   0.0000000   0.0000000   2.4831396   1.0002677  -4.4830102   0.0101027   1.9461656   0.5633251   0.0107784   0.3859082   3.0299384   0.5467987  -1.0000000   0.0107846   0.0000000   2.5215648   0.6424855   0.0000000   0.0000000  -5.4772927  31.5488303   3.0299411   0.5468014   0.0000000   1.0000000   0.0000000
 107.0000000   1.0000000   0.7837378   0.3778003   0.0032343   1.0000000   0.6829559   0.0000000   0.0000000   2.4830649   1.0002681  -4.4832620   0.0101023   1.9461578   0.5633959   0.0107784   0.3859020   3.0299454   0.5468805  -1.0000000   0.0107846   0.0000000   2.5216056   0.6424818   0.0000000   0.0000000  -5.4771345  31.5493615   3.0299480   0.5468831   0.0000000   1.0000000   0.0000000
 108.0000000   1.0000000   0.7837378   0.3778003   0.0032343   1.0000000   0.6829559   0.0000000   0.0000000   2.4832209   1.0002728  -4.4833712   0.0101011   1.9461502   0.5633537   0.0107784   0.3858958   3.0299613   0.5467404  -1.0000000   0.0107812   0.0000000   2.5216580   0.6424793   0.0000000   0.0000000  -5.4770648  31.5499755   3.0299638   0.5467429   0.0000000   1.0000000   0.0000000
 109.0000000   1.0000000   0.7837378   0.3778003   0.0032343   1.0000000   0.6829559   0.0000000   0.0000000   2.4830463   1.0002745  -4.4836803   0.0101011   1.9461426   0.5633358   0.0107784   0.3858930   3.0299694   0.5469231  -1.0000000   0.0107831   0.0000000   2.5216846   0.6424773   0.0000000   0.0000000  -5.4769562  31.5504336   3.0299719   0.5469256   0.0000000   1.0000000   0.0000000
 110.0000000   1.0000000   0.7837378   0.3778003   0.0032343   1.0000000   0.6829559   0.0000000   0.0000000   2.4830950   1.0002785  -4.4838344   0.0101000   1.9461347   0.5634197   0.0107784   0.3858884   3.0299876   0.5468926  -1.0000000   0.0107832   0.0000000   2.5217231   0.6424732   0.0000000   0.0000000  -5.4768924  31.5510667   3.0299900   0.5468950   0.0000000   1.0000000   0.0000000
 111.0000000   1.0000000   0.7837378   0.3778003   0.0032343   1.0000000   0.6829559   0.0000000   0.0000000   2.4830890   1.0002827  -4.4839512   0.0100993   1.9461262   0.5634535   0.0107784   0.3858836   3.0300055   0.5469165  -1.0000000   0.0107832   0.0000000   2.5217643   0.6424693   0.0000000   0.0000000  -5.4768495  31.5516598   3.0300078   0.5469188   0.0000000   1.0000000   0.0000000
 112.0000000   1.0000000   0.7837378   0.3778003   0.0032343   1.0000000   0.6829559   0.0000000   0.0000000   2.4831292   1.0002867  -4.4840244   0.0100981   1.9461187   0.5634218   0.0107784   0.3858788   3.0300238   0.5468946  -1.0000000   0.0107831   0.0000000   2.5218051   0.6424656   0.0000000   0.0000000  -5.4768300  31.5522680   3.0300260   0.5468968   0.0000000   1.0000000   0.0000000
 113.0000000   1.0000000   0.7837378   0.3778003   0.0032343   1.0000000   0.6829559   0.0000000   0.0000000   2.4829537   1.0002905  -4.4841710   0.0100982   1.9461117   0.5635076   0.0107784   0.3858741   3.0300413   0.5470876  -1.0000000   0.0107830   0.0000000   2.5218509   0.6424636   0.0000000   0.0000000  -5.4768079  31.5528445   3.0300434   0.5470897   0.0000000   1.0000000   0.0000000
 114.0000000   1.0000000   0.7837378   0.3778003   0.0032343   1.0000000   0.6829559   0.0000000   0.0000000   2.4830605   1.0002986  -4.4840518   0.0100976   1.9461036   0.5635065   0.0107784   0.3858695   3.0300715   0.5470109  -1.0000000   0.0107816   0.0000000   2.5218999   0.6424597   0.0000000   0.0000000  -5.4768801  31.5536096   3.0300735   0.5470130   0.0000000   1.0000000   0.0000000
 115.0000000   1.0000000   0.7837378   0.3778003   0.0032343   1.0000000   0.6829559   0.0000000   0.0000000   2.4830605   1.0003034  -4.4840276   0.0100965   1.9460990   0.5635072   0.0107784   0.3858664   3.0300942   0.5470336  -1.0000000   0.0107819   0.0000000   2.5219332   0.6424567   0.0000000   0.0000000  -5.4769547  31.5542847   3.0300961   0.5470356   0.0000000   1.0000000   0.0000000
 116.0000000   1.0000000   0.7837378   0.3778003   0.0032343   1.0000000   0.6829559   0.0000000   0.0000000   2.4831011   1.0003113  -4.4839950   0.0100959   1.9460904   0.5635731   0.0107784   0.3858629   3.0301231   0.5470220  -1.0000000   0.0107818   0.0000000   2.5219776   0.6424535   0.0000000   0.0000000  -5.4770182  31.5549726   3.0301250   0.5470239   0.0000000   1.0000000   0.0000000
 117.0000000   1.0000000   0.7837378   0.3778003   0.0032343   1.0000000   0.6829559   0.0000000   0.0000000   2.4830455   1.0003203  -4.4839284   0.0100957   1.9460807   0.5636190   0.0107784   0.3858595   3.0301536   0.5471081  -1.0000000   0.0107813   0.0000000   2.5220221   0.6424496   0.0000000   0.0000000  -5.4771074  31.5556397   3.0301554   0.5471098   0.0000000   1.0000000   0.0000000
 118.0000000   1.0000000   0.7837378   0.3778003   0.0032343   1.0000000   0.6829559   0.0000000   0.0000000   2.4831439   1.0003314  -4.4837452   0.0100946   1.9460698   0.5637144   0.0107784   0.3858566   3.0301912   0.5470473  -1.0000000   0.0107815   0.0000000   2.5220690   0.6424454   0.0000000   0.0000000  -5.4772619  31.5563827   3.0301929   0.5470490   0.0000000   1.0000000   0.0000000
 119.0000000   1.0000000   0.7837378   0.3778003   0.0032343   1.0000000   0.6829559   0.0000000   0.0000000   2.4834227   1.0003594  -4.4835208   0.0100876   1.9460342   0.5637610   0.0107784   0.3858536   3.0302604   0.5454410  -1.0000000   0.0107813   0.0000000   2.5221617   0.6424377   0.0000000   0.0000000  -5.4774375  31.5570534   3.0302617   0.5454423   0.0013967   1.0000000   0.0000000
 120.0000000   1.0000000   0.7837378   0.3778003   0.0032343   1.0000000   0.6829559   0.0000000   0.0000000   2.4828589   1.0000039  -4.5021227   0.0101010   1.9459142   0.5642540   0.0107784   0.3857670   3.0290596   0.5460764  -1.0000000   0.0107783   0.0000000   2.5217887   0.6424178   0.0000000   0.0000000  -5.4739898  31.5360904   3.0290596   0.5460764   0.0001242   1.0000000   0.0000000
