   0.0000000  -1.5639601  -1.5639601  -1.5639601  -1.5639601  -1.5639601  -1.5639601
   0.0501881  -1.4996903  -1.6305579  -1.6262020  -1.6256702  -1.6223251  -1.6130815
   0.1419533  -1.3935926  -1.6315426  -1.6225703  -1.6214747  -1.7553042  -1.7362636
   0.2607850  -1.2604901  -1.7867617  -1.7730690  -1.7713971  -1.7608819  -1.9083156
   0.4015047  -1.1056012  -1.9880612  -1.9695795  -1.9673228  -1.9531299  -2.1200397
   0.5611199  -0.9319306  -2.0082010  -2.2043302  -2.2014824  -2.1835721  -2.3660871
   0.7376112  -0.7415008  -2.2568054  -2.2286005  -2.4690755  -2.4474158  -2.6428355
   0.9294964  -0.5357946  -2.5377774  -2.5046553  -2.5006109  -2.7413198  -2.9476187
   1.1356268  -1.9030459  -2.5714957  -2.8100146  -2.8053661  -3.0627825  -3.2783673
   1.3550784  -2.1691966  -2.8890350  -3.1423649  -3.1371091  -3.4098400  -3.6334136
   1.5870867  -2.1898546  -2.9272028  -3.4998649  -3.4939990  -3.4571064  -4.0113765
   1.8310056  -2.2091557  -3.2778455  -3.5485769  -3.5420981  -3.8337792  -4.4110871
   2.0862796  -2.2272729  -3.6527072  -3.9354554  -3.9283615  -4.2328067  -4.8315399
   2.3524244  -2.5501324  -3.7013857  -4.3443800  -4.3366687  -4.6531069  -5.2718575
   2.6290128  -2.5754101  -4.1049843  -4.4016946  -4.7659849  -5.0937408  -5.7312654
   2.9156644  -2.5996002  -4.5299919  -4.8368272  -4.8278752  -5.5538838  -6.2090737
   3.2120376  -2.6228056  -4.5879332  -5.2918260  -5.2822509  -5.6239222  -6.7046623
   3.5178234  -2.6451147  -5.0386855  -5.7659252  -5.7557254  -6.1073308  -7.2174700
   3.8327404  -3.0236911  -5.0999517  -5.8359254  -6.2476148  -6.6086968  -7.7469860
   4.1565312  -3.0522773  -5.5751529  -6.3330345  -6.3215806  -7.1274459  -8.2927423
   4.4889590  -3.0800040  -6.0688301  -6.8477750  -6.8356919  -7.6630554  -8.8543083
   4.8298049  -3.1069334  -6.1381905  -7.3796054  -7.3668919  -8.2150471  -9.2536388
   5.1788659  -3.5278981  -6.6543966  -7.4609210  -7.9146858  -8.3038915 -10.0233062
   5.5359531  -3.5605071  -6.7267354  -8.0135082  -7.9995299  -8.6980274 -10.6300250
   5.9008899  -3.5923445  -7.2645864  -8.4044623  -8.3898498  -9.4628890 -11.2511210
   6.2735110  -3.6234569  -7.8189297  -8.6697993  -9.1510684 -10.0651662 -11.8862933
   6.6536610  -3.6538866  -7.7209006  -9.2579462  -9.2420619 -10.6821626 -12.5352590
   7.0411937  -3.6836723  -8.4731712  -9.8612119  -9.8446902 -10.7839025 -13.1977516
   7.4359711  -3.7128494  -8.5555103 -10.4792514 -10.4620913 -11.4187998 -13.8735197
   7.8378626  -4.1899916  -9.1497617 -10.5767644 -11.0939427 -12.0677150 -14.5623254
   8.2467443  -4.2243198  -9.2347719 -11.2129131 -11.1944732 -12.7303704 -15.2639429
   8.6624988  -4.2580439  -9.8480581 -11.8631241 -11.8440430 -13.4065039 -15.9781581
   9.0850143  -4.2911926  -9.9356905 -11.9662815 -12.5073956 -13.5200720 -16.7047671
   9.5141842  -4.3237928 -10.5674687 -12.6337809 -12.6134147 -14.2126720 -17.4435758
   9.9499070  -4.3558693 -10.6576758 -13.3147251 -13.2937150 -14.9182054 -18.1943987
  10.3920856  -4.8782221 -11.3074468 -13.4233140 -13.9872152 -15.6364534 -18.9570588
  10.8406269  -4.4185430 -11.9710360 -14.1208281 -14.0985280 -15.7579351 -19.7313865
  11.2954421  -4.4491820 -12.0674856 -14.8312441 -14.8082978 -16.4917649 -20.5172194
  11.7564457  -4.9871848 -12.7482619 -14.9450736 -15.5307528 -17.2378489 -21.3144018
  12.2235558  -5.0225129 -12.8471133 -15.6714238 -15.6471829 -17.9960003 -22.1227839
  12.6966935  -5.0573768 -13.5446740 -16.4101939 -16.3853047 -18.1250378 -22.9422220
  13.1757830  -5.0917942 -13.6458898 -16.5290914 -17.1356528 -18.8980153 -23.0929514
  13.4831040  -4.7776702 -13.9324395 -16.8350897 -17.4457058 -19.2186910 -24.1200819
  14.1515279  -5.1593549 -14.4634029 -17.4039442 -18.0225144 -20.4788237 -24.7694081
  14.6480449  -5.1925288 -15.1934286 -18.1731614 -18.7998028 -20.6151029 -25.6236402
  15.1502367  -5.2253174 -15.2992658 -18.9541415 -18.9260005 -21.4254326 -26.4883760
  15.6580399  -5.2577341 -16.0450180 -19.0797201 -19.7179271 -22.2469275 -27.3634966
  16.1713931  -5.2897916 -16.1531145 -19.8752969 -20.5212944 -23.0794459 -28.2488869
  16.6902370  -5.3215017 -16.2601516 -20.6822678 -20.6521682 -23.2226882 -29.1444358
  17.2145141  -5.3528760 -17.0246057 -20.8125690 -21.4697299 -24.0688014 -30.0500356
  17.7441686  -5.3839253 -17.1338961 -21.6336963 -22.2983924 -24.9256339 -30.9655821
  18.2791464  -5.4146600 -17.9134149 -21.7657183 -22.4338182 -25.7930603 -31.1362739
  18.8193952  -5.4450900 -18.0249252 -22.6007771 -23.2762695 -25.9430167 -32.0639408
  19.3648640  -5.4752246 -18.8192347 -23.4467162 -23.4133408 -26.8235271 -33.0013325
  19.9155034  -5.5050729 -18.9329330 -23.5832903 -24.2693733 -27.7143605 -33.9483544
  20.4712651  -5.5346434 -19.7417736 -24.4427766 -25.1360299 -27.8682517 -34.9049147
  21.0321024  -5.5639445 -19.8576291 -24.5810243 -25.2775022 -28.7718510 -35.8709241
  21.5979699  -5.5929838 -20.6807544 -25.4538601 -26.1573834 -29.6855222 -36.8462959
  22.1688231  -5.6217691 -20.7987376 -25.5937753 -26.3004617 -29.8432792 -37.8309456
  22.7446189  -5.6503075 -20.9157982 -26.4797712 -27.1933837 -30.7694201 -38.8247910
  23.3253153  -5.0601016 -21.7559957 -27.3760473 -28.0965096 -31.7053990 -39.8277521
  23.9108712  -5.0836021 -21.8751735 -27.5203211 -28.2438503 -31.8669558 -40.8397508
  24.5012466  -5.1069089 -22.7291528 -28.4294319 -29.1597004 -32.8151279 -41.8607113
  25.0964026  -5.1300274 -22.8504195 -28.5753280 -29.3086088 -33.7729198 -42.8905592
  25.6963009  -5.1529628 -22.9708167 -29.4971046 -30.2370188 -33.9382127 -43.9292224
  26.3009044  -5.1757202 -23.8412979 -29.6446160 -30.3874902 -34.9079387 -44.9766303
  26.9101768  -5.1983044 -23.9637719 -30.5788961 -31.3283021 -35.8870802 -46.0327139
  27.5240826  -5.2207201 -24.8475810 -31.5229456 -32.2788182 -36.0560485 -46.2341203
  28.1425870  -5.2429716 -24.9721047 -31.6746424 -32.4333927 -37.0468808 -47.3008149
  28.7656561  -5.2650634 -25.0958046 -32.6309152 -33.3960373 -38.0469366 -48.3760368
  29.3932567  -4.6285511 -25.9955981 -32.7841849 -33.5521378 -38.2195219 -49.4597219
  30.0253564  -4.6460460 -26.1213348 -33.7525348 -34.5267683 -39.2310395 -50.5518079
  30.6619233  -4.6634208 -26.2462754 -33.9073702 -34.6843894 -40.2515999 -50.7598947
  31.3029262  -4.6806787 -27.1617917 -34.8876560 -35.6708679 -40.4277463 -51.8622715
  31.9483348  -4.6978228 -27.2887553 -35.0440496 -35.8300036 -41.4595524 -52.9729139
  32.5981192  -4.7148560 -28.2169764 -36.0361346 -36.8281969 -42.5002309 -54.0917637
  33.2522499  -4.0521553 -28.3459379 -36.1940788 -36.9888413 -42.6798847 -54.3044660
  33.9106985  -4.0648187 -28.4741397 -37.1978312 -37.9986203 -43.7316044 -55.4333828
  34.5734367  -4.0774048 -29.4176328 -37.3573179 -38.1607669 -43.9124905 -56.5703806
  35.2404370  -4.0899158 -29.5478185 -38.3726100 -39.1820068 -44.9751450 -57.7154050
  35.9116722  -4.1023538 -29.6772671 -38.5336315 -39.3456491 -46.0464235 -57.9326609
  36.5871159  -3.4186165 -30.6358029 -39.5603395 -40.3782290 -46.2307516 -59.0875422
  37.2667420  -3.4268555 -30.7672211 -39.7228876 -40.5433602 -47.3127766 -60.2503316
  37.9505248  -3.4350509 -30.8979233 -40.7608918 -41.5871627 -48.4032773 -60.4702155
  38.6384394  -3.4432039 -31.8712818 -40.9249584 -41.7537759 -48.5909983 -61.6427266
  39.3304610  -3.4513161 -32.0039389 -41.9741426 -42.8086874 -49.6920665 -62.8230323
  40.0265653  -2.7471874 -32.1358997 -42.1397195 -42.9767756 -49.8809939 -63.0455340
  40.7267286  -2.7512542 -32.2671747 -42.3044622 -44.0426855 -50.9925361 -64.2354314
  41.4309275  -2.7553059 -33.2577711 -43.3670501 -44.2122416 -51.1826711 -65.4330145
  42.1391390  -2.7593435 -33.3909939 -43.5333075 -45.2890428 -52.3045959 -66.6382366
  42.8513405  -2.7633678 -33.5235485 -44.6068326 -45.4600597 -53.4347042 -66.8651721
  43.5675097  -3.4992047 -34.5285223 -44.7745959 -46.5476480 -53.6281574 -68.0798030
  44.2876248  -2.7713797 -34.6630092 -45.8589526 -46.7201185 -54.7684866 -69.3019702
  45.0116642  -2.7753689 -34.7968445 -46.0282132 -47.8183925 -54.9631340 -69.5314819
  45.7396069  -2.7793480 -34.9300375 -47.1232986 -47.9923094 -56.1135990 -70.7629395
  46.4714320  -2.7833177 -35.9517547 -47.2940479 -49.1011706 -56.3094406 -72.0018347
  47.2071191  -2.0401256 -36.0868708 -47.4640206 -49.2765267 -57.4699583 -73.2481252
  47.9466478  -2.0402954 -36.2213595 -48.5719917 -49.4510964 -58.6383956 -73.4819814
  48.6899985  -2.0404769 -36.3552294 -48.7434548 -50.5726673 -58.8374833 -74.7373955
  49.4371515  -1.2859701 -37.3934409 -49.8619388 -50.7486796 -60.0158263 -76.0001116
  50.1880877  -1.2824304 -37.5292238 -50.0348836 -51.8806307 -60.2160941 -76.2365014
  50.9427879  -1.2789218 -37.6644016 -51.1637864 -52.0580778 -61.4042651 -77.5082326
  51.7012336  -1.2754443 -37.7989821 -51.3382040 -53.2003187 -61.6057122 -78.7871759
  52.4634063  -0.5061164 -38.8534488 -51.5118840 -53.3791932 -62.8036354 -80.0732925
  53.2292880  -0.4990104 -38.9899314 -52.6533157 -53.5573210 -63.0062610 -80.3139399
  53.9988606   0.2776193 -39.1258293 -52.8284689 -54.7119298 -64.2138620 -81.6089190
  54.7721067   0.2883010 -39.2611499 -53.9801208 -54.8914867 -64.4176650 -82.9109860
  55.5490089   0.2989169 -40.3316421 -54.1567384 -56.0561944 -65.6348712 -84.2201042
  56.3295499   1.0863693 -40.4688532 -54.3326445 -56.2371725 -65.8398501 -84.4649542
  57.1137130   1.1004936 -40.6054984 -55.4965970 -57.4118955 -67.0665906 -85.7827896
  57.9014814   1.1145363 -40.7415849 -55.6739668 -57.5942872 -67.2727437 -87.1075950
  58.6928389   1.9126612 -40.8771193 -55.8506414 -57.7759671 -68.5089488 -88.4393356
  59.4877690   1.9301483 -41.0121083 -57.0267763 -58.9627416 -68.7162745 -88.6883349
  60.2862559   2.7353077 -42.1032632 -57.2049134 -59.1458356 -69.9618763 -90.0286542
  61.0882839   2.7561925 -42.2401381 -58.3909823 -59.3282337 -70.1703726 -91.3758313
  61.8938372   2.7769667 -42.3764776 -58.5705728 -60.5269490 -70.3780979 -92.7298331
  62.7029006   3.5925615 -42.5122879 -58.7494907 -60.7107609 -71.6349691 -94.0906265
  63.5154589   3.6166743 -42.6475752 -59.9475311 -61.9192222 -71.8438723 -94.3453784
  64.3314972   2.8386359 -43.7566600 -60.1279005 -62.1044400 -73.1099966 -95.7145776
  65.1510006   2.8589778 -43.8938232 -60.3076115 -62.2889842 -73.3200753 -97.0904960
  65.9739545   2.8792140 -44.0304724 -61.5175138 -63.5091879 -74.5953888 -98.4731022
  66.8003447   3.7119037 -44.1666134 -61.6986740 -63.6951371 -74.8066403 -98.7318796
  67.6301567   3.7354113 -44.3022518 -61.8791893 -63.8804266 -76.0910805-100.1227671
  68.4633766   3.7588010 -44.4373933 -63.1008466 -65.1122697 -76.3035021-101.5202730
  69.2999906   3.7820741 -44.5720431 -63.2828083 -65.2989628 -76.5151957-102.9243674
  70.1399848   4.6281855 -45.7035171 -63.4641378 -65.4850095 -77.8105968-104.3350208
  70.9833457   4.6546645 -45.8400371 -64.6974459 -66.7283913 -78.0234658-104.5993795
  71.8300600   5.5074057 -45.9760733 -64.8802189 -66.9158399 -79.3278613-106.0181582
  72.6801144   5.5370520 -46.1116308 -65.0623719 -67.1026547 -79.5419026-107.4434305
  73.5334959   6.3963708 -46.2467147 -65.2439110 -68.3574768 -80.8552337-108.8751679
  74.3901914   6.4291470 -46.3813301 -66.4908221 -68.5456913 -81.0704442-109.1434382
  75.2501883   6.4617722 -46.5154817 -66.6738067 -68.7332840 -81.2849569-110.5831884
  76.1134740   7.3308618 -46.6491744 -66.8561889 -69.9994506 -82.6090298-110.8521925
  76.9800359   7.3665696 -47.8049756 -68.1145350 -70.1884405 -82.8247157-112.2999157
  77.8498617   8.2421112 -47.9405321 -68.2983586 -70.3768202 -84.1575996-112.5696587
  78.7229392   8.2808665 -48.0756362 -68.4815908 -70.5645954 -84.3744552-114.0253157
  79.5992563   9.1628119 -48.2102924 -68.6642370 -71.8440115 -84.5906334-114.2958024
  80.4788012   9.2045804 -48.3445054 -69.9359447 -72.0331863 -85.9341166-115.7593545
  81.3615619  10.0928824 -48.4782794 -70.1200331 -72.2217675 -86.1514678-116.0305894
  82.2475269  10.1376310 -48.6116189 -70.3035457 -73.5123287 -87.5036421-117.5019984
  83.1366846  11.0322435 -48.7445281 -70.4864879 -73.7023062 -87.7221626-117.7739857
  84.0290235  11.0799397 -48.8770113 -71.7714332 -73.8917003 -87.9400247-118.0451763
  84.9245324  11.9808174 -49.0090725 -71.9558174 -74.0805164 -89.3026609-119.5259576
  85.8232001  12.8848112 -49.1407160 -72.1396408 -75.3841043 -89.5216948-119.7979133
  86.7250155  12.9385286 -49.2719456 -72.3229084 -75.5743177 -89.7400821-120.0690873
  87.6299676  13.8487217 -49.4027654 -73.6209699 -75.7639628 -91.1131086-121.5591959
  88.5380457  13.9053028 -50.5938292 -73.8056787 -75.9530446 -91.3326698-121.8311469
  89.4492390  14.8216524 -50.7265093 -73.9898408 -77.2695444 -92.7142111-122.1023308
  90.3635368  14.8810676 -50.8587844 -74.1734609 -77.4600238 -92.9349422-123.6017216
  91.2809288  15.8035318 -50.9906583 -75.4845202 -77.6499491 -93.1550437-123.8736935
  92.2014044  16.7290378 -51.1221348 -75.6695800 -77.8393250 -94.5468451-124.1449124
  93.1249535  16.7942898 -51.2532174 -75.8541064 -79.1686244 -94.7681180-124.4153842
  94.0515657  17.7258491 -51.3839098 -76.0381039 -79.3593977 -94.9887720-125.9255577
  94.9812310  17.7938580 -51.5142156 -76.2215771 -79.5496301 -96.3907655-126.1968352
  95.9139395  18.7314306 -51.6441382 -77.5474806 -79.7393264 -96.6125920-126.4673789
  96.8496811  19.6719951 -51.7736812 -77.7323950 -79.9284910 -96.8338099-127.9867417
  97.7884462  19.7457161 -51.9028480 -77.9167930 -81.2724083 -98.2459287-128.2581004
  98.7302249  20.6922356 -52.0316418 -78.1006788 -81.4629730 -98.4683199-128.5287380
  99.6750078  21.6417182 -52.1600661 -78.2840566 -81.6530140 -98.6901124-130.0572456
 100.6227852  21.7210772 -52.2881240 -79.6246611 -81.8425355-100.1122907-130.3287069
 101.5735478  22.6764581 -52.4158189 -79.8094807 -82.0315418-100.3352569-130.5994593
 102.5272861  23.6347742 -52.5431538 -79.9937997 -83.3899416-100.5576339-130.8695082
 103.4839910  23.7196992 -52.6701320 -80.1776222 -83.5803498-101.9898072-132.4086519
 104.4436533  24.6838584 -52.7967564 -80.3609521 -83.7702501-102.2133582-132.6795390
 105.4062638  25.6509257 -52.9230303 -80.5437934 -83.9596468-102.4363291-132.9497341
 106.3718137  26.6208921 -53.0489565 -81.9008889 -84.1485437-103.8784340-133.2192424
 107.3402939  26.7142040 -53.1745380 -82.0851744 -85.5212932-104.1025789-134.7689715
 108.3116956  27.6899423 -52.1844332 -82.2689780 -85.7115927-104.3261523-135.0393314
 109.2860100  27.7857929 -52.3067964 -82.4523035 -85.9013994-105.7781264-135.3090154
 110.2632286  28.7672686 -52.4288294 -82.6351546 -86.0907171-106.0028737-136.8677499
 111.2433426  29.7516001 -52.5505348 -82.8175349 -86.2795496-106.2270580-137.1382921
 112.2263435  30.7387792 -52.6719156 -82.9994483 -86.4679006-106.4506837-137.4081691
 113.2122230  30.8428323 -52.7929742 -84.3747785 -87.8567538-107.9141976-138.9758659
 114.2009726  31.8356812 -52.9137136 -84.5581397 -88.0465101-108.1390006-139.2466070
 115.1925839  32.8313528 -53.0341361 -84.7410398 -88.2357912-108.3632529-139.5166933
 116.1870489  33.8298388 -53.1542445 -84.9234823 -88.4246008-108.5869585-139.7861293
 117.1843592  33.9419736 -53.2740413 -85.1054707 -88.6129424-110.0619344-141.3642658
 118.1845068  34.9460644 -53.3935291 -85.2870084 -88.8008194-110.2868203-141.6345770
 119.1874838  35.9529458 -53.5127103 -85.4680987 -88.9882354-110.5111672-141.9042476
 120.1932820  36.9626098 -53.6315874 -85.6487451 -90.3949034-110.7349790-143.4912568
 121.2018937  37.9750486 -53.7501629 -87.0440051 -90.5837285-112.2213400-143.7618077
 122.2133110  38.0979156 -52.7205411 -87.2261033 -90.7720982-112.4463344-144.0317275
 123.2275261  39.1158809 -52.8360545 -87.4077628 -90.9600158-112.6708010-145.6275675
 124.2445314  40.1365981 -52.9512786 -87.5889868 -91.1474847-112.8947435-145.8983722
 125.2643192  41.1600596 -53.0662158 -87.7697784 -91.3345081-113.1181655-146.1685550
 126.2868819  41.2907490 -53.1808683 -87.9501409 -91.5210891-114.6175411-147.7731843
 127.3122121  42.3196767 -53.2952382 -88.1300773 -91.7072309-114.8421510-148.0442564
 128.3403022  43.3513264 -53.4093279 -88.3095907 -93.1333796-115.0662473-148.3147155
 129.3711449  44.3856909 -53.5231395 -88.4886840 -93.3209349-115.2898334-149.9280930
 130.4047329  45.4227629 -53.6366751 -88.6673604 -93.5080560-115.5129129-150.1994454
 131.4410589  46.4625352 -52.5824570 -88.8456226 -93.6947462-115.7354893-150.4701932
 132.4801157  47.5050006 -52.6930224 -90.2661988 -93.8810083-115.9575658-152.0922783
 133.5218961  47.6514846 -52.8033230 -90.4459198 -94.0668454-116.1791458-152.3639232
 134.5663930  48.6993153 -52.9133610 -90.6252311 -94.2522604-117.6965288-152.6349719
 135.6135993  49.7498181 -53.0231384 -90.8041357 -94.4372563-117.9193100-154.2657244
 136.6635081  50.8029862 -53.1326571 -90.9826364 -94.6218358-118.1416010-154.5376736
 137.7161125  51.8588127 -53.2419190 -91.1607359 -94.8060019-118.3634049-154.8090346
 138.7714055  52.9172908 -52.1689729 -91.3384370 -94.9897574-118.5847249-156.4484146
 139.8293804  53.9784137 -52.2753320 -91.5157425 -95.1731050-118.8055643-156.7206793
 140.8900303  54.1403594 -52.3814450 -91.6926550 -95.3560475-119.0259261-156.9923638
 141.9533485  55.2067520 -52.4873135 -91.8691771 -96.8106105-119.2458134-158.6403319
 143.0193283  56.2757694 -52.5929395 -92.0453115 -96.9949767-119.4652294-158.9129229
 144.0879631  57.3474052 -51.5068202 -92.2210609 -97.1789421-119.6841769-159.1849411
 145.1592463  58.4216529 -51.6095905 -92.3964277 -97.3625093-121.2227822-160.8414585
 146.2331715  59.4985059 -51.7121283 -92.5714146 -97.5456808-121.4429468-161.1143860
 147.3097320  60.5779580 -51.8144352 -92.7460240 -97.7284593-121.6626484-161.3867481
 148.3889215  61.6600027 -51.9165129 -92.9202585 -97.9108475-121.8818901-163.0517761
 149.4707336  62.7446337 -52.0183631 -93.0941205 -98.0928477-122.1006746-163.3250500
 150.5551619  63.8318449 -50.9166503 -93.2676124 -98.2744626-122.3190048-164.9970819
 151.6422002  64.0166777 -51.0156978 -93.4407367 -98.4556947-122.5368837-165.2712662
 152.7318421  65.1090303 -51.1145273 -93.6134958 -98.6365464-122.7543139-165.5448958
 153.8240816  66.2039445 -51.2131402 -93.7858921 -98.8170201-122.9712982-167.2253673
 154.9189123  67.3014142 -50.1011572 -93.9579278 -98.9971183-123.1878395-167.4999095
 156.0163283  68.4014333 -50.1970028 -94.1296053 -99.1768434-123.4039405-167.7739038
 157.1163234  69.5039958 -50.2926411 -94.3009268 -99.3561977-123.6196037-169.4627777
 158.2188916  70.6090958 -50.3880733 -94.4718948 -99.5351836-123.8348320-169.7376866
 159.3240269  71.7167273 -49.2659169 -94.6425113 -99.7138034-124.0496279-171.4334717
 160.4317233  72.8268845 -49.3586161 -94.8127787 -99.8920595-124.2639941-171.7092935
 161.5419750  73.9395615 -49.4511181 -94.9826991-100.0699540-124.4779331-171.9845776
 162.6547761  75.0547526 -49.5434244 -95.1522748-100.2474892-124.6914476-173.6886964
 163.7701207  76.1724520 -48.4111887 -95.3215078-100.4246674-124.9045400-173.9648951
 164.8880031  77.2926539 -48.5007950 -95.4904003-100.6014908-125.1172128-175.6758670
 166.0084174  78.4153528 -48.5902140 -95.6589544-100.7779615-125.3294687-175.9529787
 167.1313581  79.5405429 -48.6794468 -95.8271723 -99.6318139-125.5413100-176.2295622
 168.2568195  80.6682186 -47.5372235 -94.6792330 -99.8054445-125.7527392-177.9488006
 169.3847958  81.7983745 -47.6237886 -94.8446327 -99.9787323-125.9637587-178.2262987
 170.5152816  82.9310049 -47.7101757 -95.0097058-100.1516795-126.1743709-179.9523333
 171.6482712  84.0661045 -47.7963860 -95.1744543-100.3242881-126.3845781-180.2307441
 172.7837591  85.2036676 -46.6442643 -95.3388802-100.4965601-126.5943828-180.5086359
 173.9217399  86.3436890 -46.7278381 -95.5029854-100.6684976-126.8037873-182.2428713
 175.0622080  87.4861632 -46.8112428 -95.6667718-100.8401025-127.0127939-182.5216772
 176.2051582  88.6310849 -45.6517545 -95.8302415-101.0113769-127.2214048-184.2626533
 177.3505849  89.7784488 -45.7325465 -95.9933962-101.1823228-127.4296223-184.5423716
 178.4984829  90.9282496 -45.8131771 -96.1562379-101.3529420-127.6374488-184.8215795
 179.6488469  92.0804821 -44.6463700 -96.3187684-101.5232366-127.8448863-186.5706922
 180.8016715  93.2351410 -44.7244112 -95.1438045-100.3475733-128.0519372-186.8508136
 181.9569516  94.3922212 -44.8022982 -95.3036008-100.5151199-128.2586035-188.6066127
 183.1146819  95.5517175 -43.6282193 -95.4630947-100.6823509-128.4648875-188.8876457
 184.2748572  96.7136249 -43.7035397 -95.6222881-100.8492680-128.6707913-190.6501069
 185.4374725  97.8779382 -43.7787132 -95.7811828-101.0158730-128.8763171-190.9320497
 186.6025225  99.0446524 -42.5974086 -95.9397804-101.1821678-129.0814668-191.2134933
 187.7700023 100.2137625 -42.6700376 -96.0980827-101.3481541-129.2862428-192.9839996
 188.9399068 101.3852635 -42.7425267 -94.9062512-101.5138338-129.4906469-193.2663539
 190.1122309 102.5591505 -41.5540416 -95.0618705-100.3189124-128.2913207-195.0434698
 191.2869697 103.7354185 -41.6240080 -95.2172027-100.4819024-128.4929695-195.3267330
 192.4641182 104.9140627 -41.6938413 -95.3722497-100.6445942-128.6942556-195.6095049
 193.6436716 106.0950781 -40.4982201 -95.5270130-100.8069894-128.8951808-197.3946050
 194.8256248 107.2784600 -40.5655520 -95.6814943-100.9690898-129.0957472-196.1735853
 196.0099731 108.4642036 -40.6327573 -94.4753991-101.1308969-129.2959567-194.9501975
 197.1967116 109.6523040 -39.4300436 -94.6272397-101.2924125-129.4958112-193.7244464
 198.3858355 110.8427566 -39.4947684 -94.7788061-100.0809001-129.6953126-192.4963366
 199.5773400 112.0355566 -39.5593730 -94.9301001-100.2397748-129.8944629-191.2658731
 200.7712204 113.2306993 -38.3496095 -95.0811231-100.3983659-130.0932640-190.0330604
 201.9674720 114.4281801 -38.4117541 -95.2318766-100.5566749-130.2917176-188.7979033
 203.1660901 115.6279944 -37.1973142 -94.0116900-100.7147036-130.4898257-187.5604064
 204.3670700 116.8301375 -37.2570135 -94.1598434 -99.4914828-130.6875900-186.3205743
 205.5704070 118.0346048 -37.3166041 -94.3077349 -99.6469048-130.8850125-185.0784117
 206.7760966 120.1463441 -36.0951841 -94.4553660 -99.8020540-131.0820948-183.8339231
 207.9841343 121.3554463 -36.1523491 -94.6027383 -99.9569320-131.2788389-182.5871131
 209.1945153 122.5668593 -34.9262983 -93.3709360-100.1115401-130.0419174-181.3379862
 210.4072352 123.7805785 -34.9810520 -93.5157411 -98.8767258-130.2360146-180.0865468
 211.6222896 124.9965994 -35.0357080 -93.6602946 -99.0287604-130.4297814-178.8327995
 212.8396739 126.2149177 -33.8027447 -93.8045979 -99.1805326-130.6232196-177.5767487
 214.0593836 127.4355290 -33.8550084 -92.5635839 -99.3320438-130.8163309-176.3183989
 215.2814144 128.6584289 -32.6174588 -92.7053464 -99.4832954-131.0091171-175.0577543
 216.5057619 129.8836131 -32.6673440 -92.8468658 -98.2369991-131.2015797-173.7948193
 217.7324216 131.1110771 -31.4252254 -92.9881433 -98.3857092-131.3937205-172.5295984
 218.9613892 132.3408168 -31.4727456 -91.7379878 -98.5341668-131.5855410-171.2620958
 220.1926605 133.5728279 -31.5201836 -91.8767502 -98.6823732-131.7770430-169.9923158
 221.4262310 134.8071061 -30.2712440 -92.0152776 -97.4269693-131.9682281-168.7202627
 222.6620966 136.0436472 -30.3163352 -92.1535713 -97.5726598-130.7061332-167.4459408
 223.9002529 137.2824470 -29.0628693 -90.8943428 -97.7181060-130.8947402-166.1693541
 225.1406957 139.4253166 -29.1056268 -91.0301463 -97.8633092-131.0830377-164.8905071
 226.3834209 140.6686213 -27.8476515 -91.1657228 -98.0082708-131.2710271-163.6094037
 227.6284243 141.9141722 -27.8880883 -91.3010735 -96.7415776-131.4587101-162.3260483
 228.8757016 143.1619653 -26.6256200 -90.0328390 -96.8840533-131.6460882-161.0404448
 230.1252487 144.4119963 -26.6637490 -90.1657238 -97.0262941-131.8331629-159.7525974
 231.3770616 145.6642614 -25.3968041 -90.2983893 -95.7528769-132.0199357-158.4625103
 232.6311361 146.9187564 -25.4326379 -90.4308366 -95.8926506-132.2064082-157.1701873
 233.8874682 148.1754773 -24.1612327 -89.1536616 -96.0321958-132.3925818-155.8756327
 235.1460538 149.4344202 -24.1947836 -89.2836668 -96.1715136-131.1080456-154.5788504
 236.4068889 150.6955809 -24.2282805 -89.4134601 -94.8891878-131.2916999-153.2798444
 237.6699694 151.9589557 -22.9502147 -88.1296219 -95.0260622-131.4750622-151.9786186
 238.9352915 153.2245406 -21.6699367 -88.2569912 -95.1627155-131.6581340-150.6751771
 240.2028510 155.3909992 -21.6989591 -88.3841548 -95.2991489-131.8409167-149.3695238
 241.4726442 156.6609924 -21.7279359 -87.0936889 -94.0079779-132.0234116-148.0616625
 242.7446670 157.9331841 -20.4410445 -87.2184463 -94.1419910-132.2056202-146.7515972
 244.0189156 159.2075702 -20.4677793 -87.3430039 -94.2757902-132.3875439-145.4393318
 245.2953861 160.4841470 -19.1764983 -87.4673627 -92.9780262-131.0853430-144.1248700
 246.5740746 161.7629108 -17.8830283 -86.1681142 -93.1094227-131.2647924-142.8082158
 247.8549773 163.0438576 -17.9053477 -86.2900892 -93.2406113-131.4439635-141.4893728
 249.1380904 164.3269837 -16.6075109 -86.4118712 -93.3715932-131.6228575-140.1683450
 250.4234100 165.6122854 -16.6276195 -85.1060757 -92.0650918-131.8014758-138.8451361
 251.7109324 166.8997590 -15.3254310 -85.2254910 -92.1936930-131.9798196-137.5197498
 253.0006538 168.1894007 -15.3433401 -85.3447190 -92.3220932-132.1578904-136.1921899
 254.2925704 169.4812068 -14.0368147 -84.0324102 -91.0090782-130.8404340-134.8624601
 255.5866787 170.7751736 -14.0525357 -84.1492882 -91.1351146-131.0160685-133.5305641
 256.8829747 172.0712976 -12.7416883 -84.2659846 -91.2609558-131.1914361-132.1965055
 258.1814550 174.2650839 -12.7552324 -82.9471956 -89.9414603-131.3665382-130.8602880
 259.4821157 175.5655111 -11.4400775 -83.0615585 -90.0649543-131.5413759-129.5219153
 260.7849532 176.8680846 -11.4514557 -83.1757451 -90.1882585-131.7159505-128.1813909
 262.0899640 178.1728007 -10.1320077 -81.8505086 -88.8623153-130.3855620-126.8387185
 263.3971444 179.4796560  -8.8104186 -81.9623780 -88.9832886-129.0530308-125.4939017
 264.7064907 180.7886467  -8.8175043 -80.6328611 -89.1040777-127.7183604-124.1469439
 266.0179995 182.0997695  -7.4916435 -80.7424246 -87.7717188-126.3815545-122.7978489
 267.3316672 183.4130207  -7.4965922 -80.8518216 -87.8901930-125.0426164-121.4466200
 268.6474902 184.7283969  -6.1664738 -79.5159107 -88.0084883-123.7015498-120.0932609
 269.9654649 186.9382336  -6.1692961 -79.6230176 -86.6697455-122.3583581-118.7377749
 271.2855880 188.2578494  -4.8349340 -79.7299632 -86.7857417-121.0130448-117.3801657
 272.6078559 189.5795798  -3.4984553 -78.3876896 -86.9015641-119.6656133-116.0204365
 273.9322651 190.9034214  -3.4970485 -78.4923606 -85.5564687-118.3160671-114.6585910
 275.2588121 192.2293708  -2.1563468 -77.1458623 -85.6700075-116.9644096-113.2946325
 276.5874936 193.5574245  -2.1528413 -77.2482698 -84.3206941-115.6106442-111.9285644
 277.9183061 194.8875792  -0.8079301 -77.3505250 -84.4319604-114.2547744-110.5603902
 279.2512462 196.2198315  -0.8023361 -75.9977154 -84.5430621-112.8968034-109.1901131
 280.5863105 197.5541782   0.5467709 -76.0977221 -83.1874472-111.5367346-107.8177366
 281.9234957 198.8906157   1.8979709 -74.7407217 -83.2962915-110.1745714-106.4432641
 283.2627983 200.2291409   1.9077329 -74.8384907 -83.4049762-108.8103172-105.0666988
 284.6042150 202.4589082   3.2631089 -74.9361164 -82.0430898-107.4439751-103.6880440
 285.9477426 203.8015988   3.2749328 -73.5728546 -82.1495318-106.0755485-102.3073031
 287.2933777 205.1463672   4.6344715 -73.6682571 -80.7834809-104.7050407-100.9244793
 288.6411169 206.4932101   5.9960867 -72.3008376 -80.8876908-103.3324550 -99.5395759
 289.9909571 207.8421243   6.0120359 -72.3940274 -80.9917500-101.9577945 -98.1525962
 291.3428949 209.1931066   7.3777944 -72.4870826 -79.6194767-100.5810626 -96.7635434
 292.6969272 210.5461537   8.7456197 -71.1134506 -79.7213182 -99.2022624 -95.3724208
 294.0530506 211.9012626   8.7656684 -71.2043073 -78.3449128 -97.8213972 -93.9792314
 295.4112620 213.2584299  10.1376177 -69.8265498 -78.4445469 -96.4384701 -92.5839786
 296.7715581 215.5036175  11.5116243 -69.9152182 -78.5440388 -95.0534843 -91.1866654
 298.1339357 216.8648923  11.5357472 -68.5333478 -77.1614590 -93.6664430 -89.7872952
 299.4983918 218.2282162  12.9138588 -68.6198380 -77.2587575 -92.2773493 -88.3858709
 300.8649231 219.5935860  12.9399861 -67.2338673 -75.8720772 -90.8862063 -86.9823958
 302.2335264 220.9609986  14.3221903 -67.3181893 -75.9671924 -89.4930172 -85.5768730
 303.6041987 222.3304510  15.7064362 -67.4023924 -76.0621736 -88.0977850 -84.1693055
 304.9769368 223.7019400  15.7365972 -66.0102945 -74.6693659 -86.7005129 -82.7596965
 306.3517376 225.0754626  17.1249171 -66.0923429 -74.7621775 -85.3012039 -81.3480490
 307.7285981 226.4510158  18.5152694 -64.6961757 -73.3653002 -83.8998611 -79.9343661
 309.1075151 227.8285964  18.5494397 -64.7760792 -73.4559519 -82.4964875 -78.5186509
 310.4884856 229.2082015  19.9438478 -63.3758547 -72.0550172 -81.0910861 -77.1009064
 311.8715065 230.5898281  21.3402792 -63.4536229 -72.1435187 -79.6836601 -75.6811356
 313.2565749 232.8562339  21.3784348 -62.0493533 -72.2318978 -78.2742123 -74.2593415
 314.6436876 234.2418945  22.7789039 -62.1249958 -70.8248997 -76.8627458 -72.8355272
 316.0328417 235.6295676  24.1813873 -60.7166930 -70.9111417 -75.4492635 -71.4096955
 317.4240342 237.0192502  24.2235045 -60.7902191 -69.5001161 -74.0337684 -69.9818496
 318.8172621 238.4109395  25.6300079 -60.8636446 -69.5842306 -72.6162635 -68.5519922
 320.2125224 239.8046324  27.0385167 -59.4493142 -68.1691894 -71.1967518 -67.1201264
 321.6098122 241.2003262  28.4490282 -59.5206361 -68.2511857 -69.7752360 -65.6862552
 323.0091285 243.4775626  28.4970833 -58.1023020 -66.8321406 -68.3517192 -64.2503813
 324.4104684 244.8772492  29.9115913 -58.1715296 -66.9120279 -66.9262042 -62.8125078
 325.8138290 246.2789279  31.3280931 -56.7492033 -65.4889904 -65.4986940 -61.3726375
 327.2192073 247.6825958  31.3800548 -56.8163456 -65.5667780 -64.0691914 -59.9307733
 328.6266006 249.0882501  32.8005359 -55.3900388 -64.1397597 -62.6376993 -58.4869181
 330.0360058 250.4958879  34.2230023 -55.4551049 -62.7107554 -61.2042205 -57.0410747
 331.4474202 251.9055064  34.2788479 -54.0248288 -61.2797677 -59.7687579 -55.5932460
 332.8608408 253.3171028  35.7052765 -54.0878277 -59.8467996 -58.3313142 -54.1434348
 334.2762649 254.7306742  37.1336819 -52.6535936 -58.4118538 -56.8918924 -52.6916439
 335.6936896 256.1462180  38.5640615 -52.7145341 -56.9749332 -55.4504952 -51.2378761
 337.1131120 257.5637312  38.6257400 -51.2763533 -55.5360405 -54.0071254 -49.7821343
 338.5345295 258.9832112  40.0600593 -51.3352441 -54.0951785 -52.5617857 -48.3244211
 339.9579391 260.4046551  41.4963443 -49.8931277 -52.6523500 -51.1144791 -46.8647394
 341.3833381 261.8280603  41.5618542 -48.4490476 -51.2075578 -49.6652081 -45.4030920
 342.8107237 263.2534239  43.0020625 -48.5039365 -49.7608045 -48.2139756 -43.9394815
 344.2400932 264.6807433  44.4442283 -47.0559373 -48.3120930 -46.7607843 -42.4739108
 345.6714438 266.9863329  45.8883488 -47.1087993 -46.8614259 -45.3056368 -41.0063825
 347.1047728 268.4175557  45.9596206 -45.6568918 -45.4088059 -43.8485360 -39.5368994
 348.5400774 269.8507261  47.4076427 -44.2030343 -43.9542358 -42.3894845 -38.0654642
 349.9773549 271.2858416  48.8576114 -42.7472293 -42.4977182 -40.9284851 -36.5920795
 351.4166027 272.7228993  50.3095242 -41.2894796 -41.0392558 -39.4655403 -35.1167480
 352.8578180 274.1618966  50.3865179 -39.8297879 -39.5788513 -38.0006528 -33.6394725
 354.3009981 275.6028309  51.8423108 -38.3681568 -38.1165073 -36.5338254 -32.1602555
 355.7461404 277.0456996  53.3000397 -36.9045889 -36.6522264 -35.0650606 -30.6790998
 357.1932423 278.4905001  54.7597021 -35.4390869 -35.1860114 -33.5943610 -29.1960079
 358.6423010 279.9372296  54.8423783 -33.9716534 -33.7178648 -32.1217294 -27.7109824
 360.0933139 282.2589632  56.3058998 -32.5022910 -32.2477892 -30.6471683 -26.2240261
 361.5462784 283.7095432  57.7713468 -31.0310024 -30.7757873 -29.1706804 -24.7351415
 363.0011920 285.1620445  59.2387169 -29.5577900 -29.3018615 -27.6922681 -23.2443311
 364.4580518 286.6164646  59.3270370 -28.0826565 -27.8260146 -26.2119341 -21.7515977
 365.9168555 288.0728009  60.7982454 -26.6056045 -26.3482490 -24.7296810 -20.2569437
 367.3776004 289.5310508  62.2713691 -25.1266365 -24.8685674 -23.2455113 -18.7603717
 368.8402838 290.9912119  63.7464057 -23.6457550 -23.3869722 -21.7594275 -17.2618842
 370.3049034 292.4532815  65.2233525 -22.1629626 -21.9034661 -20.2714323 -15.7614839
 371.7714564 293.9172572  65.3191861 -20.6782619 -20.4180515 -18.7815281 -14.2591733
 373.2399403 295.3831364  66.7999458 -19.1916553 -18.9307309 -17.2897175 -12.7549548
 374.7103527 296.8509166  68.2826082 -17.7031453 -17.4415070 -15.7960029 -11.2488310
 376.1826909 298.3205954  69.7671708 -16.2127345 -15.9503821 -14.3003870  -9.7408044
 377.6569526 299.7921702  69.8685628 -14.7204253 -14.4573587 -12.8028720  -8.2308774
 379.1331350 301.2656387  71.3569184 -13.2262203 -12.9624394 -11.3034606  -6.7190526
 380.6112359 303.6108240  72.8471667 -11.7301218 -11.4656266  -9.8021552  -5.2053325
 382.0912526 305.0880723  74.3393053 -10.2321324  -9.9669228  -8.2989583  -3.6897195
 383.5731828 306.5672067  75.8333319  -8.7322544  -8.4663303  -6.7938723  -2.1722160
 385.0570238 308.0482250  75.9421311  -7.2304904  -6.9638518  -5.2868997  -0.6528245
 386.5427734 309.5311246  77.4399260  -5.7268428  -5.4594895  -3.7780429   0.8684525
 388.0304290 311.0159031  78.9396015  -4.2213139  -3.9532459  -2.2673043   2.3916127
 389.5199882 312.5025582  80.4411552  -2.7139063  -2.4451235  -0.7546863   3.9166536
 391.0114485 313.9910875  81.9445846  -1.2046222  -0.9351245   0.7598087   5.4435728
 392.5048076 315.4814885  82.0607333   0.3065358   0.5767485   2.2761782   6.9723679
 394.0000630 316.9737589  83.5679071   1.8195655   2.0904932   3.7944199   8.5030366
 395.4972123 318.4678963  85.0769495   3.3344644   3.6061072   5.3145314  10.0355764
 396.9962532 319.9638983  86.5878581   4.8512302   5.1235882   6.8365103  11.5699849
 398.4971832 322.3283245  88.1006307   6.3698605   6.6429337   8.3603543  13.1062599
 400.0000000 323.8280488  89.6152647   7.8903530   8.1641416   9.8860611  14.6443989
