 l entrants
   1.41724500021520       8.160700484501067E-005
   1.41755612050206       9.871580788646413E-005
   1.41900696487894       2.514116489511860E-004
   1.42211220046586       4.425303830321168E-004
   1.42727658219815       6.491240489254701E-004
   1.43487237590909       8.494715357130717E-004
   1.44527242583905       1.021379780864480E-003
   1.45887293485353       1.143694311255680E-003
   1.47611320493377       1.199373673932882E-003
   1.49749532721087       1.179406406839432E-003
   1.52360563474711       1.086143086483990E-003
   1.55513941477339       9.340363851417200E-004
   1.59293040747363       7.465456227267347E-004
   1.63798701365017       5.492347340678753E-004
   1.69153721565436       3.610583955958062E-004
   1.75508564426442       2.808836245211769E-004
   1.45292530138750       1.810703618569549E-004
   1.46668301568346       2.373739526455622E-010
   1.46668301568346       4.377686948023267E-010
   1.49272554130424       1.495317585589133E-004
   1.49272554130424       3.921209184051312E-004
   1.50729718571229       4.191744214517361E-009
   1.50729718571229       7.752551998955682E-009
   1.52370528308996       1.789061339391262E-004
   1.52370528308996       4.883342042243158E-004
   1.53891047505343       2.377138687489816E-008
   1.53891047505343       4.410885495101050E-008
   1.54575323821527       1.489667311982689E-004
   1.54575323821527       4.210811307159669E-004
   1.56140931928453       5.661105028563871E-008
   1.56140931928453       1.053780414572553E-007
   1.55941208752691       9.167367632109378E-005
   1.55941208752691       2.657419784534871E-004
   1.57534749728299       6.562838297960407E-008
   1.57534749728299       1.224665639743156E-007
   1.56590027948194       3.700451194439114E-005
   1.56590027948194       1.087459258955601E-004
   1.58196837524234       3.613105073186000E-008
   1.58196837524234       6.751909601278529E-008
   1.56730056658462       8.434885593184608E-006
   1.56730056658462       2.490960147728735E-005
   1.58339729875125       9.163437728613795E-009
   1.58339729875125       1.713314150730936E-008
   1.56768496980289       1.031492892203407E-005
   1.56768496980289       3.052382709539082E-005
   1.58378956316220       1.170931561380984E-008
   1.58378956316220       2.189827882200791E-008
   1.56947755380091       2.682715094213537E-005
   1.56947755380091       7.970985256301735E-005
   1.58561880618783       3.320758809266702E-008
   1.58561880618783       6.213247377904747E-008
   1.57331421313662       4.919026053442266E-005
   1.57331421313662       1.473923102855223E-004
   1.58953392667277       7.246341765975135E-008
   1.58953392667277       1.357151030456711E-007
   1.57969504088115       7.678552339941744E-005
   1.57969504088115       2.333967097300382E-004
   1.59604524478248       1.496338347558859E-007
   1.59604524478248       2.807289111053204E-007
   1.58907998834726       1.089298536528419E-004
   1.58907998834726       3.385071350496557E-004
   1.60562211800982       3.155645847453656E-007
   1.60562211800982       5.936724462951911E-007
   1.60192972149587       1.435308778926332E-004
   1.60192972149587       4.607858360340425E-004
   1.61873463311061       6.974878742550324E-007
   1.61873463311061       1.317824927483711E-006
   1.61873376692821       1.757490795078266E-004
   1.61873376692821       5.912177897094795E-004
   1.63588232769206       1.611974996976371E-006
   1.63588232769206       3.065750776982123E-006
   1.64003490215672       1.973478572120869E-004
   1.64003490215672       7.093977221410353E-004
   1.65761907927416       3.808335299056338E-006
   1.65761907927416       7.316480831566906E-006
   1.66645348353492       1.984480936482416E-004
   1.66645348353492       7.829391801244303E-004
   1.68457793073484       8.855428332294183E-006
   1.68457793073484       1.727962567729458E-005
   1.69871395214122       1.730531093665115E-004
   1.69871395214122       7.759505102867329E-004
   1.71749813824933       1.931245201430194E-005
   1.71749813824933       3.859641549414004E-005
   1.73767536686845       1.258807626909188E-004
   1.73767536686845       6.680191439247835E-004
   1.75725632879306       3.741467669267315E-005
   1.75725632879306       7.754668820053335E-005
   1.78436785150941       7.289354181962317E-005
   1.78436785150941       4.751871626208634E-004
   1.80490369258392       6.070127041831799E-005
   1.80490369258392       1.328470033916061E-004
   1.84003733096869       3.148443491479057E-005
   1.84003733096869       2.572485825959040E-004
   1.86171163416682       7.718537417921755E-005
   1.86171163416682       1.828010117149362E-004
   1.90620103310887       9.122947523327723E-006
   1.90620103310887       9.275174008201381E-005
   1.92922840929380       7.113780673912435E-005
   1.92922840929380       1.880211112802522E-004
   1.98471799746512       1.608326584215145E-006
   1.98471799746512       1.985207330873632E-005
   2.00935107556876       6.153427158718826E-005
   2.00935107556876       1.978884991572109E-004
   1.45622660328759       7.721066198951795E-005
   1.45622660328759       7.301547910659429E-005
   1.46904597536607       5.438822135299287E-008
   1.46904597536607       4.516998532418891E-008
   1.48187508920154       2.020882687912027E-008
   1.48187508920154       9.060276653509887E-009
   1.49471378107793       2.091475250231022E-014
   1.49471378107793       1.038687188847070E-014
   1.46668301568346       6.129118102401688E-005
   1.46668301568346       7.488290138179183E-005
   1.48045198944583       7.417117263872715E-007
   1.48045198944583       5.051614108646806E-007
   1.49423201916259       1.362857603031865E-005
   1.49423201916259       3.793647701709149E-005
   1.50802290870307       1.899572485744447E-004
   1.50802290870307       1.990996581577417E-004
   1.52182446892082       8.195947872827715E-007
   1.52182446892082       5.738167703654693E-007
   1.53563651728455       2.175166911773779E-007
   1.53563651728455       1.061610435937811E-007
   1.54945887753468       3.158768366676683E-012
   1.54945887753468       1.571747093537178E-012
   1.50729718571229       7.899498234685798E-005
   1.50729718571229       1.052469067948808E-004
   1.52188075571621       3.272875391686067E-006
   1.52188075571621       2.259143095490208E-006
   1.53647603576386       8.398648665273339E-006
   1.53647603576386       2.251918334912503E-005
   1.55108281812113       2.557365295532735E-004
   1.55108281812113       2.964526362993808E-004
   1.56570090245134       4.490593797433727E-006
   1.56570090245134       3.011987958776905E-006
   1.58033009542435       8.513530499952771E-007
   1.58033009542435       4.552745025468845E-007
   1.59497021035274       8.953671660783771E-011
   1.59497021035274       4.467051053076514E-011
   1.53891047505343       7.008683861604222E-005
   1.53891047505343       1.000091858355091E-004
   1.55412811111514       6.593230363898668E-006
   1.55412811111514       4.630247816919764E-006
   1.56935796635113       4.425422185356487E-006
   1.56935796635113       1.060050739001348E-005
   1.58459982399543       2.374957428324569E-004
   1.58459982399543       2.989862550615864E-004
   1.59985347500109       1.087192574080448E-005
   1.59985347500109       7.281889396027893E-006
   1.61511871763234       1.673495597815949E-006
   1.61511871763234       9.734183580053293E-007
   1.63039535708495       7.262695536522090E-010
   1.63039535708495       3.634645165714669E-010
   1.56140931928453       4.854284555098810E-005
   1.56140931928453       7.264447563164252E-005
   1.57707821346469       7.685643460243836E-006
   1.57707821346469       5.480604899725752E-006
   1.59275968916199       2.422214169748199E-006
   1.59275968916199       4.803840919754237E-006
   1.60845352318254       1.711356887408529E-004
   1.60845352318254       2.283890285748671E-004
   1.62415950028042       1.440327229224727E-005
   1.62415950028042       9.725093463532823E-006
   1.63987741273762       1.993158380615580E-006
   1.63987741273762       1.238346865365158E-006
   1.65560705997329       2.231014332092224E-009
   1.65560705997329       1.119887175786674E-009
   1.57534749728299       2.686556321170478E-005
   1.57534749728299       4.137974206025864E-005
   1.59129594875569       5.759021743962982E-006
   1.59129594875569       4.151448262246517E-006
   1.60725720621923       1.289130296684852E-006
   1.60725720621923       2.152924004424976E-006
   1.62323104249761       9.739508498178921E-005
   1.62323104249761       1.346862133544582E-004
   1.63921723850459       1.165985280507466E-005
   1.63921723850459       7.933856299654673E-006
   1.65521558281616       1.538381914783784E-006
   1.65521558281616       9.981683622810104E-007
   1.67122587127278       3.038448903782469E-009
   1.67122587127278       1.528790911458898E-009
   1.58196837524234       1.030607645504103E-005
   1.58196837524234       1.609854500174548E-005
   1.59804962131105       2.555910967506398E-006
   1.59804962131105       1.853164875965875E-006
   1.61414377999954       5.032777094256870E-007
   1.61414377999954       7.654023796723510E-007
   1.63025062224023       3.792249376641385E-005
   1.63025062224023       5.336204722784212E-005
   1.64636992712265       5.373967045006928E-006
   1.64636992712265       3.673340269123565E-006
   1.66250148146237       6.961015437752298E-007
   1.66250148146237       4.618264235881875E-007
   1.67864507939994       1.815599225017047E-009
   1.67864507939994       9.147621854575277E-010
   1.58339729875125       2.309078619485881E-006
   1.58339729875125       3.624118016745067E-006
   1.59950720466255       6.016601092392049E-007
   1.59950720466255       4.371379507000677E-007
   1.61563004620637       1.141086887352974E-007
   1.61563004620637       1.680703234097493E-007
   1.63176559390690       8.541385980609030E-006
   1.63176559390690       1.209006702045363E-005
   1.64791362645996       1.281507957912666E-006
   1.64791362645996       8.774404627969206E-007
   1.66407393030119       1.650842934342809E-007
   1.66407393030119       1.103824088846673E-007
   1.68024629920424       4.740198801533959E-010
   1.68024629920424       2.389507247373863E-010
   1.58378956316220       2.804079082351378E-006
   1.58378956316220       4.409547002450431E-006
   1.59990733669986       7.454822451550248E-007
   1.59990733669986       5.420998436827087E-007
   1.61603805218745       1.393727537287222E-007
   1.61603805218745       2.026452219553193E-007
   1.63218148003707       1.039496558956816E-005
   1.63218148003707       1.474909434776497E-005
   1.64833739883647       1.596296816740703E-006
   1.64833739883647       1.093751489023443E-006
   1.66450559491700       2.051977596696438E-007
   1.66450559491700       1.376481173283253E-007
   1.68068586195159       6.131505180576905E-010
   1.68068586195159       3.091545419464430E-010
   1.58561880618783       7.193774168047160E-006
   1.58561880618783       1.135546784419925E-005
   1.60177326875527       1.989373593742549E-006
   1.60177326875527       1.449122171667715E-006
   1.61794070273251       3.621545963466452E-007
   1.61794070273251       5.135039191682981E-007
   1.63412087800905       2.678309428473617E-005
   1.63412087800905       3.818066864431279E-005
   1.65031357266862       4.304558066469142E-006
   1.65031357266862       2.953620863166286E-006
   1.66651857255621       5.511352683117616E-007
   1.66651857255621       3.720803800176946E-007
   1.68273567087507       1.781667583445771E-009
   1.68273567087507       8.987363107655081E-010
   1.58953392667277       1.283319126905224E-005
   1.58953392667277       2.041199229375933E-005
   1.60576691460290       3.840653430526018E-006
   1.60576691460290       2.807583389353916E-006
   1.62201293699568       6.664602785672936E-007
   1.62201293699568       8.994749500163847E-007
   1.63827176262204       4.820496852083362E-005
   1.63827176262204       6.936991352759113E-005
   1.65454316848701       8.486541171212883E-006
   1.65454316848701       5.840589868726823E-006
   1.67082693939458       1.078777867272238E-006
   1.67082693939458       7.378524770503037E-007
   1.68712286754279       4.084534455487813E-009
   1.68712286754279       2.062361317351149E-009
   1.59604524478248       1.916613136001347E-005
   1.59604524478248       3.086011910421834E-005
   1.61240882987258       6.511238688214873E-006
   1.61240882987258       4.788256512259299E-006
   1.62878555428978       1.061753105072327E-006
   1.62878555428978       1.330252590524185E-006
   1.64517518494478       7.307502956218084E-005
   1.64517518494478       1.067653652085909E-004
   1.66157749704855       1.488131233846710E-005
   1.66157749704855       1.029442378298914E-005
   1.67799227367380       1.874090896630576E-006
   1.67799227367380       1.309541278979218E-006
   1.69441930534677       9.142280027359570E-009
   1.69441930534677       4.623873487927843E-009
   1.60562211800982       2.552718032686619E-005
   1.60562211800982       4.182202640659603E-005
   1.62217778593532       1.037916845627193E-005
   1.62217778593532       7.701878796414553E-006
   1.63874674742304       1.594586488704097E-006
   1.63874674742304       1.827060277023434E-006
   1.65532876664753       9.955673631590469E-005
   1.65532876664753       1.486082516702520E-004
   1.67192361618114       2.488436166967514E-005
   1.67192361618114       1.735284047079250E-005
   1.68853107655016       3.107691565277599E-006
   1.68853107655016       2.240430211545782E-006
   1.70515093582196       2.166774571855600E-008
   1.70515093582196       1.098850974925569E-008
   1.61873463311061       3.093126962802190E-005
   1.61873463311061       5.183824566518414E-005
   1.63555329805194       1.591677464216810E-005
   1.63555329805194       1.196483090390791E-005
   1.65238546773195       2.360217801553855E-006
   1.65238546773195       2.495766931186923E-006
   1.66923090257895       1.246240065223354E-004
   1.66923090257895       1.912690176973469E-004
   1.68608937155246       4.062942844048342E-005
   1.68608937155246       2.866963343710934E-005
   1.70296065169229       5.063160226292856E-006
   1.70296065169229       3.807846051155905E-006
   1.71984452769913       5.601839916871022E-008
   1.71984452769913       2.852855289713912E-008
   1.63588232769206       3.403215460100278E-005
   1.63588232769206       5.864555548760207E-005
   1.65304492302881       2.348101427639833E-005
   1.65304492302881       1.797097082194271E-005
   1.67022129926706       3.501501724168535E-006
   1.67022129926706       3.544133878874378E-006
   1.68741121193605       1.435061002399754E-004
   1.68741121193605       2.277512731773292E-004
   1.70461442527068       6.477970292243110E-005
   1.70461442527068       4.648854334411899E-005
   1.72183071175137       8.165833658542312E-006
   1.72183071175137       6.482188993356389E-006
   1.73905985167608       1.579846571926924E-007
   1.73905985167608       8.097873444214902E-008
   1.65761907927416       3.340224996994079E-005
   1.65761907927416       5.945782715480206E-005
   1.67521764747776       3.281330148632244E-005
   1.67521764747776       2.573827783213181E-005
   1.69283034665224       5.157612492435331E-006
   1.69283034665224       5.227053181338217E-006
   1.71045692611668       1.500682032906706E-004
   1.71045692611668       2.472074328379182E-004
   1.72809714411694       9.931455626011198E-005
   1.72809714411694       7.297205087406041E-005
   1.74575076735389       1.295129161280457E-005
   1.74575076735389       1.097648015535317E-005
   1.76341757054451       4.750957294236427E-007
   1.76341757054451       2.459593355985386E-007
   1.68457793073484       2.829549361090865E-005
   1.68457793073484       5.221347406375983E-005
   1.70271721118396       4.224457921579072E-005
   1.70271721118396       3.426403502593756E-005
   1.72087105677502       7.318300314480230E-006
   1.72087105677502       7.656676307944066E-006
   1.73903920912499       1.391549927589759E-004
   1.73903920912499       2.376762415682399E-004
   1.75722141905187       1.424217471527507E-004
   1.75722141905187       1.081163463063427E-004
   1.77541744608847       1.983135738744693E-005
   1.77541744608847       1.811637858177367E-005
   1.79362705803000       1.460778399796015E-006
   1.79362705803000       7.679453906685771E-007
   1.71749813824933       1.966158809880997E-005
   1.71749813824933       3.768736028235589E-005
   1.73629769754432       4.817768525350826E-005
   1.73629769754432       4.090383980164934E-005
   1.75511235215967       9.584985859490042E-006
   1.75511235215967       1.046424200913166E-005
   1.77394183430707       1.111286749719413E-004
   1.77394183430707       1.940251700268733E-004
   1.79278588573420       1.838767419772934E-004
   1.79278588573420       1.460373553711544E-004
   1.81164425722072       2.844248822149691E-005
   1.81164425722072       2.816663701912342E-005
   1.83051670810947       4.338819570292765E-006
   1.83051670810947       2.334449731243688E-006
   1.75725632879306       1.040875360396411E-005
   1.75725632879306       2.072459181230835E-005
   1.77685331599473       4.626905422544540E-005
   1.77685331599473       4.182430813158896E-005
   1.79646603882059       1.101498953357694E-005
   1.79646603882059       1.250345062471868E-005
   1.81609421812345       7.560259094731087E-005
   1.81609421812345       1.278937659472544E-004
   1.83573758469659       2.036214721500366E-004
   1.83573758469659       1.722309833629015E-004
   1.85539587874842       3.659839280188630E-005
   1.85539587874842       3.929862912622621E-005
   1.87506884941373       1.166633734976095E-005
   1.87506884941373       6.488367307392988E-006
   1.80490369258392       3.785756162565548E-006
   1.80490369258392       7.810842217161268E-006
   1.82545634041922       3.517418130671917E-005
   1.82545634041922       3.463155605071639E-005
   1.84602549123729       1.048272568131069E-005
   1.84602549123729       1.218272576980528E-005
   1.86661085227816       4.766406228937417E-005
   1.86661085227816       6.695207067337901E-005
   1.88721214120704       1.824062082243510E-004
   1.88721214120704       1.685133031427667E-004
   1.90782908556344       3.992037507549898E-005
   1.90782908556344       4.617221332447754E-005
   1.92846142224853       2.652884425436541E-005
   1.92846142224853       1.540600354591761E-005
   1.86171163416682       8.251218038476845E-007
   1.86171163416682       1.755812899526007E-006
   1.88340367585580       1.970599967100860E-005
   1.88340367585580       2.170211880553629E-005
   1.90511313541684       7.770230556427237E-006
   1.90511313541684       8.944890549539605E-006
   1.92683970385999       3.464532955553301E-005
   1.92683970385999       3.340258675648184E-005
   1.94858308319843       1.236281240375050E-004
   1.94858308319843       1.289848729094932E-004
   1.97034298586706       3.439972933844398E-005
   1.97034298586706       4.215643849564602E-005
   1.99211913418141       4.745934059795835E-005
   1.99211913418141       2.900828100584126E-005
   1.92922840929380       9.132078797361709E-008
   1.92922840929380       1.992384480312979E-007
   1.95227463133956       7.497364912691048E-006
   1.95227463133956       9.428372518469107E-006
   1.97533935861193       4.273589180599744E-006
   1.97533935861193       4.580093268503924E-006
   1.99842226283148       2.840661319815066E-005
   1.99842226283148       2.254818427028318E-005
   2.02152302740881       5.902741882527632E-005
   2.02152302740881       7.206238741088724E-005
   2.04464134682686       2.163939386058460E-005
   2.04464134682686       2.710808280983781E-005
   2.06777692606599       6.142044129790724E-005
   2.06777692606599       3.973096250941550E-005
   2.00935107556876       4.324944005574727E-009
   2.00935107556876       9.621679287842287E-009
   2.03400431365755       1.941004779898304E-006
   2.03400431365755       2.819785620750879E-006
   2.05867734734479       2.246616448879627E-006
   2.05867734734479       2.037663223685439E-006
   2.08336982546008       2.755915969367004E-005
   2.08336982546008       2.439995288803329E-005
   2.10808140933822       2.174493017488271E-005
   2.10808140933822       3.263891509052145E-005
   2.13281177215838       1.260980110831088E-005
   2.13281177215838       1.427535229236275E-005
   2.15756059832919       8.102571738417776E-005
   2.15756059832919       5.715999449381770E-005
   1.45570596295340       8.308116534584378E-009
   1.45570596295340       3.704075290353498E-008
   1.45570596295340       2.481140370629352E-017
   1.46744763000506       3.406991759172793E-009
   1.46744763000506       5.002670864068895E-009
   1.47919748814140       1.984784512294597E-011
   1.47919748814140       3.216878137299120E-011
   1.49095541081349       1.016701611814552E-012
   1.49095541081349       7.656679610902086E-013
   1.50272127540620       4.630763341143298E-021
   1.50272127540620       4.888287955029239E-021
   1.45622660328759       1.087749246018620E-005
   1.45622660328759       7.286357584226518E-006
   1.46904597536607       1.781306547097829E-007
   1.46904597536607       4.247238433002777E-006
   1.46904597536607       2.984980775720307E-007
   1.48187508920154       2.623926073952317E-007
   1.48187508920154       9.009005570739067E-005
   1.48187508920154       1.451960882109081E-005
   1.49471378107793       5.489701463409129E-006
   1.49471378107793       4.304397708344973E-005
   1.49471378107793       3.152913921170690E-008
   1.50756189280737       2.986834706951809E-007
   1.50756189280737       2.668581079210179E-006
   1.50756189280737       8.443179228969969E-009
   1.52041927145290       5.062707064616864E-008
   1.52041927145290       2.435591593774612E-007
   1.52041927145290       1.693714960171156E-014
   1.53328576906949       6.946858587572094E-008
   1.53328576906949       1.102741850217676E-007
   1.54616124246194       5.058307953694468E-010
   1.54616124246194       9.761247312283213E-010
   1.55904555295814       1.282049500510394E-010
   1.55904555295814       9.998721841142774E-011
   1.57193856619666       1.654726100568539E-017
   1.57193856619666       1.746748229263781E-017
   1.46668301568346       5.027833338715647E-006
   1.46668301568346       2.120846459796147E-006
   1.48045198944583       2.933797063002057E-005
   1.48045198944583       3.010672096328941E-005
   1.49423201916259       1.289359537069263E-004
   1.49423201916259       4.946077867430498E-005
   1.50802290870307       2.727912400177776E-005
   1.50802290870307       1.030638278426219E-005
   1.52182446892082       3.359965601105529E-007
   1.52182446892082       1.171340283954462E-005
   1.52182446892082       8.479623164144646E-007
   1.53563651728455       1.736828863591431E-006
   1.53563651728455       1.179968966332677E-004
   1.53563651728455       1.945710987290609E-005
   1.54945887753468       1.495642796816856E-005
   1.54945887753468       1.368282721436009E-004
   1.54945887753468       3.312383825829578E-007
   1.56329137936337       6.999356974329493E-007
   1.56329137936337       9.740780524655906E-006
   1.56329137936337       7.418612538349213E-008
   1.57713385811601       2.742519039223993E-007
   1.57713385811601       1.020358811538891E-006
   1.57713385811601       1.387942256470358E-012
   1.59098615451242       3.801425603580828E-007
   1.59098615451242       6.685120684762672E-007
   1.60484811438612       4.147565230457526E-009
   1.60484811438612       8.572748490940562E-009
   1.61871958844030       2.837158450465410E-009
   1.61871958844030       2.316755011806411E-009
   1.63260043201909       4.892767300221845E-015
   1.63260043201909       5.164862399236838E-015
   1.47816604631560       6.529800787857989E-006
   1.47816604631560       8.190816449681454E-006
   1.49272554130424       2.142048019602371E-005
   1.49272554130424       9.043929121949692E-006
   1.50729718571229       8.150043622279852E-006
   1.50729718571229       3.830826782068223E-006
   1.52188075571621       3.083218382270935E-005
   1.52188075571621       3.160391038317128E-005
   1.53647603576386       1.546151950945821E-004
   1.53647603576386       6.256039298891520E-005
   1.55108281812113       4.901631602358991E-005
   1.55108281812113       1.093546880186357E-005
   1.56570090245134       4.413437973846118E-007
   1.56570090245134       1.673435833671610E-005
   1.56570090245134       1.183630821084303E-006
   1.58033009542435       4.573495157620320E-006
   1.58033009542435       9.793429422707466E-005
   1.58033009542435       1.492566557338799E-005
   1.59497021035274       1.970636761348043E-005
   1.59497021035274       2.136250254459900E-004
   1.59497021035274       1.202831078200131E-006
   1.60962106685298       9.383917323081809E-007
   1.60962106685298       1.817045982357891E-005
   1.60962106685298       2.243953961840451E-007
   1.62428249052921       1.012190296464362E-006
   1.62428249052921       3.281020075974474E-006
   1.62428249052921       2.435374607578672E-011
   1.63895431267794       8.969148818161632E-007
   1.63895431267794       1.765671313364013E-006
   1.65363637001195       1.679315714804783E-008
   1.65363637001195       3.275028173898308E-008
   1.66832850440177       1.857097784084236E-008
   1.66832850440177       1.600365161317520E-008
   1.68303056263345       2.329858069647053E-013
   1.68303056263345       2.459425433728061E-013
   1.50851276877970       4.854257514823338E-006
   1.50851276877970       6.089057475893936E-006
   1.52370528308996       2.232105070926588E-005
   1.52370528308996       9.898562093455389E-006
   1.53891047505343       8.547680230058993E-006
   1.53891047505343       4.309871528533232E-006
   1.55412811111514       2.342952663172118E-005
   1.55412811111514       2.306974667161863E-005
   1.56935796635113       1.287377373280056E-004
   1.56935796635113       5.420359457909728E-005
   1.58459982399543       5.880321191929934E-005
   1.58459982399543       1.015587103872304E-005
   1.59985347500109       5.377037580324219E-007
   1.59985347500109       1.658307739129323E-005
   1.59985347500109       1.118994275733491E-006
   1.61511871763234       6.539200659792892E-006
   1.61511871763234       6.931041689368533E-005
   1.61511871763234       8.506949961455796E-006
   1.63039535708495       1.698204430037844E-005
   1.63039535708495       2.161352628813809E-004
   1.63039535708495       2.128525002061486E-006
   1.64568320513265       9.629438696041936E-007
   1.64568320513265       2.128449720506148E-005
   1.64568320513265       3.385925882764177E-007
   1.66098207979717       2.005049406620808E-006
   1.66098207979717       6.428606038613142E-006
   1.66098207979717       1.371062404383747E-010
   1.67629180504012       1.229229453991901E-006
   1.67629180504012       2.679155179272195E-006
   1.69161221047487       4.183953890488566E-008
   1.69161221047487       7.267990813961490E-008
   1.70694313109676       5.145325633676389E-008
   1.70694313109676       4.684231350912014E-008
   1.72228440703040       2.782853610146720E-012
   1.72228440703040       2.937612825563069E-012
   1.53011021073762       2.861373537358384E-006
   1.53011021073762       3.589234373284217E-006
   1.54575323821527       1.700464272817171E-005
   1.54575323821527       7.846759446912828E-006
   1.56140931928453       6.608898853013298E-006
   1.56140931928453       3.477232472535000E-006
   1.57707821346469       1.496658694786904E-005
   1.57707821346469       1.371851691734689E-005
   1.59275968916199       8.514504660362043E-005
   1.59275968916199       3.686579492335633E-005
   1.60845352318254       5.007715383686361E-005
   1.60845352318254       7.894323564953823E-006
   1.62415950028042       5.436816915547248E-007
   1.62415950028042       1.307559540029538E-005
   1.62415950028042       8.418634732210518E-007
   1.63987741273762       6.158665220707195E-006
   1.63987741273762       4.595549981273705E-005
   1.63987741273762       4.207171451889090E-006
   1.65560705997329       1.130219556023328E-005
   1.65560705997329       1.637941112638546E-004
   1.65560705997329       2.284924563043226E-006
   1.67134824817956       8.419813178401948E-007
   1.67134824817956       1.795295989786951E-005
   1.67134824817956       3.225935731372726E-007
   1.68710078998184       2.363822991215132E-006
   1.68710078998184       7.735411948462231E-006
   1.68710078998184       3.242211859427294E-010
   1.70286450412157       1.150349931981109E-006
   1.70286450412157       2.704140807378130E-006
   1.71863921515952       6.448318911721659E-008
   1.71863921515952       1.028020354606659E-007
   1.73442475319808       7.588946148988318E-008
   1.73442475319808       7.243298516458459E-008
   1.75022095362093       1.122509401581508E-011
   1.75022095362093       1.184934055775615E-011
   1.54348996425868       1.409646123189885E-006
   1.54348996425868       1.768224334733640E-006
   1.55941208752691       9.930982007029882E-006
   1.55941208752691       4.708212262140817E-006
   1.57534749728299       3.902027983731896E-006
   1.57534749728299       2.102363969256961E-006
   1.59129594875569       8.075516149828659E-006
   1.59129594875569       6.887656662788359E-006
   1.60725720621923       4.583011186241669E-005
   1.60725720621923       2.019670796482398E-005
   1.62323104249761       3.132159981694094E-005
   1.62323104249761       4.801002271577088E-006
   1.63921723850459       3.952443943173530E-007
   1.63921723850459       8.103482798385247E-006
   1.63921723850459       5.061356332815143E-007
   1.65521558281616       4.086788255447548E-006
   1.65521558281616       2.632465361624038E-005
   1.65521558281616       1.874922837825852E-006
   1.67122587127278       6.063918077352438E-006
   1.67122587127278       9.591727889520177E-005
   1.67122587127278       1.631028737238982E-006
   1.68724790660875       5.765146122744721E-007
   1.68724790660875       1.127841680636507E-005
   1.68724790660875       2.133820216240775E-007
   1.70328149810643       1.793134551219294E-006
   1.70328149810643       5.988665367460589E-006
   1.70328149810643       3.738038203823052E-010
   1.71932646127334       7.685237910162892E-007
   1.71932646127334       1.892192027944600E-006
   1.73538261754014       5.964169598969736E-008
   1.73538261754014       9.099202786070835E-008
   1.75144979397796       6.614102397256623E-008
   1.75144979397796       6.526847012723659E-008
   1.76752782303350       1.815025174432522E-011
   1.76752782303350       1.915961806863321E-011
   1.54984558083919       5.078825476123516E-007
   1.54984558083919       6.370749829343560E-007
   1.56590027948194       3.908443262726153E-006
   1.56590027948194       1.879387767287346E-006
   1.58196837524234       1.544186786669278E-006
   1.58196837524234       8.412586091822964E-007
   1.59804962131105       3.089726750239309E-006
   1.59804962131105       2.518380805300075E-006
   1.61414377999954       1.734996433816101E-005
   1.61414377999954       7.714507240603166E-006
   1.63025062224023       1.274438443292933E-005
   1.63025062224023       1.938593633205290E-006
   1.64636992712265       1.746783218703438E-007
   1.64636992712265       3.324313106841830E-006
   1.64636992712265       2.047718842797978E-007
   1.66250148146237       1.712146758011651E-006
   1.66250148146237       1.046035325820503E-005
   1.66250148146237       6.455641661991659E-007
   1.67864507939994       2.287533396693454E-006
   1.67864507939994       3.786138814015632E-005
   1.67864507939994       7.069344207030546E-007
   1.69480052202710       2.505257198337596E-007
   1.69480052202710       4.618448707967176E-006
   1.69480052202710       8.899761646078141E-008
   1.71096761703823       8.015762153479128E-007
   1.71096761703823       2.709363128963623E-006
   1.71096761703823       2.051444623038878E-010
   1.72714617840466       3.241732558481019E-007
   1.72714617840466       8.161225346461717E-007
   1.74333602607019       2.961508771486614E-008
   1.74333602607019       4.436746964150220E-008
   1.75953698566607       3.170092348460419E-008
   1.75953698566607       3.184626511177477E-008
   1.77574888824386       1.183614492145649E-011
   1.77574888824386       1.249437304201589E-011
   1.55121725541185       1.112863463377981E-007
   1.55121725541185       1.395947695530843E-007
   1.56730056658462       8.832761045429597E-007
   1.56730056658462       4.268451906810781E-007
   1.58339729875125       3.496297634587251E-007
   1.58339729875125       1.911794805072413E-007
   1.59950720466255       6.928949876851480E-007
   1.59950720466255       5.551692318959662E-007
   1.61563004620637       3.870175052512702E-006
   1.61563004620637       1.726170080628049E-006
   1.63176559390690       2.912762461052172E-006
   1.63176559390690       4.422844207443720E-007
   1.64791362645996       4.111380775399204E-008
   1.64791362645996       7.635340538792919E-007
   1.64791362645996       4.682538594637307E-008
   1.66407393030119       3.952728073349524E-007
   1.66407393030119       2.378710559283215E-006
   1.66407393030119       1.394200707644528E-007
   1.68024629920424       5.095064656989652E-007
   1.68024629920424       8.567219813746775E-006
   1.68024629920424       1.650671905472120E-007
   1.69643053390639       5.875044173084268E-008
   1.69643053390639       1.058701891249497E-006
   1.69643053390639       2.050558427376141E-008
   1.71262644175927       1.891908368537616E-007
   1.71262644175927       6.423059607646098E-007
   1.71262644175927       5.196650298167993E-011
   1.72883383640267       7.506134794563106E-008
   1.72883383640267       1.903902538973395E-007
   1.74505253745951       7.254677040773866E-009
   1.74505253745951       1.080690061147086E-008
   1.76128237025028       7.665912569596056E-009
   1.76128237025028       7.750548021817594E-009
   1.77752316552544       3.187961476085551E-012
   1.77752316552544       3.365249427926660E-012
   1.55159380399188       1.339086521296688E-007
   1.55159380399188       1.679716160189566E-007
   1.56768496980289       1.076382344813927E-006
   1.56768496980289       5.212319039119152E-007
   1.58378956316220       4.263922201377173E-007
   1.58378956316220       2.335010882976669E-007
   1.59990733669986       8.420121282270146E-007
   1.59990733669986       6.697834905778106E-007
   1.61603805218745       4.691519548632281E-006
   1.61603805218745       2.095154152798788E-006
   1.63218148003707       3.565830664732315E-006
   1.63218148003707       5.411240755626290E-007
   1.64833739883647       5.094850841884649E-008
   1.64833739883647       9.369352498162096E-007
   1.64833739883647       5.736009018952325E-008
   1.66450559491700       4.858963359786534E-007
   1.66450559491700       2.907457929871116E-006
   1.66450559491700       1.668106310496267E-007
   1.68068586195159       6.172330057651530E-007
   1.68068586195159       1.044604686512880E-005
   1.68068586195159       2.038458525457543E-007
   1.69687800058020       7.271990966798967E-008
   1.69687800058020       1.297824389066223E-006
   1.69687800058020       2.518455923968217E-008
   1.71308181806038       2.346764014200591E-007
   1.71308181806038       7.982165620874986E-007
   1.71308181806038       6.637061371120322E-011
   1.72929712794091       9.239194238486439E-008
   1.72929712794091       2.350606310909555E-007
   1.74552374975662       9.139141370537395E-009
   1.74552374975662       1.358349771128337E-008
   1.76176150874267       9.604844520342660E-009
   1.76176150874267       9.737001511297449E-009
   1.77801023556689       4.178399356496798E-012
   1.77801023556689       4.410767240940972E-012
   1.55334975952752       3.373399041437186E-007
   1.55334975952752       4.231506175704830E-007
   1.56947755380091       2.780374102764986E-006
   1.56947755380091       1.351858778089602E-006
   1.58561880618783       1.103041464012855E-006
   1.58561880618783       6.058018782359308E-007
   1.60177326875527       2.164181600470254E-006
   1.60177326875527       1.696527224055525E-006
   1.61794070273251       1.199467211803898E-005
   1.61794070273251       5.369998136060834E-006
   1.63412087800905       9.293503200241785E-006
   1.63412087800905       1.408920452574259E-006
   1.65031357266862       1.360327897882709E-007
   1.65031357266862       2.454621830455363E-006
   1.65031357266862       1.497813321913581E-007
   1.66651857255621       1.276709286156215E-006
   1.66651857255621       7.559920536220378E-006
   1.66651857255621       4.157040241689188E-007
   1.68273567087507       1.575934966451424E-006
   1.68273567087507       2.701415154577776E-005
   1.68273567087507       5.404272942467175E-007
   1.69896466781137       1.938278591888401E-007
   1.69896466781137       3.392224494408573E-006
   1.69896466781137       6.605055031612713E-008
   1.71520537018392       6.276493778365069E-007
   1.71520537018392       2.142868186298053E-006
   1.71520537018392       1.880328224326382E-010
   1.73145759111706       2.434338212139560E-007
   1.73145759111706       6.230085890385054E-007
   1.74772114973483       2.520524147256566E-008
   1.74772114973483       3.730259311899812E-008
   1.76399587087460       2.620338284998661E-008
   1.76399587087460       2.670681773541607E-008
   1.78028158481871       1.246553718937561E-011
   1.78028158481871       1.315876688285898E-011
   1.55710802313267       5.795877797285751E-007
   1.55710802313267       7.270202069659844E-007
   1.57331421313662       5.028517662725630E-006
   1.57331421313662       2.465377998107375E-006
   1.58953392667277       2.000850338529780E-006
   1.58953392667277       1.105229333654755E-006
   1.60576691460290       3.883006804152815E-006
   1.60576691460290       2.950596734313918E-006
   1.62201293699568       2.125309782376764E-005
   1.62201293699568       9.563480129288315E-006
   1.63827176262204       1.711104104607293E-005
   1.63827176262204       2.590684947210030E-006
   1.65454316848701       2.631573622625899E-007
   1.65454316848701       4.576622935674858E-006
   1.65454316848701       2.775611358627813E-007
   1.67082693939458       2.389722752422166E-006
   1.67082693939458       1.389267506274668E-005
   1.67082693939458       6.996947525134083E-007
   1.68712286754279       2.784082909529681E-006
   1.68712286754279       4.898306911275516E-005
   1.68712286754279       1.029659287726928E-006
   1.70343075214653       3.744249427848606E-007
   1.70343075214653       6.287596230378829E-006
   1.70343075214653       1.231164806187463E-007
   1.71975039908556       1.217364395888725E-006
   1.71975039908556       4.188904681070800E-006
   1.71975039908556       4.094213577801313E-010
   1.73608162057586       4.585108060453445E-007
   1.73608162057586       1.187231156279380E-006
   1.75242423486224       5.204433575270428E-008
   1.75242423486224       7.640939145646002E-008
   1.76877806593061       5.291127341524228E-008
   1.76877806593061       5.452721632360593E-008
   1.78514294323834       3.014942245612491E-011
   1.78514294323834       3.182608304206207E-011
   1.56335846931114       8.123388513332804E-007
   1.56335846931114       1.018977246379155E-006
   1.57969504088115       7.677755879940458E-006
   1.57969504088115       3.816856940658777E-006
   1.59604524478248       3.069230703019365E-006
   1.59604524478248       1.710819281567019E-006
   1.61240882987258       5.888356512906791E-006
   1.61240882987258       4.234176904583602E-006
   1.62878555428978       3.140930058030348E-005
   1.62878555428978       1.425293657262270E-005
   1.64517518494478       2.688020071820801E-005
   1.64517518494478       4.068353426335725E-006
   1.66157749704855       4.486418066662275E-007
   1.66157749704855       7.381330065272889E-006
   1.66157749704855       4.439749101050465E-007
   1.67799227367380       3.856884274344048E-006
   1.67799227367380       2.192440198601097E-005
   1.67799227367380       9.525710973120601E-007
   1.69441930534677       4.092068552470846E-006
   1.69441930534677       7.515268090530050E-005
   1.69441930534677       1.708695088133465E-006
   1.71085838966699       6.404006709361008E-007
   1.71085838966699       1.001143626297432E-005
   1.71085838966699       1.971202150776400E-007
   1.72730933095251       2.080193462668302E-006
   1.72730933095251       7.254777694760113E-006
   1.72730933095251       8.422348023791213E-010
   1.74377193990853       7.490837842965690E-007
   1.74377193990853       1.975036687903576E-006
   1.76024603331762       9.855403791039613E-008
   1.76024603331762       1.430830817413677E-007
   1.77673143374963       9.656832851743481E-008
   1.77673143374963       1.013793620011610E-007
   1.79322796928988       7.364892291878828E-011
   1.79322796928988       7.774466460121546E-011
   1.57255165103822       9.818052329444739E-007
   1.57255165103822       1.231551576173417E-006
   1.58907998834726       1.055428956475817E-005
   1.58907998834726       5.357156866470801E-006
   1.60562211800982       4.245526899798675E-006
   1.60562211800982       2.396161546380679E-006
   1.62217778593532       8.127893539099826E-006
   1.62217778593532       5.346105401559150E-006
   1.63874674742304       4.125974848086924E-005
   1.63874674742304       1.895851473243130E-005
   1.65532876664753       3.844608758446687E-005
   1.65532876664753       5.835478856886730E-006
   1.67192361618114       7.236503088653875E-007
   1.67192361618114       1.110477426123328E-005
   1.67192361618114       6.629097012961231E-007
   1.68853107655016       5.739384924050207E-006
   1.68853107655016       3.206025818213538E-005
   1.68853107655016       1.117726902565578E-006
   1.70515093582196       5.327135843634086E-006
   1.70515093582196       1.041815638366567E-004
   1.70515093582196       2.641111364809425E-006
   1.72178298922019       1.049277552915567E-006
   1.72178298922019       1.469165939241413E-005
   1.72178298922019       2.892202563145859E-007
   1.73842703876589       3.356110998049128E-006
   1.73842703876589       1.195204931580824E-005
   1.73842703876589       1.765430258918216E-009
   1.75508289294226       1.140088995403022E-006
   1.75508289294226       3.077962844356965E-006
   1.77175036638118       1.846134870645980E-007
   1.77175036638118       2.647321257875020E-007
   1.78842927956973       1.714930415780734E-007
   1.78842927956973       1.851383315404286E-007
   1.80511945857524       1.981253959895328E-010
   1.80511945857524       2.091434857394199E-010
   1.58513882133473       1.033330506862330E-006
   1.58513882133473       1.296183572599017E-006
   1.60192972149587       1.334178887973387E-005
   1.60192972149587       6.973551012163838E-006
   1.61873463311061       5.405225765306687E-006
   1.61873463311061       3.098437896881496E-006
   1.63555329805194       1.061226351999661E-005
   1.63555329805194       6.102617071457309E-006
   1.65238546773195       4.923584102324617E-005
   1.65238546773195       2.302482772459319E-005
   1.66923090257895       5.109976676478181E-005
   1.66923090257895       7.825033769127858E-006
   1.68608937155246       1.132427642252589E-006
   1.68608937155246       1.614791153573199E-005
   1.68608937155246       9.633530517840946E-007
   1.70296065169229       8.056909933596820E-006
   1.70296065169229       4.502770872867655E-005
   1.70296065169229       1.168668614214418E-006
   1.71984452769913       6.274351093998603E-006
   1.71984452769913       1.335325465974689E-004
   1.71984452769913       3.885789882685328E-006
   1.73674079154363       1.705768816426027E-006
   1.73674079154363       2.047338797765120E-005
   1.73674079154363       3.965584336562399E-007
   1.75364924210183       5.236117566663356E-006
   1.75364924210183       1.923009734193297E-005
   1.75364924210183       3.865626665091481E-009
   1.77056968481455       1.667405124538139E-006
   1.77056968481455       4.618863036642016E-006
   1.78750193136897       3.517829909729501E-007
   1.78750193136897       4.993151860288907E-007
   1.80444579940053       3.048701716507591E-007
   1.80444579940053       3.424124771883372E-007
   1.82140111221351       6.072628431441557E-010
   1.82140111221351       6.410337611737017E-010
   1.60159950414275       9.322284544506837E-007
   1.60159950414275       1.169363722975164E-006
   1.61873376692821       1.551114739638644E-005
   1.61873376692821       8.436254500480416E-006
   1.63588232769206       6.324204486851858E-006
   1.63588232769206       3.690245057070346E-006
   1.65304492302881       1.343292047703610E-005
   1.65304492302881       6.420019408951639E-006
   1.67022129926706       5.351453572540276E-005
   1.67022129926706       2.563570281852664E-005
   1.68741121193605       6.296200023596949E-005
   1.68741121193605       9.811732391631369E-006
   1.70461442527068       1.719883953881867E-006
   1.70461442527068       2.306529324967693E-005
   1.70461442527068       1.398679222356722E-006
   1.72183071175137       1.067826414677926E-005
   1.72183071175137       6.163322907887304E-005
   1.72183071175137       1.136436188923139E-006
   1.73905985167608       6.723676847300056E-006
   1.73905985167608       1.586738268181909E-004
   1.73905985167608       5.432630200836320E-006
   1.75630163276142       2.777997475199034E-006
   1.75630163276142       2.745244558287217E-005
   1.75630163276142       5.063818548731563E-007
   1.77355584977055       7.907651830990355E-006
   1.77355584977055       3.033972710163698E-005
   1.77355584977055       8.806854802777486E-009
   1.79082230416571       2.381515090544897E-006
   1.79082230416571       6.724636884269546E-006
   1.80810080378321       6.829824454280976E-007
   1.80810080378321       9.654546429299927E-007
   1.82539116252923       5.457692838373156E-007
   1.82539116252923       6.467959214489100E-007
   1.84269320009476       2.127327485844638E-009
   1.84269320009476       2.245631780200098E-009
   1.62246538622211       6.949289953901181E-007
   1.62246538622211       8.717013017282537E-007
   1.64003490215672       1.636206547304041E-005
   1.64003490215672       9.377345182681929E-006
   1.65761907927416       6.687488696541311E-006
   1.65761907927416       3.974681844244671E-006
   1.67521764747776       1.669512657675449E-005
   1.67521764747776       6.418169974386131E-006
   1.69283034665224       5.256449172393755E-005
   1.69283034665224       2.601701591205601E-005
   1.71045692611668       7.057735387438785E-005
   1.71045692611668       1.131025446510937E-005
   1.72809714411694       2.490758730656447E-006
   1.72809714411694       3.236936524717720E-005
   1.72809714411694       2.053886205057239E-006
   1.74575076735389       1.317342191300670E-005
   1.74575076735389       8.193417324868743E-005
   1.74575076735389       1.115730138541697E-006
   1.76341757054451       6.610518302060455E-006
   1.76341757054451       1.730669748053347E-004
   1.76341757054451       7.088033597105919E-006
   1.78109733601285       4.479490200705335E-006
   1.78109733601285       3.560773764129273E-005
   1.78109733601285       5.912555593367695E-007
   1.79878985330858       1.139388027781611E-005
   1.79878985330858       4.645322725248427E-005
   1.79878985330858       2.035808241537398E-008
   1.81649491885055       3.370821103709930E-006
   1.81649491885055       9.474381661761720E-006
   1.83421233559365       1.327906175227126E-006
   1.83421233559365       1.888301728817430E-006
   1.85194191271682       9.755234819873890E-007
   1.85194191271682       1.240371844292528E-006
   1.86968346533074       8.335239909684604E-009
   1.86968346533074       8.798776756907346E-009
   1.64834414797954       4.040449516508470E-007
   1.64834414797954       5.068237368812788E-007
   1.66645348353492       1.528460213631771E-005
   1.66645348353492       9.366556307278089E-006
   1.68457793073484       6.209175548734120E-006
   1.68457793073484       3.749005248285854E-006
   1.70271721118396       2.022723649891993E-005
   1.70271721118396       6.419120316767222E-006
   1.72087105677502       4.606402547354012E-005
   1.72087105677502       2.382358602665405E-005
   1.73903920912499       6.960517005521788E-005
   1.73903920912499       1.159672636649971E-005
   1.75722141905187       3.328291230215979E-006
   1.75722141905187       4.387985872615902E-005
   1.75722141905187       3.029296217379560E-006
   1.77541744608847       1.472408419764496E-005
   1.77541744608847       1.035699558851593E-004
   1.77541744608847       1.213852301702360E-006
   1.79362705803000       6.220842590331365E-006
   1.79362705803000       1.700853249292142E-004
   1.79362705803000       8.354120521665517E-006
   1.81185003051247       6.938074248448977E-006
   1.81185003051247       4.467847757361871E-005
   1.81185003051247       6.150213030027716E-007
   1.83008614661948       1.524596507404545E-005
   1.83008614661948       6.754159905378166E-005
   1.83008614661948       4.580042973200059E-008
   1.84833519651494       4.838401922373969E-006
   1.84833519651494       1.287047135012342E-005
   1.86659697709953       2.504709026126588E-006
   1.86659697709953       3.631607902895996E-006
   1.88487129168926       1.707353373375671E-006
   1.88487129168926       2.372456456371065E-006
   1.90315794971414       3.492347656633166E-008
   1.90315794971414       3.686563040917495E-008
   1.67994542774902       1.692236534599399E-007
   1.67994542774902       2.122698577592523E-007
   1.69871395214122       1.222381390613198E-005
   1.69871395214122       8.134677083472706E-006
   1.71749813824933       4.878340852185889E-006
   1.71749813824933       2.962898537045772E-006
   1.73629769754432       2.308083917396073E-005
   1.73629769754432       6.680256921695946E-006
   1.75511235215967       3.558118402398775E-005
   1.75511235215967       1.946958133041399E-005
   1.77394183430707       5.757433081360356E-005
   1.77394183430707       1.006815806761317E-005
   1.79278588573420       3.913449279348896E-006
   1.79278588573420       5.551996725532250E-005
   1.79278588573420       4.360708537184237E-006
   1.81164425722072       1.432774158999537E-005
   1.81164425722072       1.199640838787575E-004
   1.81164425722072       1.443059007801293E-006
   1.83051670810947       6.259812559910405E-006
   1.83051670810947       1.474856797107024E-004
   1.83051670810947       8.480986174448801E-006
   1.84940300586951       9.868987450554759E-006
   1.84940300586951       5.377674383322650E-005
   1.84940300586951       5.628841578627204E-007
   1.86830292568859       1.823051485799325E-005
   1.86830292568859       9.034365882216711E-005
   1.86830292568859       9.505167415238078E-008
   1.88721625009244       7.252066126231704E-006
   1.88721625009244       1.700566581345085E-005
   1.90614276858886       4.392060656054684E-006
   1.90614276858886       6.604515370659559E-006
   1.92508227733446       2.841150198749870E-006
   1.92508227733446       4.393193762967394E-006
   1.94403457882238       1.462493669233368E-007
   1.94403457882238       1.543825425951251E-007
   1.71811073098860       4.618882225565623E-008
   1.71811073098860       5.793808684432252E-008
   1.73767536686845       8.008810300533122E-006
   1.73767536686845       5.866363466690538E-006
   1.75725632879306       3.144773399192285E-006
   1.75725632879306       1.871225049095103E-006
   1.77685331599473       2.339628667499144E-005
   1.77685331599473       6.959012528487475E-006
   1.79646603882059       2.409075417113647E-005
   1.79646603882059       1.401461787648434E-005
   1.81609421812345       3.766663719442883E-005
   1.81609421812345       6.941846898423886E-006
   1.83573758469659       3.798604153013725E-006
   1.83573758469659       6.248777016621023E-005
   1.83573758469659       5.852833568600418E-006
   1.85539587874842       1.150082108492768E-005
   1.85539587874842       1.210828660477439E-004
   1.85539587874842       1.644091071180212E-006
   1.87506884941373       7.425885052895726E-006
   1.87506884941373       1.121036717285717E-004
   1.87506884941373       6.946844545071901E-006
   1.89475625429822       1.218838996384289E-005
   1.89475625429822       6.052039472985135E-005
   1.89475625429822       4.858593917586799E-007
   1.91445785905370       1.855047023765432E-005
   1.91445785905370       1.066509532183832E-004
   1.91445785905370       1.710759168214572E-007
   1.93417343698122       1.140066214046895E-005
   1.93417343698122       2.257968285091818E-005
   1.95390276866004       6.802443432872491E-006
   1.95390276866004       1.084538403017057E-005
   1.97364564160027       4.318605134298940E-006
   1.97364564160027       7.536245326141917E-006
   1.99340184991736       5.613086176249769E-007
   1.99340184991736       5.925239431287490E-007
   1.76384913263052       7.301030125369164E-009
   1.76384913263052       9.158226964855172E-009
   1.78436785150941       4.050885741257635E-006
   1.78436785150941       3.289683389560005E-006
   1.80490369258392       1.686661765510378E-006
   1.80490369258392       9.302773522767766E-007
   1.82545634041922       1.960064189606404E-005
   1.82545634041922       6.487330811989815E-006
   1.84602549123729       1.435408274042521E-005
   1.84602549123729       8.641361504210545E-006
   1.86661085227816       1.865872250757006E-005
   1.86661085227816       3.577641556108380E-006
   1.88721214120704       2.794838127617261E-006
   1.88721214120704       5.917667075575716E-005
   1.88721214120704       6.921170345674508E-006
   1.90782908556344       7.116217815329772E-006
   1.90782908556344       1.001182745442315E-004
   1.90782908556344       1.569405592676502E-006
   1.92846142224853       9.410352267040140E-006
   1.92846142224853       7.822419835972176E-005
   1.92846142224853       4.219273810958530E-006
   1.94910889704748       1.222743842884751E-005
   1.94910889704748       6.049025737247180E-005
   1.94910889704748       4.871080248064228E-007
   1.96977126418394       1.522001933687106E-005
   1.96977126418394       1.055659339105219E-004
   1.96977126418394       2.488363898006889E-007
   1.99044828590384       1.773678592878249E-005
   1.99044828590384       3.103123332518906E-005
   2.01113973208623       8.767000588441631E-006
   2.01113973208623       1.527706556417824E-005
   2.03184537987902       5.684435403012600E-006
   2.03184537987902       1.126778994624301E-005
   2.05256501335753       1.794418287867832E-006
   2.05256501335753       1.894208936339828E-006
   1.81838109918325       5.837146103125325E-010
   1.81838109918325       7.321967985543497E-010
   1.84003733096869       1.449830694462914E-006
   1.84003733096869       1.301789983892549E-006
   1.86171163416682       8.151349392424810E-007
   1.86171163416682       3.964048800993203E-007
   1.88340367585580       1.252420942730197E-005
   1.88340367585580       4.774482604069395E-006
   1.90511313541684       7.685412130618544E-006
   1.90511313541684       4.327100945902336E-006
   1.92683970385999       7.601730454448757E-006
   1.92683970385999       1.449357447453347E-006
   1.94858308319843       1.390540265541752E-006
   1.94858308319843       4.456731142214597E-005
   1.94858308319843       6.735713544916049E-006
   1.97034298586706       3.193119981515037E-006
   1.97034298586706       6.354456043826435E-005
   1.97034298586706       1.137534304272622E-006
   1.99211913418141       1.028253131825503E-005
   1.99211913418141       5.559773674442133E-005
   1.99211913418141       1.752389891070676E-006
   2.01391125983356       9.222039159495382E-006
   2.01391125983356       4.972040057495487E-005
   2.01391125983356       5.804734312929796E-007
   2.03571910342184       9.763487125331025E-006
   2.03571910342184       8.258078796791151E-005
   2.03571910342184       2.681581770311911E-007
   2.05754241401163       2.444381412568435E-005
   2.05754241401163       4.190509211043953E-005
   2.07938094872457       8.769067882069379E-006
   2.07938094872457       1.744358668615505E-005
   2.10123447235413       6.034491258148303E-006
   2.10123447235413       1.355474538978463E-005
   2.12310275700524       4.360686651488387E-006
   2.12310275700524       4.603191841987901E-006
   1.88319285649011       2.017977169831328E-011
   1.88319285649011       2.531299366509178E-011
   1.90620103310887       3.216429382589323E-007
   1.90620103310887       3.150898492047625E-007
   1.92922840929380       3.448543736389825E-007
   1.92922840929380       1.570402941229146E-007
   1.95227463133956       5.542892239216474E-006
   1.95227463133956       2.441933425666078E-006
   1.97533935861193       3.884786796182068E-006
   1.97533935861193       1.680847585981696E-006
   1.99842226283148       3.458624973453574E-006
   1.99842226283148       6.649361794237793E-007
   2.02152302740881       4.042102755995749E-007
   2.02152302740881       2.518513984969742E-005
   2.02152302740881       4.925020663569943E-006
   2.04464134682686       1.138959027870417E-006
   2.04464134682686       3.039521408581822E-005
   2.04464134682686       5.977305759172364E-007
   2.06777692606599       8.066243652164332E-006
   2.06777692606599       3.950146657810021E-005
   2.06777692606599       5.462173097991567E-007
   2.09092948006848       4.802686725875830E-006
   2.09092948006848       3.059382454709475E-005
   2.09092948006848       5.881548028148177E-007
   2.11409873323889       5.312067399758591E-006
   2.11409873323889       4.821826203829334E-005
   2.11409873323889       1.901181672103791E-007
   2.13728441897732       2.626995290119182E-005
   2.13728441897732       4.780296484967502E-005
   2.16048627924316       6.278884543935189E-006
   2.16048627924316       1.513552814648594E-005
   2.18370406414651       4.690512979186110E-006
   2.18370406414651       1.181756694086917E-005
   2.20693753156537       7.383760654335545E-006
   2.20693753156537       7.794384124258865E-006
   1.96010545771588       2.517807846850380E-013
   1.96010545771588       3.158274287244250E-013
   1.98471799746512       3.834392640799699E-008
   1.98471799746512       4.024078942490835E-008
   2.00935107556876       1.120838568377985E-007
   2.00935107556876       5.483947572463079E-008
   2.03400431365755       1.679651148857451E-006
   2.03400431365755       8.476161318127661E-007
   2.05867734734479       2.507247270145466E-006
   2.05867734734479       7.101102772137832E-007
   2.08336982546008       2.321538137987708E-006
   2.08336982546008       5.578239585148312E-007
   2.10808140933822       6.135302988372090E-008
   2.10808140933822       1.212837748355286E-005
   2.10808140933822       3.027028697991024E-006
   2.13281177215838       8.180609556027782E-007
   2.13281177215838       1.889755536576135E-005
   2.13281177215838       3.700644895227317E-007
   2.15756059832919       4.907607442127242E-006
   2.15756059832919       3.103803693047031E-005
   2.15756059832919       3.232726312574743E-007
   2.18232758291580       1.896073391137415E-006
   2.18232758291580       1.570214950177319E-005
   2.18232758291580       5.048462998610429E-007
   2.20711243110546       4.710241853698185E-006
   2.20711243110546       2.822397884334363E-005
   2.20711243110546       8.801226369050018E-008
   2.23191485770824       2.909246078633436E-005
   2.23191485770824       5.984542095683084E-005
   2.25673458669032       3.883816138148120E-006
   2.25673458669032       1.331423141218255E-005
   2.28157135073693       2.992827995869123E-006
   2.28157135073693       8.469727475979235E-006
   2.30642489084289       1.351402253722799E-005
   2.30642489084289       1.426556028156159E-005
