   0.0000000   0.0000000   0.0000000   0.0000000   0.0000000   0.0000000   0.0000000
   0.0501881   0.0000000   0.1419533   0.1419533   0.1419533   0.1419533   0.1419533
   0.1419533   0.0000000   0.2607850   0.2607850   0.2607850   0.4015047   0.4015047
   0.2607850   0.0000000   0.5611199   0.5611199   0.5611199   0.5611199   0.7376112
   0.4015047   0.0000000   0.9294964   0.9294964   0.9294964   0.9294964   1.1356268
   0.5611199   0.0000000   1.1356268   1.3550784   1.3550784   1.3550784   1.5870867
   0.7376112   0.0000000   1.5870867   1.5870867   1.8310056   1.8310056   2.0862796
   0.9294964   0.0000000   2.0862796   2.0862796   2.0862796   2.3524244   2.6290128
   1.1356268   1.5870867   2.3524244   2.6290128   2.6290128   2.9156644   3.2120376
   1.3550784   2.0862796   2.9156644   3.2120376   3.2120376   3.5178234   3.8327404
   1.5870867   2.3524244   3.2120376   3.8327404   3.8327404   3.8327404   4.4889590
   1.8310056   2.6290128   3.8327404   4.1565312   4.1565312   4.4889590   5.1788659
   2.0862796   2.9156644   4.4889590   4.8298049   4.8298049   5.1788659   5.9008899
   2.3524244   3.5178234   4.8298049   5.5359531   5.5359531   5.9008899   6.6536610
   2.6290128   3.8327404   5.5359531   5.9008899   6.2735110   6.6536610   7.4359711
   2.9156644   4.1565312   6.2735110   6.6536610   6.6536610   7.4359711   8.2467443
   3.2120376   4.4889590   6.6536610   7.4359711   7.4359711   7.8378626   9.0850143
   3.5178234   4.8298049   7.4359711   8.2467443   8.2467443   8.6624988   9.9499070
   3.8327404   5.5359531   7.8378626   8.6624988   9.0850143   9.5141842  10.8406269
   4.1565312   5.9008899   8.6624988   9.5141842   9.5141842  10.3920856  11.7564457
   4.4889590   6.2735110   9.5141842  10.3920856  10.3920856  11.2954421  12.6966935
   4.8298049   6.6536610   9.9499070  11.2954421  11.2954421  12.2235558  13.4831040
   5.1788659   7.4359711  10.8406269  11.7564457  12.2235558  12.6966935  14.6480449
   5.5359531   7.8378626  11.2954421  12.6966935  12.6966935  13.4831040  15.6580399
   5.9008899   8.2467443  12.2235558  13.4831040  13.4831040  14.6480449  16.6902370
   6.2735110   8.6624988  13.1757830  14.1515279  14.6480449  15.6580399  17.7441686
   6.6536610   9.0850143  13.4831040  15.1502367  15.1502367  16.6902370  18.8193952
   7.0411937   9.5141842  14.6480449  16.1713931  16.1713931  17.2145141  19.9155034
   7.4359711   9.9499070  15.1502367  17.2145141  17.2145141  18.2791464  21.0321024
   7.8378626  10.8406269  16.1713931  17.7441686  18.2791464  19.3648640  22.1688231
   8.2467443  11.2954421  16.6902370  18.8193952  18.8193952  20.4712651  23.3253153
   8.6624988  11.7564457  17.7441686  19.9155034  19.9155034  21.5979699  24.5012466
   9.0850143  12.2235558  18.2791464  20.4712651  21.0321024  22.1688231  25.6963009
   9.5141842  12.6966935  19.3648640  21.5979699  21.5979699  23.3253153  26.9101768
   9.9499070  13.1757830  19.9155034  22.7446189  22.7446189  24.5012466  28.1425870
  10.3920856  14.1515279  21.0321024  23.3253153  23.9108712  25.6963009  29.3932567
  10.8406269  14.1515279  22.1688231  24.5012466  24.5012466  26.3009044  30.6619233
  11.2954421  14.6480449  22.7446189  25.6963009  25.6963009  27.5240826  31.9483348
  11.7564457  15.6580399  23.9108712  26.3009044  26.9101768  28.7656561  33.2522499
  12.2235558  16.1713931  24.5012466  27.5240826  27.5240826  30.0253564  34.5734367
  12.6966935  16.6902370  25.6963009  28.7656561  28.7656561  30.6619233  35.9116722
  13.1757830  17.2145141  26.3009044  29.3932567  30.0253564  31.9483348  36.5871159
  13.4831040  17.2145141  26.9101768  30.0253564  30.6619233  32.5981192  37.9505248
  14.1515279  18.2791464  28.1425870  31.3029262  31.9483348  34.5734367  39.3304610
  14.6480449  18.8193952  29.3932567  32.5981192  33.2522499  35.2404370  40.7267286
  15.1502367  19.3648640  30.0253564  33.9106985  33.9106985  36.5871159  42.1391390
  15.6580399  19.9155034  31.3029262  34.5734367  35.2404370  37.9505248  43.5675097
  16.1713931  20.4712651  31.9483348  35.9116722  36.5871159  39.3304610  45.0116642
  16.6902370  21.0321024  32.5981192  37.2667420  37.2667420  40.0265653  46.4714320
  17.2145141  21.5979699  33.9106985  37.9505248  38.6384394  41.4309275  47.9466478
  17.7441686  22.1688231  34.5734367  39.3304610  40.0265653  42.8513405  49.4371515
  18.2791464  22.7446189  35.9116722  40.0265653  40.7267286  44.2876248  50.1880877
  18.8193952  23.3253153  36.5871159  41.4309275  42.1391390  45.0116642  51.7012336
  19.3648640  23.9108712  37.9505248  42.8513405  42.8513405  46.4714320  53.2292880
  19.9155034  24.5012466  38.6384394  43.5675097  44.2876248  47.9466478  54.7721067
  20.4712651  25.0964026  40.0265653  45.0116642  45.7396069  48.6899985  56.3295499
  21.0321024  25.6963009  40.7267286  45.7396069  46.4714320  50.1880877  57.9014814
  21.5979699  26.3009044  42.1391390  47.2071191  47.9466478  51.7012336  59.4877690
  22.1688231  26.9101768  42.8513405  47.9466478  48.6899985  52.4634063  61.0882839
  22.7446189  27.5240826  43.5675097  49.4371515  50.1880877  53.9988606  62.7029006
  23.3253153  27.5240826  45.0116642  50.9427879  51.7012336  55.5490089  64.3314972
  23.9108712  28.1425870  45.7396069  51.7012336  52.4634063  56.3295499  65.9739545
  24.5012466  28.7656561  47.2071191  53.2292880  53.9988606  57.9014814  67.6301567
  25.0964026  29.3932567  47.9466478  53.9988606  54.7721067  59.4877690  69.2999906
  25.6963009  30.0253564  48.6899985  55.5490089  56.3295499  60.2862559  70.9833457
  26.3009044  30.6619233  50.1880877  56.3295499  57.1137130  61.8938372  72.6801144
  26.9101768  31.3029262  50.9427879  57.9014814  58.6928389  63.5154589  74.3901914
  27.5240826  31.9483348  52.4634063  59.4877690  60.2862559  64.3314972  75.2501883
  28.1425870  32.5981192  53.2292880  60.2862559  61.0882839  65.9739545  76.9800359
  28.7656561  33.2522499  53.9988606  61.8938372  62.7029006  67.6301567  78.7229392
  29.3932567  33.2522499  55.5490089  62.7029006  63.5154589  68.4633766  80.4788012
  30.0253564  33.9106985  56.3295499  64.3314972  65.1510006  70.1399848  82.2475269
  30.6619233  34.5734367  57.1137130  65.1510006  65.9739545  71.8300600  83.1366846
  31.3029262  35.2404370  58.6928389  66.8003447  67.6301567  72.6801144  84.9245324
  31.9483348  35.9116722  59.4877690  67.6301567  68.4633766  74.3901914  86.7250155
  32.5981192  36.5871159  61.0882839  69.2999906  70.1399848  76.1134740  88.5380457
  33.2522499  36.5871159  61.8938372  70.1399848  70.9833457  76.9800359  89.4492390
  33.9106985  37.2667420  62.7029006  71.8300600  72.6801144  78.7229392  91.2809288
  34.5734367  37.9505248  64.3314972  72.6801144  73.5334959  79.5992563  93.1249535
  35.2404370  38.6384394  65.1510006  74.3901914  75.2501883  81.3615619  94.9812310
  35.9116722  39.3304610  65.9739545  75.2501883  76.1134740  83.1366846  95.9139395
  36.5871159  39.3304610  67.6301567  76.9800359  77.8498617  84.0290235  97.7884462
  37.2667420  40.0265653  68.4633766  77.8498617  78.7229392  85.8232001  99.6750078
  37.9505248  40.7267286  69.2999906  79.5992563  80.4788012  87.6299676 100.6227852
  38.6384394  41.4309275  70.9833457  80.4788012  81.3615619  88.5380457 102.5272861
  39.3304610  42.1391390  71.8300600  82.2475269  83.1366846  90.3635368 104.4436533
  40.0265653  42.1391390  72.6801144  83.1366846  84.0290235  91.2809288 105.4062638
  40.7267286  42.8513405  73.5334959  84.0290235  85.8232001  93.1249535 107.3402939
  41.4309275  43.5675097  75.2501883  85.8232001  86.7250155  94.0515657 109.2860100
  42.1391390  44.2876248  76.1134740  86.7250155  88.5380457  95.9139395 111.2433426
  42.8513405  45.0116642  76.9800359  88.5380457  89.4492390  97.7884462 112.2263435
  43.5675097  46.4714320  78.7229392  89.4492390  91.2809288  98.7302249 114.2009726
  44.2876248  46.4714320  79.5992563  91.2809288  92.2014044 100.6227852 116.1870489
  45.0116642  47.2071191  80.4788012  92.2014044  94.0515657 101.5735478 117.1843592
  45.7396069  47.9466478  81.3615619  94.0515657  94.9812310 103.4839910 119.1874838
  46.4714320  48.6899985  83.1366846  94.9812310  96.8496811 104.4436533 121.2018937
  47.2071191  48.6899985  84.0290235  95.9139395  97.7884462 106.3718137 123.2275261
  47.9466478  49.4371515  84.9245324  97.7884462  98.7302249 108.3116956 124.2445314
  48.6899985  50.1880877  85.8232001  98.7302249 100.6227852 109.2860100 126.2868819
  49.4371515  50.1880877  87.6299676 100.6227852 101.5735478 111.2433426 128.3403022
  50.1880877  50.9427879  88.5380457 101.5735478 103.4839910 112.2263435 129.3711449
  50.9427879  51.7012336  89.4492390 103.4839910 104.4436533 114.2009726 131.4410589
  51.7012336  52.4634063  90.3635368 104.4436533 106.3718137 115.1925839 133.5218961
  52.4634063  52.4634063  92.2014044 105.4062638 107.3402939 117.1843592 135.6135993
  53.2292880  53.2292880  93.1249535 107.3402939 108.3116956 118.1845068 136.6635081
  53.9988606  53.2292880  94.0515657 108.3116956 110.2632286 120.1932820 138.7714055
  54.7721067  53.9988606  94.9812310 110.2632286 111.2433426 121.2018937 140.8900303
  55.5490089  54.7721067  96.8496811 111.2433426 113.2122230 123.2275261 143.0193283
  56.3295499  54.7721067  97.7884462 112.2263435 114.2009726 124.2445314 144.0879631
  57.1137130  55.5490089  98.7302249 114.2009726 116.1870489 126.2868819 146.2331715
  57.9014814  56.3295499  99.6750078 115.1925839 117.1843592 127.3122121 148.3889215
  58.6928389  56.3295499 100.6227852 116.1870489 118.1845068 129.3711449 150.5551619
  59.4877690  57.1137130 101.5735478 118.1845068 120.1932820 130.4047329 151.6422002
  60.2862559  57.1137130 103.4839910 119.1874838 121.2018937 132.4801157 153.8240816
  61.0882839  57.9014814 104.4436533 121.2018937 122.2133110 133.5218961 156.0163283
  61.8938372  58.6928389 105.4062638 122.2133110 124.2445314 134.5663930 158.2188916
  62.7029006  58.6928389 106.3718137 123.2275261 125.2643192 136.6635081 160.4317233
  63.5154589  59.4877690 107.3402939 125.2643192 127.3122121 137.7161125 161.5419750
  64.3314972  61.0882839 109.2860100 126.2868819 128.3403022 139.8293804 163.7701207
  65.1510006  61.8938372 110.2632286 127.3122121 129.3711449 140.8900303 166.0084174
  65.9739545  62.7029006 111.2433426 129.3711449 131.4410589 143.0193283 168.2568195
  66.8003447  62.7029006 112.2263435 130.4047329 132.4801157 144.0879631 169.3847958
  67.6301567  63.5154589 113.2122230 131.4410589 133.5218961 146.2331715 171.6482712
  68.4633766  64.3314972 114.2009726 133.5218961 135.6135993 147.3097320 173.9217399
  69.2999906  65.1510006 115.1925839 134.5663930 136.6635081 148.3889215 176.2051582
  70.1399848  65.1510006 117.1843592 135.6135993 137.7161125 150.5551619 178.4984829
  70.9833457  65.9739545 118.1845068 137.7161125 139.8293804 151.6422002 179.6488469
  71.8300600  65.9739545 119.1874838 138.7714055 140.8900303 153.8240816 181.9569516
  72.6801144  66.8003447 120.1932820 139.8293804 141.9533485 154.9189123 184.2748572
  73.5334959  66.8003447 121.2018937 140.8900303 144.0879631 157.1163234 186.6025225
  74.3901914  67.6301567 122.2133110 143.0193283 145.1592463 158.2188916 187.7700023
  75.2501883  68.4633766 123.2275261 144.0879631 146.2331715 159.3240269 190.1122309
  76.1134740  68.4633766 124.2445314 145.1592463 148.3889215 161.5419750 191.2869697
  76.9800359  69.2999906 126.2868819 147.3097320 149.4707336 162.6547761 193.6436716
  77.8498617  69.2999906 127.3122121 148.3889215 150.5551619 164.8880031 194.8256248
  78.7229392  70.1399848 128.3403022 149.4707336 151.6422002 166.0084174 197.1967116
  79.5992563  70.1399848 129.3711449 150.5551619 153.8240816 167.1313581 198.3858355
  80.4788012  70.9833457 130.4047329 152.7318421 154.9189123 169.3847958 200.7712204
  81.3615619  70.9833457 131.4410589 153.8240816 156.0163283 170.5152816 201.9674720
  82.2475269  71.8300600 132.4801157 154.9189123 158.2188916 172.7837591 204.3670700
  83.1366846  71.8300600 133.5218961 156.0163283 159.3240269 173.9217399 205.5704070
  84.0290235  72.6801144 134.5663930 158.2188916 160.4317233 175.0622080 206.7760966
  84.9245324  72.6801144 135.6135993 159.3240269 161.5419750 177.3505849 209.1945153
  85.8232001  72.6801144 136.6635081 160.4317233 163.7701207 178.4984829 210.4072352
  86.7250155  73.5334959 137.7161125 161.5419750 164.8880031 179.6488469 211.6222896
  87.6299676  73.5334959 138.7714055 163.7701207 166.0084174 181.9569516 214.0593836
  88.5380457  74.3901914 140.8900303 164.8880031 167.1313581 183.1146819 215.2814144
  89.4492390  74.3901914 141.9533485 166.0084174 169.3847958 185.4374725 216.5057619
  90.3635368  75.2501883 143.0193283 167.1313581 170.5152816 186.6025225 218.9613892
  91.2809288  75.2501883 144.0879631 169.3847958 171.6482712 187.7700023 220.1926605
  92.2014044  75.2501883 145.1592463 170.5152816 172.7837591 190.1122309 221.4262310
  93.1249535  76.1134740 146.2331715 171.6482712 175.0622080 191.2869697 222.6620966
  94.0515657  76.1134740 147.3097320 172.7837591 176.2051582 192.4641182 225.1406957
  94.9812310  76.9800359 148.3889215 173.9217399 177.3505849 194.8256248 226.3834209
  95.9139395  76.9800359 149.4707336 176.2051582 178.4984829 196.0099731 227.6284243
  96.8496811  76.9800359 150.5551619 177.3505849 179.6488469 197.1967116 230.1252487
  97.7884462  77.8498617 151.6422002 178.4984829 181.9569516 199.5773400 231.3770616
  98.7302249  77.8498617 152.7318421 179.6488469 183.1146819 200.7712204 232.6311361
  99.6750078  77.8498617 153.8240816 180.8016715 184.2748572 201.9674720 235.1460538
 100.6227852  78.7229392 154.9189123 183.1146819 185.4374725 204.3670700 236.4068889
 101.5735478  78.7229392 156.0163283 184.2748572 186.6025225 205.5704070 237.6699694
 102.5272861  78.7229392 157.1163234 185.4374725 188.9399068 206.7760966 238.9352915
 103.4839910  79.5992563 158.2188916 186.6025225 190.1122309 209.1945153 241.4726442
 104.4436533  79.5992563 159.3240269 187.7700023 191.2869697 210.4072352 242.7446670
 105.4062638  79.5992563 160.4317233 188.9399068 192.4641182 211.6222896 244.0189156
 106.3718137  79.5992563 161.5419750 191.2869697 193.6436716 214.0593836 245.2953861
 107.3402939  80.4788012 162.6547761 192.4641182 196.0099731 215.2814144 247.8549773
 108.3116956  80.4788012 162.6547761 193.6436716 197.1967116 216.5057619 249.1380904
 109.2860100  81.3615619 163.7701207 194.8256248 198.3858355 218.9613892 250.4234100
 110.2632286  81.3615619 164.8880031 196.0099731 199.5773400 220.1926605 253.0006538
 111.2433426  81.3615619 166.0084174 197.1967116 200.7712204 221.4262310 254.2925704
 112.2263435  81.3615619 167.1313581 198.3858355 201.9674720 222.6620966 255.5866787
 113.2122230  82.2475269 168.2568195 200.7712204 204.3670700 225.1406957 258.1814550
 114.2009726  82.2475269 169.3847958 201.9674720 205.5704070 226.3834209 259.4821157
 115.1925839  82.2475269 170.5152816 203.1660901 206.7760966 227.6284243 260.7849532
 116.1870489  82.2475269 171.6482712 204.3670700 207.9841343 228.8757016 262.0899640
 117.1843592  83.1366846 172.7837591 205.5704070 209.1945153 231.3770616 264.7064907
 118.1845068  83.1366846 173.9217399 206.7760966 210.4072352 232.6311361 266.0179995
 119.1874838  83.1366846 175.0622080 207.9841343 211.6222896 233.8874682 267.3316672
 120.1932820  83.1366846 176.2051582 209.1945153 214.0593836 235.1460538 269.9654649
 121.2018937  83.1366846 177.3505849 211.6222896 215.2814144 237.6699694 271.2855880
 122.2133110  84.0290235 177.3505849 212.8396739 216.5057619 238.9352915 272.6078559
 123.2275261  84.0290235 178.4984829 214.0593836 217.7324216 240.2028510 275.2588121
 124.2445314  84.0290235 179.6488469 215.2814144 218.9613892 241.4726442 276.5874936
 125.2643192  84.0290235 180.8016715 216.5057619 220.1926605 242.7446670 277.9183061
 126.2868819  84.9245324 181.9569516 217.7324216 221.4262310 245.2953861 280.5863105
 127.3122121  84.9245324 183.1146819 218.9613892 222.6620966 246.5740746 281.9234957
 128.3403022  84.9245324 184.2748572 220.1926605 225.1406957 247.8549773 283.2627983
 129.3711449  84.9245324 185.4374725 221.4262310 226.3834209 249.1380904 285.9477426
 130.4047329  84.9245324 186.6025225 222.6620966 227.6284243 250.4234100 287.2933777
 131.4410589  84.9245324 186.6025225 223.9002529 228.8757016 251.7109324 288.6411169
 132.4801157  84.9245324 187.7700023 226.3834209 230.1252487 253.0006538 291.3428949
 133.5218961  85.8232001 188.9399068 227.6284243 231.3770616 254.2925704 292.6969272
 134.5663930  85.8232001 190.1122309 228.8757016 232.6311361 256.8829747 294.0530506
 135.6135993  85.8232001 191.2869697 230.1252487 233.8874682 258.1814550 296.7715581
 136.6635081  85.8232001 192.4641182 231.3770616 235.1460538 259.4821157 298.1339357
 137.7161125  85.8232001 193.6436716 232.6311361 236.4068889 260.7849532 299.4983918
 138.7714055  85.8232001 193.6436716 233.8874682 237.6699694 262.0899640 302.2335264
 139.8293804  85.8232001 194.8256248 235.1460538 238.9352915 263.3971444 303.6041987
 140.8900303  86.7250155 196.0099731 236.4068889 240.2028510 264.7064907 304.9769368
 141.9533485  86.7250155 197.1967116 237.6699694 242.7446670 266.0179995 307.7285981
 143.0193283  86.7250155 198.3858355 238.9352915 244.0189156 267.3316672 309.1075151
 144.0879631  86.7250155 198.3858355 240.2028510 245.2953861 268.6474902 310.4884856
 145.1592463  86.7250155 199.5773400 241.4726442 246.5740746 271.2855880 313.2565749
 146.2331715  86.7250155 200.7712204 242.7446670 247.8549773 272.6078559 314.6436876
 147.3097320  86.7250155 201.9674720 244.0189156 249.1380904 273.9322651 316.0328417
 148.3889215  86.7250155 203.1660901 245.2953861 250.4234100 275.2588121 318.8172621
 149.4707336  86.7250155 204.3670700 246.5740746 251.7109324 276.5874936 320.2125224
 150.5551619  86.7250155 204.3670700 247.8549773 253.0006538 277.9183061 323.0091285
 151.6422002  87.6299676 205.5704070 249.1380904 254.2925704 279.2512462 324.4104684
 152.7318421  87.6299676 206.7760966 250.4234100 255.5866787 280.5863105 325.8138290
 153.8240816  87.6299676 207.9841343 251.7109324 256.8829747 281.9234957 328.6266006
 154.9189123  87.6299676 207.9841343 253.0006538 258.1814550 283.2627983 330.0360058
 156.0163283  87.6299676 209.1945153 254.2925704 259.4821157 284.6042150 331.4474202
 157.1163234  87.6299676 210.4072352 255.5866787 260.7849532 285.9477426 334.2762649
 158.2188916  87.6299676 211.6222896 256.8829747 262.0899640 287.2933777 335.6936896
 159.3240269  87.6299676 211.6222896 258.1814550 263.3971444 288.6411169 338.5345295
 160.4317233  87.6299676 212.8396739 259.4821157 264.7064907 289.9909571 339.9579391
 161.5419750  87.6299676 214.0593836 260.7849532 266.0179995 291.3428949 341.3833381
 162.6547761  87.6299676 215.2814144 262.0899640 267.3316672 292.6969272 344.2400932
 163.7701207  87.6299676 215.2814144 263.3971444 268.6474902 294.0530506 345.6714438
 164.8880031  87.6299676 216.5057619 264.7064907 269.9654649 295.4112620 348.5400774
 166.0084174  87.6299676 217.7324216 266.0179995 271.2855880 296.7715581 349.9773549
 167.1313581  87.6299676 218.9613892 267.3316672 271.2855880 298.1339357 351.4166027
 168.2568195  87.6299676 218.9613892 267.3316672 272.6078559 299.4983918 354.3009981
 169.3847958  87.6299676 220.1926605 268.6474902 273.9322651 300.8649231 355.7461404
 170.5152816  87.6299676 221.4262310 269.9654649 275.2588121 302.2335264 358.6423010
 171.6482712  87.6299676 222.6620966 271.2855880 276.5874936 303.6041987 360.0933139
 172.7837591  87.6299676 222.6620966 272.6078559 277.9183061 304.9769368 361.5462784
 173.9217399  87.6299676 223.9002529 273.9322651 279.2512462 306.3517376 364.4580518
 175.0622080  87.6299676 225.1406957 275.2588121 280.5863105 307.7285981 365.9168555
 176.2051582  87.6299676 225.1406957 276.5874936 281.9234957 309.1075151 368.8402838
 177.3505849  87.6299676 226.3834209 277.9183061 283.2627983 310.4884856 370.3049034
 178.4984829  87.6299676 227.6284243 279.2512462 284.6042150 311.8715065 371.7714564
 179.6488469  87.6299676 227.6284243 280.5863105 285.9477426 313.2565749 374.7103527
 180.8016715  87.6299676 228.8757016 280.5863105 285.9477426 314.6436876 376.1826909
 181.9569516  87.6299676 230.1252487 281.9234957 287.2933777 316.0328417 379.1331350
 183.1146819  87.6299676 230.1252487 283.2627983 288.6411169 317.4240342 380.6112359
 184.2748572  87.6299676 231.3770616 284.6042150 289.9909571 318.8172621 383.5731828
 185.4374725  87.6299676 232.6311361 285.9477426 291.3428949 320.2125224 385.0570238
 186.6025225  87.6299676 232.6311361 287.2933777 292.6969272 321.6098122 386.5427734
 187.7700023  87.6299676 233.8874682 288.6411169 294.0530506 323.0091285 389.5199882
 188.9399068  87.6299676 235.1460538 288.6411169 295.4112620 324.4104684 391.0114485
 190.1122309  87.6299676 235.1460538 289.9909571 295.4112620 324.4104684 394.0000630
 191.2869697  87.6299676 236.4068889 291.3428949 296.7715581 325.8138290 395.4972123
 192.4641182  87.6299676 237.6699694 292.6969272 298.1339357 327.2192073 396.9962532
 193.6436716  87.6299676 237.6699694 294.0530506 299.4983918 328.6266006 400.0000000
 194.8256248  87.6299676 238.9352915 295.4112620 300.8649231 330.0360058 400.0000000
 196.0099731  87.6299676 240.2028510 295.4112620 302.2335264 331.4474202 400.0000000
 197.1967116  87.6299676 240.2028510 296.7715581 303.6041987 332.8608408 400.0000000
 198.3858355  87.6299676 241.4726442 298.1339357 303.6041987 334.2762649 400.0000000
 199.5773400  87.6299676 242.7446670 299.4983918 304.9769368 335.6936896 400.0000000
 200.7712204  87.6299676 242.7446670 300.8649231 306.3517376 337.1131120 400.0000000
 201.9674720  87.6299676 244.0189156 302.2335264 307.7285981 338.5345295 400.0000000
 203.1660901  87.6299676 244.0189156 302.2335264 309.1075151 339.9579391 400.0000000
 204.3670700  87.6299676 245.2953861 303.6041987 309.1075151 341.3833381 400.0000000
 205.5704070  87.6299676 246.5740746 304.9769368 310.4884856 342.8107237 400.0000000
 206.7760966  86.7250155 246.5740746 306.3517376 311.8715065 344.2400932 400.0000000
 207.9841343  86.7250155 247.8549773 307.7285981 313.2565749 345.6714438 400.0000000
 209.1945153  86.7250155 247.8549773 307.7285981 314.6436876 345.6714438 400.0000000
 210.4072352  86.7250155 249.1380904 309.1075151 314.6436876 347.1047728 400.0000000
 211.6222896  86.7250155 250.4234100 310.4884856 316.0328417 348.5400774 400.0000000
 212.8396739  86.7250155 250.4234100 311.8715065 317.4240342 349.9773549 400.0000000
 214.0593836  86.7250155 251.7109324 311.8715065 318.8172621 351.4166027 400.0000000
 215.2814144  86.7250155 251.7109324 313.2565749 320.2125224 352.8578180 400.0000000
 216.5057619  86.7250155 253.0006538 314.6436876 320.2125224 354.3009981 400.0000000
 217.7324216  86.7250155 253.0006538 316.0328417 321.6098122 355.7461404 400.0000000
 218.9613892  86.7250155 254.2925704 316.0328417 323.0091285 357.1932423 400.0000000
 220.1926605  86.7250155 255.5866787 317.4240342 324.4104684 358.6423010 400.0000000
 221.4262310  86.7250155 255.5866787 318.8172621 324.4104684 360.0933139 400.0000000
 222.6620966  86.7250155 256.8829747 320.2125224 325.8138290 360.0933139 400.0000000
 223.9002529  86.7250155 256.8829747 320.2125224 327.2192073 361.5462784 400.0000000
 225.1406957  85.8232001 258.1814550 321.6098122 328.6266006 363.0011920 400.0000000
 226.3834209  85.8232001 258.1814550 323.0091285 330.0360058 364.4580518 400.0000000
 227.6284243  85.8232001 259.4821157 324.4104684 330.0360058 365.9168555 400.0000000
 228.8757016  85.8232001 259.4821157 324.4104684 331.4474202 367.3776004 400.0000000
 230.1252487  85.8232001 260.7849532 325.8138290 332.8608408 368.8402838 400.0000000
 231.3770616  85.8232001 260.7849532 327.2192073 332.8608408 370.3049034 400.0000000
 232.6311361  85.8232001 262.0899640 328.6266006 334.2762649 371.7714564 400.0000000
 233.8874682  85.8232001 262.0899640 328.6266006 335.6936896 373.2399403 400.0000000
 235.1460538  85.8232001 263.3971444 330.0360058 337.1131120 373.2399403 400.0000000
 236.4068889  85.8232001 264.7064907 331.4474202 337.1131120 374.7103527 400.0000000
 237.6699694  85.8232001 264.7064907 331.4474202 338.5345295 376.1826909 400.0000000
 238.9352915  85.8232001 264.7064907 332.8608408 339.9579391 377.6569526 400.0000000
 240.2028510  84.9245324 266.0179995 334.2762649 341.3833381 379.1331350 400.0000000
 241.4726442  84.9245324 267.3316672 334.2762649 341.3833381 380.6112359 400.0000000
 242.7446670  84.9245324 267.3316672 335.6936896 342.8107237 382.0912526 400.0000000
 244.0189156  84.9245324 268.6474902 337.1131120 344.2400932 383.5731828 400.0000000
 245.2953861  84.9245324 268.6474902 338.5345295 344.2400932 383.5731828 400.0000000
 246.5740746  84.9245324 268.6474902 338.5345295 345.6714438 385.0570238 400.0000000
 247.8549773  84.9245324 269.9654649 339.9579391 347.1047728 386.5427734 400.0000000
 249.1380904  84.9245324 269.9654649 341.3833381 348.5400774 388.0304290 400.0000000
 250.4234100  84.9245324 271.2855880 341.3833381 348.5400774 389.5199882 400.0000000
 251.7109324  84.9245324 271.2855880 342.8107237 349.9773549 391.0114485 400.0000000
 253.0006538  84.9245324 272.6078559 344.2400932 351.4166027 392.5048076 400.0000000
 254.2925704  84.9245324 272.6078559 344.2400932 351.4166027 392.5048076 400.0000000
 255.5866787  84.9245324 273.9322651 345.6714438 352.8578180 394.0000630 400.0000000
 256.8829747  84.9245324 273.9322651 347.1047728 354.3009981 395.4972123 400.0000000
 258.1814550  84.0290235 275.2588121 347.1047728 354.3009981 396.9962532 400.0000000
 259.4821157  84.0290235 275.2588121 348.5400774 355.7461404 398.4971832 400.0000000
 260.7849532  84.0290235 276.5874936 349.9773549 357.1932423 400.0000000 400.0000000
 262.0899640  84.0290235 276.5874936 349.9773549 357.1932423 400.0000000 400.0000000
 263.3971444  84.0290235 276.5874936 351.4166027 358.6423010 400.0000000 400.0000000
 264.7064907  84.0290235 277.9183061 351.4166027 360.0933139 400.0000000 400.0000000
 266.0179995  84.0290235 277.9183061 352.8578180 360.0933139 400.0000000 400.0000000
 267.3316672  84.0290235 279.2512462 354.3009981 361.5462784 400.0000000 400.0000000
 268.6474902  84.0290235 279.2512462 354.3009981 363.0011920 400.0000000 400.0000000
 269.9654649  83.1366846 280.5863105 355.7461404 363.0011920 400.0000000 400.0000000
 271.2855880  83.1366846 280.5863105 357.1932423 364.4580518 400.0000000 400.0000000
 272.6078559  83.1366846 280.5863105 357.1932423 365.9168555 400.0000000 400.0000000
 273.9322651  83.1366846 281.9234957 358.6423010 365.9168555 400.0000000 400.0000000
 275.2588121  83.1366846 281.9234957 358.6423010 367.3776004 400.0000000 400.0000000
 276.5874936  83.1366846 283.2627983 360.0933139 367.3776004 400.0000000 400.0000000
 277.9183061  83.1366846 283.2627983 361.5462784 368.8402838 400.0000000 400.0000000
 279.2512462  83.1366846 284.6042150 361.5462784 370.3049034 400.0000000 400.0000000
 280.5863105  83.1366846 284.6042150 363.0011920 370.3049034 400.0000000 400.0000000
 281.9234957  83.1366846 284.6042150 363.0011920 371.7714564 400.0000000 400.0000000
 283.2627983  83.1366846 285.9477426 364.4580518 373.2399403 400.0000000 400.0000000
 284.6042150  82.2475269 285.9477426 365.9168555 373.2399403 400.0000000 400.0000000
 285.9477426  82.2475269 287.2933777 365.9168555 374.7103527 400.0000000 400.0000000
 287.2933777  82.2475269 287.2933777 367.3776004 374.7103527 400.0000000 400.0000000
 288.6411169  82.2475269 287.2933777 367.3776004 376.1826909 400.0000000 400.0000000
 289.9909571  82.2475269 288.6411169 368.8402838 377.6569526 400.0000000 400.0000000
 291.3428949  82.2475269 288.6411169 370.3049034 377.6569526 400.0000000 400.0000000
 292.6969272  82.2475269 288.6411169 370.3049034 379.1331350 400.0000000 400.0000000
 294.0530506  82.2475269 289.9909571 371.7714564 379.1331350 400.0000000 400.0000000
 295.4112620  82.2475269 289.9909571 371.7714564 380.6112359 400.0000000 400.0000000
 296.7715581  81.3615619 289.9909571 373.2399403 382.0912526 400.0000000 400.0000000
 298.1339357  81.3615619 291.3428949 373.2399403 382.0912526 400.0000000 400.0000000
 299.4983918  81.3615619 291.3428949 374.7103527 383.5731828 400.0000000 400.0000000
 300.8649231  81.3615619 292.6969272 374.7103527 383.5731828 400.0000000 400.0000000
 302.2335264  81.3615619 292.6969272 376.1826909 385.0570238 400.0000000 400.0000000
 303.6041987  81.3615619 292.6969272 377.6569526 386.5427734 400.0000000 400.0000000
 304.9769368  81.3615619 294.0530506 377.6569526 386.5427734 400.0000000 400.0000000
 306.3517376  81.3615619 294.0530506 379.1331350 388.0304290 400.0000000 400.0000000
 307.7285981  81.3615619 294.0530506 379.1331350 388.0304290 400.0000000 400.0000000
 309.1075151  81.3615619 295.4112620 380.6112359 389.5199882 400.0000000 400.0000000
 310.4884856  81.3615619 295.4112620 380.6112359 389.5199882 400.0000000 400.0000000
 311.8715065  81.3615619 295.4112620 382.0912526 391.0114485 400.0000000 400.0000000
 313.2565749  80.4788012 296.7715581 382.0912526 392.5048076 400.0000000 400.0000000
 314.6436876  80.4788012 296.7715581 383.5731828 392.5048076 400.0000000 400.0000000
 316.0328417  80.4788012 296.7715581 383.5731828 394.0000630 400.0000000 400.0000000
 317.4240342  80.4788012 298.1339357 385.0570238 394.0000630 400.0000000 400.0000000
 318.8172621  80.4788012 298.1339357 386.5427734 395.4972123 400.0000000 400.0000000
 320.2125224  80.4788012 298.1339357 386.5427734 395.4972123 400.0000000 400.0000000
 321.6098122  80.4788012 298.1339357 388.0304290 396.9962532 400.0000000 400.0000000
 323.0091285  79.5992563 299.4983918 388.0304290 396.9962532 400.0000000 400.0000000
 324.4104684  79.5992563 299.4983918 389.5199882 398.4971832 400.0000000 400.0000000
 325.8138290  79.5992563 299.4983918 389.5199882 398.4971832 400.0000000 400.0000000
 327.2192073  79.5992563 300.8649231 391.0114485 400.0000000 400.0000000 400.0000000
 328.6266006  79.5992563 300.8649231 391.0114485 400.0000000 400.0000000 400.0000000
 330.0360058  79.5992563 300.8649231 392.5048076 400.0000000 400.0000000 400.0000000
 331.4474202  79.5992563 302.2335264 392.5048076 400.0000000 400.0000000 400.0000000
 332.8608408  79.5992563 302.2335264 394.0000630 400.0000000 400.0000000 400.0000000
 334.2762649  79.5992563 302.2335264 394.0000630 400.0000000 400.0000000 400.0000000
 335.6936896  79.5992563 302.2335264 395.4972123 400.0000000 400.0000000 400.0000000
 337.1131120  79.5992563 303.6041987 395.4972123 400.0000000 400.0000000 400.0000000
 338.5345295  79.5992563 303.6041987 396.9962532 400.0000000 400.0000000 400.0000000
 339.9579391  79.5992563 303.6041987 396.9962532 400.0000000 400.0000000 400.0000000
 341.3833381  79.5992563 304.9769368 396.9962532 400.0000000 400.0000000 400.0000000
 342.8107237  79.5992563 304.9769368 398.4971832 400.0000000 400.0000000 400.0000000
 344.2400932  79.5992563 304.9769368 398.4971832 400.0000000 400.0000000 400.0000000
 345.6714438  78.7229392 304.9769368 400.0000000 400.0000000 400.0000000 400.0000000
 347.1047728  78.7229392 306.3517376 400.0000000 400.0000000 400.0000000 400.0000000
 348.5400774  78.7229392 306.3517376 400.0000000 400.0000000 400.0000000 400.0000000
 349.9773549  78.7229392 306.3517376 400.0000000 400.0000000 400.0000000 400.0000000
 351.4166027  78.7229392 306.3517376 400.0000000 400.0000000 400.0000000 400.0000000
 352.8578180  78.7229392 307.7285981 400.0000000 400.0000000 400.0000000 400.0000000
 354.3009981  78.7229392 307.7285981 400.0000000 400.0000000 400.0000000 400.0000000
 355.7461404  78.7229392 307.7285981 400.0000000 400.0000000 400.0000000 400.0000000
 357.1932423  78.7229392 307.7285981 400.0000000 400.0000000 400.0000000 400.0000000
 358.6423010  78.7229392 309.1075151 400.0000000 400.0000000 400.0000000 400.0000000
 360.0933139  77.8498617 309.1075151 400.0000000 400.0000000 400.0000000 400.0000000
 361.5462784  77.8498617 309.1075151 400.0000000 400.0000000 400.0000000 400.0000000
 363.0011920  77.8498617 309.1075151 400.0000000 400.0000000 400.0000000 400.0000000
 364.4580518  77.8498617 310.4884856 400.0000000 400.0000000 400.0000000 400.0000000
 365.9168555  77.8498617 310.4884856 400.0000000 400.0000000 400.0000000 400.0000000
 367.3776004  77.8498617 310.4884856 400.0000000 400.0000000 400.0000000 400.0000000
 368.8402838  77.8498617 310.4884856 400.0000000 400.0000000 400.0000000 400.0000000
 370.3049034  77.8498617 310.4884856 400.0000000 400.0000000 400.0000000 400.0000000
 371.7714564  77.8498617 311.8715065 400.0000000 400.0000000 400.0000000 400.0000000
 373.2399403  77.8498617 311.8715065 400.0000000 400.0000000 400.0000000 400.0000000
 374.7103527  77.8498617 311.8715065 400.0000000 400.0000000 400.0000000 400.0000000
 376.1826909  77.8498617 311.8715065 400.0000000 400.0000000 400.0000000 400.0000000
 377.6569526  77.8498617 313.2565749 400.0000000 400.0000000 400.0000000 400.0000000
 379.1331350  77.8498617 313.2565749 400.0000000 400.0000000 400.0000000 400.0000000
 380.6112359  76.9800359 313.2565749 400.0000000 400.0000000 400.0000000 400.0000000
 382.0912526  76.9800359 313.2565749 400.0000000 400.0000000 400.0000000 400.0000000
 383.5731828  76.9800359 313.2565749 400.0000000 400.0000000 400.0000000 400.0000000
 385.0570238  76.9800359 314.6436876 400.0000000 400.0000000 400.0000000 400.0000000
 386.5427734  76.9800359 314.6436876 400.0000000 400.0000000 400.0000000 400.0000000
 388.0304290  76.9800359 314.6436876 400.0000000 400.0000000 400.0000000 400.0000000
 389.5199882  76.9800359 314.6436876 400.0000000 400.0000000 400.0000000 400.0000000
 391.0114485  76.9800359 314.6436876 400.0000000 400.0000000 400.0000000 400.0000000
 392.5048076  76.9800359 316.0328417 400.0000000 400.0000000 400.0000000 400.0000000
 394.0000630  76.9800359 316.0328417 400.0000000 400.0000000 400.0000000 400.0000000
 395.4972123  76.9800359 316.0328417 400.0000000 400.0000000 400.0000000 400.0000000
 396.9962532  76.9800359 316.0328417 400.0000000 400.0000000 400.0000000 400.0000000
 398.4971832  76.1134740 316.0328417 400.0000000 400.0000000 400.0000000 400.0000000
 400.0000000  76.1134740 316.0328417 400.0000000 400.0000000 400.0000000 400.0000000
