 ieps grid_eps grid_z put_eps grid_eps_original cut_off_data
   1.0000000   0.3959581   1.0000000   0.0066991   0.8325470   0.1673728   0.0000802   0.0000000   0.0000000   0.0000000   0.0000000   0.0000000   0.0000000   0.0000000   0.0000000   0.0000000   0.0000000   0.0000000   0.0000000   0.0000000   0.0000000   0.0000000   0.0000000   0.0000000   0.0000000   0.0000000   0.0000000   0.0000000   0.0000000   0.0000000   0.0000000   0.0000000   0.0000000   0.0000000   0.0000000   0.4287867   1.6198588
   2.0000000   0.4887634   1.0000000   0.0256586   0.0437006   0.7792202   0.1767722   0.0003069   0.0000000   0.0000000   0.0000000   0.0000000   0.0000000   0.0000000   0.0000000   0.0000000   0.0000000   0.0000000   0.0000000   0.0000000   0.0000000   0.0000000   0.0000000   0.0000000   0.0000000   0.0000000   0.0000000   0.0000000   0.0000000   0.0000000   0.0000000   0.0000000   0.0000000   0.0000000   0.0000000   0.5292865   1.6198588
   3.0000000   0.5905476   1.0000000   0.0637318   0.0000076   0.0711523   0.7403525   0.1874671   0.0010204   0.0000001   0.0000000   0.0000000   0.0000000   0.0000000   0.0000000   0.0000000   0.0000000   0.0000000   0.0000000   0.0000000   0.0000000   0.0000000   0.0000000   0.0000000   0.0000000   0.0000000   0.0000000   0.0000000   0.0000000   0.0000000   0.0000000   0.0000000   0.0000000   0.0000000   0.0000000   0.6395095   1.6198588
   4.0000000   0.6989659   1.0000000   0.1117138   0.0000000   0.0000805   0.1067634   0.6914875   0.1987106   0.0029549   0.0000032   0.0000000   0.0000000   0.0000000   0.0000000   0.0000000   0.0000000   0.0000000   0.0000000   0.0000000   0.0000000   0.0000000   0.0000000   0.0000000   0.0000000   0.0000000   0.0000000   0.0000000   0.0000000   0.0000000   0.0000000   0.0000000   0.0000000   0.0000000   0.0000000   0.7569166   1.6198588
   5.0000000   0.8110606   1.0000000   0.1478455   0.0000000   0.0000000   0.0005719   0.1492466   0.6335962   0.2090751   0.0074670   0.0000431   0.0000001   0.0000000   0.0000000   0.0000000   0.0000000   0.0000000   0.0000000   0.0000000   0.0000000   0.0000000   0.0000000   0.0000000   0.0000000   0.0000000   0.0000000   0.0000000   0.0000000   0.0000000   0.0000000   0.0000000   0.0000000   0.0000000   0.0000000   0.8783050   1.6198588
   6.0000000   0.9234502   1.0000000   0.1558776   0.0000000   0.0000000   0.0000002   0.0028432   0.1955017   0.5684941   0.2163409   0.0164336   0.0003808   0.0000053   0.0000001   0.0000000   0.0000000   0.0000000   0.0000000   0.0000000   0.0000000   0.0000000   0.0000000   0.0000000   0.0000000   0.0000000   0.0000000   0.0000000   0.0000000   0.0000000   0.0000000   0.0000000   0.0000000   0.0000000   0.0000000   1.0000128   1.6198588
   7.0000000   1.0325714   1.0000000   0.1371071   0.0000000   0.0000000   0.0000000   0.0000073   0.0103410   0.2398804   0.4985074   0.2177438   0.0311966   0.0021911   0.0001230   0.0000084   0.0000009   0.0000001   0.0000000   0.0000000   0.0000000   0.0000000   0.0000000   0.0000000   0.0000000   0.0000000   0.0000000   0.0000000   0.0000000   0.0000000   0.0000000   0.0000000   0.0000000   0.0000000   0.0000000   1.1181811   1.6198588
   8.0000000   1.1349495   1.0000000   0.1051426   0.0000000   0.0000000   0.0000000   0.0000000   0.0001442   0.0287112   0.2743219   0.4261266   0.2106495   0.0502640   0.0081773   0.0012596   0.0002321   0.0000545   0.0000136   0.0000026   0.0000030   0.0000068   0.0000097   0.0000098   0.0000074   0.0000041   0.0000016   0.0000004   0.0000001   0.0000000   0.0000000   0.0000000   0.0000000   0.0000000   0.0000000   1.2290473   1.6198588
   9.0000000   1.2274658   1.0000000   0.0733065   0.0000000   0.0000000   0.0000000   0.0000000   0.0000011   0.0015038   0.0629611   0.2906223   0.3537341   0.1934476   0.0675927   0.0196495   0.0057384   0.0017947   0.0005138   0.0001041   0.0001213   0.0002872   0.0004350   0.0004960   0.0004433   0.0003091   0.0001634   0.0000624   0.0000162   0.0000026   0.0000002   0.0000000   0.0000000   0.0000000   0.0000000   1.3292341   1.6198588
  10.0000000   1.3075940   1.0000000   0.0480601   0.0000000   0.0000000   0.0000000   0.0000000   0.0000000   0.0000581   0.0090120   0.1111805   0.2839714   0.2834460   0.1662711   0.0747571   0.0303996   0.0117735   0.0037526   0.0007883   0.0009325   0.0022715   0.0036452   0.0045658   0.0046763   0.0039186   0.0026198   0.0013359   0.0004879   0.0001179   0.0000171   0.0000013   0.0000000   0.0000000   0.0000000   1.4160057   1.6198588
  11.0000000   1.3735845   1.0000000   0.0302283   0.0000000   0.0000000   0.0000000   0.0000000   0.0000000   0.0000027   0.0011747   0.0334196   0.1595014   0.2551654   0.2170664   0.1312193   0.0666111   0.0298143   0.0102308   0.0022044   0.0026344   0.0065480   0.0109470   0.0146673   0.0165867   0.0159229   0.0127151   0.0081044   0.0038781   0.0012855   0.0002676   0.0000312   0.0000018   0.0000000   0.0000000   1.4874674   1.6198588
  12.0000000   1.4245840   1.0000000   0.0183224   0.0000000   0.0000000   0.0000000   0.0000000   0.0000000   0.0000002   0.0001909   0.0103394   0.0811207   0.1876151   0.2100340   0.1561394   0.0920374   0.0453419   0.0163363   0.0035796   0.0043072   0.0108507   0.0186427   0.0261292   0.0315802   0.0332375   0.0299855   0.0223527   0.0129963   0.0054432   0.0014857   0.0002348   0.0000188   0.0000006   0.0000000   1.5426952   1.6198588
  13.0000000   1.4606938   1.0000000   0.0105042   0.0000000   0.0000000   0.0000000   0.0000000   0.0000000   0.0000000   0.0000471   0.0039862   0.0446526   0.1348445   0.1833066   0.1568966   0.1020899   0.0535251   0.0198992   0.0044076   0.0053270   0.0135362   0.0236690   0.0341465   0.0430623   0.0480614   0.0468723   0.0386465   0.0255245   0.0125032   0.0041083   0.0008025   0.0000812   0.0000036   0.0000001   1.5817989   1.6198588
  14.0000000   1.4829891   1.0000000   0.0053355   0.0000000   0.0000000   0.0000000   0.0000000   0.0000000   0.0000000   0.0000190   0.0021091   0.0294373   0.1050736   0.1612272   0.1504241   0.1038582   0.0564975   0.0213955   0.0047692   0.0057789   0.0147595   0.0260754   0.0382593   0.0494590   0.0571113   0.0582616   0.0509135   0.0362062   0.0194454   0.0071388   0.0015853   0.0001852   0.0000097   0.0000002   1.6059426   1.6198588
  15.0000000   1.4935601   1.0000000   0.0019789   0.0000000   0.0000000   0.0000000   0.0000000   0.0000000   0.0000000   0.0000122   0.0015405   0.0238578   0.0922357   0.1499657   0.1457541   0.1034741   0.0572641   0.0218724   0.0048899   0.0059323   0.0151868   0.0269588   0.0398658   0.0521278   0.0611419   0.0636721   0.0571394   0.0420298   0.0235479   0.0091011   0.0021461   0.0002682   0.0000152   0.0000003   1.6173900   1.6198588
  16.0000000   1.4958398   1.0000000   0.0004389   0.0000000   0.0000000   0.0000000   0.0000000   0.0000000   0.0000000   0.0000111   0.0014381   0.0227767   0.0895890   0.1474995   0.1446274   0.1032907   0.0573736   0.0219544   0.0049113   0.0059598   0.0152650   0.0271253   0.0401791   0.0526659   0.0619793   0.0648280   0.0585063   0.0433453   0.0245045   0.0095754   0.0022872   0.0002900   0.0000167   0.0000004   1.6198588   1.6198588
  17.0000000   1.4964656   1.0000000   0.0005309   0.0000000   0.0000000   0.0000000   0.0000000   0.0000000   0.0000000   0.0000108   0.0014112   0.0224871   0.0888704   0.1468209   0.1443112   0.1032342   0.0574002   0.0219757   0.0049169   0.0059670   0.0152856   0.0271694   0.0402630   0.0528110   0.0622070   0.0651442   0.0588827   0.0437100   0.0247716   0.0097089   0.0023273   0.0002962   0.0000171   0.0000004   1.6205364   1.6198588
  18.0000000   1.4993830   1.0000000   0.0013522   0.0000000   0.0000000   0.0000000   0.0000000   0.0000000   0.0000000   0.0000095   0.0012915   0.0211772   0.0855648   0.1436495   0.1427979   0.1029362   0.0575043   0.0220671   0.0049414   0.0059986   0.0153764   0.0273666   0.0406415   0.0534735   0.0632553   0.0666127   0.0606438   0.0454298   0.0260426   0.0103508   0.0025222   0.0003271   0.0000193   0.0000004   1.6236958   1.6198588
  19.0000000   1.5056240   1.0000000   0.0023801   0.0000000   0.0000000   0.0000000   0.0000000   0.0000000   0.0000000   0.0000073   0.0010663   0.0185877   0.0787455   0.1368368   0.1393563   0.1021104   0.0576180   0.0222212   0.0049844   0.0060551   0.0155424   0.0277387   0.0413813   0.0548077   0.0654206   0.0697132   0.0644390   0.0492144   0.0289044   0.0118347   0.0029865   0.0004029   0.0000248   0.0000006   1.6304542   1.6198588
  20.0000000   1.5159939   1.0000000   0.0034912   0.0000000   0.0000000   0.0000000   0.0000000   0.0000000   0.0000000   0.0000047   0.0007711   0.0148753   0.0681911   0.1255161   0.1330829   0.1001931   0.0574811   0.0223514   0.0050277   0.0061148   0.0157311   0.0282041   0.0423906   0.0567575   0.0687575   0.0747023   0.0707873   0.0557934   0.0340915   0.0146551   0.0039176   0.0005642   0.0000373   0.0000010   1.6416838   1.6198588
  21.0000000   1.5312245   1.0000000   0.0045688   0.0000000   0.0000000   0.0000000   0.0000000   0.0000000   0.0000000   0.0000024   0.0004730   0.0105789   0.0544695   0.1091733   0.1228485   0.0962405   0.0565658   0.0222603   0.0050278   0.0061251   0.0158095   0.0285336   0.0433525   0.0589652   0.0729731   0.0815217   0.0800469   0.0659962   0.0426727   0.0196729   0.0057167   0.0009055   0.0000666   0.0000019   1.6581772   1.6198588
  22.0000000   1.5520370   1.0000000   0.0054934   0.0000000   0.0000000   0.0000000   0.0000000   0.0000000   0.0000000   0.0000009   0.0002368   0.0064717   0.0390637   0.0880663   0.1075682   0.0889856   0.0540517   0.0216185   0.0049100   0.0059952   0.0155431   0.0283057   0.0436389   0.0606225   0.0771983   0.0894988   0.0921143   0.0805801   0.0561245   0.0283797   0.0092195   0.0016605   0.0001408   0.0000047   1.6807153   1.6198588
  23.0000000   1.5791840   1.0000000   0.0061512   0.0000000   0.0000000   0.0000000   0.0000000   0.0000000   0.0000000   0.0000003   0.0000923   0.0032649   0.0242389   0.0638209   0.0868925   0.0772161   0.0489603   0.0199988   0.0045750   0.0056025   0.0146089   0.0269155   0.0422854   0.0603602   0.0797221   0.0968727   0.1057783   0.0996214   0.0760880   0.0431614   0.0161354   0.0034249   0.0003489   0.0000144   1.7101130   1.6198588
  24.0000000   1.6134844   1.0000000   0.0064507   0.0000000   0.0000000   0.0000000   0.0000000   0.0000000   0.0000000   0.0000001   0.0000264   0.0012865   0.0123776   0.0397311   0.0622189   0.0606169   0.0405993   0.0170326   0.0039321   0.0048332   0.0126954   0.0237368   0.0381888   0.0564028   0.0779590   0.1003802   0.1177927   0.1212272   0.1033181   0.0671726   0.0297200   0.0077123   0.0009868   0.0000525   1.7472572   1.6198588
  25.0000000   1.6558565   1.0000000   0.0063433   0.0000000   0.0000000   0.0000000   0.0000000   0.0000000   0.0000000   0.0000000   0.0000052   0.0003697   0.0048700   0.0199785   0.0373305   0.0408696   0.0293350   0.0127278   0.0029722   0.0036705   0.0097305   0.0185326   0.0307173   0.0473339   0.0691963   0.0956144   0.1223266   0.1397697   0.1352460   0.1027934   0.0552016   0.0181360   0.0030513   0.0002215   1.7931424   1.6198588
  26.0000000   1.7073538   1.0000000   0.0058417   0.0000000   0.0000000   0.0000000   0.0000000   0.0000000   0.0000000   0.0000000   0.0000006   0.0000712   0.0013578   0.0074762   0.0173646   0.0220019   0.0172293   0.0077986   0.0018477   0.0022953   0.0061559   0.0120011   0.0206506   0.0335560   0.0525859   0.0792189   0.1124451   0.1452851   0.1626139   0.1472444   0.0980515   0.0420168   0.0097107   0.0010210   1.8489092   1.6198588
  27.0000000   1.7692036   1.0000000   0.0050236   0.0000000   0.0000000   0.0000000   0.0000000   0.0000000   0.0000000   0.0000000   0.0000000   0.0000083   0.0002422   0.0018768   0.0056483   0.0085570   0.0074668   0.0035637   0.0008598   0.0010761   0.0029289   0.0058813   0.0106117   0.0184399   0.0315365   0.0528998   0.0852577   0.1275615   0.1689746   0.1861274   0.1566759   0.0895571   0.0294679   0.0047806   1.9158870   1.6198588
  28.0000000   1.8428535   1.0000000   0.0040152   0.0000000   0.0000000   0.0000000   0.0000000   0.0000000   0.0000000   0.0000000   0.0000000   0.0000005   0.0000245   0.0002791   0.0011300   0.0021115   0.0020984   0.0010684   0.0002636   0.0003330   0.0009231   0.0019234   0.0036831   0.0069649   0.0133046   0.0255667   0.0483174   0.0865683   0.1401361   0.1931131   0.2101003   0.1630786   0.0781983   0.0208131   1.9956432   1.6198588
  29.0000000   1.9300254   1.0000000   0.0029540   0.0000000   0.0000000   0.0000000   0.0000000   0.0000000   0.0000000   0.0000000   0.0000000   0.0000000   0.0000012   0.0000213   0.0001198   0.0002833   0.0003266   0.0001792   0.0000454   0.0000580   0.0001643   0.0003577   0.0007359   0.0015426   0.0033776   0.0076951   0.0177882   0.0400188   0.0830528   0.1494801   0.2174244   0.2343071   0.1661185   0.0769020   2.0900424   1.6198588
  30.0000000   2.0327818   1.0000000   0.0019419   0.0000000   0.0000000   0.0000000   0.0000000   0.0000000   0.0000000   0.0000000   0.0000000   0.0000000   0.0000000   0.0000007   0.0000057   0.0000174   0.0000236   0.0000141   0.0000037   0.0000047   0.0000138   0.0000316   0.0000704   0.0001662   0.0004267   0.0011904   0.0035195   0.0105317   0.0299566   0.0753114   0.1551144   0.2416462   0.2585056   0.2234457   2.2013183   1.6198588
  31.0000000   2.1536088   1.0000000   0.0015107   0.0000000   0.0000000   0.0000000   0.0000000   0.0000000   0.0000000   0.0000000   0.0000000   0.0000000   0.0000000   0.0000000   0.0000001   0.0000004   0.0000007   0.0000004   0.0000001   0.0000002   0.0000004   0.0000011   0.0000026   0.0000071   0.0000218   0.0000765   0.0002998   0.0012559   0.0052595   0.0201860   0.0645316   0.1568208   0.2655379   0.4859969   2.3321629   1.6198588
