 t r r1 w w1
   1.0000000   0.0101010   0.0101010   2.0018584   2.0018584
   2.0000000   0.0101010   0.0101010   1.9978043   1.9971908
   3.0000000   0.0099208   0.0099777   1.9998566   1.9995355
   4.0000000   0.0098314   0.0103107   1.9983029   1.9976492
   5.0000000   0.0095286   0.0093297   1.9919841   1.9900932
   6.0000000   0.0097805   0.0103505   1.9937788   1.9922569
   7.0000000   0.0102510   0.0103430   2.0015650   2.0011599
   8.0000000   0.0104899   0.0106378   2.0070718   2.0074591
   9.0000000   0.0106917   0.0104496   2.0128061   2.0139661
  10.0000000   0.0106201   0.0107596   2.0143161   2.0156715
  11.0000000   0.0105539   0.0099771   2.0142180   2.0149254
  12.0000000   0.0105672   0.0109046   2.0157223   2.0167454
  13.0000000   0.0105192   0.0106516   2.0161123   2.0172103
  14.0000000   0.0101823   0.0102533   2.0114992   2.0121520
  15.0000000   0.0101569   0.0101915   2.0108374   2.0113805
  16.0000000   0.0099655   0.0102750   2.0073374   2.0074128
  17.0000000   0.0101147   0.0101683   2.0087646   2.0091772
  18.0000000   0.0101288   0.0101023   2.0091358   2.0097167
  19.0000000   0.0101741   0.0118229   2.0100608   2.0102682
  20.0000000   0.0100239   0.0083382   2.0074636   2.0075310
  21.0000000   0.0098743   0.0096681   2.0041670   2.0037980
  22.0000000   0.0100035   0.0102109   2.0056297   2.0056937
  23.0000000   0.0098392   0.0099589   2.0025266   2.0021797
  24.0000000   0.0099579   0.0099775   2.0032632   2.0030870
  25.0000000   0.0101054   0.0116103   2.0056591   2.0059107
  26.0000000   0.0097429   0.0079300   1.9993400   1.9986484
  27.0000000   0.0100384   0.0098785   2.0029040   2.0026638
  28.0000000   0.0102469   0.0104504   2.0064742   2.0068412
  29.0000000   0.0099998   0.0100831   2.0033230   2.0032310
  30.0000000   0.0102439   0.0101372   2.0065657   2.0070146
  31.0000000   0.0102489   0.0100138   2.0074622   2.0080658
  32.0000000   0.0102365   0.0100398   2.0078333   2.0084851
  33.0000000   0.0099609   0.0098972   2.0039277   2.0039997
  34.0000000   0.0100139   0.0098320   2.0036088   2.0036541
  35.0000000   0.0099411   0.0097691   2.0019127   2.0018027
  36.0000000   0.0099727   0.0098758   2.0018077   2.0015672
  37.0000000   0.0100694   0.0098862   2.0031221   2.0030618
  38.0000000   0.0100627   0.0099028   2.0028704   2.0028549
  39.0000000   0.0099618   0.0099335   2.0011130   2.0008659
  40.0000000   0.0100738   0.0098578   2.0023402   2.0022967
  41.0000000   0.0100700   0.0099089   2.0022885   2.0022150
  42.0000000   0.0100894   0.0099463   2.0025803   2.0025281
  43.0000000   0.0100867   0.0098818   2.0025521   2.0024593
  44.0000000   0.0100843   0.0095888   2.0025172   2.0023927
  45.0000000   0.0100888   0.0105822   2.0024911   2.0024285
  46.0000000   0.0100921   0.0100199   2.0024693   2.0024294
  47.0000000   0.0100932   0.0099357   2.0024500   2.0024094
  48.0000000   0.0100936   0.0100888   2.0024325   2.0023853
  49.0000000   0.0100946   0.0099540   2.0024150   2.0023565
  50.0000000   0.0100952   0.0099982   2.0023990   2.0023273
  51.0000000   0.0100958   0.0100007   2.0023826   2.0022985
  52.0000000   0.0100962   0.0100136   2.0023673   2.0022696
  53.0000000   0.0100965   0.0100186   2.0023508   2.0022421
  54.0000000   0.0100967   0.0100314   2.0023342   2.0022151
  55.0000000   0.0100969   0.0100492   2.0023179   2.0021888
  56.0000000   0.0100971   0.0100387   2.0023009   2.0021633
  57.0000000   0.0100971   0.0100429   2.0022841   2.0021382
  58.0000000   0.0100971   0.0100345   2.0022670   2.0021140
  59.0000000   0.0100971   0.0099803   2.0022498   2.0020912
  60.0000000   0.0100967   0.0100610   2.0022327   2.0020705
  61.0000000   0.0100967   0.0101251   2.0022155   2.0020533
  62.0000000   0.0100970   0.0100728   2.0021984   2.0020346
  63.0000000   0.0100969   0.0100601   2.0021817   2.0020153
  64.0000000   0.0100969   0.0100858   2.0021651   2.0019966
  65.0000000   0.0100970   0.0100587   2.0021487   2.0019780
  66.0000000   0.0100968   0.0100568   2.0021326   2.0019601
  67.0000000   0.0100967   0.0100541   2.0021166   2.0019428
  68.0000000   0.0100966   0.0100617   2.0021002   2.0019267
  69.0000000   0.0100964   0.0100974   2.0020838   2.0019050
  70.0000000   0.0100965   0.0100955   2.0020676   2.0018962
  71.0000000   0.0100969   0.0100967   2.0020526   2.0018850
  72.0000000   0.0100969   0.0100732   2.0020381   2.0018726
  73.0000000   0.0100969   0.0100855   2.0020237   2.0018605
  74.0000000   0.0100969   0.0100846   2.0020099   2.0018491
  75.0000000   0.0100969   0.0100864   2.0019963   2.0018383
  76.0000000   0.0100970   0.0100899   2.0019834   2.0018284
  77.0000000   0.0100970   0.0100870   2.0019707   2.0018188
  78.0000000   0.0100971   0.0100791   2.0019583   2.0018100
  79.0000000   0.0100971   0.0100886   2.0019467   2.0018014
  80.0000000   0.0100972   0.0100894   2.0019354   2.0017933
  81.0000000   0.0100972   0.0100969   2.0019245   2.0017855
  82.0000000   0.0100974   0.0100880   2.0019140   2.0017779
  83.0000000   0.0100974   0.0100986   2.0019041   2.0017702
  84.0000000   0.0100972   0.0101201   2.0018989   2.0017593
  85.0000000   0.0100977   0.0094692   2.0018924   2.0019857
  86.0000000   0.0100978   0.0101871   2.0018899   2.0021226
  87.0000000   0.0100980   0.0102770   2.0018856   2.0022566
  88.0000000   0.0100981   0.0102659   2.0018814   2.0023697
  89.0000000   0.0100983   0.0102192   2.0018800   2.0024671
  90.0000000   0.0100984   0.0102127   2.0018798   2.0025529
  91.0000000   0.0100985   0.0101889   2.0018786   2.0026294
  92.0000000   0.0100986   0.0101847   2.0018794   2.0026968
  93.0000000   0.0100987   0.0101861   2.0018757   2.0027605
  94.0000000   0.0100987   0.0101733   2.0018763   2.0028155
  95.0000000   0.0100988   0.0107641   2.0018769   2.0026297
  96.0000000   0.0100989   0.0094373   2.0018766   2.0027643
  97.0000000   0.0100990   0.0100504   2.0018761   2.0028132
  98.0000000   0.0100991   0.0101602   2.0018720   2.0028783
  99.0000000   0.0100992   0.0101594   2.0018691   2.0029337
 100.0000000   0.0100993   0.0101423   2.0018677   2.0029837
 101.0000000   0.0100995   0.0101571   2.0018659   2.0030314
 102.0000000   0.0100996   0.0107565   2.0018642   2.0028396
 103.0000000   0.0100997   0.0100733   2.0018637   2.0027319
 104.0000000   0.0100997   0.0099643   2.0018626   2.0026260
 105.0000000   0.0100998   0.0099538   2.0018633   2.0025378
 106.0000000   0.0100999   0.0099826   2.0018631   2.0024632
 107.0000000   0.0101001   0.0099916   2.0018628   2.0023992
 108.0000000   0.0101002   0.0100151   2.0018620   2.0023452
 109.0000000   0.0101003   0.0100115   2.0018611   2.0022988
 110.0000000   0.0101003   0.0100890   2.0018579   2.0022603
 111.0000000   0.0100989   0.0102375   2.0018628   2.0022176
 112.0000000   0.0101012   0.0099540   2.0018603   2.0021829
 113.0000000   0.0101014   0.0100314   2.0018583   2.0021541
 114.0000000   0.0101014   0.0100854   2.0018610   2.0021259
 115.0000000   0.0101017   0.0100516   2.0018587   2.0021033
 116.0000000   0.0101022   0.0100982   2.0018581   2.0020829
 117.0000000   0.0101043   0.0098921   2.0018471   2.0020745
 118.0000000   0.0101030   0.0100952   2.0018405   2.0020671
 119.0000000   0.0101042   0.0103144   2.0018592   2.0020469
 120.0000000   0.0101010   0.0101010   2.0018584   2.0018584
