   1.99780427916577     
   1.99985662652946     
   1.99830294095276     
   1.99198405846639     
   1.99377881606431     
   2.00156497972282     
   2.00707180194212     
   2.01280608936729     
   2.01431605683300     
   2.01421802472446     
   2.01572233517933     
   2.01611227391291     
   2.01149923929434     
   2.01083742321302     
   2.00733744554906     
   2.00876459318829     
   2.00913575979230     
   2.01006080588681     
   2.00746361242224     
   2.00416699190564     
   2.00562968658737     
   2.00252661458968     
   2.00326315818691     
   2.00565912102030     
   1.99934000687738     
   2.00290404358308     
   2.00647415543923     
   2.00332299556919     
   2.00656566969467     
   2.00746221377498     
   2.00783326662887     
   2.00392774232915     
   2.00360884594350     
   2.00191270919457     
   2.00180766870237     
   2.00312206819319     
   2.00287036243644     
   2.00111295898703     
   2.00234017937271     
   2.00228853896233     
   2.00258032081816     
   2.00255206349694     
   2.00251715524854     
   2.00249112550789     
   2.00246934671047     
   2.00245004230328     
   2.00243251465780     
   2.00241503515061     
   2.00239896542814     
   2.00238264139405     
   2.00236729121805     
   2.00235079440087     
   2.00233422005009     
   2.00231786620291     
   2.00230086188540     
   2.00228411945917     
   2.00226695678400     
   2.00224982894549     
   2.00223267585477     
   2.00221550864499     
   2.00219842968691     
   2.00218173687811     
   2.00216514860963     
   2.00214869918618     
   2.00213260390572     
   2.00211659839107     
   2.00210018484265     
   2.00208376637493     
   2.00206755758163     
   2.00205262717924     
   2.00203808984949     
   2.00202371240717     
   2.00200987420095     
   2.00199629611479     
   2.00198335376306     
   2.00197073315217     
   2.00195829620461     
   2.00194670237576     
   2.00193536975086     
   2.00192452406199     
   2.00191404880322     
   2.00190414594334     
   2.00189894915132     
   2.00189238742282     
   2.00188986130565     
   2.00188555575109     
   2.00188143371250     
   2.00187996741372     
   2.00187984180926     
   2.00187862587706     
   2.00187941502390     
   2.00187572259139     
   2.00187627630178     
   2.00187689434536     
   2.00187661287119     
   2.00187611132623     
   2.00187201942648     
   2.00186907620397     
   2.00186765887933     
   2.00186593969206     
   2.00186415679060     
   2.00186371599277     
   2.00186264640882     
   2.00186329434683     
   2.00186311976011     
   2.00186277995374     
   2.00186198845111     
   2.00186114369966     
   2.00185791670602     
   2.00186279625686     
   2.00186030060897     
   2.00185831985136     
   2.00186101035089     
   2.00185871281862     
   2.00185805019537     
   2.00184711528895     
   2.00184053854211     
   2.00185919412039     
