 t z psi theta tau_a f_e f_o tau_x tau_l C H B r w div entry mass rgdp rinv firm
 s_constrained exit exit_b
 avg_firm_size labor_share std_dev_growth_emp std_dev_growth_sales debt capital 
 ngdp ninv exdem psi_c collat_binding
   1.0000000   1.0000000   0.7926370   0.4035441   0.0032343   1.0000000   0.7801890   0.0000000   0.0000000   2.5286658   0.9975510  -4.5981648   0.0101010   2.0018584   0.5590960   0.0106540   0.3604869   3.0906914   0.5532838  -1.0000000   0.0106539   0.0000000   2.6877956   0.6461194   0.0000000   0.0000000  -5.7495697  33.1899199   3.0906914   0.5532838   0.0087418   1.0000000   0.0000000
   2.0000000   0.9872034   0.7926370   0.4035441   0.0032343   1.0000000   0.7801890   0.0000000   0.0000000   2.5333645   0.9928091  -4.5981648   0.0101010   1.9978043   0.5585947   0.0105568   0.3604869   3.0478932   0.5145287  -1.0000000   0.0112848   0.0000000   2.6756914   0.6507593   0.0000000   0.0000000  -5.7495697  33.1886092   3.0478504   0.5144859   0.0000000   1.0000000   0.0000000
   3.0000000   0.9925981   0.7926370   0.4035441   0.0032343   1.0000000   0.7801890   0.0000000   0.0000000   2.5330553   0.9954969  -4.6162807   0.0099208   1.9998566   0.5526067   0.0105568   0.3597589   3.0625748   0.5295195  -1.0000000   0.0105463   0.0000000   2.6882278   0.6500598   0.0000000   0.0000000  -5.7393902  33.1494168   3.0625537   0.5294983   0.0000000   1.0000000   0.0000000
   4.0000000   0.9907776   0.7926370   0.4035441   0.0032343   1.0000000   0.7801890   0.0000000   0.0000000   2.5335813   0.9941502  -4.6324440   0.0098314   1.9983029   0.5574442   0.0105568   0.3597694   3.0557067   0.5221254  -1.0000000   0.0109447   0.0000000   2.6845045   0.6501350   0.0000000   0.0000000  -5.7305663  33.1261587   3.0556692   0.5220879   0.0000000   1.0000000   0.0000000
   5.0000000   0.9791528   0.7926370   0.4035441   0.0032343   1.0000000   0.7801890   0.0000000   0.0000000   2.5316468   0.9877630  -4.6473277   0.0095286   1.9919841   0.5611945   0.0107348   0.3593814   3.0196263   0.4879795  -1.0000000   0.0111522   0.0000000   2.6687044   0.6516082   0.0000000   0.0000000  -5.7214666  33.0987273   3.0195203   0.4878735   0.0000000   1.0000000   0.0000000
   6.0000000   0.9839517   0.7926370   0.4035441   0.0032343   1.0000000   0.7801890   0.0000000   0.0000000   2.5322721   0.9905405  -4.6769967   0.0097805   1.9937788   0.5548217   0.0110997   0.3589641   3.0321669   0.4998948  -1.0000000   0.0107189   0.0000000   2.6766109   0.6513262   0.0000000   0.0000000  -5.7123603  33.0396472   3.0320772   0.4998051   0.0000000   1.0000000   0.0000000
   7.0000000   0.9996259   0.7926370   0.4035441   0.0032343   1.0000000   0.7801890   0.0000000   0.0000000   2.5328788   0.9991165  -4.7088513   0.0102510   2.0015650   0.5495905   0.0110997   0.3593448   3.0775758   0.5446969  -1.0000000   0.0100872   0.0000000   2.6970584   0.6497929   0.0000000   0.0000000  -5.7069127  32.9873035   3.0775725   0.5446937   0.0000000   1.0000000   0.0000000
   8.0000000   1.0097822   0.7926370   0.4035441   0.0032343   1.0000000   0.7801890   0.0000000   0.0000000   2.5342249   1.0046428  -4.7229073   0.0104899   2.0070718   0.5556208   0.0110997   0.3603573   3.1077547   0.5735298  -1.0000000   0.0104551   0.0000000   2.7046182   0.6488176   0.0000000   0.0000000  -5.7088906  32.9808594   3.1078125   0.5735876   0.0000000   1.0000000   0.0000000
   9.0000000   1.0191300   0.7926370   0.4035441   0.0032343   1.0000000   0.7801890   0.0000000   0.0000000   2.5350994   1.0099847  -4.7165297   0.0106917   2.0128061   0.5544133   0.0110997   0.3610019   3.1370444   0.6019450  -1.0000000   0.0102902   0.0000000   2.7143149   0.6480167   0.0000000   0.0000000  -5.7155401  33.0033079   3.1371659   0.6020665   0.0000000   1.0000000   0.0000000
  10.0000000   1.0197379   0.7926370   0.4035441   0.0032343   1.0000000   0.7801890   0.0000000   0.0000000   2.5367523   1.0106569  -4.6951340   0.0106201   2.0143161   0.5599210   0.0110997   0.3618113   3.1411838   0.6044315  -1.0000000   0.0107693   0.0000000   2.7102571   0.6480834   0.0000000   0.0000000  -5.7253195  33.0538308   3.1413221   0.6045698   0.0000000   1.0000000   0.0000000
  11.0000000   1.0179880   0.7926370   0.4035441   0.0032343   1.0000000   0.7801890   0.0000000   0.0000000   2.5364412   1.0090039  -4.6663624   0.0105539   2.0142180   0.5696636   0.0107348   0.3621417   3.1362487   0.5998075  -1.0000000   0.0111916   0.0000000   2.7061147   0.6480207   0.0000000   0.0000000  -5.7367817  33.1011599   3.1363814   0.5999402   0.0000000   1.0000000   0.0000000
  12.0000000   1.0193953   0.7926370   0.4035441   0.0032343   1.0000000   0.7801890   0.0000000   0.0000000   2.5384591   1.0098951  -4.6306150   0.0105672   2.0157223   0.5622637   0.0106540   0.3616849   3.1424234   0.6039643  -1.0000000   0.0105889   0.0000000   2.7124295   0.6478023   0.0000000   0.0000000  -5.7485083  33.1477443   3.1425711   0.6041120   0.0000000   1.0000000   0.0000000
  13.0000000   1.0191106   0.7926370   0.4035441   0.0032343   1.0000000   0.7801890   0.0000000   0.0000000   2.5398427   1.0095246  -4.6004076   0.0105192   2.0161123   0.5657176   0.0105568   0.3617500   3.1429109   0.6030683  -1.0000000   0.0109302   0.0000000   2.7116296   0.6475796   0.0000000   0.0000000  -5.7582566  33.1976748   3.1430614   0.6032187   0.0000000   1.0000000   0.0000000
  14.0000000   1.0086657   0.7926370   0.4035441   0.0032343   1.0000000   0.7801890   0.0000000   0.0000000   2.5402256   1.0043064  -4.5666020   0.0101823   2.0114992   0.5638744   0.0105568   0.3613766   3.1141068   0.5738812  -1.0000000   0.0108536   0.0000000   2.7003185   0.6487126   0.0000000   0.0000000  -5.7650341  33.2474150   3.1142086   0.5739830   0.0000000   1.0000000   0.0000000
  15.0000000   1.0073442   0.7926370   0.4035441   0.0032343   1.0000000   0.7801890   0.0000000   0.0000000   2.5404531   1.0034253  -4.5498836   0.0101569   2.0108374   0.5647713   0.0105568   0.3610798   3.1106763   0.5702232  -1.0000000   0.0109739   0.0000000   2.7000948   0.6486440   0.0000000   0.0000000  -5.7682654  33.2668323   3.1107711   0.5703180   0.0000000   1.0000000   0.0000000
  16.0000000   1.0004663   0.7926370   0.4035441   0.0032343   1.0000000   0.7801890   0.0000000   0.0000000   2.5408907   0.9997387  -4.5339166   0.0099655   2.0073374   0.5646064   0.0105568   0.3606628   3.0906332   0.5497425  -1.0000000   0.0109457   0.0000000   2.6931724   0.6493215   0.0000000   0.0000000  -5.7696058  33.2826457   3.0906910   0.5498003   0.0000000   1.0000000   0.0000000
  17.0000000   1.0039746   0.7926370   0.4035441   0.0032343   1.0000000   0.7801890   0.0000000   0.0000000   2.5410599   1.0014697  -4.5300892   0.0101147   2.0087646   0.5627115   0.0105568   0.3602738   3.1007411   0.5596812  -1.0000000   0.0106799   0.0000000   2.7006779   0.6487864   0.0000000   0.0000000  -5.7696493  33.2777493   3.1008140   0.5597541   0.0000000   1.0000000   0.0000000
  18.0000000   1.0049990   0.7926370   0.4035441   0.0032343   1.0000000   0.7801890   0.0000000   0.0000000   2.5410633   1.0019524  -4.5234180   0.0101288   2.0091358   0.5616745   0.0105568   0.3601508   3.1038082   0.5627449  -1.0000000   0.0106761   0.0000000   2.7028851   0.6485787   0.0000000   0.0000000  -5.7695818  33.2829494   3.1038850   0.5628217   0.0000000   1.0000000   0.0000000
  19.0000000   1.0071231   0.7926370   0.4035441   0.0032343   1.0000000   0.7801890   0.0000000   0.0000000   2.5453949   1.0023572  -4.5165759   0.0101741   2.0100608   0.5647456   0.0103092   0.3600314   3.1089595   0.5635646  -1.0000000   0.0107213   0.0000000   2.7082869   0.6484528   0.0000000   0.0000000  -5.7700398  33.2878045   3.1090441   0.5636491   0.0000000   1.0000000   0.0000000
  20.0000000   1.0024690   0.7926370   0.4035441   0.0032343   1.0000000   0.7801890   0.0000000   0.0000000   2.5409527   0.9997821  -4.5085123   0.0100239   2.0074636   0.5640474   0.0103092   0.3596194   3.0952130   0.5542603  -1.0000000   0.0107253   0.0000000   2.7037231   0.6486779   0.0000000   0.0000000  -5.7688921  33.2973170   3.0952708   0.5543181   0.0000000   1.0000000   0.0000000
  21.0000000   0.9966947   0.7926370   0.4035441   0.0032343   1.0000000   0.7801890   0.0000000   0.0000000   2.5398637   0.9965146  -4.5037769   0.0098743   2.0041670   0.5641368   0.0103092   0.3592033   3.0776012   0.5377375  -1.0000000   0.0107769   0.0000000   2.6978714   0.6491852   0.0000000   0.0000000  -5.7668027  33.2974318   3.0776250   0.5377613   0.0000000   1.0000000   0.0000000
  22.0000000   1.0003418   0.7926370   0.4035441   0.0032343   1.0000000   0.7801890   0.0000000   0.0000000   2.5401400   0.9985938  -4.5083337   0.0100035   2.0056297   0.5582749   0.0105568   0.3587356   3.0882572   0.5481171  -1.0000000   0.0105556   0.0000000   2.7049543   0.6487271   0.0000000   0.0000000  -5.7635283  33.2843404   3.0882970   0.5481570   0.0000000   1.0000000   0.0000000
  23.0000000   0.9945951   0.7926370   0.4035441   0.0032343   1.0000000   0.7801890   0.0000000   0.0000000   2.5397827   0.9956139  -4.5127296   0.0098392   2.0025266   0.5593838   0.0105568   0.3587368   3.0709648   0.5311822  -1.0000000   0.0106575   0.0000000   2.6967581   0.6494059   0.0000000   0.0000000  -5.7597579  33.2780538   3.0709719   0.5311892   0.0000000   1.0000000   0.0000000
  24.0000000   0.9972284   0.7926370   0.4035441   0.0032343   1.0000000   0.7801890   0.0000000   0.0000000   2.5394722   0.9967988  -4.5253891   0.0099579   2.0032632   0.5598458   0.0105568   0.3586361   3.0776313   0.5381591  -1.0000000   0.0106809   0.0000000   2.7006271   0.6489889   0.0000000   0.0000000  -5.7556329  33.2548119   3.0776461   0.5381739   0.0000000   1.0000000   0.0000000
  25.0000000   1.0026970   0.7926370   0.4035441   0.0032343   1.0000000   0.7801890   0.0000000   0.0000000   2.5432667   0.9996024  -4.5349289   0.0101054   2.0056591   0.5567920   0.0105568   0.3585120   3.0931856   0.5499189  -1.0000000   0.0104845   0.0000000   2.7090714   0.6482959   0.0000000   0.0000000  -5.7524806  33.2389489   3.0932258   0.5499590   0.0000000   1.0000000   0.0000000
  26.0000000   0.9905271   0.7926370   0.4035441   0.0032343   1.0000000   0.7801890   0.0000000   0.0000000   2.5378004   0.9930815  -4.5417748   0.0097429   1.9993400   0.5642584   0.0105568   0.3585844   3.0566418   0.5188413  -1.0000000   0.0109396   0.0000000   2.6915601   0.6498938   0.0000000   0.0000000  -5.7478361  33.2351027   3.0566152   0.5188147   0.0000000   1.0000000   0.0000000
  27.0000000   0.9985400   0.7926370   0.4035441   0.0032343   1.0000000   0.7801890   0.0000000   0.0000000   2.5372415   0.9971995  -4.5565158   0.0100384   2.0029040   0.5578974   0.0105568   0.3582016   3.0791727   0.5419312  -1.0000000   0.0103519   0.0000000   2.7050818   0.6488538   0.0000000   0.0000000  -5.7443666  33.2001201   3.0791837   0.5419422   0.0000000   1.0000000   0.0000000
  28.0000000   1.0059236   0.7926370   0.4035441   0.0032343   1.0000000   0.7801890   0.0000000   0.0000000   2.5381191   1.0010749  -4.5663023   0.0102469   2.0064742   0.5568209   0.0105568   0.3584065   3.1005536   0.5624345  -1.0000000   0.0103019   0.0000000   2.7140088   0.6480103   0.0000000   0.0000000  -5.7442713  33.1893422   3.1006023   0.5624832   0.0000000   1.0000000   0.0000000
  29.0000000   0.9989939   0.7926370   0.4035441   0.0032343   1.0000000   0.7801890   0.0000000   0.0000000   2.5380742   0.9976763  -4.5655957   0.0099998   2.0033230   0.5600164   0.0105568   0.3586614   3.0806341   0.5425598  -1.0000000   0.0104440   0.0000000   2.7027881   0.6489388   0.0000000   0.0000000  -5.7437239  33.1990972   3.0806496   0.5425753   0.0000000   1.0000000   0.0000000
  30.0000000   1.0057898   0.7926370   0.4035441   0.0032343   1.0000000   0.7801890   0.0000000   0.0000000   2.5381652   1.0011654  -4.5727734   0.0102439   2.0065657   0.5602232   0.0105568   0.3587742   3.1003404   0.5621752  -1.0000000   0.0104490   0.0000000   2.7113710   0.6480996   0.0000000   0.0000000  -5.7447790  33.1886297   3.1003901   0.5622249   0.0000000   1.0000000   0.0000000
  31.0000000   1.0071829   0.7926370   0.4035441   0.0032343   1.0000000   0.7801890   0.0000000   0.0000000   2.5379460   1.0019210  -4.5695855   0.0102489   2.0074622   0.5595673   0.0105568   0.3588820   3.1047820   0.5668360  -1.0000000   0.0104947   0.0000000   2.7125776   0.6479368   0.0000000   0.0000000  -5.7459471  33.1979659   3.1048412   0.5668952   0.0000000   1.0000000   0.0000000
  32.0000000   1.0074819   0.7926370   0.4035441   0.0032343   1.0000000   0.7801890   0.0000000   0.0000000   2.5377923   1.0020707  -4.5643066   0.0102365   2.0078333   0.5595610   0.0105568   0.3589441   3.1061318   0.5683395  -1.0000000   0.0105955   0.0000000   2.7124764   0.6478589   0.0000000   0.0000000  -5.7472055  33.2116638   3.1061948   0.5684026   0.0000000   1.0000000   0.0000000
  33.0000000   0.9994890   0.7926370   0.4035441   0.0032343   1.0000000   0.7801890   0.0000000   0.0000000   2.5372803   0.9978769  -4.5569047   0.0099609   2.0039277   0.5623101   0.0105568   0.3589054   3.0830180   0.5457378  -1.0000000   0.0108635   0.0000000   2.7013366   0.6487116   0.0000000   0.0000000  -5.7464090  33.2263417   3.0830399   0.5457596   0.0000000   1.0000000   0.0000000
  34.0000000   0.9992980   0.7926370   0.4035441   0.0032343   1.0000000   0.7801890   0.0000000   0.0000000   2.5366045   0.9977048  -4.5588180   0.0100139   2.0036088   0.5594229   0.0105568   0.3585987   3.0821344   0.5455298  -1.0000000   0.0106599   0.0000000   2.7030938   0.6486780   0.0000000   0.0000000  -5.7455570  33.2184178   3.0821528   0.5455483   0.0000000   1.0000000   0.0000000
  35.0000000   0.9963977   0.7926370   0.4035441   0.0032343   1.0000000   0.7801890   0.0000000   0.0000000   2.5357711   0.9961772  -4.5633325   0.0099411   2.0019127   0.5599810   0.0105568   0.3584955   3.0732763   0.5375052  -1.0000000   0.0106567   0.0000000   2.6996823   0.6489990   0.0000000   0.0000000  -5.7431707  33.2104482   3.0732769   0.5375058   0.0000000   1.0000000   0.0000000
  36.0000000   0.9967653   0.7926370   0.4035441   0.0032343   1.0000000   0.7801890   0.0000000   0.0000000   2.5352058   0.9961959  -4.5714366   0.0099727   2.0018077   0.5605179   0.0105568   0.3583956   3.0735436   0.5383378  -1.0000000   0.0106596   0.0000000   2.7004380   0.6489147   0.0000000   0.0000000  -5.7402620  33.1945422   3.0735431   0.5383373   0.0000000   1.0000000   0.0000000
  37.0000000   1.0000629   0.7926370   0.4035441   0.0032343   1.0000000   0.7801890   0.0000000   0.0000000   2.5346668   0.9977467  -4.5790236   0.0100694   2.0031221   0.5593904   0.0105568   0.3582928   3.0824905   0.5478237  -1.0000000   0.0106262   0.0000000   2.7053890   0.6484595   0.0000000   0.0000000  -5.7375496  33.1797474   3.0825038   0.5478370   0.0000000   1.0000000   0.0000000
  38.0000000   0.9996680   0.7926370   0.4035441   0.0032343   1.0000000   0.7801890   0.0000000   0.0000000   2.5341694   0.9976161  -4.5827960   0.0100627   2.0028704   0.5574672   0.0105568   0.3582234   3.0811597   0.5469904  -1.0000000   0.0104437   0.0000000   2.7055335   0.6485711   0.0000000   0.0000000  -5.7359532  33.1750820   3.0811704   0.5470011   0.0000000   1.0000000   0.0000000
  39.0000000   0.9962958   0.7926370   0.4035441   0.0032343   1.0000000   0.7801890   0.0000000   0.0000000   2.5337491   0.9959103  -4.5881118   0.0099618   2.0011130   0.5592633   0.0105568   0.3583364   3.0710661   0.5373170  -1.0000000   0.0105458   0.0000000   2.7000518   0.6490173   0.0000000   0.0000000  -5.7340210  33.1694123   3.0710582   0.5373092   0.0000000   1.0000000   0.0000000
  40.0000000   0.9992962   0.7926370   0.4035441   0.0032343   1.0000000   0.7801890   0.0000000   0.0000000   2.5331390   0.9973889  -4.5969760   0.0100738   2.0023402   0.5591669   0.0105568   0.3583474   3.0792898   0.5461508  -1.0000000   0.0105449   0.0000000   2.7039816   0.6486402   0.0000000   0.0000000  -5.7323201  33.1540847   3.0792949   0.5461559   0.0000000   1.0000000   0.0000000
  41.0000000   0.9992469   0.7926370   0.4035441   0.0032343   1.0000000   0.7801890   0.0000000   0.0000000   2.5326573   0.9973686  -4.6011727   0.0100700   2.0022885   0.5580373   0.0105568   0.3583593   3.0788797   0.5462224  -1.0000000   0.0104845   0.0000000   2.7038295   0.6486945   0.0000000   0.0000000  -5.7309472  33.1479543   3.0788842   0.5462269   0.0000000   1.0000000   0.0000000
  42.0000000   1.0000000   0.7926370   0.4035441   0.0032343   1.0000000   0.7801890   0.0000000   0.0000000   2.5322693   0.9977036  -4.6062513   0.0100894   2.0025803   0.5593275   0.0105568   0.3584316   3.0807863   0.5485170  -1.0000000   0.0105605   0.0000000   2.7041977   0.6486022   0.0000000   0.0000000  -5.7297446  33.1418831   3.0807939   0.5485246   0.0000000   1.0000000   0.0000000
  43.0000000   1.0000000   0.7926370   0.4035441   0.0032343   1.0000000   0.7801890   0.0000000   0.0000000   2.5317197   0.9976633  -4.6087058   0.0100867   2.0025521   0.5592443   0.0105568   0.3584279   3.0805675   0.5488478  -1.0000000   0.0105564   0.0000000   2.7041074   0.6486110   0.0000000   0.0000000  -5.7286176  33.1382143   3.0805749   0.5488552   0.0000000   1.0000000   0.0000000
  44.0000000   1.0000000   0.7926370   0.4035441   0.0032343   1.0000000   0.7801890   0.0000000   0.0000000   2.5304359   0.9976301  -4.6108161   0.0100843   2.0025172   0.5593457   0.0105568   0.3584283   3.0803843   0.5499485  -1.0000000   0.0105609   0.0000000   2.7040021   0.6486138   0.0000000   0.0000000  -5.7276887  33.1349247   3.0803913   0.5499554   0.0000000   1.0000000   0.0000000
  45.0000000   1.0000000   0.7926370   0.4035441   0.0032343   1.0000000   0.7801890   0.0000000   0.0000000   2.5316414   0.9976899  -4.6116720   0.0100888   2.0024911   0.5583843   0.0105568   0.3584242   3.0803729   0.5487316  -1.0000000   0.0104885   0.0000000   2.7042159   0.6486520   0.0000000   0.0000000  -5.7274765  33.1329227   3.0803796   0.5487382   0.0000000   1.0000000   0.0000000
  46.0000000   1.0000000   0.7926370   0.4035441   0.0032343   1.0000000   0.7801890   0.0000000   0.0000000   2.5314380   0.9977083  -4.6146487   0.0100921   2.0024693   0.5587068   0.0105568   0.3584925   3.0802809   0.5488429  -1.0000000   0.0105158   0.0000000   2.7037516   0.6486729   0.0000000   0.0000000  -5.7266225  33.1296524   3.0802874   0.5488493   0.0000000   1.0000000   0.0000000
  47.0000000   1.0000000   0.7926370   0.4035441   0.0032343   1.0000000   0.7801890   0.0000000   0.0000000   2.5310238   0.9977039  -4.6171165   0.0100932   2.0024500   0.5589165   0.0105568   0.3585335   3.0801579   0.5491341  -1.0000000   0.0105348   0.0000000   2.7034314   0.6486879   0.0000000   0.0000000  -5.7257832  33.1265195   3.0801642   0.5491404   0.0000000   1.0000000   0.0000000
  48.0000000   1.0000000   0.7926370   0.4035441   0.0032343   1.0000000   0.7801890   0.0000000   0.0000000   2.5309933   0.9976945  -4.6190119   0.0100936   2.0024325   0.5590061   0.0105568   0.3585555   3.0800373   0.5490441  -1.0000000   0.0105411   0.0000000   2.7032320   0.6486985   0.0000000   0.0000000  -5.7249940  33.1237194   3.0800434   0.5490501   0.0000000   1.0000000   0.0000000
  49.0000000   1.0000000   0.7926370   0.4035441   0.0032343   1.0000000   0.7801890   0.0000000   0.0000000   2.5306248   0.9976785  -4.6208489   0.0100946   2.0024150   0.5590695   0.0105568   0.3585712   3.0799057   0.5492809  -1.0000000   0.0105462   0.0000000   2.7030721   0.6487099   0.0000000   0.0000000  -5.7241887  33.1208648   3.0799116   0.5492868   0.0000000   1.0000000   0.0000000
  50.0000000   1.0000000   0.7926370   0.4035441   0.0032343   1.0000000   0.7801890   0.0000000   0.0000000   2.5303672   0.9976608  -4.6223238   0.0100952   2.0023990   0.5590909   0.0105568   0.3585819   3.0797795   0.5494123  -1.0000000   0.0105493   0.0000000   2.7029420   0.6487187   0.0000000   0.0000000  -5.7234142  33.1182887   3.0797852   0.5494180   0.0000000   1.0000000   0.0000000
  51.0000000   1.0000000   0.7926370   0.4035441   0.0032343   1.0000000   0.7801890   0.0000000   0.0000000   2.5301160   0.9976424  -4.6235888   0.0100958   2.0023826   0.5591174   0.0105568   0.3585894   3.0796579   0.5495419  -1.0000000   0.0105518   0.0000000   2.7028328   0.6487261   0.0000000   0.0000000  -5.7226534  33.1158811   3.0796634   0.5495475   0.0000000   1.0000000   0.0000000
  52.0000000   1.0000000   0.7926370   0.4035441   0.0032343   1.0000000   0.7801890   0.0000000   0.0000000   2.5298970   0.9976231  -4.6246440   0.0100962   2.0023673   0.5591339   0.0105568   0.3585944   3.0795402   0.5496432  -1.0000000   0.0105536   0.0000000   2.7027383   0.6487320   0.0000000   0.0000000  -5.7219160  33.1136387   3.0795456   0.5496486   0.0000000   1.0000000   0.0000000
  53.0000000   1.0000000   0.7926370   0.4035441   0.0032343   1.0000000   0.7801890   0.0000000   0.0000000   2.5296906   0.9976045  -4.6255304   0.0100965   2.0023508   0.5591427   0.0105568   0.3585975   3.0794289   0.5497383  -1.0000000   0.0105551   0.0000000   2.7026602   0.6487370   0.0000000   0.0000000  -5.7212164  33.1115309   3.0794341   0.5497435   0.0000000   1.0000000   0.0000000
  54.0000000   1.0000000   0.7926370   0.4035441   0.0032343   1.0000000   0.7801890   0.0000000   0.0000000   2.5295163   0.9975861  -4.6262655   0.0100967   2.0023342   0.5591479   0.0105568   0.3585992   3.0793227   0.5498064  -1.0000000   0.0105563   0.0000000   2.7025937   0.6487410   0.0000000   0.0000000  -5.7205582  33.1095500   3.0793277   0.5498114   0.0000000   1.0000000   0.0000000
  55.0000000   1.0000000   0.7926370   0.4035441   0.0032343   1.0000000   0.7801890   0.0000000   0.0000000   2.5293864   0.9975680  -4.6268833   0.0100969   2.0023179   0.5591472   0.0105568   0.3585997   3.0792207   0.5498342  -1.0000000   0.0105572   0.0000000   2.7025401   0.6487453   0.0000000   0.0000000  -5.7199335  33.1076671   3.0792255   0.5498391   0.0000000   1.0000000   0.0000000
  56.0000000   1.0000000   0.7926370   0.4035441   0.0032343   1.0000000   0.7801890   0.0000000   0.0000000   2.5292303   0.9975503  -4.6274329   0.0100971   2.0023009   0.5591484   0.0105568   0.3585993   3.0791219   0.5498915  -1.0000000   0.0105579   0.0000000   2.7024938   0.6487488   0.0000000   0.0000000  -5.7193330  33.1058406   3.0791265   0.5498962   0.0000000   1.0000000   0.0000000
  57.0000000   1.0000000   0.7926370   0.4035441   0.0032343   1.0000000   0.7801890   0.0000000   0.0000000   2.5290849   0.9975329  -4.6278843   0.0100971   2.0022841   0.5591491   0.0105568   0.3585982   3.0790270   0.5499421  -1.0000000   0.0105585   0.0000000   2.7024520   0.6487514   0.0000000   0.0000000  -5.7187674  33.1040990   3.0790315   0.5499466   0.0000000   1.0000000   0.0000000
  58.0000000   1.0000000   0.7926370   0.4035441   0.0032343   1.0000000   0.7801890   0.0000000   0.0000000   2.5289185   0.9975165  -4.6282462   0.0100971   2.0022670   0.5591473   0.0105568   0.3585965   3.0789370   0.5500185  -1.0000000   0.0105589   0.0000000   2.7024173   0.6487535   0.0000000   0.0000000  -5.7182322  33.1024345   3.0789413   0.5500228   0.0000000   1.0000000   0.0000000
  59.0000000   1.0000000   0.7926370   0.4035441   0.0032343   1.0000000   0.7801890   0.0000000   0.0000000   2.5286162   0.9975015  -4.6284975   0.0100971   2.0022498   0.5591161   0.0105568   0.3585943   3.0788529   0.5502367  -1.0000000   0.0105588   0.0000000   2.7023908   0.6487555   0.0000000   0.0000000  -5.7177443  33.1008732   3.0788570   0.5502408   0.0000000   1.0000000   0.0000000
  60.0000000   1.0000000   0.7926370   0.4035441   0.0032343   1.0000000   0.7801890   0.0000000   0.0000000   2.5285162   0.9974894  -4.6285250   0.0100967   2.0022327   0.5591270   0.0105568   0.3585923   3.0787818   0.5502656  -1.0000000   0.0105590   0.0000000   2.7023661   0.6487556   0.0000000   0.0000000  -5.7172897  33.0995552   3.0787857   0.5502695   0.0000000   1.0000000   0.0000000
  61.0000000   1.0000000   0.7926370   0.4035441   0.0032343   1.0000000   0.7801890   0.0000000   0.0000000   2.5285766   0.9974808  -4.6284835   0.0100967   2.0022155   0.5590477   0.0105568   0.3585901   3.0787182   0.5501415  -1.0000000   0.0105567   0.0000000   2.7023470   0.6487549   0.0000000   0.0000000  -5.7168959  33.0982898   3.0787219   0.5501453   0.0000000   1.0000000   0.0000000
  62.0000000   1.0000000   0.7926370   0.4035441   0.0032343   1.0000000   0.7801890   0.0000000   0.0000000   2.5285060   0.9974700  -4.6286204   0.0100970   2.0021984   0.5590641   0.0105568   0.3585901   3.0786493   0.5501434  -1.0000000   0.0105579   0.0000000   2.7023196   0.6487574   0.0000000   0.0000000  -5.7164882  33.0969177   3.0786529   0.5501469   0.0000000   1.0000000   0.0000000
  63.0000000   1.0000000   0.7926370   0.4035441   0.0032343   1.0000000   0.7801890   0.0000000   0.0000000   2.5284037   0.9974589  -4.6287105   0.0100969   2.0021817   0.5590771   0.0105568   0.3585890   3.0785816   0.5501779  -1.0000000   0.0105585   0.0000000   2.7022983   0.6487592   0.0000000   0.0000000  -5.7160990  33.0955680   3.0785850   0.5501813   0.0000000   1.0000000   0.0000000
  64.0000000   1.0000000   0.7926370   0.4035441   0.0032343   1.0000000   0.7801890   0.0000000   0.0000000   2.5283655   0.9974483  -4.6287256   0.0100969   2.0021651   0.5591022   0.0105568   0.3585873   3.0785173   0.5501517  -1.0000000   0.0105588   0.0000000   2.7022819   0.6487605   0.0000000   0.0000000  -5.7157314  33.0942737   3.0785205   0.5501550   0.0000000   1.0000000   0.0000000
  65.0000000   1.0000000   0.7926370   0.4035441   0.0032343   1.0000000   0.7801890   0.0000000   0.0000000   2.5282597   0.9974377  -4.6287166   0.0100970   2.0021487   0.5590881   0.0105568   0.3585852   3.0784538   0.5501941  -1.0000000   0.0105590   0.0000000   2.7022669   0.6487613   0.0000000   0.0000000  -5.7154076  33.0929727   3.0784569   0.5501972   0.0000000   1.0000000   0.0000000
  66.0000000   1.0000000   0.7926370   0.4035441   0.0032343   1.0000000   0.7801890   0.0000000   0.0000000   2.5281491   0.9974280  -4.6286531   0.0100968   2.0021326   0.5590575   0.0105568   0.3585830   3.0783944   0.5502453  -1.0000000   0.0105589   0.0000000   2.7022547   0.6487619   0.0000000   0.0000000  -5.7151124  33.0917346   3.0783973   0.5502482   0.0000000   1.0000000   0.0000000
  67.0000000   1.0000000   0.7926370   0.4035441   0.0032343   1.0000000   0.7801890   0.0000000   0.0000000   2.5280318   0.9974193  -4.6285441   0.0100967   2.0021166   0.5590518   0.0105568   0.3585809   3.0783395   0.5503078  -1.0000000   0.0105590   0.0000000   2.7022442   0.6487621   0.0000000   0.0000000  -5.7148528  33.0905667   3.0783423   0.5503105   0.0000000   1.0000000   0.0000000
  68.0000000   1.0000000   0.7926370   0.4035441   0.0032343   1.0000000   0.7801890   0.0000000   0.0000000   2.5279334   0.9974120  -4.6283551   0.0100966   2.0021002   0.5590454   0.0105568   0.3585788   3.0782902   0.5503567  -1.0000000   0.0105589   0.0000000   2.7022386   0.6487621   0.0000000   0.0000000  -5.7146254  33.0894801   3.0782927   0.5503593   0.0000000   1.0000000   0.0000000
  69.0000000   1.0000000   0.7926370   0.4035441   0.0032343   1.0000000   0.7801890   0.0000000   0.0000000   2.5279243   0.9973996  -4.6281020   0.0100964   2.0020838   0.5590998   0.0105568   0.3585767   3.0782350   0.5503106  -1.0000000   0.0105638   0.0000000   2.7022182   0.6487599   0.0000000   0.0000000  -5.7145034  33.0884589   3.0782374   0.5503130   0.0000000   1.0000000   0.0000000
  70.0000000   1.0000000   0.7926370   0.4035441   0.0032343   1.0000000   0.7801890   0.0000000   0.0000000   2.5279105   0.9973996  -4.6278251   0.0100965   2.0020676   0.5589733   0.0105568   0.3585697   3.0782018   0.5502913  -1.0000000   0.0105543   0.0000000   2.7022674   0.6487612   0.0000000   0.0000000  -5.7143886  33.0874128   3.0782040   0.5502935   0.0000000   1.0000000   0.0000000
  71.0000000   1.0000000   0.7926370   0.4035441   0.0032343   1.0000000   0.7801890   0.0000000   0.0000000   2.5278998   0.9973967  -4.6276772   0.0100969   2.0020526   0.5590064   0.0105568   0.3585721   3.0781700   0.5502702  -1.0000000   0.0105579   0.0000000   2.7022406   0.6487609   0.0000000   0.0000000  -5.7143611  33.0863592   3.0781721   0.5502722   0.0000000   1.0000000   0.0000000
  72.0000000   1.0000000   0.7926370   0.4035441   0.0032343   1.0000000   0.7801890   0.0000000   0.0000000   2.5278303   0.9973924  -4.6275048   0.0100969   2.0020381   0.5590008   0.0105568   0.3585711   3.0781324   0.5503021  -1.0000000   0.0105576   0.0000000   2.7022334   0.6487606   0.0000000   0.0000000  -5.7142876  33.0853018   3.0781343   0.5503040   0.0000000   1.0000000   0.0000000
  73.0000000   1.0000000   0.7926370   0.4035441   0.0032343   1.0000000   0.7801890   0.0000000   0.0000000   2.5277915   0.9973885  -4.6272894   0.0100969   2.0020237   0.5589825   0.0105568   0.3585702   3.0780958   0.5503043  -1.0000000   0.0105575   0.0000000   2.7022276   0.6487608   0.0000000   0.0000000  -5.7142246  33.0842934   3.0780975   0.5503060   0.0000000   1.0000000   0.0000000
  74.0000000   1.0000000   0.7926370   0.4035441   0.0032343   1.0000000   0.7801890   0.0000000   0.0000000   2.5277505   0.9973853  -4.6270737   0.0100969   2.0020099   0.5589738   0.0105568   0.3585695   3.0780615   0.5503110  -1.0000000   0.0105569   0.0000000   2.7022222   0.6487610   0.0000000   0.0000000  -5.7141784  33.0833033   3.0780631   0.5503126   0.0000000   1.0000000   0.0000000
  75.0000000   1.0000000   0.7926370   0.4035441   0.0032343   1.0000000   0.7801890   0.0000000   0.0000000   2.5277139   0.9973827  -4.6268438   0.0100969   2.0019963   0.5589665   0.0105568   0.3585693   3.0780291   0.5503152  -1.0000000   0.0105567   0.0000000   2.7022146   0.6487613   0.0000000   0.0000000  -5.7141512  33.0823356   3.0780305   0.5503167   0.0000000   1.0000000   0.0000000
  76.0000000   1.0000000   0.7926370   0.4035441   0.0032343   1.0000000   0.7801890   0.0000000   0.0000000   2.5276860   0.9973808  -4.6266013   0.0100970   2.0019834   0.5589433   0.0105568   0.3585694   3.0779988   0.5503129  -1.0000000   0.0105560   0.0000000   2.7022072   0.6487619   0.0000000   0.0000000  -5.7141418  33.0813880   3.0780001   0.5503142   0.0000000   1.0000000   0.0000000
  77.0000000   1.0000000   0.7926370   0.4035441   0.0032343   1.0000000   0.7801890   0.0000000   0.0000000   2.5276509   0.9973791  -4.6263685   0.0100970   2.0019707   0.5589366   0.0105568   0.3585702   3.0779696   0.5503187  -1.0000000   0.0105560   0.0000000   2.7021945   0.6487623   0.0000000   0.0000000  -5.7141427  33.0804525   3.0779708   0.5503198   0.0000000   1.0000000   0.0000000
  78.0000000   1.0000000   0.7926370   0.4035441   0.0032343   1.0000000   0.7801890   0.0000000   0.0000000   2.5275962   0.9973781  -4.6261213   0.0100971   2.0019583   0.5589243   0.0105568   0.3585709   3.0779426   0.5503464  -1.0000000   0.0105557   0.0000000   2.7021847   0.6487630   0.0000000   0.0000000  -5.7141613  33.0795379   3.0779436   0.5503474   0.0000000   1.0000000   0.0000000
  79.0000000   1.0000000   0.7926370   0.4035441   0.0032343   1.0000000   0.7801890   0.0000000   0.0000000   2.5275651   0.9973773  -4.6258431   0.0100971   2.0019467   0.5589135   0.0105568   0.3585720   3.0779174   0.5503523  -1.0000000   0.0105557   0.0000000   2.7021719   0.6487634   0.0000000   0.0000000  -5.7142072  33.0786654   3.0779184   0.5503532   0.0000000   1.0000000   0.0000000
  80.0000000   1.0000000   0.7926370   0.4035441   0.0032343   1.0000000   0.7801890   0.0000000   0.0000000   2.5275361   0.9973768  -4.6255552   0.0100972   2.0019354   0.5589027   0.0105568   0.3585732   3.0778939   0.5503578  -1.0000000   0.0105555   0.0000000   2.7021606   0.6487640   0.0000000   0.0000000  -5.7142804  33.0778125   3.0778947   0.5503586   0.0000000   1.0000000   0.0000000
  81.0000000   1.0000000   0.7926370   0.4035441   0.0032343   1.0000000   0.7801890   0.0000000   0.0000000   2.5275258   0.9973765  -4.6252583   0.0100972   2.0019245   0.5588930   0.0105568   0.3585744   3.0778715   0.5503457  -1.0000000   0.0105555   0.0000000   2.7021484   0.6487645   0.0000000   0.0000000  -5.7143637  33.0769786   3.0778722   0.5503464   0.0000000   1.0000000   0.0000000
  82.0000000   1.0000000   0.7926370   0.4035441   0.0032343   1.0000000   0.7801890   0.0000000   0.0000000   2.5274932   0.9973761  -4.6249697   0.0100974   2.0019140   0.5588819   0.0105568   0.3585757   3.0778491   0.5503560  -1.0000000   0.0105554   0.0000000   2.7021360   0.6487652   0.0000000   0.0000000  -5.7144489  33.0761455   3.0778497   0.5503565   0.0000000   1.0000000   0.0000000
  83.0000000   1.0000000   0.7926370   0.4035441   0.0032343   1.0000000   0.7801890   0.0000000   0.0000000   2.5274871   0.9973756  -4.6246678   0.0100974   2.0019041   0.5588702   0.0105568   0.3585771   3.0778275   0.5503404  -1.0000000   0.0105555   0.0000000   2.7021232   0.6487659   0.0000000   0.0000000  -5.7145418  33.0753358   3.0778280   0.5503409   0.0000000   1.0000000   0.0000000
  84.0000000   1.0000000   0.7926370   0.4035441   0.0032343   1.0000000   0.7801890   0.0000000   0.0000000   2.5275349   0.9973721  -4.6243782   0.0100972   2.0018989   0.5588604   0.0105568   0.3585784   3.0778000   0.5502652  -1.0000000   0.0105554   0.0000000   2.7021022   0.6487672   0.0000000   0.0000000  -5.7146350  33.0745231   3.0778005   0.5502656   0.0000000   1.0000000   0.0000000
  85.0000000   1.0000000   0.7926370   0.4035441   0.0032343   1.0000000   0.7801890   0.0000000   0.0000000   2.5259539   0.9976043  -4.6241582   0.0100977   2.0018924   0.5573411   0.0106540   0.3585797   3.0782354   0.5522815  -1.0000000   0.0105554   0.0000000   2.7013693   0.6486705   0.0000000   0.0000000  -5.7147099  33.0749583   3.0782358   0.5522818   0.0000000   1.0000000   0.0000000
  86.0000000   1.0000000   0.7926370   0.4035441   0.0032343   1.0000000   0.7801890   0.0000000   0.0000000   2.5261692   0.9977470  -4.6234095   0.0100978   2.0018899   0.5573561   0.0106540   0.3586783   3.0785240   0.5523549  -1.0000000   0.0105577   0.0000000   2.7006290   0.6486043   0.0000000   0.0000000  -5.7153090  33.0758848   3.0785244   0.5523552   0.0000000   1.0000000   0.0000000
  87.0000000   1.0000000   0.7926370   0.4035441   0.0032343   1.0000000   0.7801890   0.0000000   0.0000000   2.5266092   0.9978865  -4.6225676   0.0100980   2.0018856   0.5574098   0.0106540   0.3587746   3.0788143   0.5522051  -1.0000000   0.0105632   0.0000000   2.6999093   0.6485379   0.0000000   0.0000000  -5.7160654  33.0768630   3.0788146   0.5522054   0.0000000   1.0000000   0.0000000
  88.0000000   1.0000000   0.7926370   0.4035441   0.0032343   1.0000000   0.7801890   0.0000000   0.0000000   2.5270218   0.9980050  -4.6218280   0.0100981   2.0018814   0.5575436   0.0106540   0.3588654   3.0790633   0.5520415  -1.0000000   0.0105779   0.0000000   2.6992309   0.6484806   0.0000000   0.0000000  -5.7167907  33.0776609   3.0790635   0.5520417   0.0000000   1.0000000   0.0000000
  89.0000000   1.0000000   0.7926370   0.4035441   0.0032343   1.0000000   0.7801890   0.0000000   0.0000000   2.5273175   0.9981075  -4.6211256   0.0100983   2.0018800   0.5576389   0.0106540   0.3589415   3.0792800   0.5519625  -1.0000000   0.0105876   0.0000000   2.6986567   0.6484301   0.0000000   0.0000000  -5.7174501  33.0782678   3.0792803   0.5519627   0.0000000   1.0000000   0.0000000
  90.0000000   1.0000000   0.7926370   0.4035441   0.0032343   1.0000000   0.7801890   0.0000000   0.0000000   2.5275970   0.9981982  -4.6204111   0.0100984   2.0018798   0.5577039   0.0106540   0.3590080   3.0794734   0.5518765  -1.0000000   0.0105951   0.0000000   2.6981522   0.6483847   0.0000000   0.0000000  -5.7180724  33.0787761   3.0794736   0.5518767   0.0000000   1.0000000   0.0000000
  91.0000000   1.0000000   0.7926370   0.4035441   0.0032343   1.0000000   0.7801890   0.0000000   0.0000000   2.5278170   0.9982795  -4.6197213   0.0100985   2.0018786   0.5577655   0.0106540   0.3590669   3.0796475   0.5518305  -1.0000000   0.0106020   0.0000000   2.6977055   0.6483436   0.0000000   0.0000000  -5.7186502  33.0791813   3.0796477   0.5518307   0.0000000   1.0000000   0.0000000
  92.0000000   1.0000000   0.7926370   0.4035441   0.0032343   1.0000000   0.7801890   0.0000000   0.0000000   2.5280265   0.9983515  -4.6190201   0.0100986   2.0018794   0.5578128   0.0106540   0.3591189   3.0798032   0.5517766  -1.0000000   0.0106075   0.0000000   2.6973063   0.6483064   0.0000000   0.0000000  -5.7191999  33.0795271   3.0798034   0.5517769   0.0000000   1.0000000   0.0000000
  93.0000000   1.0000000   0.7926370   0.4035441   0.0032343   1.0000000   0.7801890   0.0000000   0.0000000   2.5282395   0.9984197  -4.6183279   0.0100987   2.0018757   0.5578473   0.0106540   0.3591655   3.0799507   0.5517112  -1.0000000   0.0106121   0.0000000   2.6969550   0.6482713   0.0000000   0.0000000  -5.7197122  33.0798077   3.0799509   0.5517114   0.0000000   1.0000000   0.0000000
  94.0000000   1.0000000   0.7926370   0.4035441   0.0032343   1.0000000   0.7801890   0.0000000   0.0000000   2.5284206   0.9984791  -4.6176736   0.0100987   2.0018763   0.5578823   0.0106540   0.3592074   3.0800800   0.5516595  -1.0000000   0.0106159   0.0000000   2.6966294   0.6482394   0.0000000   0.0000000  -5.7202000  33.0800133   3.0800802   0.5516596   0.0000000   1.0000000   0.0000000
  95.0000000   1.0000000   0.7926370   0.4035441   0.0032343   1.0000000   0.7801890   0.0000000   0.0000000   2.5300803   0.9982982  -4.6170384   0.0100988   2.0018769   0.5594041   0.0105568   0.3592455   3.0797348   0.5496545  -1.0000000   0.0106191   0.0000000   2.6970414   0.6483077   0.0000000   0.0000000  -5.7206673  33.0788494   3.0797350   0.5496547   0.0000000   1.0000000   0.0000000
  96.0000000   1.0000000   0.7926370   0.4035441   0.0032343   1.0000000   0.7801890   0.0000000   0.0000000   2.5284178   0.9984365  -4.6169021   0.0100989   2.0018766   0.5578898   0.0106540   0.3591831   3.0799903   0.5515724  -1.0000000   0.0106195   0.0000000   2.6967705   0.6482499   0.0000000   0.0000000  -5.7205975  33.0785243   3.0799905   0.5515726   0.0000000   1.0000000   0.0000000
  97.0000000   1.0000000   0.7926370   0.4035441   0.0032343   1.0000000   0.7801890   0.0000000   0.0000000   2.5282913   0.9984892  -4.6163347   0.0100990   2.0018761   0.5578665   0.0106540   0.3592176   3.0800984   0.5518071  -1.0000000   0.0106188   0.0000000   2.6965030   0.6482231   0.0000000   0.0000000  -5.7209037  33.0786079   3.0800986   0.5518073   0.0000000   1.0000000   0.0000000
  98.0000000   1.0000000   0.7926370   0.4035441   0.0032343   1.0000000   0.7801890   0.0000000   0.0000000   2.5284395   0.9985578  -4.6155505   0.0100991   2.0018720   0.5577737   0.0106540   0.3592528   3.0802460   0.5518066  -1.0000000   0.0106117   0.0000000   2.6962365   0.6481884   0.0000000   0.0000000  -5.7213895  33.0789309   3.0802462   0.5518067   0.0000000   1.0000000   0.0000000
  99.0000000   1.0000000   0.7926370   0.4035441   0.0032343   1.0000000   0.7801890   0.0000000   0.0000000   2.5285857   0.9986165  -4.6148659   0.0100992   2.0018691   0.5578390   0.0106540   0.3592951   3.0803752   0.5517894  -1.0000000   0.0106183   0.0000000   2.6959179   0.6481578   0.0000000   0.0000000  -5.7218976  33.0792455   3.0803753   0.5517896   0.0000000   1.0000000   0.0000000
 100.0000000   1.0000000   0.7926370   0.4035441   0.0032343   1.0000000   0.7801890   0.0000000   0.0000000   2.5286892   0.9986696  -4.6141393   0.0100993   2.0018677   0.5578657   0.0106540   0.3593308   3.0804944   0.5518052  -1.0000000   0.0106220   0.0000000   2.6956458   0.6481293   0.0000000   0.0000000  -5.7223879  33.0795320   3.0804945   0.5518053   0.0000000   1.0000000   0.0000000
 101.0000000   1.0000000   0.7926370   0.4035441   0.0032343   1.0000000   0.7801890   0.0000000   0.0000000   2.5288296   0.9987202  -4.6133759   0.0100995   2.0018659   0.5578714   0.0106540   0.3593628   3.0806098   0.5517801  -1.0000000   0.0106241   0.0000000   2.6954014   0.6481017   0.0000000   0.0000000  -5.7228687  33.0798272   3.0806098   0.5517802   0.0000000   1.0000000   0.0000000
 102.0000000   1.0000000   0.7926370   0.4035441   0.0032343   1.0000000   0.7801890   0.0000000   0.0000000   2.5304706   0.9985318  -4.6126392   0.0100996   2.0018642   0.5593905   0.0105568   0.3593927   3.0802539   0.5497833  -1.0000000   0.0106267   0.0000000   2.6958812   0.6481736   0.0000000   0.0000000  -5.7233230  33.0787786   3.0802539   0.5497834   0.0000000   1.0000000   0.0000000
 103.0000000   1.0000000   0.7926370   0.4035441   0.0032343   1.0000000   0.7801890   0.0000000   0.0000000   2.5304012   0.9984270  -4.6124016   0.0100997   2.0018637   0.5593680   0.0105568   0.3593229   3.0800347   0.5496335  -1.0000000   0.0106263   0.0000000   2.6963778   0.6482165   0.0000000   0.0000000  -5.7232606  33.0772653   3.0800348   0.5496336   0.0000000   1.0000000   0.0000000
 104.0000000   1.0000000   0.7926370   0.4035441   0.0032343   1.0000000   0.7801890   0.0000000   0.0000000   2.5300588   0.9983241  -4.6123275   0.0100997   2.0018626   0.5592986   0.0105568   0.3592533   3.0798101   0.5497513  -1.0000000   0.0106226   0.0000000   2.6968714   0.6482602   0.0000000   0.0000000  -5.7230520  33.0756302   3.0798101   0.5497513   0.0000000   1.0000000   0.0000000
 105.0000000   1.0000000   0.7926370   0.4035441   0.0032343   1.0000000   0.7801890   0.0000000   0.0000000   2.5296902   0.9982385  -4.6121871   0.0100998   2.0018633   0.5591438   0.0105568   0.3591875   3.0796192   0.5499290  -1.0000000   0.0106095   0.0000000   2.6973355   0.6482967   0.0000000   0.0000000  -5.7228636  33.0741516   3.0796192   0.5499290   0.0000000   1.0000000   0.0000000
 106.0000000   1.0000000   0.7926370   0.4035441   0.0032343   1.0000000   0.7801890   0.0000000   0.0000000   2.5293937   0.9981663  -4.6120026   0.0100999   2.0018631   0.5590563   0.0105568   0.3591347   3.0794563   0.5500625  -1.0000000   0.0106011   0.0000000   2.6977060   0.6483275   0.0000000   0.0000000  -5.7227380  33.0728869   3.0794563   0.5500626   0.0000000   1.0000000   0.0000000
 107.0000000   1.0000000   0.7926370   0.4035441   0.0032343   1.0000000   0.7801890   0.0000000   0.0000000   2.5291199   0.9981043  -4.6117524   0.0101001   2.0018628   0.5589731   0.0105568   0.3590904   3.0793156   0.5501957  -1.0000000   0.0105947   0.0000000   2.6980163   0.6483538   0.0000000   0.0000000  -5.7226644  33.0717845   3.0793156   0.5501957   0.0000000   1.0000000   0.0000000
 108.0000000   1.0000000   0.7926370   0.4035441   0.0032343   1.0000000   0.7801890   0.0000000   0.0000000   2.5289049   0.9980520  -4.6114337   0.0101002   2.0018620   0.5588898   0.0105568   0.3590525   3.0791960   0.5502911  -1.0000000   0.0105888   0.0000000   2.6982802   0.6483757   0.0000000   0.0000000  -5.7226332  33.0708408   3.0791961   0.5502912   0.0000000   1.0000000   0.0000000
 109.0000000   1.0000000   0.7926370   0.4035441   0.0032343   1.0000000   0.7801890   0.0000000   0.0000000   2.5286808   0.9980070  -4.6110855   0.0101003   2.0018611   0.5588214   0.0105568   0.3590205   3.0790927   0.5504119  -1.0000000   0.0105842   0.0000000   2.6985021   0.6483944   0.0000000   0.0000000  -5.7226399  33.0700132   3.0790927   0.5504120   0.0000000   1.0000000   0.0000000
 110.0000000   1.0000000   0.7926370   0.4035441   0.0032343   1.0000000   0.7801890   0.0000000   0.0000000   2.5286507   0.9979701  -4.6106683   0.0101003   2.0018579   0.5587646   0.0105568   0.3589931   3.0790080   0.5503573  -1.0000000   0.0105804   0.0000000   2.6986903   0.6484083   0.0000000   0.0000000  -5.7226915  33.0693247   3.0790080   0.5503573   0.0000000   1.0000000   0.0000000
 111.0000000   1.0000000   0.7926370   0.4035441   0.0032343   1.0000000   0.7801890   0.0000000   0.0000000   2.5289925   0.9979315  -4.6103453   0.0100989   2.0018628   0.5587371   0.0105568   0.3589695   3.0789180   0.5499256  -1.0000000   0.0105774   0.0000000   2.6994834   0.6485779   0.0000000   0.0000000  -5.7227572  33.0685954   3.0789181   0.5499256   0.0000000   1.0000000   0.0000000
 112.0000000   1.0000000   0.7926370   0.4035441   0.0032343   1.0000000   0.7801890   0.0000000   0.0000000   2.5286244   0.9978966  -4.6104755   0.0101012   2.0018603   0.5586764   0.0105568   0.3589489   3.0788238   0.5501993  -1.0000000   0.0105747   0.0000000   2.7000299   0.6486921   0.0000000   0.0000000  -5.7227320  33.0674469   3.0788238   0.5501993   0.0000000   1.0000000   0.0000000
 113.0000000   1.0000000   0.7926370   0.4035441   0.0032343   1.0000000   0.7801890   0.0000000   0.0000000   2.5284502   0.9978671  -4.6103704   0.0101014   2.0018583   0.5586342   0.0105568   0.3589309   3.0787471   0.5502969  -1.0000000   0.0105727   0.0000000   2.7005477   0.6488005   0.0000000   0.0000000  -5.7227516  33.0665940   3.0787471   0.5502969   0.0000000   1.0000000   0.0000000
 114.0000000   1.0000000   0.7926370   0.4035441   0.0032343   1.0000000   0.7801890   0.0000000   0.0000000   2.5284112   0.9978382  -4.6101926   0.0101014   2.0018610   0.5585953   0.0105568   0.3589150   3.0786737   0.5502626  -1.0000000   0.0105709   0.0000000   2.7009843   0.6488938   0.0000000   0.0000000  -5.7227885  33.0658545   3.0786738   0.5502626   0.0000000   1.0000000   0.0000000
 115.0000000   1.0000000   0.7926370   0.4035441   0.0032343   1.0000000   0.7801890   0.0000000   0.0000000   2.5282876   0.9978141  -4.6100699   0.0101017   2.0018587   0.5585807   0.0105568   0.3589009   3.0786090   0.5503214  -1.0000000   0.0105694   0.0000000   2.7013739   0.6489754   0.0000000   0.0000000  -5.7228318  33.0650947   3.0786090   0.5503214   0.0000000   1.0000000   0.0000000
 116.0000000   1.0000000   0.7926370   0.4035441   0.0032343   1.0000000   0.7801890   0.0000000   0.0000000   2.5282806   0.9977915  -4.6098888   0.0101022   2.0018581   0.5585646   0.0105568   0.3588882   3.0785483   0.5502678  -1.0000000   0.0105682   0.0000000   2.7017168   0.6490482   0.0000000   0.0000000  -5.7228514  33.0644072   3.0785483   0.5502678   0.0000000   1.0000000   0.0000000
 117.0000000   1.0000000   0.7926370   0.4035441   0.0032343   1.0000000   0.7801890   0.0000000   0.0000000   2.5277576   0.9977766  -4.6097712   0.0101043   2.0018471   0.5585060   0.0105568   0.3588768   3.0785021   0.5507445  -1.0000000   0.0105671   0.0000000   2.7013908   0.6489561   0.0000000   0.0000000  -5.7228797  33.0636774   3.0785020   0.5507443   0.0000000   1.0000000   0.0000000
 118.0000000   1.0000000   0.7926370   0.4035441   0.0032343   1.0000000   0.7801890   0.0000000   0.0000000   2.5277431   0.9977654  -4.6092179   0.0101030   2.0018405   0.5585019   0.0105568   0.3588665   3.0784754   0.5507323  -1.0000000   0.0105662   0.0000000   2.7012673   0.6489119   0.0000000   0.0000000  -5.7230316  33.0634393   3.0784752   0.5507321   0.0000000   1.0000000   0.0000000
 119.0000000   1.0000000   0.7926370   0.4035441   0.0032343   1.0000000   0.7801890   0.0000000   0.0000000   2.5282773   0.9977388  -4.6086831   0.0101042   2.0018592   0.5584504   0.0105568   0.3588571   3.0784176   0.5512343  -1.0000000   0.0105653   0.0000000   2.7017268   0.6490239   0.0000000   0.0000000  -5.7231620  33.0631938   3.0784177   0.5512343   0.0010939   1.0000000   0.0000000
 120.0000000   1.0000000   0.7926370   0.4035441   0.0032343   1.0000000   0.7801890   0.0000000   0.0000000   2.5286658   0.9975510  -4.5981648   0.0101010   2.0018584   0.5590960   0.0106540   0.3604869   3.0906914   0.5532838  -1.0000000   0.0106539   0.0000000   2.6877956   0.6461194   0.0000000   0.0000000  -5.7495697  33.1899199   3.0906914   0.5532838   0.0087418   1.0000000   0.0000000
