 t output_loss_entry employment_loss_entry investment_loss_entry debt_loss_entry
 output_gain_entry employment_gain_entry investment_gain_entry debt_gain_entry
 output_loss_exit employment_loss_exit investment_loss_exit debt_loss_exit
 output_gain_exit employment_gain_exit investment_gain_exit debt_gain_exit
 output_loss_incumbent employment_loss_incumbent investment_loss_incumbent debt_
 loss_incumbent
 output_gain_incumbent employment_gain_incumbent investment_gain_incumbent debt_
 gain_incumbent
 gdp1 h1 inv1 firm_debt2
 gdp_t h_t inv_t firm_debt_t
   1.0000000   0.0000000   0.0000000   0.0000000   0.0000000   0.0000000   0.0000000   0.0000000   0.0000000   0.0000000   0.0000000   0.0000000   0.0000000   0.0000000   0.0000000   0.0000000   0.0000000   0.0000000   0.0000000   0.0000000   0.0000000   0.0000000   0.0000000   0.0000000   0.0000000   3.0906914   1.0019087   0.5532838   5.7495697   3.0906914   1.0019087   0.5532838   5.7495697
   2.0000000   0.0004637   0.0002353   0.0020048   0.0005137   0.0000000   0.0000000   0.0000000   0.0000000   0.0018495   0.0009201  -0.0124070   0.0000026   0.0000000   0.0000000  -0.0124133   0.0000000   3.0883782   1.0007533   0.5636860   5.7490534   3.0478932   0.9928091   0.5269420   5.7393902   3.0906914   1.0019087   0.5532838   5.7495697   3.0478932   0.9928091   0.5145287   5.7393902
   3.0000000   0.0007844   0.0003835   0.0021091   0.0011706   0.0000000   0.0000000   0.0000000   0.0000000   0.0003777   0.0001882  -0.0060485   0.0000022   0.0000000   0.0000000  -0.0035627   0.0000000   3.0895307   1.0013374   0.5572233   5.7483968   3.0625748   0.9954969   0.5330822   5.7305663   3.0906914   1.0019087   0.5532838   5.7495697   3.0625748   0.9954969   0.5295195   5.7305663
   4.0000000   0.0011048   0.0005274   0.0019624   0.0017880   0.0000000   0.0000000   0.0000000   0.0000000   0.0003777   0.0001882  -0.0061935   0.0000023   0.0000000   0.0000000  -0.0037648   0.0000000   3.0892117   1.0011939   0.5575149   5.7477794   3.0557067   0.9941502   0.5258902   5.7214666   3.0906914   1.0019087   0.5532838   5.7495697   3.0557067   0.9941502   0.5221254   5.7214666
   5.0000000   0.0009203   0.0004151  -0.0002094   0.0018248   0.0003808   0.0001948   0.0016665   0.0004288   0.0020499   0.0010194  -0.0158165   0.0000024   0.0000000   0.0000000  -0.0140272   0.0000000   3.0877254   1.0004754   0.5693097   5.7477424   3.0192454   0.9875682   0.5003402   5.7119315   3.0906914   1.0019087   0.5532838   5.7495697   3.0196263   0.9877630   0.4879795   5.7123603
   6.0000000   0.0008489   0.0003755  -0.0004307   0.0016653   0.0023605   0.0011942   0.0092707   0.0029072   0.0018328   0.0009117  -0.0161065   0.0000013   0.0000000   0.0000000  -0.0212963   0.0000000   3.0880153   1.0006231   0.5698211   5.7479031   3.0298064   0.9893463   0.5119204   5.7040056   3.0906914   1.0019087   0.5532838   5.7495697   3.0321669   0.9905405   0.4998948   5.7069127
   7.0000000   0.0007536   0.0003286  -0.0003893   0.0014946   0.0038501   0.0018736   0.0095020   0.0058669   0.0000006   0.0000003  -0.0029991   0.0000009   0.0000000   0.0000000  -0.0063572   0.0000000   3.0899441   1.0015818   0.5566723   5.7480741   3.0737257   0.9972430   0.5415522   5.7030237   3.0906914   1.0019087   0.5532838   5.7495697   3.0775758   0.9991165   0.5446969   5.7088906
   8.0000000   0.0006775   0.0002922  -0.0002996   0.0013514   0.0053198   0.0025207   0.0088150   0.0086119   0.0000005   0.0000002  -0.0023104   0.0000007   0.0002051   0.0001019  -0.0033477   0.0000001   3.0900217   1.0016187   0.5558940   5.7482175   3.1022298   1.0020202   0.5680625   5.7069281   3.0906914   1.0019087   0.5532838   5.7495697   3.1077547   1.0046428   0.5735298   5.7155401
   9.0000000   0.0006135   0.0002619  -0.0002435   0.0012290   0.0066600   0.0030958   0.0081303   0.0110665   0.0000004   0.0000002  -0.0103782   0.0000006   0.0014925   0.0007402  -0.0115306   0.0000001   3.0900870   1.0016494   0.5639058   5.7483400   3.1288918   1.0061487   0.6053453   5.7142529   3.0906914   1.0019087   0.5532838   5.7495697   3.1370444   1.0099847   0.6019450   5.7253195
  10.0000000   0.0005589   0.0002361  -0.0001845   0.0011316   0.0078116   0.0035906   0.0076482   0.0133101   0.0000003   0.0000001  -0.0104098   0.0000005   0.0014618   0.0007247  -0.0113194   0.0000001   3.0901430   1.0016756   0.5638783   5.7484375   3.1319104   1.0063416   0.6081027   5.7234715   3.0906914   1.0019087   0.5532838   5.7495697   3.1411838   1.0106569   0.6044315   5.7367817
  11.0000000   0.0005142   0.0002150  -0.0001423   0.0010527   0.0070310   0.0031194  -0.0003114   0.0134261   0.0000003   0.0000001  -0.0022481   0.0000005   0.0001830   0.0000905  -0.0028173   0.0000001   3.0901889   1.0016970   0.5556744   5.7485165   3.1290347   1.0057940   0.6029362   5.7350821   3.0906914   1.0019087   0.5532838   5.7495697   3.1362487   1.0090039   0.5998075   5.7485083
  12.0000000   0.0004771   0.0001975  -0.0001073   0.0009895   0.0063798   0.0027668  -0.0027406   0.0123876   0.0000003   0.0000001  -0.0052994   0.0000004   0.0006039   0.0002993  -0.0056081   0.0000001   3.0902274   1.0017149   0.5586908   5.7485797   3.1354396   1.0068290   0.6123130   5.7458689   3.0906914   1.0019087   0.5532838   5.7495697   3.1424234   1.0098951   0.6039643   5.7582566
  13.0000000   0.0009098   0.0004181   0.0019249   0.0014524   0.0057313   0.0024509  -0.0026096   0.0112092   0.0000002   0.0000001  -0.0024037   0.0000004   0.0001688   0.0000834  -0.0021978   0.0000001   3.0897959   1.0014947   0.5537629   5.7481168   3.1370108   1.0069903   0.6078757   5.7538248   3.0906914   1.0019087   0.5532838   5.7495697   3.1429109   1.0095246   0.6030683   5.7650341
  14.0000000   0.0012045   0.0005539   0.0020514   0.0020685   0.0051293   0.0021803  -0.0020634   0.0102178   0.0000002   0.0000001  -0.0023161   0.0000004   0.0000356   0.0000177  -0.0010712   0.0000000   3.0895024   1.0013592   0.5535489   5.7475007   3.1089420   1.0021083   0.5770158   5.7580476   3.0906914   1.0019087   0.5532838   5.7495697   3.1141068   1.0043064   0.5738812   5.7682654
  15.0000000   0.0015029   0.0006873   0.0019228   0.0026533   0.0046689   0.0019643  -0.0015763   0.0094055   0.0000002   0.0000001  -0.0045475   0.0000004   0.0000005   0.0000003  -0.0003836   0.0000000   3.0892052   1.0012262   0.5559089   5.7469159   3.1060068   1.0014607   0.5721832   5.7602003   3.0906914   1.0019087   0.5532838   5.7495697   3.1106763   1.0034253   0.5702232   5.7696058
  16.0000000   0.0017633   0.0008012   0.0017708   0.0031781   0.0042580   0.0017788  -0.0012013   0.0087549   0.0003657   0.0001823  -0.0068165   0.0000016   0.0000000   0.0000000  -0.0024531   0.0000000   3.0885805   1.0009304   0.5583299   5.7463900   3.0863751   0.9979598   0.5533968   5.7608943   3.0906914   1.0019087   0.5532838   5.7495697   3.0906332   0.9997387   0.5497425   5.7696493
  17.0000000   0.0019965   0.0009020   0.0016662   0.0036552   0.0039635   0.0016358  -0.0009198   0.0082187   0.0000017   0.0000008  -0.0044245   0.0000020   0.0000000   0.0000000  -0.0008314   0.0000000   3.0887124   1.0010114   0.5560426   5.7459124   3.0967776   0.9998339   0.5614324   5.7613630   3.0906914   1.0019087   0.5532838   5.7495697   3.1007411   1.0014697   0.5596812   5.7695818
  18.0000000   0.0022079   0.0009922   0.0015715   0.0040865   0.0037053   0.0015127  -0.0006720   0.0077935   0.0000014   0.0000007  -0.0048843   0.0000023   0.0000000   0.0000000  -0.0002871   0.0000000   3.0885026   1.0009217   0.5565970   5.7454809   3.1001029   1.0004397   0.5637040   5.7622463   3.0906914   1.0019087   0.5532838   5.7495697   3.1038082   1.0019524   0.5627449   5.7700398
  19.0000000   0.0035815   0.0016725   0.0066094   0.0057900   0.0034943   0.0014104  -0.0004820   0.0074528   0.0000015   0.0000007  -0.0051499   0.0000025   0.0000342   0.0000170  -0.0006002   0.0000000   3.0871300   1.0002417   0.5518248   5.7437772   3.1054309   1.0009298   0.5646469   5.7614392   3.0906914   1.0019087   0.5532838   5.7495697   3.1089595   1.0023572   0.5635646   5.7688921
  20.0000000   0.0045761   0.0021240   0.0068346   0.0078342   0.0032958   0.0013201  -0.0003305   0.0071826   0.0000021   0.0000010  -0.0047170   0.0000027   0.0000000   0.0000000  -0.0001908   0.0000000   3.0861358   0.9997902   0.5511667   5.7417328   3.0919172   0.9984621   0.5547816   5.7596201   3.0906914   1.0019087   0.5532838   5.7495697   3.0952130   0.9997821   0.5542603   5.7668027
  21.0000000   0.0055580   0.0025588   0.0064343   0.0097607   0.0031222   0.0012418  -0.0002175   0.0069673   0.0003571   0.0001779  -0.0069310   0.0000028   0.0000000   0.0000000  -0.0023738   0.0000000   3.0848001   0.9991788   0.5537810   5.7398062   3.0744790   0.9952728   0.5403288   5.7565610   3.0906914   1.0019087   0.5532838   5.7495697   3.0776012   0.9965146   0.5377375   5.7635283
  22.0000000   0.0052428   0.0023363   0.0008794   0.0101935   0.0029998   0.0011791  -0.0001099   0.0067952   0.0000068   0.0000034  -0.0042730   0.0000029   0.0000000   0.0000000  -0.0007584   0.0000000   3.0854666   0.9995761   0.5566779   5.7393733   3.0852574   0.9974147   0.5489854   5.7529627   3.0906914   1.0019087   0.5532838   5.7495697   3.0882572   0.9985938   0.5481171   5.7597579
  23.0000000   0.0052059   0.0022940   0.0002837   0.0101074   0.0028684   0.0011199  -0.0000293   0.0066638   0.0003734   0.0001860  -0.0069734   0.0000030   0.0000000   0.0000000  -0.0025877   0.0000000   3.0851381   0.9994360   0.5599741   5.7394593   3.0680964   0.9944940   0.5337992   5.7489691   3.0906914   1.0019087   0.5532838   5.7495697   3.0709648   0.9956139   0.5311822   5.7556329
  24.0000000   0.0050989   0.0022290   0.0003628   0.0099757   0.0027762   0.0010720   0.0000466   0.0065628   0.0003624   0.0001806  -0.0062035   0.0000031   0.0000000   0.0000000  -0.0029374   0.0000000   3.0852571   0.9995068   0.5591250   5.7395909   3.0748551   0.9957268   0.5410498   5.7459178   3.0906914   1.0019087   0.5532838   5.7495697   3.0776313   0.9967988   0.5381591   5.7524806
  25.0000000   0.0050322   0.0021866   0.0005769   0.0099024   0.0027044   0.0010315   0.0001186   0.0064906   0.0000013   0.0000006  -0.0042306   0.0000019   0.0000000   0.0000000  -0.0007816   0.0000000   3.0856859   0.9997295   0.5569381   5.7396653   3.0904813   0.9985709   0.5505818   5.7413455   3.0906914   1.0019087   0.5532838   5.7495697   3.0931856   0.9996024   0.5499189   5.7478361
  26.0000000   0.0049904   0.0021568   0.0007135   0.0098745   0.0025970   0.0009872   0.0001677   0.0064483   0.0010250   0.0005101  -0.0116899   0.0000028   0.0000000   0.0000000  -0.0071780   0.0000000   3.0847050   0.9992501   0.5642608   5.7396924   3.0540448   0.9920943   0.5258517   5.7379182   3.0906914   1.0019087   0.5532838   5.7495697   3.0566418   0.9930815   0.5188413   5.7443666
  27.0000000   0.0049675   0.0021361   0.0008626   0.0099042   0.0025535   0.0009581   0.0002259   0.0064247   0.0000062   0.0000030  -0.0041221   0.0000018   0.0000000   0.0000000  -0.0009241   0.0000000   3.0857477   0.9997781   0.5565440   5.7396637   3.0766192   0.9962414   0.5426294   5.7378466   3.0906914   1.0019087   0.5532838   5.7495697   3.0791727   0.9971995   0.5419312   5.7442713
  28.0000000   0.0049659   0.0021254   0.0009725   0.0099772   0.0025145   0.0009315   0.0002785   0.0064207   0.0000009   0.0000004  -0.0019880   0.0000015   0.0000588   0.0000293  -0.0010229   0.0000000   3.0857556   0.9997918   0.5542999   5.7395909   3.0979803   1.0001141   0.5631789   5.7373032   3.0906914   1.0019087   0.5532838   5.7495697   3.1005536   1.0010749   0.5624345   5.7437239
  29.0000000   0.0049798   0.0021217   0.0010671   0.0100874   0.0024490   0.0009023   0.0003095   0.0064359   0.0000013   0.0000006  -0.0008081   0.0000013   0.0000000   0.0000000  -0.0004119   0.0000000   3.0857424   0.9997955   0.5530254   5.7394809   3.0781851   0.9967740   0.5426623   5.7383431   3.0906914   1.0019087   0.5532838   5.7495697   3.0806341   0.9976763   0.5425598   5.7447790
  30.0000000   0.0050065   0.0021240   0.0011447   0.0102274   0.0024218   0.0008816   0.0003497   0.0064634   0.0000007   0.0000003  -0.0012927   0.0000012   0.0000574   0.0000286  -0.0008147   0.0000000   3.0857172   0.9997939   0.5534325   5.7393411   3.0978612   1.0002552   0.5626403   5.7394837   3.0906914   1.0019087   0.5532838   5.7495697   3.1003404   1.0011654   0.5621752   5.7459471
  31.0000000   0.0050432   0.0021306   0.0012110   0.0103920   0.0023874   0.0008610   0.0003794   0.0065032   0.0000006   0.0000002  -0.0017963   0.0000012   0.0001409   0.0000701  -0.0014215   0.0000000   3.0856816   0.9997875   0.5538698   5.7391765   3.1022538   1.0009898   0.5678781   5.7407023   3.0906914   1.0019087   0.5532838   5.7495697   3.1047820   1.0019210   0.5668360   5.7472055
  32.0000000   0.0050878   0.0021409   0.0012684   0.0105772   0.0023547   0.0008419   0.0004022   0.0065514   0.0000006   0.0000002  -0.0031768   0.0000011   0.0001523   0.0000758  -0.0016461   0.0000000   3.0856379   0.9997776   0.5551930   5.7389913   3.1036248   1.0011529   0.5695834   5.7398576   3.0906914   1.0019087   0.5532838   5.7495697   3.1061318   1.0020707   0.5683395   5.7464090
  33.0000000   0.0051388   0.0021539   0.0013193   0.0107799   0.0023069   0.0008211   0.0004279   0.0066139   0.0000017   0.0000008  -0.0042626   0.0000023   0.0000000   0.0000000  -0.0004429   0.0000000   3.0855867   0.9997643   0.5562279   5.7387875   3.0807111   0.9970557   0.5457527   5.7389431   3.0906914   1.0019087   0.5532838   5.7495697   3.0830180   0.9978769   0.5457378   5.7455570
  34.0000000   0.0051949   0.0021691   0.0013652   0.0109976   0.0022809   0.0008055   0.0004501   0.0066825   0.0000020   0.0000009  -0.0045411   0.0000027   0.0000000   0.0000000  -0.0003517   0.0000000   3.0855312   0.9997492   0.5564605   5.7385693   3.0798534   0.9968993   0.5454314   5.7364881   3.0906914   1.0019087   0.5532838   5.7495697   3.0821344   0.9977048   0.5455298   5.7431707
  35.0000000   0.0052552   0.0021861   0.0014073   0.0112285   0.0022522   0.0007903   0.0004600   0.0067531   0.0000157   0.0000078  -0.0046414   0.0000030   0.0000000   0.0000000  -0.0003723   0.0000000   3.0854580   0.9997256   0.5565187   5.7383382   3.0710242   0.9953869   0.5374175   5.7335089   3.0906914   1.0019087   0.5532838   5.7495697   3.0732763   0.9961772   0.5375052   5.7402620
  36.0000000   0.0053190   0.0022045   0.0014465   0.0114710   0.0022323   0.0007773   0.0004807   0.0068294   0.0000159   0.0000078  -0.0046603   0.0000032   0.0000000   0.0000000  -0.0003922   0.0000000   3.0853950   0.9997074   0.5564984   5.7380955   3.0713113   0.9954185   0.5382493   5.7307203   3.0906914   1.0019087   0.5532838   5.7495697   3.0735436   0.9961959   0.5383378   5.7375496
  37.0000000   0.0053857   0.0022241   0.0014833   0.0117238   0.0022214   0.0007668   0.0004954   0.0069072   0.0000012   0.0000005  -0.0046107   0.0000021   0.0000000   0.0000000  -0.0002444   0.0000000   3.0853438   0.9996953   0.5564121   5.7378437   3.0802691   0.9969798   0.5475727   5.7290460   3.0906914   1.0019087   0.5532838   5.7495697   3.0824905   0.9977467   0.5478237   5.7359532
  38.0000000   0.0054547   0.0022446   0.0015182   0.0119860   0.0022044   0.0007557   0.0005060   0.0069864   0.0000015   0.0000007  -0.0022390   0.0000018   0.0000000   0.0000000  -0.0002182   0.0000000   3.0852754   0.9996749   0.5540054   5.7375819   3.0789553   0.9968604   0.5467026   5.7270346   3.0906914   1.0019087   0.5532838   5.7495697   3.0811597   0.9976161   0.5469904   5.7340210
  39.0000000   0.0055258   0.0022660   0.0015517   0.0122566   0.0021827   0.0007443   0.0005142   0.0070665   0.0000149   0.0000074  -0.0020025   0.0000016   0.0000000   0.0000000  -0.0003784   0.0000000   3.0851917   0.9996471   0.5537355   5.7373114   3.0688834   0.9951660   0.5371812   5.7252535   3.0906914   1.0019087   0.5532838   5.7495697   3.0710661   0.9959103   0.5373170   5.7323201
  40.0000000   0.0055986   0.0022879   0.0015838   0.0125349   0.0021758   0.0007361   0.0005307   0.0071469   0.0000012   0.0000006  -0.0017542   0.0000015   0.0000000   0.0000000  -0.0002372   0.0000000   3.0851335   0.9996322   0.5534551   5.7370333   3.0771140   0.9966528   0.5458573   5.7238002   3.0906914   1.0019087   0.5532838   5.7495697   3.0792898   0.9973889   0.5461508   5.7309472
  41.0000000   0.0056727   0.0023104   0.0016150   0.0128201   0.0021644   0.0007276   0.0005288   0.0072215   0.0000012   0.0000005  -0.0015267   0.0000014   0.0000000   0.0000000  -0.0001992   0.0000000   3.0850602   0.9996100   0.5531965   5.7367481   3.0767152   0.9966410   0.5458928   5.7225231   3.0906914   1.0019087   0.5532838   5.7495697   3.0788797   0.9973686   0.5462224   5.7297446
  42.0000000   0.0057481   0.0023333   0.0016452   0.0131117   0.0021550   0.0007197   0.0005327   0.0072911   0.0000006   0.0000002  -0.0014082   0.0000014   0.0000000   0.0000000  -0.0001356   0.0000000   3.0849862   0.9995876   0.5530478   5.7364566   3.0786313   0.9969839   0.5481199   5.7213265   3.0906914   1.0019087   0.5532838   5.7495697   3.0807863   0.9977036   0.5485170   5.7286176
  43.0000000   0.0058245   0.0023565   0.0016745   0.0134090   0.0021447   0.0007120   0.0005340   0.0073547   0.0000006   0.0000002  -0.0012595   0.0000014   0.0000000   0.0000000  -0.0000607   0.0000000   3.0849106   0.9995646   0.5528697   5.7361593   3.0784228   0.9969513   0.5483746   5.7203340   3.0906914   1.0019087   0.5532838   5.7495697   3.0805675   0.9976633   0.5488478   5.7276887
  44.0000000   0.0059018   0.0023800   0.0017032   0.0137115   0.0021350   0.0007048   0.0005330   0.0074106   0.0000006   0.0000002  -0.0012176   0.0000013   0.0000000   0.0000000  -0.0000504   0.0000000   3.0848342   0.9995414   0.5527992   5.7358568   3.0782493   0.9969254   0.5494658   5.7200659   3.0906914   1.0019087   0.5532838   5.7495697   3.0803843   0.9976301   0.5499485   5.7274765
  45.0000000   0.0059797   0.0024038   0.0017310   0.0140186   0.0021257   0.0006978   0.0005300   0.0074575   0.0000005   0.0000002  -0.0003581   0.0000013   0.0000000   0.0000000  -0.0000498   0.0000000   3.0847570   0.9995179   0.5519118   5.7355498   3.0782472   0.9969921   0.5482513   5.7191650   3.0906914   1.0019087   0.5532838   5.7495697   3.0803729   0.9976899   0.5487316   5.7266225
  46.0000000   0.0060583   0.0024277   0.0017581   0.0143296   0.0021166   0.0006912   0.0005255   0.0074944   0.0000005   0.0000002  -0.0003013   0.0000013   0.0000000   0.0000000  -0.0000601   0.0000000   3.0846793   0.9994942   0.5518280   5.7352388   3.0781643   0.9970172   0.5483775   5.7182888   3.0906914   1.0019087   0.5532838   5.7495697   3.0802809   0.9977083   0.5488429   5.7257832
  47.0000000   0.0061373   0.0024517   0.0017844   0.0146438   0.0021077   0.0006848   0.0005195   0.0075203   0.0000005   0.0000002  -0.0002643   0.0000013   0.0000000   0.0000000  -0.0000600   0.0000000   3.0846010   0.9994704   0.5517647   5.7349245   3.0780502   0.9970191   0.5486747   5.7174737   3.0906914   1.0019087   0.5532838   5.7495697   3.0801579   0.9977039   0.5491341   5.7249940
  48.0000000   0.0062167   0.0024758   0.0018100   0.0149607   0.0020987   0.0006785   0.0005120   0.0075346   0.0000005   0.0000002  -0.0002442   0.0000013   0.0000000   0.0000000  -0.0000634   0.0000000   3.0845224   0.9994465   0.5517191   5.7346076   3.0779387   0.9970159   0.5485955   5.7166540   3.0906914   1.0019087   0.5532838   5.7495697   3.0800373   0.9976945   0.5490441   5.7241887
  49.0000000   0.0062963   0.0025000   0.0018346   0.0152794   0.0020896   0.0006725   0.0005034   0.0075367   0.0000005   0.0000002  -0.0002278   0.0000013   0.0000000   0.0000000  -0.0000636   0.0000000   3.0844435   0.9994225   0.5516780   5.7342889   3.0778161   0.9970060   0.5488412   5.7158775   3.0906914   1.0019087   0.5532838   5.7495697   3.0799057   0.9976785   0.5492809   5.7234142
  50.0000000   0.0063762   0.0025242   0.0018584   0.0155992   0.0020803   0.0006666   0.0004937   0.0075262   0.0000005   0.0000002  -0.0002177   0.0000013   0.0000000   0.0000000  -0.0000658   0.0000000   3.0843644   0.9993985   0.5516442   5.7339692   3.0776992   0.9969943   0.5489845   5.7151272   3.0906914   1.0019087   0.5532838   5.7495697   3.0797795   0.9976608   0.5494123   5.7226534
  51.0000000   0.0064561   0.0025484   0.0018813   0.0159192   0.0020708   0.0006607   0.0004832   0.0075031   0.0000005   0.0000002  -0.0002090   0.0000013   0.0000000   0.0000000  -0.0000660   0.0000000   3.0842851   0.9993746   0.5516126   5.7336492   3.0775872   0.9969816   0.5491247   5.7144129   3.0906914   1.0019087   0.5532838   5.7495697   3.0796579   0.9976424   0.5495419   5.7219160
  52.0000000   0.0065361   0.0025725   0.0019032   0.0162385   0.0020609   0.0006550   0.0004722   0.0074675   0.0000005   0.0000002  -0.0002025   0.0000013   0.0000000   0.0000000  -0.0000672   0.0000000   3.0842059   0.9993506   0.5515842   5.7333298   3.0774793   0.9969681   0.5492382   5.7137489   3.0906914   1.0019087   0.5532838   5.7495697   3.0795402   0.9976231   0.5496432   5.7212164
  53.0000000   0.0066160   0.0025966   0.0019242   0.0165564   0.0020507   0.0006493   0.0004607   0.0074197   0.0000005   0.0000002  -0.0001977   0.0000013   0.0000000   0.0000000  -0.0000679   0.0000000   3.0841266   0.9993267   0.5515585   5.7330120   3.0773782   0.9969552   0.5493455   5.7131384   3.0906914   1.0019087   0.5532838   5.7495697   3.0794289   0.9976045   0.5497383   5.7205582
  54.0000000   0.0066958   0.0026207   0.0019442   0.0168718   0.0020402   0.0006437   0.0004489   0.0073603   0.0000004   0.0000002  -0.0001931   0.0000013   0.0000000   0.0000000  -0.0000675   0.0000000   3.0840475   0.9993029   0.5515338   5.7326965   3.0772824   0.9969425   0.5494250   5.7125732   3.0906914   1.0019087   0.5532838   5.7495697   3.0793227   0.9975861   0.5498064   5.7199335
  55.0000000   0.0067755   0.0026446   0.0019632   0.0171840   0.0020293   0.0006380   0.0004369   0.0072897   0.0000004   0.0000002  -0.0001895   0.0000013   0.0000000   0.0000000  -0.0000675   0.0000000   3.0839686   0.9992791   0.5515113   5.7323843   3.0771913   0.9969300   0.5494648   5.7120433   3.0906914   1.0019087   0.5532838   5.7495697   3.0792207   0.9975680   0.5498342   5.7193330
  56.0000000   0.0068548   0.0026684   0.0019811   0.0174921   0.0020180   0.0006325   0.0004249   0.0072087   0.0000004   0.0000001  -0.0001864   0.0000014   0.0000000   0.0000000  -0.0000672   0.0000000   3.0838899   0.9992555   0.5514902   5.7320762   3.0771038   0.9969178   0.5495338   5.7115587   3.0906914   1.0019087   0.5532838   5.7495697   3.0791219   0.9975503   0.5498915   5.7187674
  57.0000000   0.0069339   0.0026921   0.0019981   0.0177952   0.0020064   0.0006269   0.0004129   0.0071180   0.0000004   0.0000001  -0.0001837   0.0000014   0.0000000   0.0000000  -0.0000667   0.0000000   3.0838115   0.9992320   0.5514706   5.7317731   3.0770206   0.9969060   0.5495958   5.7111142   3.0906914   1.0019087   0.5532838   5.7495697   3.0790270   0.9975329   0.5499421   5.7182322
  58.0000000   0.0070125   0.0027157   0.0020141   0.0180927   0.0019944   0.0006213   0.0004012   0.0070184   0.0000004   0.0000001  -0.0001815   0.0000014   0.0000000   0.0000000  -0.0000661   0.0000000   3.0837335   0.9992086   0.5514524   5.7314756   3.0769426   0.9968952   0.5496834   5.7107258   3.0906914   1.0019087   0.5532838   5.7495697   3.0789370   0.9975165   0.5500185   5.7177443
  59.0000000   0.0070908   0.0027391   0.0020292   0.0183837   0.0019820   0.0006158   0.0003896   0.0069109   0.0000004   0.0000001  -0.0001748   0.0000014   0.0000000   0.0000000  -0.0000650   0.0000000   3.0836559   0.9991853   0.5514307   5.7311846   3.0768709   0.9968857   0.5499121   5.7103788   3.0906914   1.0019087   0.5532838   5.7495697   3.0788529   0.9975015   0.5502367   5.7172897
  60.0000000   0.0071686   0.0027624   0.0020433   0.0186678   0.0019693   0.0006103   0.0003783   0.0067962   0.0000004   0.0000001  -0.0001747   0.0000014   0.0000000   0.0000000  -0.0000581   0.0000000   3.0835787   0.9991623   0.5514164   5.7309005   3.0768124   0.9968791   0.5499454   5.7100997   3.0906914   1.0019087   0.5532838   5.7495697   3.0787818   0.9974894   0.5502656   5.7168959
  61.0000000   0.0072458   0.0027855   0.0020566   0.0189443   0.0019563   0.0006047   0.0003671   0.0066751   0.0000004   0.0000001  -0.0001714   0.0000014   0.0000000   0.0000000  -0.0000559   0.0000000   3.0835021   0.9991394   0.5513998   5.7306240   3.0767618   0.9968760   0.5498304   5.7098130   3.0906914   1.0019087   0.5532838   5.7495697   3.0787182   0.9974808   0.5501415   5.7164882
  62.0000000   0.0073225   0.0028084   0.0020692   0.0192130   0.0019430   0.0005992   0.0003562   0.0065485   0.0000004   0.0000001  -0.0001690   0.0000014   0.0000000   0.0000000  -0.0000540   0.0000000   3.0834260   0.9991166   0.5513849   5.7303553   3.0767063   0.9968708   0.5498412   5.7095504   3.0906914   1.0019087   0.5532838   5.7495697   3.0786493   0.9974700   0.5501434   5.7160990
  63.0000000   0.0073986   0.0028311   0.0020811   0.0194733   0.0019295   0.0005937   0.0003456   0.0064172   0.0000004   0.0000001  -0.0001673   0.0000014   0.0000000   0.0000000  -0.0000527   0.0000000   3.0833505   0.9990941   0.5513713   5.7300950   3.0766521   0.9968652   0.5498850   5.7093142   3.0906914   1.0019087   0.5532838   5.7495697   3.0785816   0.9974589   0.5501779   5.7157314
  64.0000000   0.0074741   0.0028536   0.0020923   0.0197253   0.0019156   0.0005882   0.0003354   0.0062820   0.0000004   0.0000001  -0.0001660   0.0000014   0.0000000   0.0000000  -0.0000516   0.0000000   3.0832756   0.9990718   0.5513588   5.7298430   3.0766016   0.9968601   0.5498680   5.7091256   3.0906914   1.0019087   0.5532838   5.7495697   3.0785173   0.9974483   0.5501517   5.7154076
  65.0000000   0.0075489   0.0028759   0.0021029   0.0199686   0.0019015   0.0005827   0.0003255   0.0061435   0.0000004   0.0000001  -0.0001651   0.0000014   0.0000000   0.0000000  -0.0000505   0.0000000   3.0832014   0.9990497   0.5513472   5.7295997   3.0765523   0.9968550   0.5499191   5.7089689   3.0906914   1.0019087   0.5532838   5.7495697   3.0784538   0.9974377   0.5501941   5.7151124
  66.0000000   0.0076231   0.0028979   0.0021131   0.0202033   0.0018873   0.0005772   0.0003159   0.0060025   0.0000004   0.0000001  -0.0001643   0.0000014   0.0000000   0.0000000  -0.0000493   0.0000000   3.0831277   0.9990277   0.5513363   5.7293650   3.0765071   0.9968508   0.5499787   5.7088502   3.0906914   1.0019087   0.5532838   5.7495697   3.0783944   0.9974280   0.5502453   5.7148528
  67.0000000   0.0076966   0.0029198   0.0021228   0.0204294   0.0018728   0.0005717   0.0003067   0.0058597   0.0000004   0.0000001  -0.0001635   0.0000014   0.0000000   0.0000000  -0.0000482   0.0000000   3.0830548   0.9990060   0.5513258   5.7291389   3.0764667   0.9968476   0.5500493   5.7087657   3.0906914   1.0019087   0.5532838   5.7495697   3.0783395   0.9974193   0.5503078   5.7146254
  68.0000000   0.0077695   0.0029415   0.0021321   0.0206469   0.0018581   0.0005662   0.0002978   0.0057157   0.0000004   0.0000001  -0.0001628   0.0000013   0.0000000   0.0000000  -0.0000471   0.0000000   3.0829825   0.9989845   0.5513159   5.7289214   3.0764320   0.9968458   0.5501060   5.7087877   3.0906914   1.0019087   0.5532838   5.7495697   3.0782902   0.9974120   0.5503567   5.7145034
  69.0000000   0.0078416   0.0029629   0.0021410   0.0208560   0.0018433   0.0005608   0.0002891   0.0055708   0.0000004   0.0000001  -0.0000939   0.0000013   0.0000000   0.0000000  -0.0000808   0.0000000   3.0829110   0.9989632   0.5512381   5.7287123   3.0763917   0.9968389   0.5501023   5.7088178   3.0906914   1.0019087   0.5532838   5.7495697   3.0782350   0.9973996   0.5503106   5.7143886
  70.0000000   0.0079131   0.0029841   0.0021496   0.0210569   0.0018284   0.0005553   0.0002807   0.0054258   0.0000004   0.0000001  -0.0000788   0.0000013   0.0000000   0.0000000  -0.0000627   0.0000000   3.0828401   0.9989422   0.5512144   5.7285115   3.0763734   0.9968443   0.5500733   5.7089353   3.0906914   1.0019087   0.5532838   5.7495697   3.0782018   0.9973996   0.5502913   5.7143611
  71.0000000   0.0079838   0.0030052   0.0021579   0.0212496   0.0018133   0.0005499   0.0002727   0.0052810   0.0000004   0.0000001  -0.0000727   0.0000013   0.0000000   0.0000000  -0.0000625   0.0000000   3.0827699   0.9989213   0.5512000   5.7283187   3.0763567   0.9968468   0.5500600   5.7090066   3.0906914   1.0019087   0.5532838   5.7495697   3.0781700   0.9973967   0.5502702   5.7142876
  72.0000000   0.0080538   0.0030259   0.0021659   0.0214346   0.0017981   0.0005444   0.0002650   0.0051369   0.0000004   0.0000001  -0.0000644   0.0000013   0.0000000   0.0000000  -0.0000585   0.0000000   3.0827003   0.9989007   0.5511836   5.7281338   3.0763343   0.9968480   0.5500957   5.7090878   3.0906914   1.0019087   0.5532838   5.7495697   3.0781324   0.9973924   0.5503021   5.7142246
  73.0000000   0.0081232   0.0030465   0.0021737   0.0216120   0.0017828   0.0005390   0.0002575   0.0049938   0.0000004   0.0000001  -0.0000585   0.0000013   0.0000000   0.0000000  -0.0000549   0.0000000   3.0826315   0.9988803   0.5511701   5.7279564   3.0763130   0.9968494   0.5501017   5.7091847   3.0906914   1.0019087   0.5532838   5.7495697   3.0780958   0.9973885   0.5503043   5.7141784
  74.0000000   0.0081918   0.0030669   0.0021812   0.0217820   0.0017675   0.0005337   0.0002503   0.0048521   0.0000004   0.0000001  -0.0000507   0.0000013   0.0000000   0.0000000  -0.0000481   0.0000000   3.0825634   0.9988601   0.5511547   5.7277864   3.0762940   0.9968517   0.5501089   5.7092991   3.0906914   1.0019087   0.5532838   5.7495697   3.0780615   0.9973853   0.5503110   5.7141512
  75.0000000   0.0082598   0.0030870   0.0021885   0.0219449   0.0017521   0.0005283   0.0002433   0.0047120   0.0000004   0.0000001  -0.0000417   0.0000013   0.0000000   0.0000000  -0.0000419   0.0000000   3.0824959   0.9988401   0.5511384   5.7276235   3.0762770   0.9968544   0.5501139   5.7094298   3.0906914   1.0019087   0.5532838   5.7495697   3.0780291   0.9973827   0.5503152   5.7141418
  76.0000000   0.0083270   0.0031069   0.0021956   0.0221011   0.0017366   0.0005229   0.0002365   0.0045737   0.0000004   0.0000001  -0.0000365   0.0000012   0.0000000   0.0000000  -0.0000365   0.0000000   3.0824292   0.9988203   0.5511260   5.7274673   3.0762622   0.9968579   0.5501128   5.7095689   3.0906914   1.0019087   0.5532838   5.7495697   3.0779988   0.9973808   0.5503129   5.7141427
  77.0000000   0.0083936   0.0031266   0.0022026   0.0222507   0.0017211   0.0005176   0.0002300   0.0044376   0.0000004   0.0000001  -0.0000309   0.0000012   0.0000000   0.0000000  -0.0000318   0.0000000   3.0823631   0.9988007   0.5511135   5.7273178   3.0762485   0.9968615   0.5501204   5.7097236   3.0906914   1.0019087   0.5532838   5.7495697   3.0779696   0.9973791   0.5503187   5.7141613
  78.0000000   0.0084595   0.0031461   0.0022093   0.0223940   0.0017055   0.0005123   0.0002237   0.0043038   0.0000004   0.0000001  -0.0000282   0.0000012   0.0000000   0.0000000  -0.0000283   0.0000000   3.0822977   0.9987814   0.5511041   5.7271745   3.0762370   0.9968658   0.5501509   5.7099033   3.0906914   1.0019087   0.5532838   5.7495697   3.0779426   0.9973781   0.5503464   5.7142072
  79.0000000   0.0085247   0.0031654   0.0022159   0.0225313   0.0016900   0.0005070   0.0002177   0.0041724   0.0000004   0.0000001  -0.0000261   0.0000012   0.0000000   0.0000000  -0.0000254   0.0000000   3.0822330   0.9987622   0.5510954   5.7270371   3.0762275   0.9968702   0.5501600   5.7101080   3.0906914   1.0019087   0.5532838   5.7495697   3.0779174   0.9973773   0.5503523   5.7142804
  80.0000000   0.0085892   0.0031845   0.0022224   0.0226629   0.0016744   0.0005018   0.0002118   0.0040436   0.0000004   0.0000001  -0.0000257   0.0000012   0.0000000   0.0000000  -0.0000232   0.0000000   3.0821690   0.9987433   0.5510886   5.7269056   3.0762195   0.9968750   0.5501693   5.7103202   3.0906914   1.0019087   0.5532838   5.7495697   3.0778939   0.9973768   0.5503578   5.7143637
  81.0000000   0.0086530   0.0032033   0.0022286   0.0227890   0.0016588   0.0004966   0.0002061   0.0039174   0.0000004   0.0000001  -0.0000290   0.0000011   0.0000000   0.0000000  -0.0000212   0.0000000   3.0821056   0.9987246   0.5510856   5.7267795   3.0762126   0.9968799   0.5501609   5.7105315   3.0906914   1.0019087   0.5532838   5.7495697   3.0778715   0.9973765   0.5503457   5.7144489
  82.0000000   0.0087162   0.0032220   0.0022348   0.0229099   0.0016432   0.0004914   0.0002006   0.0037939   0.0000004   0.0000001  -0.0000310   0.0000011   0.0000000   0.0000000  -0.0000192   0.0000000   3.0820429   0.9987061   0.5510815   5.7266587   3.0762059   0.9968847   0.5501746   5.7107479   3.0906914   1.0019087   0.5532838   5.7495697   3.0778491   0.9973761   0.5503560   5.7145418
  83.0000000   0.0087787   0.0032404   0.0022407   0.0230257   0.0016276   0.0004862   0.0001952   0.0036731   0.0000004   0.0000001  -0.0000299   0.0000011   0.0000000   0.0000000  -0.0000176   0.0000000   3.0819808   0.9986877   0.5510744   5.7265428   3.0761998   0.9968894   0.5501628   5.7109619   3.0906914   1.0019087   0.5532838   5.7495697   3.0778275   0.9973756   0.5503404   5.7146350
  84.0000000   0.0088405   0.0032587   0.0022466   0.0231368   0.0016121   0.0004811   0.0001900   0.0035552   0.0000004   0.0000001  -0.0000289   0.0000011   0.0000000   0.0000000  -0.0000162   0.0000000   3.0819194   0.9986696   0.5510677   5.7264318   3.0761880   0.9968911   0.5500914   5.7111547   3.0906914   1.0019087   0.5532838   5.7495697   3.0778000   0.9973721   0.5502652   5.7147099
  85.0000000   0.0084380   0.0030414   0.0002474   0.0227296   0.0015965   0.0004759   0.0001850   0.0034401   0.0000004   0.0000001  -0.0000281   0.0000011   0.0000000   0.0000000  -0.0000148   0.0000000   3.0823224   0.9988870   0.5530660   5.7268390   3.0766389   0.9971283   0.5521113   5.7118689   3.0906914   1.0019087   0.5532838   5.7495697   3.0782354   0.9976043   0.5522815   5.7153090
  86.0000000   0.0081778   0.0029110   0.0001488   0.0221749   0.0015810   0.0004709   0.0001801   0.0033278   0.0000004   0.0000001  -0.0000275   0.0000010   0.0000000   0.0000000  -0.0000138   0.0000000   3.0825830   0.9990175   0.5531641   5.7273937   3.0769430   0.9972762   0.5521885   5.7127376   3.0906914   1.0019087   0.5532838   5.7495697   3.0785240   0.9977470   0.5523549   5.7160654
  87.0000000   0.0079173   0.0027847   0.0003009   0.0216556   0.0015655   0.0004658   0.0001755   0.0032185   0.0000004   0.0000001  -0.0000270   0.0000010   0.0000000   0.0000000  -0.0000128   0.0000000   3.0828440   0.9991439   0.5530114   5.7279131   3.0772488   0.9974207   0.5520424   5.7135722   3.0906914   1.0019087   0.5532838   5.7495697   3.0788143   0.9978865   0.5522051   5.7167907
  88.0000000   0.0076975   0.0026792   0.0004732   0.0211991   0.0015500   0.0004608   0.0001709   0.0031119   0.0000004   0.0000001  -0.0000244   0.0000010   0.0000000   0.0000000  -0.0000146   0.0000000   3.0830643   0.9992496   0.5528366   5.7283696   3.0775132   0.9975442   0.5518851   5.7143381   3.0906914   1.0019087   0.5532838   5.7495697   3.0790633   0.9980050   0.5520415   5.7174501
  89.0000000   0.0075067   0.0025878   0.0005955   0.0207920   0.0015346   0.0004558   0.0001665   0.0030082   0.0000003   0.0000001  -0.0000207   0.0000010   0.0000000   0.0000000  -0.0000140   0.0000000   3.0832554   0.9993411   0.5527106   5.7287767   3.0777454   0.9976517   0.5518100   5.7150641   3.0906914   1.0019087   0.5532838   5.7495697   3.0792800   0.9981075   0.5519625   5.7180724
  90.0000000   0.0073396   0.0025078   0.0007058   0.0204320   0.0015193   0.0004508   0.0001623   0.0029074   0.0000003   0.0000001  -0.0000191   0.0000009   0.0000000   0.0000000  -0.0000122   0.0000000   3.0834230   0.9994212   0.5525987   5.7291368   3.0779541   0.9977474   0.5517263   5.7157428   3.0906914   1.0019087   0.5532838   5.7495697   3.0794734   0.9981982   0.5518765   5.7186502
  91.0000000   0.0071940   0.0024381   0.0007880   0.0201078   0.0015040   0.0004459   0.0001581   0.0028093   0.0000003   0.0000001  -0.0000182   0.0000009   0.0000000   0.0000000  -0.0000111   0.0000000   3.0835690   0.9994910   0.5525156   5.7294609   3.0781435   0.9978336   0.5516834   5.7163907   3.0906914   1.0019087   0.5532838   5.7495697   3.0796475   0.9982795   0.5518305   5.7191999
  92.0000000   0.0070653   0.0023765   0.0008539   0.0198127   0.0014887   0.0004410   0.0001541   0.0027139   0.0000003   0.0000001  -0.0000141   0.0000009   0.0000000   0.0000000  -0.0000069   0.0000000   3.0836980   0.9995527   0.5524456   5.7297561   3.0783144   0.9979105   0.5516294   5.7169983   3.0906914   1.0019087   0.5532838   5.7495697   3.0798032   0.9983515   0.5517766   5.7197122
  93.0000000   0.0069509   0.0023217   0.0009048   0.0195401   0.0014735   0.0004361   0.0001502   0.0026212   0.0000003   0.0000001  -0.0000117   0.0000009   0.0000000   0.0000000  -0.0000051   0.0000000   3.0838128   0.9996077   0.5523923   5.7300287   3.0784772   0.9979836   0.5515661   5.7175787   3.0906914   1.0019087   0.5532838   5.7495697   3.0799507   0.9984197   0.5517112   5.7202000
  94.0000000   0.0068481   0.0022725   0.0009445   0.0192853   0.0014584   0.0004313   0.0001464   0.0025312   0.0000003   0.0000001  -0.0000101   0.0000008   0.0000000   0.0000000  -0.0000040   0.0000000   3.0839161   0.9996570   0.5523510   5.7302835   3.0786216   0.9980478   0.5515171   5.7181360   3.0906914   1.0019087   0.5532838   5.7495697   3.0800800   0.9984791   0.5516595   5.7206673
  95.0000000   0.0072185   0.0024632   0.0029799   0.0195580   0.0014433   0.0004265   0.0001427   0.0024438   0.0000003   0.0000001  -0.0000084   0.0000008   0.0000000   0.0000000  -0.0000026   0.0000000   3.0835460   0.9994664   0.5503139   5.7300109   3.0782915   0.9978717   0.5495143   5.7181537   3.0906914   1.0019087   0.5532838   5.7495697   3.0797348   0.9982982   0.5496545   5.7205975
  96.0000000   0.0069902   0.0023354   0.0011025   0.0194706   0.0014283   0.0004217   0.0001392   0.0023590   0.0000003   0.0000001  -0.0000078   0.0000008   0.0000000   0.0000000  -0.0000022   0.0000000   3.0837747   0.9995943   0.5521908   5.7300983   3.0785620   0.9980148   0.5514354   5.7185447   3.0906914   1.0019087   0.5532838   5.7495697   3.0799903   0.9984365   0.5515724   5.7209037
  97.0000000   0.0069112   0.0022937   0.0008688   0.0192086   0.0014133   0.0004170   0.0001357   0.0022767   0.0000003   0.0000001  -0.0000076   0.0000008   0.0000000   0.0000000  -0.0000019   0.0000000   3.0838540   0.9996361   0.5524242   5.7303603   3.0786850   0.9980722   0.5516733   5.7191128   3.0906914   1.0019087   0.5532838   5.7495697   3.0800984   0.9984892   0.5518071   5.7213895
  98.0000000   0.0067969   0.0022382   0.0008607   0.0189252   0.0013985   0.0004123   0.0001323   0.0021968   0.0000003   0.0000001  -0.0000075   0.0000007   0.0000000   0.0000000  -0.0000018   0.0000000   3.0839687   0.9996917   0.5524322   5.7306437   3.0788475   0.9981455   0.5516761   5.7197007   3.0906914   1.0019087   0.5532838   5.7495697   3.0802460   0.9985578   0.5518066   5.7218976
  99.0000000   0.0066988   0.0021915   0.0009185   0.0186596   0.0013837   0.0004076   0.0001290   0.0021194   0.0000003   0.0000001  -0.0000073   0.0000007   0.0000000   0.0000000  -0.0000017   0.0000000   3.0840672   0.9997385   0.5523743   5.7309094   3.0789915   0.9982089   0.5516621   5.7202685   3.0906914   1.0019087   0.5532838   5.7495697   3.0803752   0.9986165   0.5517894   5.7223879
 100.0000000   0.0066102   0.0021499   0.0009347   0.0183991   0.0013690   0.0004030   0.0001258   0.0020443   0.0000003   0.0000001  -0.0000072   0.0000007   0.0000000   0.0000000  -0.0000015   0.0000000   3.0841562   0.9997802   0.5523579   5.7311698   3.0791254   0.9982665   0.5516809   5.7208244   3.0906914   1.0019087   0.5532838   5.7495697   3.0804944   0.9986696   0.5518052   5.7228687
 101.0000000   0.0065270   0.0021110   0.0009640   0.0181515   0.0013543   0.0003984   0.0001227   0.0019715   0.0000003   0.0000001  -0.0000071   0.0000007   0.0000000   0.0000000  -0.0000014   0.0000000   3.0842397   0.9998192   0.5523285   5.7314175   3.0792554   0.9983218   0.5516589   5.7213515   3.0906914   1.0019087   0.5532838   5.7495697   3.0806098   0.9987202   0.5517801   5.7233230
 102.0000000   0.0069149   0.0023112   0.0029837   0.0184250   0.0013398   0.0003939   0.0001196   0.0019010   0.0000003   0.0000001  -0.0000069   0.0000006   0.0000000   0.0000000  -0.0000012   0.0000000   3.0838522   0.9996191   0.5503086   5.7311441   3.0789141   0.9981379   0.5496649   5.7213596   3.0906914   1.0019087   0.5532838   5.7495697   3.0802539   0.9985318   0.5497833   5.7232606
 103.0000000   0.0071650   0.0024270   0.0030991   0.0188476   0.0013253   0.0003893   0.0001167   0.0018326   0.0000003   0.0000001  -0.0000068   0.0000006   0.0000000   0.0000000  -0.0000011   0.0000000   3.0836024   0.9995035   0.5501932   5.7307214   3.0787094   0.9980377   0.5495180   5.7212194   3.0906914   1.0019087   0.5532838   5.7495697   3.0800347   0.9984270   0.5496335   5.7230520
 104.0000000   0.0074195   0.0025408   0.0029578   0.0192345   0.0013109   0.0003849   0.0001137   0.0017664   0.0000003   0.0000001  -0.0000064   0.0000006   0.0000000   0.0000000  -0.0000010   0.0000000   3.0833482   0.9993897   0.5503341   5.7303345   3.0784991   0.9979392   0.5496385   5.7210973   3.0906914   1.0019087   0.5532838   5.7495697   3.0798101   0.9983241   0.5497513   5.7228636
 105.0000000   0.0076363   0.0026357   0.0027924   0.0195568   0.0012966   0.0003804   0.0001109   0.0017022   0.0000003   0.0000001  -0.0000053   0.0000006   0.0000000   0.0000000  -0.0000006   0.0000000   3.0831317   0.9992949   0.5504984   5.7300123   3.0783225   0.9978581   0.5498186   5.7210357   3.0906914   1.0019087   0.5532838   5.7495697   3.0796192   0.9982385   0.5499290   5.7227380
 106.0000000   0.0078264   0.0027177   0.0026733   0.0198266   0.0012824   0.0003760   0.0001082   0.0016401   0.0000003   0.0000001  -0.0000042   0.0000006   0.0000000   0.0000000  -0.0000008   0.0000000   3.0829420   0.9992130   0.5506164   5.7297425   3.0781739   0.9977903   0.5499551   5.7210243   3.0906914   1.0019087   0.5532838   5.7495697   3.0794563   0.9981663   0.5500625   5.7226644
 107.0000000   0.0079948   0.0027897   0.0025634   0.0200454   0.0012683   0.0003716   0.0001055   0.0015799   0.0000003   0.0000001  -0.0000037   0.0000005   0.0000000   0.0000000  -0.0000005   0.0000000   3.0827739   0.9991411   0.5507258   5.7295237   3.0780473   0.9977327   0.5500907   5.7210533   3.0906914   1.0019087   0.5532838   5.7495697   3.0793156   0.9981043   0.5501957   5.7226332
 108.0000000   0.0081431   0.0028523   0.0024790   0.0202237   0.0012542   0.0003673   0.0001029   0.0015217   0.0000003   0.0000001  -0.0000034   0.0000005   0.0000000   0.0000000  -0.0000004   0.0000000   3.0826259   0.9990786   0.5508099   5.7293454   3.0779418   0.9976847   0.5501887   5.7211182   3.0906914   1.0019087   0.5532838   5.7495697   3.0791960   0.9980520   0.5502911   5.7226399
 109.0000000   0.0082754   0.0029076   0.0024089   0.0203677   0.0012403   0.0003630   0.0001004   0.0014654   0.0000003   0.0000001  -0.0000032   0.0000005   0.0000000   0.0000000  -0.0000004   0.0000000   3.0824940   0.9990233   0.5508798   5.7292015   3.0778524   0.9976440   0.5503119   5.7212262   3.0906914   1.0019087   0.5532838   5.7495697   3.0790927   0.9980070   0.5504119   5.7226915
 110.0000000   0.0083942   0.0029569   0.0023520   0.0204834   0.0012264   0.0003587   0.0000978   0.0014109   0.0000003   0.0000001  -0.0000030   0.0000005   0.0000000   0.0000000  -0.0000003   0.0000000   3.0823754   0.9989742   0.5509365   5.7290858   3.0777815   0.9976114   0.5502597   5.7213463   3.0906914   1.0019087   0.5532838   5.7495697   3.0790080   0.9979701   0.5503573   5.7227572
 111.0000000   0.0085020   0.0030011   0.0023047   0.0205753   0.0012126   0.0003544   0.0000950   0.0013580   0.0000003   0.0000001  -0.0000031   0.0000005   0.0000000   0.0000000  -0.0000005   0.0000000   3.0822679   0.9989301   0.5509839   5.7289939   3.0777054   0.9975771   0.5498310   5.7213740   3.0906914   1.0019087   0.5532838   5.7495697   3.0789180   0.9979315   0.5499256   5.7227320
 112.0000000   0.0086005   0.0030411   0.0022653   0.0206472   0.0011989   0.0003502   0.0000928   0.0013069   0.0000003   0.0000001  -0.0000028   0.0000005   0.0000000   0.0000000  -0.0000002   0.0000000   3.0821697   0.9988901   0.5510230   5.7289220   3.0776248   0.9975464   0.5501067   5.7214447   3.0906914   1.0019087   0.5532838   5.7495697   3.0788238   0.9978966   0.5501993   5.7227516
 113.0000000   0.0086912   0.0030776   0.0022320   0.0207020   0.0011853   0.0003461   0.0000905   0.0012575   0.0000003   0.0000001  -0.0000030   0.0000004   0.0000000   0.0000000  -0.0000006   0.0000000   3.0820794   0.9988537   0.5510566   5.7288672   3.0775617   0.9975211   0.5502070   5.7215310   3.0906914   1.0019087   0.5532838   5.7495697   3.0787471   0.9978671   0.5502969   5.7227885
 114.0000000   0.0087751   0.0031111   0.0022037   0.0207422   0.0011718   0.0003419   0.0000882   0.0012098   0.0000003   0.0000001  -0.0000030   0.0000004   0.0000000   0.0000000  -0.0000007   0.0000000   3.0819957   0.9988203   0.5510848   5.7288270   3.0775019   0.9974962   0.5501750   5.7216220   3.0906914   1.0019087   0.5532838   5.7495697   3.0786737   0.9978382   0.5502626   5.7228318
 115.0000000   0.0088533   0.0031421   0.0021795   0.0207700   0.0011584   0.0003378   0.0000860   0.0011636   0.0000003   0.0000001  -0.0000030   0.0000004   0.0000000   0.0000000  -0.0000008   0.0000000   3.0819178   0.9987894   0.5511090   5.7287993   3.0774506   0.9974763   0.5502362   5.7216878   3.0906914   1.0019087   0.5532838   5.7495697   3.0786090   0.9978141   0.5503214   5.7228514
 116.0000000   0.0089265   0.0031708   0.0021588   0.0207871   0.0011451   0.0003338   0.0000838   0.0011189   0.0000003   0.0000001  -0.0000030   0.0000004   0.0000000   0.0000000  -0.0000010   0.0000000   3.0818449   0.9987607   0.5511297   5.7287822   3.0774032   0.9974577   0.5501849   5.7217608   3.0906914   1.0019087   0.5532838   5.7495697   3.0785483   0.9977915   0.5502678   5.7228797
 117.0000000   0.0089955   0.0031977   0.0021411   0.0207951   0.0011319   0.0003297   0.0000820   0.0010759   0.0000003   0.0000001  -0.0000033   0.0000004   0.0000000   0.0000000  -0.0000014   0.0000000   3.0817762   0.9987340   0.5511477   5.7287742   3.0773702   0.9974468   0.5506638   5.7219557   3.0906914   1.0019087   0.5532838   5.7495697   3.0785021   0.9977766   0.5507445   5.7230316
 118.0000000   0.0090606   0.0032229   0.0021260   0.0207956   0.0011188   0.0003258   0.0000799   0.0010343   0.0000003   0.0000001  -0.0000028   0.0000004   0.0000000   0.0000000  -0.0000012   0.0000000   3.0817114   0.9987089   0.5511624   5.7287737   3.0773566   0.9974396   0.5506535   5.7221277   3.0906914   1.0019087   0.5532838   5.7495697   3.0784754   0.9977654   0.5507323   5.7231620
 119.0000000   0.0091225   0.0032466   0.0021131   0.0207897   0.0011058   0.0003218   0.0000782   0.0009942   0.0000003   0.0000001  -0.0000026   0.0000004   0.0000000   0.0000000  -0.0000010   0.0000000   3.0816498   0.9986852   0.5511751   5.7287796   3.0773118   0.9974170   0.5511571   5.7224390   3.0906914   1.0019087   0.5532838   5.7495697   3.0784176   0.9977388   0.5512343   5.7495697
