 t avg_prod_f avg_k_f avg_a_f avg_l_f avg_prod_ex avg_k_ex avg_a_ex avg_l_ex
   1.0000000   1.3704686  89.4267313 -12.3892692   2.6962902   1.0781073   3.5204982  -9.1363591   0.8868980
   2.0000000   1.3704349  89.4466271 -12.3925149   2.6751668   1.0854492   4.5130816  -8.1920699   0.9172915
   3.0000000   1.3706931  89.5166460 -12.4657991   2.6850038   1.0813918   3.5346415  -9.1478253   0.8874079
   4.0000000   1.3705078  89.4513044 -12.5090918   2.6821288   1.0847818   3.4065611  -9.2534034   0.8834433
   5.0000000   1.3706101  89.4279266 -12.5564006   2.6674093   1.0829681   4.5633537  -8.2220248   0.9167118
   6.0000000   1.3710530  89.2809558 -12.6383532   2.6738675   1.0802664   5.2488378  -7.5096585   0.9385881
   7.0000000   1.3712115  89.0478903 -12.7113535   2.6917506   1.0736630   4.0866244  -8.6007258   0.9048518
   8.0000000   1.3710201  88.7878231 -12.7145461   2.6997819   1.0783055   3.5642673  -9.0141429   0.8904505
   9.0000000   1.3709673  88.6943518 -12.6753824   2.7083666   1.0751833   2.7607095  -9.8088959   0.8651387
  10.0000000   1.3708430  88.6373077 -12.5904932   2.7053034   1.0805056   2.6528971  -9.8732548   0.8617348
  11.0000000   1.3708031  88.7724432 -12.5144978   2.7037821   1.0841383   3.3864953  -9.1806911   0.8852905
  12.0000000   1.3709647  89.0257340 -12.4365596   2.7087402   1.0788309   3.2335643  -9.3623932   0.8809473
  13.0000000   1.3707841  89.1675280 -12.3564970   2.7091605   1.0817566   3.3855852  -9.2135487   0.8848017
  14.0000000   1.3708004  89.3907772 -12.2780102   2.6976149   1.0807474   3.3702490  -9.2855126   0.8829808
  15.0000000   1.3707994  89.5144079 -12.2428289   2.6973626   1.0844522   3.0508053  -9.6016170   0.8720921
  16.0000000   1.3708008  89.6575762 -12.2135715   2.6905740   1.0849455   3.2309875  -9.4180764   0.8781349
  17.0000000   1.3707837  89.7384038 -12.2160599   2.6973511   1.0799617   3.1579757  -9.5285630   0.8752441
  18.0000000   1.3707144  89.7822275 -12.2021200   2.6994370   1.0809991   3.0454489  -9.5960696   0.8716736
  19.0000000   1.3705346  89.8842838 -12.1957334   2.7039505   1.0813176   2.9944321  -9.6521679   0.8706779
  20.0000000   1.3704058  90.0101252 -12.1875212   2.7000082   1.0807382   3.0164683  -9.6547181   0.8705842
  21.0000000   1.3703200  90.1117870 -12.1884289   2.6945076   1.0827894   3.2011195  -9.4561488   0.8767724
  22.0000000   1.3703283  90.1300359 -12.2080316   2.7004696   1.0781954   3.1288536  -9.5694755   0.8740309
  23.0000000   1.3702978  90.1127299 -12.2198969   2.6927355   1.0815608   3.2274871  -9.4246110   0.8775881
  24.0000000   1.3702578  90.0743503 -12.2575187   2.6968355   1.0806043   3.3165396  -9.3775681   0.8810635
  25.0000000   1.3702692  90.0616572 -12.2874888   2.7047120   1.0779133   3.1558045  -9.5193498   0.8755087
  26.0000000   1.3702039  90.0335913 -12.3036267   2.6879942   1.0834424   3.6265068  -9.0630762   0.8889310
  27.0000000   1.3703451  90.0321797 -12.3563724   2.7002198   1.0778561   3.2403947  -9.4449064   0.8777096
  28.0000000   1.3701860  89.9529681 -12.3760345   2.7093029   1.0741020   3.4358685  -9.2162134   0.8848137
  29.0000000   1.3700869  89.9172829 -12.3655761   2.6986012   1.0755527   3.5006751  -9.1655067   0.8859768
  30.0000000   1.3700580  89.8614831 -12.3812343   2.7072111   1.0755672   3.4414751  -9.2247022   0.8850970
  31.0000000   1.3700297  89.8605320 -12.3689922   2.7085273   1.0769877   3.3697421  -9.2623911   0.8833835
  32.0000000   1.3699966  89.8825013 -12.3526269   2.7085788   1.0780909   3.2106508  -9.4366445   0.8785265
  33.0000000   1.3700128  89.9316380 -12.3338858   2.6979294   1.0826115   3.0267120  -9.6401757   0.8710708
  34.0000000   1.3701162  89.9849017 -12.3493176   2.6992407   1.0810401   3.0472851  -9.6086626   0.8716246
  35.0000000   1.3701113  89.9884552 -12.3650014   2.6958436   1.0812238   3.0506532  -9.5978054   0.8714611
  36.0000000   1.3701034  89.9697094 -12.3903148   2.6966324   1.0808179   3.0501505  -9.6114760   0.8715099
  37.0000000   1.3701136  89.9546796 -12.4143382   2.7015107   1.0812735   3.0385129  -9.5908639   0.8715483
  38.0000000   1.3700888  89.9589702 -12.4269055   2.7015020   1.0755701   3.3366107  -9.3552473   0.8810034
  39.0000000   1.3700787  89.9160305 -12.4375072   2.6963034   1.0771172   3.3555979  -9.3341603   0.8813457
  40.0000000   1.3701043  89.8718090 -12.4611658   2.7002395   1.0778298   3.3565747  -9.3128140   0.8817117
  41.0000000   1.3701082  89.8522886 -12.4721391   2.6999901   1.0778459   3.3957647  -9.2357105   0.8830083
  42.0000000   1.3700629  89.8182318 -12.4834591   2.7005388   1.0777493   3.3759920  -9.2815600   0.8825931
  43.0000000   1.3700798  89.8091851 -12.4902359   2.7004559   1.0777839   3.3849737  -9.2689218   0.8829106
  44.0000000   1.3700920  89.8001753 -12.4959419   2.7003754   1.0778778   3.3868055  -9.2665323   0.8829703
  45.0000000   1.3701045  89.7957379 -12.4983991   2.7004866   1.0765293   3.4984292  -9.1570876   0.8862195
  46.0000000   1.3700957  89.7702702 -12.5041536   2.7001002   1.0768880   3.4962530  -9.1562437   0.8861381
  47.0000000   1.3700966  89.7518094 -12.5094506   2.6998314   1.0770952   3.4937591  -9.1580491   0.8860573
  48.0000000   1.3701053  89.7388674 -12.5138392   2.6996601   1.0771738   3.4940903  -9.1566769   0.8860633
  49.0000000   1.3701154  89.7273090 -12.5182824   2.6995139   1.0772352   3.4941060  -9.1559526   0.8860610
  50.0000000   1.3701268  89.7177475 -12.5219176   2.6993960   1.0772776   3.4943296  -9.1549436   0.8860645
  51.0000000   1.3701386  89.7094042 -12.5250902   2.6992972   1.0773113   3.4944208  -9.1541655   0.8860661
  52.0000000   1.3701504  89.7021151 -12.5277790   2.6992128   1.0773370   3.4946043  -9.1532967   0.8860692
  53.0000000   1.3701623  89.6956353 -12.5300726   2.6991429   1.0773573   3.4946737  -9.1527026   0.8860707
  54.0000000   1.3701740  89.6898617 -12.5320070   2.6990838   1.0773735   3.4947382  -9.1521413   0.8860722
  55.0000000   1.3701855  89.6846355 -12.5336630   2.6990332   1.0773864   3.4947913  -9.1516257   0.8860735
  56.0000000   1.3701968  89.6797874 -12.5351658   2.6989900   1.0773971   3.4948444  -9.1511237   0.8860749
  57.0000000   1.3702078  89.6753425 -12.5364266   2.6989526   1.0774051   3.4948710  -9.1507748   0.8860758
  58.0000000   1.3702185  89.6712502 -12.5374654   2.6989217   1.0774111   3.4948991  -9.1504656   0.8860769
  59.0000000   1.3702290  89.6675437 -12.5382192   2.6988968   1.0774274   3.4954982  -9.1479272   0.8860881
  60.0000000   1.3702384  89.6644582 -12.5383613   2.6988789   1.0774324   3.4947379  -9.1484691   0.8860788
  61.0000000   1.3702476  89.6615786 -12.5383258   2.6988672   1.0774642   3.4956135  -9.1437361   0.8861045
  62.0000000   1.3702536  89.6578512 -12.5386950   2.6988403   1.0774444   3.4952543  -9.1454834   0.8860938
  63.0000000   1.3702608  89.6544730 -12.5389780   2.6988198   1.0774356   3.4950954  -9.1462368   0.8860893
  64.0000000   1.3702684  89.6513816 -12.5390770   2.6988043   1.0774299   3.4950008  -9.1467639   0.8860867
  65.0000000   1.3702761  89.6483513 -12.5391217   2.6987908   1.0774260   3.4949173  -9.1471900   0.8860848
  66.0000000   1.3702837  89.6455353 -12.5390250   2.6987805   1.0774287   3.4949224  -9.1466368   0.8860857
  67.0000000   1.3702909  89.6428736 -12.5387998   2.6987721   1.0774233   3.4948437  -9.1471010   0.8860840
  68.0000000   1.3702980  89.6404567 -12.5383616   2.6987682   1.0774211   3.4948058  -9.1472034   0.8860837
  69.0000000   1.3703048  89.6382011 -12.5377474   2.6987690   1.0774440   3.5036501  -9.1392367   0.8863418
  70.0000000   1.3703147  89.6370609 -12.5372342   2.6987996   1.0773483   3.5064631  -9.1366513   0.8864243
  71.0000000   1.3703195  89.6336142 -12.5367504   2.6987818   1.0773872   3.5058781  -9.1373867   0.8864044
  72.0000000   1.3703257  89.6310073 -12.5363196   2.6987780   1.0773740   3.5063849  -9.1374919   0.8864183
  73.0000000   1.3703319  89.6284813 -12.5357648   2.6987734   1.0773746   3.5066336  -9.1375086   0.8864259
  74.0000000   1.3703376  89.6259770 -12.5352054   2.6987690   1.0773620   3.5069129  -9.1376553   0.8864343
  75.0000000   1.3703431  89.6233937 -12.5345878   2.6987627   1.0773508   3.5072728  -9.1378343   0.8864440
  76.0000000   1.3703483  89.6208025 -12.5339277   2.6987556   1.0773395   3.5074568  -9.1380875   0.8864495
  77.0000000   1.3703531  89.6180852 -12.5332714   2.6987455   1.0773303   3.5075267  -9.1386075   0.8864510
  78.0000000   1.3703579  89.6154264 -12.5325762   2.6987365   1.0773227   3.5075574  -9.1390345   0.8864524
  79.0000000   1.3703624  89.6127958 -12.5317853   2.6987261   1.0773160   3.5074704  -9.1395651   0.8864508
  80.0000000   1.3703668  89.6102098 -12.5309667   2.6987162   1.0773096   3.5073197  -9.1401749   0.8864484
  81.0000000   1.3703710  89.6076470 -12.5301200   2.6987057   1.0773064   3.5068065  -9.1408706   0.8864412
  82.0000000   1.3703749  89.6050659 -12.5292930   2.6986946   1.0773003   3.5063972  -9.1414341   0.8864348
  83.0000000   1.3703788  89.6025442 -12.5284290   2.6986835   1.0772929   3.5063153  -9.1419644   0.8864324
  84.0000000   1.3703827  89.6000274 -12.5276006   2.6986644   1.0772887   3.5062716  -9.1425046   0.8864306
  85.0000000   1.3704203  89.5772916 -12.5236611   2.6983095   1.0772844   3.5062249  -9.1430660   0.8864291
  86.0000000   1.3704520  89.5558870 -12.5182907   2.6979844   1.0773129   3.5093900  -9.1405418   0.8865400
  87.0000000   1.3704790  89.5352009 -12.5127499   2.6976752   1.0773928   3.5126577  -9.1371056   0.8866476
  88.0000000   1.3705028  89.5153550 -12.5076731   2.6973729   1.0776202   3.5178686  -9.1310148   0.8868192
  89.0000000   1.3705270  89.4985577 -12.5031962   2.6971204   1.0777862   3.5206259  -9.1277918   0.8869060
  90.0000000   1.3705498  89.4838460 -12.4990161   2.6969006   1.0779129   3.5221777  -9.1256809   0.8869598
  91.0000000   1.3705711  89.4706821 -12.4951586   2.6967080   1.0780227   3.5228733  -9.1244947   0.8869859
  92.0000000   1.3705912  89.4590315 -12.4915045   2.6965372   1.0781075   3.5233967  -9.1236916   0.8870049
  93.0000000   1.3706100  89.4485345 -12.4880613   2.6963936   1.0781764   3.5238107  -9.1231563   0.8870193
  94.0000000   1.3706276  89.4389519 -12.4848767   2.6962582   1.0782315   3.5241129  -9.1229203   0.8870292
  95.0000000   1.3706100  89.4501018 -12.4851547   2.6964708   1.0782757   3.5243260  -9.1228652   0.8870363
  96.0000000   1.3706309  89.4407841 -12.4836083   2.6963254   1.0782799   3.5212537  -9.1260609   0.8869284
  97.0000000   1.3706493  89.4326776 -12.4809114   2.6962149   1.0782593   3.5212418  -9.1270069   0.8869352
  98.0000000   1.3706651  89.4250318 -12.4776024   2.6961250   1.0781334   3.5197769  -9.1298255   0.8868781
  99.0000000   1.3706764  89.4156570 -12.4743252   2.6959938   1.0782177   3.5221474  -9.1274066   0.8869627
 100.0000000   1.3706883  89.4078163 -12.4711595   2.6958870   1.0782739   3.5230302  -9.1266072   0.8869914
 101.0000000   1.3706993  89.4008785 -12.4680173   2.6957964   1.0783004   3.5238324  -9.1260173   0.8870176
 102.0000000   1.3706755  89.4142987 -12.4682929   2.6960464   1.0783351   3.5239892  -9.1260031   0.8870233
 103.0000000   1.3706567  89.4271041 -12.4700067   2.6962686   1.0783270   3.5209052  -9.1292196   0.8869150
 104.0000000   1.3706417  89.4394940 -12.4721505   2.6964852   1.0782650   3.5176861  -9.1333424   0.8868086
 105.0000000   1.3706290  89.4514213 -12.4739918   2.6966978   1.0780484   3.5129619  -9.1401350   0.8866422
 106.0000000   1.3706153  89.4607644 -12.4752727   2.6968647   1.0778930   3.5106268  -9.1442650   0.8865597
 107.0000000   1.3706021  89.4685177 -12.4760928   2.6970036   1.0777775   3.5090562  -9.1472969   0.8865044
 108.0000000   1.3705894  89.4751298 -12.4765085   2.6971234   1.0776734   3.5082858  -9.1493776   0.8864755
 109.0000000   1.3705772  89.4806349 -12.4766464   2.6972235   1.0775927   3.5076913  -9.1510684   0.8864533
 110.0000000   1.3705656  89.4854141 -12.4764434   2.6973143   1.0775265   3.5072593  -9.1524362   0.8864372
 111.0000000   1.3705546  89.4891668 -12.4763677   2.6973747   1.0774733   3.5069287  -9.1535468   0.8864242
 112.0000000   1.3705442  89.4910407 -12.4774148   2.6974238   1.0774288   3.5066877  -9.1544792   0.8864152
 113.0000000   1.3705345  89.4930763 -12.4777361   2.6974700   1.0773944   3.5064590  -9.1553054   0.8864071
 114.0000000   1.3705254  89.4949331 -12.4777928   2.6975034   1.0773656   3.5062948  -9.1559804   0.8864009
 115.0000000   1.3705169  89.4963048 -12.4779386   2.6975380   1.0773415   3.5061762  -9.1565552   0.8863969
 116.0000000   1.3705090  89.4975064 -12.4778755   2.6975658   1.0773220   3.5060819  -9.1570531   0.8863937
 117.0000000   1.3705016  89.4982886 -12.4779416   2.6976061   1.0773055   3.5060100  -9.1575189   0.8863924
 118.0000000   1.3704947  89.5001377 -12.4767915   2.6976488   1.0772929   3.5059449  -9.1579030   0.8863910
 119.0000000   1.3704884  89.5017567 -12.4756621   2.6976433   1.0772801   3.5059383  -9.1582230   0.8863889
 120.0000000   1.3704686  89.4267313 -12.3892692   2.6962902   1.0781073   3.5204982  -9.1363591   0.8868980
