 t r r1 w w1
   1.0000000   0.0101010   0.0101010   2.0018584   2.0018584
   2.0000000   0.0101010   0.0101010   2.0103869   2.0101882
   3.0000000   0.0023200   0.0023556   1.9776316   1.9774296
   4.0000000   0.0073323   0.0073866   1.9710828   1.9708810
   5.0000000   0.0083880   0.0083547   1.9683910   1.9681671
   6.0000000   0.0088443   0.0088926   1.9681592   1.9679652
   7.0000000   0.0091347   0.0091848   1.9680322   1.9678350
   8.0000000   0.0093379   0.0093728   1.9691072   1.9689139
   9.0000000   0.0095395   0.0086893   1.9701675   1.9705312
  10.0000000   0.0096721   0.0107199   1.9710808   1.9712092
  11.0000000   0.0097862   0.0097982   1.9724012   1.9725179
  12.0000000   0.0099008   0.0100528   1.9733960   1.9734897
  13.0000000   0.0099849   0.0099736   1.9743347   1.9744015
  14.0000000   0.0100641   0.0100909   1.9753736   1.9754211
  15.0000000   0.0101190   0.0101375   1.9764777   1.9765081
  16.0000000   0.0101592   0.0101870   1.9776193   1.9776404
  17.0000000   0.0102044   0.0102361   1.9788107   1.9788271
  18.0000000   0.0102404   0.0102568   1.9799109   1.9799220
  19.0000000   0.0102510   0.0103080   1.9808841   1.9808910
  20.0000000   0.0102835   0.0103105   1.9818542   1.9818569
  21.0000000   0.0103078   0.0102847   1.9827757   1.9827729
  22.0000000   0.0103267   0.0103713   1.9836579   1.9836565
  23.0000000   0.0103175   0.0103729   1.9843895   1.9843879
  24.0000000   0.0103369   0.0103709   1.9853077   1.9853137
  25.0000000   0.0103434   0.0103829   1.9861846   1.9861853
  26.0000000   0.0103405   0.0103541   1.9869750   1.9869791
  27.0000000   0.0103405   0.0104399   1.9877413   1.9877483
  28.0000000   0.0103414   0.0102789   1.9885488   1.9885524
  29.0000000   0.0103453   0.0104727   1.9893219   1.9893323
  30.0000000   0.0103429   0.0102965   1.9901042   1.9900964
  31.0000000   0.0103376   0.0103817   1.9908527   1.9908555
  32.0000000   0.0103331   0.0103754   1.9912314   1.9912344
  33.0000000   0.0103358   0.0103518   1.9918441   1.9918541
  34.0000000   0.0103326   0.0103899   1.9924808   1.9924934
  35.0000000   0.0103201   0.0103383   1.9930565   1.9930641
  36.0000000   0.0103157   0.0103470   1.9936444   1.9936612
  37.0000000   0.0103124   0.0103657   1.9942227   1.9942482
  38.0000000   0.0103006   0.0103038   1.9947704   1.9948007
  39.0000000   0.0103048   0.0103490   1.9953578   1.9953935
  40.0000000   0.0102971   0.0103549   1.9959091   1.9959494
  41.0000000   0.0103040   0.0103681   1.9960098   1.9958806
  42.0000000   0.0102858   0.0102742   1.9961627   1.9961110
  43.0000000   0.0102726   0.0102515   1.9963384   1.9962943
  44.0000000   0.0102725   0.0103017   1.9966018   1.9965735
  45.0000000   0.0102652   0.0102907   1.9968623   1.9968469
  46.0000000   0.0102639   0.0102868   1.9972193   1.9972142
  47.0000000   0.0102571   0.0102632   1.9974731   1.9974786
  48.0000000   0.0102520   0.0102946   1.9977502   1.9977651
  49.0000000   0.0102454   0.0102629   1.9980139   1.9980362
  50.0000000   0.0102460   0.0102683   1.9983041   1.9983337
  51.0000000   0.0102380   0.0102492   1.9985525   1.9985773
  52.0000000   0.0102331   0.0102804   1.9987707   1.9988043
  53.0000000   0.0102296   0.0102426   1.9990127   1.9990513
  54.0000000   0.0102262   0.0102377   1.9992538   1.9992963
  55.0000000   0.0102269   0.0102066   1.9993805   1.9994158
  56.0000000   0.0102192   0.0102543   1.9995403   1.9995852
  57.0000000   0.0102136   0.0102369   1.9996959   1.9997442
  58.0000000   0.0102096   0.0102058   1.9998555   1.9999067
  59.0000000   0.0102068   0.0102384   2.0000146   2.0000696
  60.0000000   0.0102023   0.0102416   2.0001713   2.0002284
  61.0000000   0.0102003   0.0101589   2.0003238   2.0003873
  62.0000000   0.0101968   0.0102304   2.0004634   2.0005271
  63.0000000   0.0101971   0.0102100   2.0005235   2.0004999
  64.0000000   0.0101906   0.0101969   2.0005678   2.0005810
  65.0000000   0.0101863   0.0101674   2.0006301   2.0006457
  66.0000000   0.0101828   0.0102038   2.0006963   2.0007204
  67.0000000   0.0101800   0.0101725   2.0007682   2.0007973
  68.0000000   0.0101779   0.0101779   2.0008436   2.0008771
  69.0000000   0.0101750   0.0102005   2.0009206   2.0009587
  70.0000000   0.0101724   0.0101835   2.0009984   2.0010387
  71.0000000   0.0101707   0.0101211   2.0010760   2.0011192
  72.0000000   0.0101666   0.0101902   2.0011493   2.0011903
  73.0000000   0.0101658   0.0101524   2.0012233   2.0012681
  74.0000000   0.0101640   0.0099555   2.0012957   2.0013456
  75.0000000   0.0101600   0.0109429   2.0013614   2.0014303
  76.0000000   0.0101590   0.0087598   2.0014215   2.0014358
  77.0000000   0.0101549   0.0114022   2.0014776   2.0015728
  78.0000000   0.0101531   0.0108294   2.0015250   2.0015691
  79.0000000   0.0101542   0.0083357   2.0015699   2.0015159
  80.0000000   0.0101478   0.0107567   2.0016020   2.0015960
  81.0000000   0.0101469   0.0102271   2.0016337   2.0016436
  82.0000000   0.0101462   0.0101443   2.0016695   2.0016876
  83.0000000   0.0101446   0.0101583   2.0017066   2.0017301
  84.0000000   0.0101430   0.0101426   2.0017440   2.0017704
  85.0000000   0.0101410   0.0101369   2.0017799   2.0018084
  86.0000000   0.0101405   0.0101396   2.0018155   2.0018464
  87.0000000   0.0101383   0.0101375   2.0018492   2.0018801
  88.0000000   0.0101365   0.0101378   2.0018801   2.0019112
  89.0000000   0.0101344   0.0101308   2.0019088   2.0019400
  90.0000000   0.0101331   0.0101271   2.0019361   2.0019677
  91.0000000   0.0101320   0.0101263   2.0019616   2.0019927
  92.0000000   0.0101308   0.0101246   2.0019859   2.0020165
  93.0000000   0.0101281   0.0101687   2.0020070   2.0020359
  94.0000000   0.0101273   0.0100531   2.0020259   2.0020534
  95.0000000   0.0101266   0.0101173   2.0020440   2.0020719
  96.0000000   0.0101254   0.0101506   2.0020603   2.0020883
  97.0000000   0.0101242   0.0101136   2.0020749   2.0021026
  98.0000000   0.0101228   0.0101220   2.0020889   2.0021156
  99.0000000   0.0101213   0.0101094   2.0021007   2.0021263
 100.0000000   0.0101199   0.0101171   2.0021107   2.0021355
 101.0000000   0.0101191   0.0100685   2.0021193   2.0021432
 102.0000000   0.0101170   0.0101943   2.0021257   2.0021496
 103.0000000   0.0101164   0.0091369   2.0021304   2.0021543
 104.0000000   0.0101131   0.0121263   2.0021415   2.0022606
 105.0000000   0.0101153   0.0087303   2.0021654   2.0022002
 106.0000000   0.0101154   0.0104858   2.0021957   2.0022594
 107.0000000   0.0101153   0.0101121   2.0022359   2.0022920
 108.0000000   0.0101140   0.0100779   2.0022643   2.0023087
 109.0000000   0.0101124   0.0100956   2.0022840   2.0023234
 110.0000000   0.0101113   0.0100975   2.0022987   2.0023340
 111.0000000   0.0101100   0.0100887   2.0023098   2.0023415
 112.0000000   0.0101089   0.0101177   2.0023180   2.0023471
 113.0000000   0.0101079   0.0100918   2.0023236   2.0023500
 114.0000000   0.0101069   0.0100985   2.0023269   2.0023512
 115.0000000   0.0101060   0.0101025   2.0023283   2.0023509
 116.0000000   0.0101047   0.0101015   2.0023278   2.0023489
 117.0000000   0.0101029   0.0100894   2.0023207   2.0023400
 118.0000000   0.0101031   0.0101068   2.0023231   2.0023415
 119.0000000   0.0101044   0.0100855   2.0023246   2.0023412
 120.0000000   0.0101010   0.0101010   2.0018584   2.0018584
