  2.320035306232569E-003
  7.332316494512896E-003
  8.387978197929300E-003
  8.844293524777821E-003
  9.134712452226707E-003
  9.337850034518690E-003
  9.539459549092404E-003
  9.672104522719681E-003
  9.786199671890684E-003
  9.900754004627676E-003
  9.984941673220806E-003
  1.006414712571216E-002
  1.011903101337752E-002
  1.015917073026386E-002
  1.020439795363153E-002
  1.024036494747250E-002
  1.025096165125009E-002
  1.028349454145722E-002
  1.030784239494318E-002
  1.032668015683056E-002
  1.031746853463232E-002
  1.033690379622689E-002
  1.034342190954248E-002
  1.034050858083497E-002
  1.034051104419166E-002
  1.034140096191216E-002
  1.034530061685256E-002
  1.034285159232506E-002
  1.033759073278067E-002
  1.033313855891897E-002
  1.033576499107613E-002
  1.033262402634267E-002
  1.032011778143442E-002
  1.031566089843018E-002
  1.031239956262752E-002
  1.030060387878064E-002
  1.030476196982220E-002
  1.029705030614884E-002
  1.030403042572127E-002
  1.028579256325391E-002
  1.027255707885721E-002
  1.027248677612573E-002
  1.026522892723216E-002
  1.026394963420985E-002
  1.025712373514762E-002
  1.025198481216440E-002
  1.024537321113132E-002
  1.024600468906878E-002
  1.023804548375738E-002
  1.023310513399741E-002
  1.022959171586375E-002
  1.022616993306145E-002
  1.022691444792609E-002
  1.021915139420426E-002
  1.021361638862951E-002
  1.020956185904011E-002
  1.020679309258536E-002
  1.020229194759771E-002
  1.020030804535029E-002
  1.019684767154058E-002
  1.019705022540029E-002
  1.019064685033051E-002
  1.018627791167757E-002
  1.018279059080093E-002
  1.018001449679148E-002
  1.017786474829620E-002
  1.017501528970575E-002
  1.017235030960056E-002
  1.017066111383460E-002
  1.016658072377759E-002
  1.016576840990886E-002
  1.016399797126720E-002
  1.015999323842148E-002
  1.015899952920027E-002
  1.015493466469388E-002
  1.015308152648567E-002
  1.015422818618626E-002
  1.014778935034811E-002
  1.014693631786953E-002
  1.014616230743489E-002
  1.014461024816452E-002
  1.014304371544382E-002
  1.014099907324671E-002
  1.014049212345770E-002
  1.013830671154975E-002
  1.013650702051337E-002
  1.013442766451690E-002
  1.013307942230358E-002
  1.013198512086041E-002
  1.013083680577852E-002
  1.012810711724765E-002
  1.012730995208393E-002
  1.012661601288648E-002
  1.012541338129310E-002
  1.012419805931762E-002
  1.012281068269399E-002
  1.012125440156710E-002
  1.011985632576606E-002
  1.011906563805933E-002
  1.011702521380534E-002
  1.011643989734575E-002
  1.011310215352779E-002
  1.011525310407648E-002
  1.011540086061687E-002
  1.011528156428178E-002
  1.011396338855951E-002
  1.011243283692701E-002
  1.011128327419478E-002
  1.011003165786113E-002
  1.010893733680862E-002
  1.010793550362297E-002
  1.010687614532815E-002
  1.010599413285627E-002
  1.010471953902420E-002
  1.010294334701881E-002
  1.010306341019890E-002
  1.010442343410710E-002
