 t z psi theta tau_a f_e f_o tau_x tau_l C H B r w div entry mass rgdp rinv firm
 s_constrained exit exit_b
 avg_firm_size labor_share std_dev_growth_emp std_dev_growth_sales debt capital 
 ngdp ninv exdem psi_c collat_binding
   1.0000000   1.0000000   0.7926370   0.4035441   0.0032343   1.0000000   0.7801890   0.0000000   0.0000000   2.5286658   0.9975510  -4.5981648   0.0101010   2.0018584   0.5590960   0.0106540   0.3604869   3.0906914   0.5532838  -1.0000000   0.0106539   0.0000000   2.6877956   0.6461194   0.0000000   0.0000000  -5.7495697  33.1899199   3.0906914   0.5532838   0.0087418   1.0000000   0.0000000
   2.0000000   1.0000000   0.7926370   0.1912407   0.0032343   1.0000000   0.7801890   0.0000000   0.0000000   2.5401009   0.9926767  -4.5981648   0.0101010   2.0103869   0.0825734   0.0092341   0.3604869   3.0722727   0.5321717  -1.0000000   0.0107880   0.0000000   0.0000000   0.0000000   0.0000000   0.0000000  -5.7495697  33.1707759   3.0723514   0.5322505   0.0000000   1.0000000   0.0000000
   3.0000000   1.0000000   0.7926370   0.2176052   0.0032343   1.0000000   0.7801890   0.0000000   0.0000000   2.5206237   0.9755583  -5.0607273   0.0023200   1.9776316   0.4340079   0.0092341   0.3589331   2.9798428   0.4592191  -1.0000000   0.0183678   0.0000000   0.0000000   0.0000000   0.0000000   0.0000000  -3.4056766  33.1281603   2.9796190   0.4589954   0.0000000   1.0000000   0.0000000
   4.0000000   1.0000000   0.7926370   0.2406956   0.0032343   1.0000000   0.7801890   0.0000000   0.0000000   2.5138502   0.9744421  -5.2459464   0.0073323   1.9710828   0.8633355   0.0098734   0.3497994   2.9703728   0.4565227  -1.0000000   0.0118394   0.0000000   0.0000000   0.0000000   0.0000000   0.0000000  -3.1805884  33.0478339   2.9700690   0.4562188   0.0000000   1.0000000   0.0000000
   5.0000000   1.0000000   0.7926370   0.2609185   0.0032343   1.0000000   0.7801890   0.0000000   0.0000000   2.5095041   0.9750647  -5.0066839   0.0083880   1.9683910   0.7134191   0.0098734   0.3478334   2.9736194   0.4641153  -1.0000000   0.0112693   0.0000000   0.0000000   0.0000000   0.0000000   0.0000000  -3.3138076  32.9545571   2.9732889   0.4637848   0.0000000   1.0000000   0.0000000
   6.0000000   1.0000000   0.7926370   0.2786302   0.0032343   1.0000000   0.7801890   0.0000000   0.0000000   2.5065019   0.9772949  -4.9152008   0.0088443   1.9681592   0.6003024   0.0103092   0.3464375   2.9811281   0.4746262  -1.0000000   0.0101155   0.0000000   0.0000000   0.0000000   0.0000000   0.0000000  -3.5092397  32.8761468   2.9807807   0.4742788   0.0000000   1.0000000   0.0000000
   7.0000000   1.0000000   0.7926370   0.2941423   0.0032343   1.0000000   0.7801890   0.0000000   0.0000000   2.5042285   0.9790379  -4.9305666   0.0091347   1.9680322   0.5822583   0.0103092   0.3466313   2.9873107   0.4830822  -1.0000000   0.0099973   0.0000000   0.0000000   0.0000000   0.0000000   0.0000000  -3.7082018  32.8032776   2.9869619   0.4827335   0.0000000   1.0000000   0.0000000
   8.0000000   1.0000000   0.7926370   0.3077281   0.0032343   1.0000000   0.7801890   0.0000000   0.0000000   2.5024232   0.9815944  -4.9590285   0.0093379   1.9691072   0.5613438   0.0107348   0.3469432   2.9949283   0.4925051  -1.0000000   0.0095545   0.0000000   0.0000000   0.0000000   0.0000000   0.0000000  -3.8983361  32.7461207   2.9945767   0.4921535   0.0000000   1.0000000   0.0000000
   9.0000000   1.0000000   0.7926370   0.3196268   0.0032343   1.0000000   0.7801890   0.0000000   0.0000000   2.4989259   0.9843017  -5.0013215   0.0095395   1.9701675   0.5566582   0.0110997   0.3481235   3.0025028   0.5035770  -1.0000000   0.0096768   0.0000000   0.0000000   0.0000000   0.0000000   0.0000000  -4.0753799  32.6978035   3.0021511   0.5032252   0.0000000   1.0000000   0.0000000
  10.0000000   1.0000000   0.7926370   0.3300479   0.0032343   1.0000000   0.7801890   0.0000000   0.0000000   2.5004571   0.9858162  -5.0389241   0.0096721   1.9710808   0.5621661   0.0110997   0.3495464   3.0076787   0.5072216  -1.0000000   0.0103010   0.0000000   0.0000000   0.0000000   0.0000000   0.0000000  -4.2346265  32.6552293   3.0073370   0.5068800   0.0000000   1.0000000   0.0000000
  11.0000000   1.0000000   0.7926370   0.3391748   0.0032343   1.0000000   0.7801890   0.0000000   0.0000000   2.4997076   0.9877412  -5.0690584   0.0097862   1.9724012   0.5558710   0.0110997   0.3503451   3.0135649   0.5138573  -1.0000000   0.0098019   0.0000000   0.0000000   0.0000000   0.0000000   0.0000000  -4.3779009  32.6166756   3.0132379   0.5135304   0.0000000   1.0000000   0.0000000
  12.0000000   1.0000000   0.7926370   0.3471684   0.0032343   1.0000000   0.7801890   0.0000000   0.0000000   2.4995883   0.9891068  -5.1000999   0.0099008   1.9733960   0.5589396   0.0110997   0.3516429   3.0181108   0.5185225  -1.0000000   0.0102628   0.0000000   0.0000000   0.0000000   0.0000000   0.0000000  -4.5058164  32.5856437   3.0177949   0.5182066   0.0000000   1.0000000   0.0000000
  13.0000000   1.0000000   0.7926370   0.3541693   0.0032343   1.0000000   0.7801890   0.0000000   0.0000000   2.4992730   0.9902486  -5.1245728   0.0099849   1.9743347   0.5604443   0.0110997   0.3524797   3.0220831   0.5228101  -1.0000000   0.0104020   0.0000000   0.0000000   0.0000000   0.0000000   0.0000000  -4.6190122  32.5596505   3.0217776   0.5225045   0.0000000   1.0000000   0.0000000
  14.0000000   1.0000000   0.7926370   0.3603008   0.0032343   1.0000000   0.7801890   0.0000000   0.0000000   2.4992480   0.9913439  -5.1443101   0.0100641   1.9753736   0.5606833   0.0110997   0.3531775   3.0259664   0.5267183  -1.0000000   0.0103883   0.0000000   0.0000000   0.0000000   0.0000000   0.0000000  -4.7202344  32.5382242   3.0256724   0.5264244   0.0000000   1.0000000   0.0000000
  15.0000000   1.0000000   0.7926370   0.3656708   0.0032343   1.0000000   0.7801890   0.0000000   0.0000000   2.4993384   0.9923998  -5.1607410   0.0101190   1.9764777   0.5593728   0.0110997   0.3538889   3.0297207   0.5303823  -1.0000000   0.0103695   0.0000000   0.0000000   0.0000000   0.0000000   0.0000000  -4.8103014  32.5208835   3.0294390   0.5301005   0.0000000   1.0000000   0.0000000
  16.0000000   1.0000000   0.7926370   0.3703740   0.0032343   1.0000000   0.7801890   0.0000000   0.0000000   2.4995512   0.9934227  -5.1754853   0.0101592   1.9776193   0.5587522   0.0110997   0.3546190   3.0333554   0.5338042  -1.0000000   0.0103581   0.0000000   0.0000000   0.0000000   0.0000000   0.0000000  -4.8898561  32.5073202   3.0330863   0.5335352   0.0000000   1.0000000   0.0000000
  17.0000000   1.0000000   0.7926370   0.3744932   0.0032343   1.0000000   0.7801890   0.0000000   0.0000000   2.4998856   0.9944117  -5.1880354   0.0102044   1.9788107   0.5576299   0.0110997   0.3553606   3.0367167   0.5368312  -1.0000000   0.0102962   0.0000000   0.0000000   0.0000000   0.0000000   0.0000000  -4.9603167  32.4976173   3.0364609   0.5365753   0.0000000   1.0000000   0.0000000
  18.0000000   1.0000000   0.7926370   0.3781008   0.0032343   1.0000000   0.7801890   0.0000000   0.0000000   2.5002712   0.9952378  -5.1989916   0.0102404   1.9799109   0.5600976   0.0110997   0.3561641   3.0397561   0.5394849  -1.0000000   0.0104496   0.0000000   0.0000000   0.0000000   0.0000000   0.0000000  -5.0233520  32.4909060   3.0395125   0.5392413   0.0000000   1.0000000   0.0000000
  19.0000000   1.0000000   0.7926370   0.3812604   0.0032343   1.0000000   0.7801890   0.0000000   0.0000000   2.5007835   0.9959165  -5.2050713   0.0102510   1.9808841   0.5617811   0.0110997   0.3568143   3.0424267   0.5416432  -1.0000000   0.0105856   0.0000000   0.0000000   0.0000000   0.0000000   0.0000000  -5.0791706  32.4869341   3.0421939   0.5414104   0.0000000   1.0000000   0.0000000
  20.0000000   1.0000000   0.7926370   0.3840277   0.0032343   1.0000000   0.7801890   0.0000000   0.0000000   2.5013021   0.9965278  -5.2076960   0.0102835   1.9818542   0.5616385   0.0110997   0.3573284   3.0448977   0.5435956  -1.0000000   0.0106131   0.0000000   0.0000000   0.0000000   0.0000000   0.0000000  -5.1296837  32.4852978   3.0446756   0.5433736   0.0000000   1.0000000   0.0000000
  21.0000000   1.0000000   0.7926370   0.3864513   0.0032343   1.0000000   0.7801890   0.0000000   0.0000000   2.5017569   0.9970409  -5.2087920   0.0103078   1.9827757   0.5627514   0.0110997   0.3578150   3.0471460   0.5453891  -1.0000000   0.0106945   0.0000000   0.0000000   0.0000000   0.0000000   0.0000000  -5.1752793  32.4855443   3.0469342   0.5451773   0.0000000   1.0000000   0.0000000
  22.0000000   1.0000000   0.7926370   0.3885739   0.0032343   1.0000000   0.7801890   0.0000000   0.0000000   2.5024263   0.9974839  -5.2072431   0.0103267   1.9836579   0.5630849   0.0110997   0.3582202   3.0492079   0.5467816  -1.0000000   0.0107461   0.0000000   0.0000000   0.0000000   0.0000000   0.0000000  -5.2160003  32.4875193   3.0490059   0.5465796   0.0000000   1.0000000   0.0000000
  23.0000000   1.0000000   0.7926370   0.3904329   0.0032343   1.0000000   0.7801890   0.0000000   0.0000000   2.5030999   0.9977919  -5.2040740   0.0103175   1.9843895   0.5649485   0.0110997   0.3585738   3.0510971   0.5479972  -1.0000000   0.0109360   0.0000000   0.0000000   0.0000000   0.0000000   0.0000000  -5.2525587  32.4904751   3.0509032   0.5478033   0.0000000   1.0000000   0.0000000
  24.0000000   1.0000000   0.7926370   0.3920611   0.0032343   1.0000000   0.7801890   0.0000000   0.0000000   2.5037686   0.9982568  -5.1983037   0.0103369   1.9853077   0.5627711   0.0110997   0.3587375   3.0531536   0.5493850  -1.0000000   0.0106997   0.0000000   0.0000000   0.0000000   0.0000000   0.0000000  -5.2866402  32.4948227   3.0529699   0.5492013   0.0000000   1.0000000   0.0000000
  25.0000000   1.0000000   0.7926370   0.3934871   0.0032343   1.0000000   0.7801890   0.0000000   0.0000000   2.5044674   0.9986542  -5.1934276   0.0103434   1.9861846   0.5628577   0.0110997   0.3591375   3.0549951   0.5505277  -1.0000000   0.0107406   0.0000000   0.0000000   0.0000000   0.0000000   0.0000000  -5.3163813  32.5004573   3.0548211   0.5503537   0.0000000   1.0000000   0.0000000
  26.0000000   1.0000000   0.7926370   0.3947360   0.0032343   1.0000000   0.7801890   0.0000000   0.0000000   2.5050950   0.9989788  -5.1873344   0.0103405   1.9869750   0.5628883   0.0110997   0.3594966   3.0566717   0.5515766  -1.0000000   0.0108239   0.0000000   0.0000000   0.0000000   0.0000000   0.0000000  -5.3433966  32.5070373   3.0565065   0.5514114   0.0000000   1.0000000   0.0000000
  27.0000000   1.0000000   0.7926370   0.3958298   0.0032343   1.0000000   0.7801890   0.0000000   0.0000000   2.5059354   0.9992784  -5.1802538   0.0103405   1.9877413   0.5625372   0.0110997   0.3597724   3.0581658   0.5522304  -1.0000000   0.0108123   0.0000000   0.0000000   0.0000000   0.0000000   0.0000000  -5.3674230  32.5146715   3.0580091   0.5520737   0.0000000   1.0000000   0.0000000
  28.0000000   1.0000000   0.7926370   0.3967878   0.0032343   1.0000000   0.7801890   0.0000000   0.0000000   2.5063767   0.9996111  -5.1728586   0.0103414   1.9885488   0.5620117   0.0110997   0.3600597   3.0597572   0.5533805  -1.0000000   0.0107802   0.0000000   0.0000000   0.0000000   0.0000000   0.0000000  -5.3902429  32.5228130   3.0596095   0.5532328   0.0000000   1.0000000   0.0000000
  29.0000000   1.0000000   0.7926370   0.3976268   0.0032343   1.0000000   0.7801890   0.0000000   0.0000000   2.5072990   0.9999117  -5.1648298   0.0103453   1.9893219   0.5619092   0.0110997   0.3603792   3.0612461   0.5539470  -1.0000000   0.0108063   0.0000000   0.0000000   0.0000000   0.0000000   0.0000000  -5.4117134  32.5319998   3.0611069   0.5538079   0.0000000   1.0000000   0.0000000
  30.0000000   1.0000000   0.7926370   0.3983616   0.0032343   1.0000000   0.7801890   0.0000000   0.0000000   2.5077842   1.0002009  -5.1562923   0.0103429   1.9901042   0.5616530   0.0110997   0.3606726   3.0626741   0.5548898  -1.0000000   0.0107985   0.0000000   0.0000000   0.0000000   0.0000000   0.0000000  -5.4311969  32.5415922   3.0625436   0.5547594   0.0000000   1.0000000   0.0000000
  31.0000000   1.0000000   0.7926370   0.3990052   0.0032343   1.0000000   0.7801890   0.0000000   0.0000000   2.5084812   1.0004954  -5.1469582   0.0103376   1.9908527   0.5616984   0.0110997   0.3609739   3.0640761   0.5555949  -1.0000000   0.0107994   0.0000000   0.0000000   0.0000000   0.0000000   0.0000000  -5.4491491  32.5519807   3.0639540   0.5554728   0.0000000   1.0000000   0.0000000
  32.0000000   1.0000000   0.7926370   0.3995689   0.0032343   1.0000000   0.7801890   0.0000000   0.0000000   2.5091627   1.0004164  -5.1367597   0.0103331   1.9912314   0.5658871   0.0110997   0.3612742   3.0647003   0.5555376  -1.0000000   0.0112145   0.0000000   0.0000000   0.0000000   0.0000000   0.0000000  -5.4659614  32.5628995   3.0645824   0.5554197   0.0000000   1.0000000   0.0000000
  33.0000000   1.0000000   0.7926370   0.4000625   0.0032343   1.0000000   0.7801890   0.0000000   0.0000000   2.5097857   1.0005740  -5.1226509   0.0103358   1.9918441   0.5627439   0.0110997   0.3611594   3.0657496   0.5559639  -1.0000000   0.0109314   0.0000000   0.0000000   0.0000000   0.0000000   0.0000000  -5.4815536  32.5736145   3.0656384   0.5558527   0.0000000   1.0000000   0.0000000
  34.0000000   1.0000000   0.7926370   0.4004949   0.0032343   1.0000000   0.7801890   0.0000000   0.0000000   2.5105035   1.0007573  -5.1111985   0.0103326   1.9924808   0.5626950   0.0110997   0.3613277   3.0668981   0.5563946  -1.0000000   0.0109170   0.0000000   0.0000000   0.0000000   0.0000000   0.0000000  -5.4970037  32.5844832   3.0667941   0.5562905   0.0000000   1.0000000   0.0000000
  35.0000000   1.0000000   0.7926370   0.4008735   0.0032343   1.0000000   0.7801890   0.0000000   0.0000000   2.5110932   1.0008965  -5.0992804   0.0103201   1.9930565   0.5631282   0.0110997   0.3615104   3.0679485   0.5568553  -1.0000000   0.0109722   0.0000000   0.0000000   0.0000000   0.0000000   0.0000000  -5.5111106  32.5955191   3.0678508   0.5567576   0.0000000   1.0000000   0.0000000
  36.0000000   1.0000000   0.7926370   0.4012052   0.0032343   1.0000000   0.7801890   0.0000000   0.0000000   2.5117046   1.0010707  -5.0864683   0.0103157   1.9936444   0.5624206   0.0110997   0.3616379   3.0690070   0.5573024  -1.0000000   0.0109241   0.0000000   0.0000000   0.0000000   0.0000000   0.0000000  -5.5246953  32.6069468   3.0689158   0.5572112   0.0000000   1.0000000   0.0000000
  37.0000000   1.0000000   0.7926370   0.4014956   0.0032343   1.0000000   0.7801890   0.0000000   0.0000000   2.5123629   1.0012411  -5.0738525   0.0103124   1.9942227   0.5621771   0.0110997   0.3618135   3.0700085   0.5576455  -1.0000000   0.0109162   0.0000000   0.0000000   0.0000000   0.0000000   0.0000000  -5.5377166  32.6186774   3.0699237   0.5575608   0.0000000   1.0000000   0.0000000
  38.0000000   1.0000000   0.7926370   0.4017500   0.0032343   1.0000000   0.7801890   0.0000000   0.0000000   2.5128673   1.0014002  -5.0609902   0.0103006   1.9947704   0.5624926   0.0110997   0.3619970   3.0709779   0.5581106  -1.0000000   0.0109351   0.0000000   0.0000000   0.0000000   0.0000000   0.0000000  -5.5499655  32.6305467   3.0708992   0.5580319   0.0000000   1.0000000   0.0000000
  39.0000000   1.0000000   0.7926370   0.4019728   0.0032343   1.0000000   0.7801890   0.0000000   0.0000000   2.5134841   1.0015913  -5.0472914   0.0103048   1.9953578   0.5605696   0.0110997   0.3621615   3.0719571   0.5584730  -1.0000000   0.0108790   0.0000000   0.0000000   0.0000000   0.0000000   0.0000000  -5.5625014  32.6428167   3.0718849   0.5584008   0.0000000   1.0000000   0.0000000
  40.0000000   1.0000000   0.7926370   0.4021679   0.0032343   1.0000000   0.7801890   0.0000000   0.0000000   2.5141158   1.0017606  -5.0349616   0.0102971   1.9959091   0.5604766   0.0110997   0.3623822   3.0728896   0.5587738  -1.0000000   0.0109095   0.0000000   0.0000000   0.0000000   0.0000000   0.0000000  -5.5740542  32.6551909   3.0728235   0.5587077   0.0000000   1.0000000   0.0000000
  41.0000000   1.0000000   0.7926370   0.4023388   0.0032343   1.0000000   0.7801890   0.0000000   0.0000000   2.5147805   1.0012890  -5.0223358   0.0103040   1.9960098   0.5669241   0.0107348   0.3625724   3.0725899   0.5578094  -1.0000000   0.0109539   0.0000000   0.0000000   0.0000000   0.0000000   0.0000000  -5.5853284  32.6626589   3.0725271   0.5577466   0.0000000   1.0000000   0.0000000
  42.0000000   1.0000000   0.7926370   0.4024885   0.0032343   1.0000000   0.7801890   0.0000000   0.0000000   2.5152117   1.0011538  -5.0044595   0.0102858   1.9961627   0.5668634   0.0107348   0.3623534   3.0729996   0.5577878  -1.0000000   0.0109604   0.0000000   0.0000000   0.0000000   0.0000000   0.0000000  -5.5965718  32.6747920   3.0729384   0.5577267   0.0000000   1.0000000   0.0000000
  43.0000000   1.0000000   0.7926370   0.4026196   0.0032343   1.0000000   0.7801890   0.0000000   0.0000000   2.5155864   1.0009977  -4.9869150   0.0102726   1.9963384   0.5666435   0.0107348   0.3621278   3.0733560   0.5577696  -1.0000000   0.0109610   0.0000000   0.0000000   0.0000000   0.0000000   0.0000000  -5.6069635  32.6867091   3.0732967   0.5577103   0.0000000   1.0000000   0.0000000
  44.0000000   1.0000000   0.7926370   0.4027344   0.0032343   1.0000000   0.7801890   0.0000000   0.0000000   2.5160863   1.0009378  -4.9698948   0.0102725   1.9966018   0.5647846   0.0107348   0.3619016   3.0738142   0.5577279  -1.0000000   0.0108281   0.0000000   0.0000000   0.0000000   0.0000000   0.0000000  -5.6170472  32.6985937   3.0737577   0.5576715   0.0000000   1.0000000   0.0000000
  45.0000000   1.0000000   0.7926370   0.4028349   0.0032343   1.0000000   0.7801890   0.0000000   0.0000000   2.5165589   1.0008864  -4.9548699   0.0102652   1.9968623   0.5645451   0.0107348   0.3618082   3.0742736   0.5577147  -1.0000000   0.0108189   0.0000000   0.0000000   0.0000000   0.0000000   0.0000000  -5.6267729  32.7102520   3.0742200   0.5576611   0.0000000   1.0000000   0.0000000
  46.0000000   1.0000000   0.7926370   0.4029230   0.0032343   1.0000000   0.7801890   0.0000000   0.0000000   2.5170219   1.0009317  -4.9402134   0.0102639   1.9972193   0.5629479   0.0107348   0.3617242   3.0748851   0.5578632  -1.0000000   0.0106962   0.0000000   0.0000000   0.0000000   0.0000000   0.0000000  -5.6361949  32.7217942   3.0748353   0.5578134   0.0000000   1.0000000   0.0000000
  47.0000000   1.0000000   0.7926370   0.4030001   0.0032343   1.0000000   0.7801890   0.0000000   0.0000000   2.5174261   1.0008873  -4.9269732   0.0102571   1.9974731   0.5641696   0.0107348   0.3617628   3.0753078   0.5578817  -1.0000000   0.0108020   0.0000000   0.0000000   0.0000000   0.0000000   0.0000000  -5.6450302  32.7332785   3.0752607   0.5578346   0.0000000   1.0000000   0.0000000
  48.0000000   1.0000000   0.7926370   0.4030677   0.0032343   1.0000000   0.7801890   0.0000000   0.0000000   2.5179086   1.0008752  -4.9125515   0.0102520   1.9977502   0.5635992   0.0107348   0.3616956   3.0757697   0.5578611  -1.0000000   0.0107617   0.0000000   0.0000000   0.0000000   0.0000000   0.0000000  -5.6535196  32.7446406   3.0757256   0.5578170   0.0000000   1.0000000   0.0000000
  49.0000000   1.0000000   0.7926370   0.4031268   0.0032343   1.0000000   0.7801890   0.0000000   0.0000000   2.5183121   1.0008607  -4.8987313   0.0102454   1.9980139   0.5633395   0.0107348   0.3616686   3.0762014   0.5578893  -1.0000000   0.0107618   0.0000000   0.0000000   0.0000000   0.0000000   0.0000000  -5.6616645  32.7558181   3.0761601   0.5578480   0.0000000   1.0000000   0.0000000
  50.0000000   1.0000000   0.7926370   0.4031787   0.0032343   1.0000000   0.7801890   0.0000000   0.0000000   2.5187293   1.0008715  -4.8851789   0.0102460   1.9983041   0.5626550   0.0107348   0.3616416   3.0766561   0.5579268  -1.0000000   0.0107243   0.0000000   0.0000000   0.0000000   0.0000000   0.0000000  -5.6697053  32.7668976   3.0766179   0.5578887   0.0000000   1.0000000   0.0000000
  51.0000000   1.0000000   0.7926370   0.4032240   0.0032343   1.0000000   0.7801890   0.0000000   0.0000000   2.5190989   1.0008439  -4.8722229   0.0102380   1.9985525   0.5630279   0.0107348   0.3616521   3.0770376   0.5579387  -1.0000000   0.0107706   0.0000000   0.0000000   0.0000000   0.0000000   0.0000000  -5.6770921  32.7777947   3.0770022   0.5579032   0.0000000   1.0000000   0.0000000
  52.0000000   1.0000000   0.7926370   0.4032638   0.0032343   1.0000000   0.7801890   0.0000000   0.0000000   2.5195463   1.0008095  -4.8588886   0.0102331   1.9987707   0.5630615   0.0107348   0.3616163   3.0773835   0.5578372  -1.0000000   0.0107826   0.0000000   0.0000000   0.0000000   0.0000000   0.0000000  -5.6841597  32.7885543   3.0773504   0.5578041   0.0000000   1.0000000   0.0000000
  53.0000000   1.0000000   0.7926370   0.4032986   0.0032343   1.0000000   0.7801890   0.0000000   0.0000000   2.5198995   1.0008020  -4.8456457   0.0102296   1.9990127   0.5625007   0.0107348   0.3615685   3.0777655   0.5578660  -1.0000000   0.0107480   0.0000000   0.0000000   0.0000000   0.0000000   0.0000000  -5.6909586  32.7990551   3.0777350   0.5578355   0.0000000   1.0000000   0.0000000
  54.0000000   1.0000000   0.7926370   0.4033291   0.0032343   1.0000000   0.7801890   0.0000000   0.0000000   2.5202405   1.0007993  -4.8329233   0.0102262   1.9992538   0.5620624   0.0107348   0.3615553   3.0781408   0.5579002  -1.0000000   0.0107402   0.0000000   0.0000000   0.0000000   0.0000000   0.0000000  -5.6975556  32.8094352   3.0781128   0.5578723   0.0000000   1.0000000   0.0000000
  55.0000000   1.0000000   0.7926370   0.4033558   0.0032343   1.0000000   0.7801890   0.0000000   0.0000000   2.5205039   1.0006694  -4.8206030   0.0102269   1.9993805   0.5632220   0.0106540   0.3615499   3.0782580   0.5577541  -1.0000000   0.0107423   0.0000000   0.0000000   0.0000000   0.0000000   0.0000000  -5.7037645  32.8185979   3.0782316   0.5577277   0.0000000   1.0000000   0.0000000
  56.0000000   1.0000000   0.7926370   0.4033792   0.0032343   1.0000000   0.7801890   0.0000000   0.0000000   2.5208864   1.0006049  -4.8073296   0.0102192   1.9995403   0.5629082   0.0106540   0.3614616   3.0785053   0.5576189  -1.0000000   0.0107375   0.0000000   0.0000000   0.0000000   0.0000000   0.0000000  -5.7095807  32.8287469   3.0784806   0.5575942   0.0000000   1.0000000   0.0000000
  57.0000000   1.0000000   0.7926370   0.4033996   0.0032343   1.0000000   0.7801890   0.0000000   0.0000000   2.5212255   1.0005409  -4.7945486   0.0102136   1.9996959   0.5627168   0.0106540   0.3613781   3.0787334   0.5575079  -1.0000000   0.0107331   0.0000000   0.0000000   0.0000000   0.0000000   0.0000000  -5.7150462  32.8386101   3.0787103   0.5574849   0.0000000   1.0000000   0.0000000
  58.0000000   1.0000000   0.7926370   0.4034176   0.0032343   1.0000000   0.7801890   0.0000000   0.0000000   2.5214871   1.0004884  -4.7821089   0.0102096   1.9998555   0.5623590   0.0106540   0.3612990   3.0789692   0.5574821  -1.0000000   0.0107188   0.0000000   0.0000000   0.0000000   0.0000000   0.0000000  -5.7201889  32.8482259   3.0789478   0.5574607   0.0000000   1.0000000   0.0000000
  59.0000000   1.0000000   0.7926370   0.4034333   0.0032343   1.0000000   0.7801890   0.0000000   0.0000000   2.5218300   1.0004419  -4.7700842   0.0102068   2.0000146   0.5621205   0.0106540   0.3612342   3.0791970   0.5573670  -1.0000000   0.0107090   0.0000000   0.0000000   0.0000000   0.0000000   0.0000000  -5.7249238  32.8576834   3.0791773   0.5573473   0.0000000   1.0000000   0.0000000
  60.0000000   1.0000000   0.7926370   0.4034470   0.0032343   1.0000000   0.7801890   0.0000000   0.0000000   2.5221809   1.0004001  -4.7584214   0.0102023   2.0001713   0.5616653   0.0106540   0.3611791   3.0794173   0.5572363  -1.0000000   0.0107018   0.0000000   0.0000000   0.0000000   0.0000000   0.0000000  -5.7293756  32.8668894   3.0793993   0.5572184   0.0000000   1.0000000   0.0000000
  61.0000000   1.0000000   0.7926370   0.4034591   0.0032343   1.0000000   0.7801890   0.0000000   0.0000000   2.5223255   1.0003623  -4.7473571   0.0102003   2.0003238   0.5611432   0.0106540   0.3611313   3.0796308   0.5573053  -1.0000000   0.0106967   0.0000000   0.0000000   0.0000000   0.0000000   0.0000000  -5.7335658  32.8758294   3.0796144   0.5572889   0.0000000   1.0000000   0.0000000
  62.0000000   1.0000000   0.7926370   0.4034697   0.0032343   1.0000000   0.7801890   0.0000000   0.0000000   2.5226486   1.0003123  -4.7367471   0.0101968   2.0004634   0.5612784   0.0106540   0.3610887   3.0798187   0.5571700  -1.0000000   0.0107105   0.0000000   0.0000000   0.0000000   0.0000000   0.0000000  -5.7373757  32.8846907   3.0798038   0.5571552   0.0000000   1.0000000   0.0000000
  63.0000000   1.0000000   0.7926370   0.4034789   0.0032343   1.0000000   0.7801890   0.0000000   0.0000000   2.5229208   1.0000949  -4.7261677   0.0101971   2.0005235   0.5625925   0.0105568   0.3610321   3.0796598   0.5567390  -1.0000000   0.0106941   0.0000000   0.0000000   0.0000000   0.0000000   0.0000000  -5.7410018  32.8919820   3.0796457   0.5567249   0.0000000   1.0000000   0.0000000
  64.0000000   1.0000000   0.7926370   0.4034870   0.0032343   1.0000000   0.7801890   0.0000000   0.0000000   2.5231603   0.9999985  -4.7147654   0.0101906   2.0005678   0.5622149   0.0105568   0.3608948   3.0797438   0.5565835  -1.0000000   0.0106852   0.0000000   0.0000000   0.0000000   0.0000000   0.0000000  -5.7444255  32.9002643   3.0797301   0.5565699   0.0000000   1.0000000   0.0000000
  65.0000000   1.0000000   0.7926370   0.4034941   0.0032343   1.0000000   0.7801890   0.0000000   0.0000000   2.5233262   0.9998943  -4.7039901   0.0101863   2.0006301   0.5620784   0.0105568   0.3607664   3.0797937   0.5564675  -1.0000000   0.0106769   0.0000000   0.0000000   0.0000000   0.0000000   0.0000000  -5.7474515  32.9082733   3.0797808   0.5564545   0.0000000   1.0000000   0.0000000
  66.0000000   1.0000000   0.7926370   0.4035003   0.0032343   1.0000000   0.7801890   0.0000000   0.0000000   2.5235831   0.9998070  -4.6935332   0.0101828   2.0006963   0.5616808   0.0105568   0.3606463   3.0798604   0.5562772  -1.0000000   0.0106584   0.0000000   0.0000000   0.0000000   0.0000000   0.0000000  -5.7501843  32.9160635   3.0798481   0.5562650   0.0000000   1.0000000   0.0000000
  67.0000000   1.0000000   0.7926370   0.4035057   0.0032343   1.0000000   0.7801890   0.0000000   0.0000000   2.5237618   0.9997275  -4.6837195   0.0101800   2.0007682   0.5612829   0.0105568   0.3605447   3.0799253   0.5561635  -1.0000000   0.0106454   0.0000000   0.0000000   0.0000000   0.0000000   0.0000000  -5.7526395  32.9235612   3.0799138   0.5561520   0.0000000   1.0000000   0.0000000
  68.0000000   1.0000000   0.7926370   0.4035105   0.0032343   1.0000000   0.7801890   0.0000000   0.0000000   2.5239538   0.9996551  -4.6744594   0.0101779   2.0008436   0.5610709   0.0105568   0.3604561   3.0799922   0.5560383  -1.0000000   0.0106352   0.0000000   0.0000000   0.0000000   0.0000000   0.0000000  -5.7548010  32.9308421   3.0799815   0.5560276   0.0000000   1.0000000   0.0000000
  69.0000000   1.0000000   0.7926370   0.4035147   0.0032343   1.0000000   0.7801890   0.0000000   0.0000000   2.5242025   0.9995902  -4.6655639   0.0101750   2.0009206   0.5606749   0.0105568   0.3603777   3.0800613   0.5558589  -1.0000000   0.0106256   0.0000000   0.0000000   0.0000000   0.0000000   0.0000000  -5.7567762  32.9378982   3.0800514   0.5558490   0.0000000   1.0000000   0.0000000
  70.0000000   1.0000000   0.7926370   0.4035183   0.0032343   1.0000000   0.7801890   0.0000000   0.0000000   2.5244086   0.9995289  -4.6572645   0.0101724   2.0009984   0.5604714   0.0105568   0.3603088   3.0801260   0.5557174  -1.0000000   0.0106192   0.0000000   0.0000000   0.0000000   0.0000000   0.0000000  -5.7585355  32.9446734   3.0801169   0.5557083   0.0000000   1.0000000   0.0000000
  71.0000000   1.0000000   0.7926370   0.4035215   0.0032343   1.0000000   0.7801890   0.0000000   0.0000000   2.5244588   0.9994714  -4.6493269   0.0101707   2.0010760   0.5602734   0.0105568   0.3602464   3.0801875   0.5557287  -1.0000000   0.0106136   0.0000000   0.0000000   0.0000000   0.0000000   0.0000000  -5.7601027  32.9512092   3.0801793   0.5557205   0.0000000   1.0000000   0.0000000
  72.0000000   1.0000000   0.7926370   0.4035243   0.0032343   1.0000000   0.7801890   0.0000000   0.0000000   2.5246818   0.9994127  -4.6415740   0.0101666   2.0011493   0.5601976   0.0105568   0.3601897   3.0802442   0.5555624  -1.0000000   0.0106157   0.0000000   0.0000000   0.0000000   0.0000000   0.0000000  -5.7614621  32.9576536   3.0802367   0.5555549   0.0000000   1.0000000   0.0000000
  73.0000000   1.0000000   0.7926370   0.4035268   0.0032343   1.0000000   0.7801890   0.0000000   0.0000000   2.5248103   0.9993622  -4.6340813   0.0101658   2.0012233   0.5597780   0.0105568   0.3601308   3.0803020   0.5554917  -1.0000000   0.0106051   0.0000000   0.0000000   0.0000000   0.0000000   0.0000000  -5.7626095  32.9638457   3.0802953   0.5554850   0.0000000   1.0000000   0.0000000
  74.0000000   1.0000000   0.7926370   0.4035289   0.0032343   1.0000000   0.7801890   0.0000000   0.0000000   2.5244466   0.9993150  -4.6270820   0.0101640   2.0012957   0.5595775   0.0105568   0.3600825   3.0803588   0.5559122  -1.0000000   0.0106012   0.0000000   0.0000000   0.0000000   0.0000000   0.0000000  -5.7636540  32.9698765   3.0803528   0.5559063   0.0000000   1.0000000   0.0000000
  75.0000000   1.0000000   0.7926370   0.4035308   0.0032343   1.0000000   0.7801890   0.0000000   0.0000000   2.5265508   0.9992829  -4.6198471   0.0101600   2.0013614   0.5592503   0.0105568   0.3600380   3.0804483   0.5538976  -1.0000000   0.0105948   0.0000000   0.0000000   0.0000000   0.0000000   0.0000000  -5.7647086  32.9762452   3.0804431   0.5538923   0.0000000   1.0000000   0.0000000
  76.0000000   1.0000000   0.7926370   0.4035325   0.0032343   1.0000000   0.7801890   0.0000000   0.0000000   2.5231960   0.9991737  -4.6149884   0.0101590   2.0014215   0.5600296   0.0105568   0.3600000   3.0803561   0.5571602  -1.0000000   0.0106422   0.0000000   0.0000000   0.0000000   0.0000000   0.0000000  -5.7648575  32.9804323   3.0803515   0.5571555   0.0000000   1.0000000   0.0000000
  77.0000000   1.0000000   0.7926370   0.4035339   0.0032343   1.0000000   0.7801890   0.0000000   0.0000000   2.5264464   0.9992037  -4.6060416   0.0101549   2.0014776   0.5581443   0.0105568   0.3599146   3.0805713   0.5541249  -1.0000000   0.0105566   0.0000000   0.0000000   0.0000000   0.0000000   0.0000000  -5.7661852  32.9879414   3.0805672   0.5541209   0.0000000   1.0000000   0.0000000
  78.0000000   1.0000000   0.7926370   0.4035352   0.0032343   1.0000000   0.7801890   0.0000000   0.0000000   2.5282683   0.9990970  -4.6020660   0.0101531   2.0015250   0.5597063   0.0105568   0.3599148   3.0804770   0.5522087  -1.0000000   0.0106442   0.0000000   0.0000000   0.0000000   0.0000000   0.0000000  -5.7661774  32.9921902   3.0804734   0.5522052   0.0000000   1.0000000   0.0000000
  79.0000000   1.0000000   0.7926370   0.4035363   0.0032343   1.0000000   0.7801890   0.0000000   0.0000000   2.5238498   0.9989386  -4.5984883   0.0101542   2.0015699   0.5597083   0.0105568   0.3598274   3.0802542   0.5564044  -1.0000000   0.0106734   0.0000000   0.0000000   0.0000000   0.0000000   0.0000000  -5.7653727  32.9943546   3.0802512   0.5564014   0.0000000   1.0000000   0.0000000
  80.0000000   1.0000000   0.7926370   0.4035372   0.0032343   1.0000000   0.7801890   0.0000000   0.0000000   2.5254882   0.9989260  -4.5906526   0.0101478   2.0016020   0.5582911   0.0105568   0.3597108   3.0803676   0.5548794  -1.0000000   0.0105920   0.0000000   0.0000000   0.0000000   0.0000000   0.0000000  -5.7660088  33.0008463   3.0803649   0.5548767   0.0000000   1.0000000   0.0000000
  81.0000000   1.0000000   0.7926370   0.4035381   0.0032343   1.0000000   0.7801890   0.0000000   0.0000000   2.5258035   0.9988826  -4.5858131   0.0101469   2.0016337   0.5584833   0.0105568   0.3596756   3.0803890   0.5545855  -1.0000000   0.0106044   0.0000000   0.0000000   0.0000000   0.0000000   0.0000000  -5.7660512  33.0056900   3.0803867   0.5545831   0.0000000   1.0000000   0.0000000
  82.0000000   1.0000000   0.7926370   0.4035388   0.0032343   1.0000000   0.7801890   0.0000000   0.0000000   2.5259118   0.9988372  -4.5811013   0.0101462   2.0016695   0.5583231   0.0105568   0.3596280   3.0803959   0.5544841  -1.0000000   0.0106008   0.0000000   0.0000000   0.0000000   0.0000000   0.0000000  -5.7659483  33.0101679   3.0803939   0.5544821   0.0000000   1.0000000   0.0000000
  83.0000000   1.0000000   0.7926370   0.4035395   0.0032343   1.0000000   0.7801890   0.0000000   0.0000000   2.5260550   0.9987935  -4.5766619   0.0101446   2.0017066   0.5581594   0.0105568   0.3595840   3.0804005   0.5543456  -1.0000000   0.0105975   0.0000000   0.0000000   0.0000000   0.0000000   0.0000000  -5.7658355  33.0144795   3.0803989   0.5543440   0.0000000   1.0000000   0.0000000
  84.0000000   1.0000000   0.7926370   0.4035401   0.0032343   1.0000000   0.7801890   0.0000000   0.0000000   2.5261590   0.9987505  -4.5725322   0.0101430   2.0017440   0.5579923   0.0105568   0.3595433   3.0804006   0.5542416  -1.0000000   0.0105949   0.0000000   0.0000000   0.0000000   0.0000000   0.0000000  -5.7656305  33.0185886   3.0803993   0.5542404   0.0000000   1.0000000   0.0000000
  85.0000000   1.0000000   0.7926370   0.4035406   0.0032343   1.0000000   0.7801890   0.0000000   0.0000000   2.5262487   0.9987093  -4.5686752   0.0101410   2.0017799   0.5579559   0.0105568   0.3595052   3.0803988   0.5541501  -1.0000000   0.0105928   0.0000000   0.0000000   0.0000000   0.0000000   0.0000000  -5.7653330  33.0225328   3.0803979   0.5541493   0.0000000   1.0000000   0.0000000
  86.0000000   1.0000000   0.7926370   0.4035410   0.0032343   1.0000000   0.7801890   0.0000000   0.0000000   2.5263453   0.9986692  -4.5649525   0.0101405   2.0018155   0.5577807   0.0105568   0.3594692   3.0803932   0.5540479  -1.0000000   0.0105905   0.0000000   0.0000000   0.0000000   0.0000000   0.0000000  -5.7649201  33.0263286   3.0803928   0.5540475   0.0000000   1.0000000   0.0000000
  87.0000000   1.0000000   0.7926370   0.4035414   0.0032343   1.0000000   0.7801890   0.0000000   0.0000000   2.5264365   0.9986290  -4.5615039   0.0101383   2.0018492   0.5575665   0.0105568   0.3594356   3.0803802   0.5539437  -1.0000000   0.0105892   0.0000000   0.0000000   0.0000000   0.0000000   0.0000000  -5.7644089  33.0299664   3.0803801   0.5539436   0.0000000   1.0000000   0.0000000
  88.0000000   1.0000000   0.7926370   0.4035417   0.0032343   1.0000000   0.7801890   0.0000000   0.0000000   2.5265285   0.9985898  -4.5583699   0.0101365   2.0018801   0.5575410   0.0105568   0.3594032   3.0803617   0.5538332  -1.0000000   0.0105875   0.0000000   0.0000000   0.0000000   0.0000000   0.0000000  -5.7637942  33.0334450   3.0803619   0.5538334   0.0000000   1.0000000   0.0000000
  89.0000000   1.0000000   0.7926370   0.4035420   0.0032343   1.0000000   0.7801890   0.0000000   0.0000000   2.5266029   0.9985524  -4.5553633   0.0101344   2.0019088   0.5574188   0.0105568   0.3593724   3.0803459   0.5537430  -1.0000000   0.0105870   0.0000000   0.0000000   0.0000000   0.0000000   0.0000000  -5.7632254  33.0367581   3.0803464   0.5537435   0.0000000   1.0000000   0.0000000
  90.0000000   1.0000000   0.7926370   0.4035423   0.0032343   1.0000000   0.7801890   0.0000000   0.0000000   2.5266682   0.9985166  -4.5525674   0.0101331   2.0019361   0.5573065   0.0105568   0.3593422   3.0803303   0.5536621  -1.0000000   0.0105856   0.0000000   0.0000000   0.0000000   0.0000000   0.0000000  -5.7626221  33.0399315   3.0803311   0.5536629   0.0000000   1.0000000   0.0000000
  91.0000000   1.0000000   0.7926370   0.4035441   0.0032343   1.0000000   0.7801890   0.0000000   0.0000000   2.5267315   0.9984804  -4.5499647   0.0101320   2.0019616   0.5572279   0.0105568   0.3593134   3.0803111   0.5535796  -1.0000000   0.0105860   0.0000000   0.0000000   0.0000000   0.0000000   0.0000000  -5.7619375  33.0429746   3.0803122   0.5535807   0.0000000   1.0000000   0.0000000
  92.0000000   1.0000000   0.7926370   0.4035441   0.0032343   1.0000000   0.7801890   0.0000000   0.0000000   2.5267905   0.9984451  -4.5475237   0.0101308   2.0019859   0.5571724   0.0105568   0.3592842   3.0802907   0.5535002  -1.0000000   0.0105849   0.0000000   0.0000000   0.0000000   0.0000000   0.0000000  -5.7612234  33.0458886   3.0802920   0.5535015   0.0000000   1.0000000   0.0000000
  93.0000000   1.0000000   0.7926370   0.4035441   0.0032343   1.0000000   0.7801890   0.0000000   0.0000000   2.5269599   0.9984109  -4.5452104   0.0101281   2.0020070   0.5569358   0.0105568   0.3592560   3.0802695   0.5533096  -1.0000000   0.0105849   0.0000000   0.0000000   0.0000000   0.0000000   0.0000000  -5.7605176  33.0486774   3.0802711   0.5533112   0.0000000   1.0000000   0.0000000
  94.0000000   1.0000000   0.7926370   0.4035441   0.0032343   1.0000000   0.7801890   0.0000000   0.0000000   2.5268401   0.9983763  -4.5433311   0.0101273   2.0020259   0.5567109   0.0105568   0.3592279   3.0802417   0.5534016  -1.0000000   0.0105842   0.0000000   0.0000000   0.0000000   0.0000000   0.0000000  -5.7596948  33.0512316   3.0802435   0.5534033   0.0000000   1.0000000   0.0000000
  95.0000000   1.0000000   0.7926370   0.4035441   0.0032343   1.0000000   0.7801890   0.0000000   0.0000000   2.5268810   0.9983442  -4.5415894   0.0101266   2.0020440   0.5567346   0.0105568   0.3592005   3.0802199   0.5533389  -1.0000000   0.0105834   0.0000000   0.0000000   0.0000000   0.0000000   0.0000000  -5.7588093  33.0538389   3.0802219   0.5533409   0.0000000   1.0000000   0.0000000
  96.0000000   1.0000000   0.7926370   0.4035441   0.0032343   1.0000000   0.7801890   0.0000000   0.0000000   2.5270050   0.9983122  -4.5398917   0.0101254   2.0020603   0.5567793   0.0105568   0.3591739   3.0801958   0.5531907  -1.0000000   0.0105832   0.0000000   0.0000000   0.0000000   0.0000000   0.0000000  -5.7579184  33.0563441   3.0801979   0.5531929   0.0000000   1.0000000   0.0000000
  97.0000000   1.0000000   0.7926370   0.4035441   0.0032343   1.0000000   0.7801890   0.0000000   0.0000000   2.5270367   0.9982806  -4.5383028   0.0101242   2.0020749   0.5566768   0.0105568   0.3591475   3.0801668   0.5531302  -1.0000000   0.0105820   0.0000000   0.0000000   0.0000000   0.0000000   0.0000000  -5.7570030  33.0586635   3.0801691   0.5531325   0.0000000   1.0000000   0.0000000
  98.0000000   1.0000000   0.7926370   0.4035441   0.0032343   1.0000000   0.7801890   0.0000000   0.0000000   2.5270891   0.9982505  -4.5368790   0.0101228   2.0020889   0.5565799   0.0105568   0.3591222   3.0801380   0.5530489  -1.0000000   0.0105806   0.0000000   0.0000000   0.0000000   0.0000000   0.0000000  -5.7561085  33.0608879   3.0801405   0.5530514   0.0000000   1.0000000   0.0000000
  99.0000000   1.0000000   0.7926370   0.4035441   0.0032343   1.0000000   0.7801890   0.0000000   0.0000000   2.5271102   0.9982212  -4.5356344   0.0101213   2.0021007   0.5564093   0.0105568   0.3590984   3.0801086   0.5529984  -1.0000000   0.0105803   0.0000000   0.0000000   0.0000000   0.0000000   0.0000000  -5.7552241  33.0629965   3.0801111   0.5530009   0.0000000   1.0000000   0.0000000
 100.0000000   1.0000000   0.7926370   0.4035441   0.0032343   1.0000000   0.7801890   0.0000000   0.0000000   2.5271506   0.9981930  -4.5346150   0.0101199   2.0021107   0.5562814   0.0105568   0.3590749   3.0800798   0.5529292  -1.0000000   0.0105798   0.0000000   0.0000000   0.0000000   0.0000000   0.0000000  -5.7543057  33.0650219   3.0800825   0.5529319   0.0000000   1.0000000   0.0000000
 101.0000000   1.0000000   0.7926370   0.4035441   0.0032343   1.0000000   0.7801890   0.0000000   0.0000000   2.5270692   0.9981650  -4.5338017   0.0101191   2.0021193   0.5563729   0.0105568   0.3590519   3.0800492   0.5529800  -1.0000000   0.0105797   0.0000000   0.0000000   0.0000000   0.0000000   0.0000000  -5.7533510  33.0669472   3.0800520   0.5529828   0.0000000   1.0000000   0.0000000
 102.0000000   1.0000000   0.7926370   0.4035441   0.0032343   1.0000000   0.7801890   0.0000000   0.0000000   2.5273026   0.9981397  -4.5328472   0.0101170   2.0021257   0.5563450   0.0105568   0.3590290   3.0800253   0.5527227  -1.0000000   0.0105792   0.0000000   0.0000000   0.0000000   0.0000000   0.0000000  -5.7524663  33.0688939   3.0800281   0.5527256   0.0000000   1.0000000   0.0000000
 103.0000000   1.0000000   0.7926370   0.4035441   0.0032343   1.0000000   0.7801890   0.0000000   0.0000000   2.5248905   0.9981139  -4.5321920   0.0101164   2.0021304   0.5562724   0.0105568   0.3590066   3.0799925   0.5551021  -1.0000000   0.0105780   0.0000000   0.0000000   0.0000000   0.0000000   0.0000000  -5.7515190  33.0705534   3.0799954   0.5551049   0.0000000   1.0000000   0.0000000
 104.0000000   1.0000000   0.7926370   0.4035441   0.0032343   1.0000000   0.7801890   0.0000000   0.0000000   2.5299530   0.9981959  -4.5291992   0.0101131   2.0021415   0.5553081   0.0105568   0.3589854   3.0801909   0.5502379  -1.0000000   0.0105055   0.0000000   0.0000000   0.0000000   0.0000000   0.0000000  -5.7516334  33.0747094   3.0801939   0.5502409   0.0000000   1.0000000   0.0000000
 105.0000000   1.0000000   0.7926370   0.4035441   0.0032343   1.0000000   0.7801890   0.0000000   0.0000000   2.5265198   0.9981076  -4.5321024   0.0101153   2.0021654   0.5564804   0.0105568   0.3590367   3.0799972   0.5534774  -1.0000000   0.0106018   0.0000000   0.0000000   0.0000000   0.0000000   0.0000000  -5.7498396  33.0737110   3.0800004   0.5534806   0.0000000   1.0000000   0.0000000
 106.0000000   1.0000000   0.7926370   0.4035441   0.0032343   1.0000000   0.7801890   0.0000000   0.0000000   2.5274822   0.9981381  -4.5305393   0.0101154   2.0021957   0.5554233   0.0105568   0.3589917   3.0800572   0.5525751  -1.0000000   0.0105217   0.0000000   0.0000000   0.0000000   0.0000000   0.0000000  -5.7494580  33.0761662   3.0800608   0.5525786   0.0000000   1.0000000   0.0000000
 107.0000000   1.0000000   0.7926370   0.4035441   0.0032343   1.0000000   0.7801890   0.0000000   0.0000000   2.5275100   0.9981424  -4.5309099   0.0101153   2.0022359   0.5555256   0.0105568   0.3590268   3.0800657   0.5525557  -1.0000000   0.0105357   0.0000000   0.0000000   0.0000000   0.0000000   0.0000000  -5.7486909  33.0776179   3.0800697   0.5525597   0.0000000   1.0000000   0.0000000
 108.0000000   1.0000000   0.7926370   0.4035441   0.0032343   1.0000000   0.7801890   0.0000000   0.0000000   2.5274522   0.9981334  -4.5311563   0.0101140   2.0022643   0.5556857   0.0105568   0.3590479   3.0800556   0.5526033  -1.0000000   0.0105523   0.0000000   0.0000000   0.0000000   0.0000000   0.0000000  -5.7479972  33.0790060   3.0800598   0.5526076   0.0000000   1.0000000   0.0000000
 109.0000000   1.0000000   0.7926370   0.4035441   0.0032343   1.0000000   0.7801890   0.0000000   0.0000000   2.5274388   0.9981256  -4.5311702   0.0101124   2.0022840   0.5557180   0.0105568   0.3590523   3.0800499   0.5526111  -1.0000000   0.0105564   0.0000000   0.0000000   0.0000000   0.0000000   0.0000000  -5.7472508  33.0804152   3.0800544   0.5526156   0.0000000   1.0000000   0.0000000
 110.0000000   1.0000000   0.7926370   0.4035441   0.0032343   1.0000000   0.7801890   0.0000000   0.0000000   2.5274299   0.9981157  -4.5311314   0.0101113   2.0022987   0.5557766   0.0105568   0.3590528   3.0800419   0.5526120  -1.0000000   0.0105603   0.0000000   0.0000000   0.0000000   0.0000000   0.0000000  -5.7464992  33.0818056   3.0800465   0.5526166   0.0000000   1.0000000   0.0000000
 111.0000000   1.0000000   0.7926370   0.4035441   0.0032343   1.0000000   0.7801890   0.0000000   0.0000000   2.5273991   0.9981054  -4.5310259   0.0101100   2.0023098   0.5556651   0.0105568   0.3590493   3.0800335   0.5526344  -1.0000000   0.0105625   0.0000000   0.0000000   0.0000000   0.0000000   0.0000000  -5.7457508  33.0831726   3.0800383   0.5526392   0.0000000   1.0000000   0.0000000
 112.0000000   1.0000000   0.7926370   0.4035441   0.0032343   1.0000000   0.7801890   0.0000000   0.0000000   2.5274409   0.9980953  -4.5310080   0.0101089   2.0023180   0.5557291   0.0105568   0.3590435   3.0800267   0.5525859  -1.0000000   0.0105640   0.0000000   0.0000000   0.0000000   0.0000000   0.0000000  -5.7450276  33.0845385   3.0800316   0.5525907   0.0000000   1.0000000   0.0000000
 113.0000000   1.0000000   0.7926370   0.4035441   0.0032343   1.0000000   0.7801890   0.0000000   0.0000000   2.5274179   0.9980845  -4.5309775   0.0101079   2.0023236   0.5556949   0.0105568   0.3590363   3.0800176   0.5525997  -1.0000000   0.0105654   0.0000000   0.0000000   0.0000000   0.0000000   0.0000000  -5.7442833  33.0858333   3.0800225   0.5526046   0.0000000   1.0000000   0.0000000
 114.0000000   1.0000000   0.7926370   0.4035441   0.0032343   1.0000000   0.7801890   0.0000000   0.0000000   2.5274116   0.9980741  -4.5309720   0.0101069   2.0023269   0.5556330   0.0105568   0.3590277   3.0800097   0.5525981  -1.0000000   0.0105663   0.0000000   0.0000000   0.0000000   0.0000000   0.0000000  -5.7435382  33.0871213   3.0800147   0.5526031   0.0000000   1.0000000   0.0000000
 115.0000000   1.0000000   0.7926370   0.4035441   0.0032343   1.0000000   0.7801890   0.0000000   0.0000000   2.5274152   0.9980639  -4.5310388   0.0101060   2.0023283   0.5557304   0.0105568   0.3590181   3.0800026   0.5525874  -1.0000000   0.0105671   0.0000000   0.0000000   0.0000000   0.0000000   0.0000000  -5.7428054  33.0883871   3.0800076   0.5525923   0.0000000   1.0000000   0.0000000
 116.0000000   1.0000000   0.7926370   0.4035441   0.0032343   1.0000000   0.7801890   0.0000000   0.0000000   2.5274165   0.9980545  -4.5310271   0.0101047   2.0023278   0.5557130   0.0105568   0.3590079   3.0799973   0.5525808  -1.0000000   0.0105675   0.0000000   0.0000000   0.0000000   0.0000000   0.0000000  -5.7421501  33.0896212   3.0800023   0.5525858   0.0000000   1.0000000   0.0000000
 117.0000000   1.0000000   0.7926370   0.4035441   0.0032343   1.0000000   0.7801890   0.0000000   0.0000000   2.5273874   0.9980418  -4.5310480   0.0101029   2.0023207   0.5558232   0.0105568   0.3589971   3.0799850   0.5525977  -1.0000000   0.0105726   0.0000000   0.0000000   0.0000000   0.0000000   0.0000000  -5.7414381  33.0908281   3.0799899   0.5526025   0.0000000   1.0000000   0.0000000
 118.0000000   1.0000000   0.7926370   0.4035441   0.0032343   1.0000000   0.7801890   0.0000000   0.0000000   2.5274018   0.9980393  -4.5309640   0.0101031   2.0023231   0.5556659   0.0105568   0.3589813   3.0799900   0.5525882  -1.0000000   0.0105604   0.0000000   0.0000000   0.0000000   0.0000000   0.0000000  -5.7407957  33.0920422   3.0799949   0.5525932   0.0000000   1.0000000   0.0000000
 119.0000000   1.0000000   0.7926370   0.4035441   0.0032343   1.0000000   0.7801890   0.0000000   0.0000000   2.5273629   0.9980322  -4.5310631   0.0101044   2.0023246   0.5557087   0.0105568   0.3589777   3.0799877   0.5538263  -1.0000000   0.0105645   0.0000000   0.0000000   0.0000000   0.0000000   0.0000000  -5.7402011  33.0932229   3.0799926   0.5538312   0.0012015   1.0000000   0.0000000
 120.0000000   1.0000000   0.7926370   0.4035441   0.0032343   1.0000000   0.7801890   0.0000000   0.0000000   2.5286658   0.9975510  -4.5981648   0.0101010   2.0018584   0.5590960   0.0106540   0.3604869   3.0906914   0.5532838  -1.0000000   0.0106539   0.0000000   2.6877956   0.6461194   0.0000000   0.0000000  -5.7495697  33.1899199   3.0906914   0.5532838   0.0087418   1.0000000   0.0000000
