 t output_loss_entry employment_loss_entry investment_loss_entry debt_loss_entry
 output_gain_entry employment_gain_entry investment_gain_entry debt_gain_entry
 output_loss_incumbent employment_loss_incumbent investment_loss_incumbent debt_
 loss_incumbent
 output_gain_incumbent employment_gain_incumbent investment_gain_incumbent debt_
 gain_incumbent
 gdp1 h1 inv1 firm_debt2
 gdp_t h_t inv_t firm_debt_t
   1.0000000   0.0000000   0.0000000   0.0000000   0.0000000   0.0000000   0.0000000   0.0000000   0.0000000   0.0000000   0.0000000   0.0000000   0.0000000   0.0000000   0.0000000   0.0000000   0.0000000   3.0906914   1.0019087   0.5532838   5.7495697   3.0906914   1.0019087   0.5532838   5.7495697
   2.0000000   0.0068099   0.0034454   0.0292838   0.0074838   0.0000000   0.0000000   0.0000000   0.0000000   3.0834887   0.9982676   0.5263595   5.7420694   3.0722716   0.9926761   0.5345588   3.4056766   3.0906914   1.0019087   0.5532838   5.7495697   3.0722727   0.9926767   0.5321717   3.4056766
   3.0000000   0.0115576   0.0056308   0.0310905   0.0171690   0.0000000   0.0000000   0.0000000   0.0000000   3.0393895   0.9773577   0.6825515   5.6783285   2.9649683   0.9684922   0.6667386   3.1686821   3.0906914   1.0019087   0.5532838   5.7495697   2.9798428   0.9755583   0.4592191   3.1805884
   4.0000000   0.0132588   0.0062156   0.0160658   0.0230469   0.0000000   0.0000000   0.0000000   0.0000000   3.0084168   0.9635724   0.7045098   5.5997080   2.9347252   0.9570541   0.6448458   3.2725294   3.0906914   1.0019087   0.5532838   5.7495697   2.9703728   0.9744421   0.4565227   3.3138076
   5.0000000   0.0153195   0.0070785   0.0128787   0.0269869   0.0000000   0.0000000   0.0000000   0.0000000   2.9779399   0.9502254   0.7050989   5.5249403   2.9161557   0.9473249   0.6180962   3.4313472   3.0906914   1.0019087   0.5532838   5.7495697   2.9736194   0.9750647   0.4641153   3.5092397
   6.0000000   0.0148442   0.0066950   0.0029711   0.0280302   0.0000000   0.0000000   0.0000000   0.0000000   3.0015073   0.9615730   0.6521416   5.5687106   2.9367556   0.9563952   0.5474354   3.6451150   3.0906914   1.0019087   0.5532838   5.7495697   2.9811281   0.9772949   0.4746262   3.7082018
   7.0000000   0.0148927   0.0066545   0.0019091   0.0280638   0.0000000   0.0000000   0.0000000   0.0000000   3.0162368   0.9686113   0.6150461   5.5973560   2.9503371   0.9620056   0.5211139   3.8434135   3.0906914   1.0019087   0.5532838   5.7495697   2.9873107   0.9790379   0.4830822   3.8983361
   8.0000000   0.0131505   0.0057319  -0.0050048   0.0261813   0.0003885   0.0001972   0.0015762   0.0003315   3.0278595   0.9741884   0.6013394   5.6190581   2.9622562   0.9668141   0.5146340   4.0255093   3.0906914   1.0019087   0.5532838   5.7495697   2.9949283   0.9815944   0.4925051   4.0753799
   9.0000000   0.0119858   0.0051585  -0.0048854   0.0239248   0.0023882   0.0012034   0.0086993   0.0022219   3.0360775   0.9780720   0.5887308   5.6356900   2.9711661   0.9702561   0.5110287   4.1868151   3.0906914   1.0019087   0.5532838   5.7495697   3.0025028   0.9843017   0.5035770   4.2346265
  10.0000000   0.0108787   0.0046289  -0.0040356   0.0219162   0.0037303   0.0018328   0.0086713   0.0044385   3.0424645   0.9810739   0.5797156   5.6484613   2.9777815   0.9725890   0.5094846   4.3307735   3.0906914   1.0019087   0.5532838   5.7495697   3.0076787   0.9858162   0.5072216   4.3779009
  11.0000000   0.0099611   0.0041939  -0.0030922   0.0202768   0.0050444   0.0024366   0.0083688   0.0066697   3.0474513   0.9834121   0.5731646   5.6583750   2.9843648   0.9749620   0.5131710   4.4586853   3.0906914   1.0019087   0.5532838   5.7495697   3.0135649   0.9877412   0.5138573   4.5058164
  12.0000000   0.0091964   0.0038322  -0.0024066   0.0189285   0.0062307   0.0029719   0.0077298   0.0087587   3.0514382   0.9852807   0.5684777   5.6662104   2.9893990   0.9766679   0.5161828   4.5715819   3.0906914   1.0019087   0.5532838   5.7495697   3.0181108   0.9891068   0.5185225   4.6190122
  13.0000000   0.0085520   0.0035269  -0.0018001   0.0178475   0.0072928   0.0034424   0.0073443   0.0107747   3.0546828   0.9868028   0.5649071   5.6724517   2.9936805   0.9780562   0.5194015   4.6722359   3.0906914   1.0019087   0.5532838   5.7495697   3.0220831   0.9902486   0.5228101   4.7202344
  14.0000000   0.0080146   0.0032715  -0.0013306   0.0169771   0.0082757   0.0038708   0.0069722   0.0126672   3.0573515   0.9880574   0.5621861   5.6774682   2.9977119   0.9793176   0.5224320   4.7615881   3.0906914   1.0019087   0.5532838   5.7495697   3.0259664   0.9913439   0.5267183   4.8103014
  15.0000000   0.0075613   0.0030551  -0.0009441   0.0162810   0.0091954   0.0042673   0.0066381   0.0144279   3.0595733   0.9891052   0.5600428   5.6815177   3.0014802   0.9804691   0.5255334   4.8403510   3.0906914   1.0019087   0.5532838   5.7495697   3.0297207   0.9923998   0.5303823   4.8898561
  16.0000000   0.0071778   0.0028709  -0.0006299   0.0157269   0.0100451   0.0046294   0.0063577   0.0160561   3.0614394   0.9899892   0.5583384   5.6847983   3.0050577   0.9815490   0.5284030   4.9099300   3.0906914   1.0019087   0.5532838   5.7495697   3.0333554   0.9934227   0.5338042   4.9603167
  17.0000000   0.0068509   0.0027127  -0.0003690   0.0152906   0.0108286   0.0049594   0.0062293   0.0176500   3.0630198   0.9907418   0.5569551   5.6874538   3.0082951   0.9825586   0.5310872   4.9720123   3.0906914   1.0019087   0.5532838   5.7495697   3.0367167   0.9944117   0.5368312   5.0233520
  18.0000000   0.0065710   0.0025761  -0.0001507   0.0149525   0.0115593   0.0052618   0.0060012   0.0191326   3.0643671   0.9913875   0.5558162   5.6895926   3.0111926   0.9833959   0.5335260   5.0268620   3.0906914   1.0019087   0.5532838   5.7495697   3.0397561   0.9952378   0.5394849   5.0791706
  19.0000000   0.0063302   0.0024573   0.0000344   0.0146971   0.0122387   0.0055395   0.0060496   0.0206377   3.0655222   0.9919453   0.5548645   5.6912992   3.0137002   0.9840733   0.5351838   5.0762181   3.0906914   1.0019087   0.5532838   5.7495697   3.0424267   0.9959165   0.5416432   5.1296837
  20.0000000   0.0061222   0.0023536   0.0001928   0.0145121   0.0128779   0.0057958   0.0060886   0.0221320   3.0665171   0.9924300   0.5540623   5.6926425   3.0159804   0.9846712   0.5368525   5.1206187   3.0906914   1.0019087   0.5532838   5.7495697   3.0448977   0.9965278   0.5435956   5.1752793
  21.0000000   0.0059420   0.0022625   0.0003295   0.0143873   0.0134993   0.0060433   0.0060962   0.0236161   3.0673777   0.9928536   0.5533784   5.6936774   3.0180063   0.9851532   0.5383696   5.1600704   3.0906914   1.0019087   0.5532838   5.7495697   3.0471460   0.9970409   0.5453891   5.2160003
  22.0000000   0.0057854   0.0021822   0.0004486   0.0143143   0.0140989   0.0062796   0.0059938   0.0250118   3.0681247   0.9932256   0.5527898   5.6944492   3.0198213   0.9855530   0.5397196   5.1954086   3.0906914   1.0019087   0.5532838   5.7495697   3.0492079   0.9974839   0.5467816   5.2525587
  23.0000000   0.0056489   0.0021111   0.0005530   0.0142862   0.0146553   0.0064952   0.0061633   0.0265222   3.0687752   0.9935537   0.5522776   5.6949941   3.0214760   0.9858224   0.5404902   5.2280528   3.0906914   1.0019087   0.5532838   5.7495697   3.0510971   0.9977919   0.5479972   5.2866402
  24.0000000   0.0055297   0.0020479   0.0006453   0.0142971   0.0152452   0.0067240   0.0065608   0.0283709   3.0693431   0.9938443   0.5518270   5.6953417   3.0232186   0.9862119   0.5412675   5.2559538   3.0906914   1.0019087   0.5532838   5.7495697   3.0531536   0.9982568   0.5493850   5.3163813
  25.0000000   0.0054255   0.0019915   0.0007272   0.0143419   0.0159035   0.0069763   0.0063658   0.0299312   3.0698397   0.9941026   0.5514276   5.6955166   3.0246441   0.9864933   0.5424572   5.2813640   3.0906914   1.0019087   0.5532838   5.7495697   3.0549951   0.9986542   0.5505277   5.3433966
  26.0000000   0.0053342   0.0019410   0.0008002   0.0144164   0.0165031   0.0072075   0.0060087   0.0312384   3.0702749   0.9943331   0.5510718   5.6955401   3.0259391   0.9867108   0.5436964   5.3039858   3.0906914   1.0019087   0.5532838   5.7495697   3.0566717   0.9989788   0.5515766   5.3674230
  27.0000000   0.0052541   0.0018957   0.0008654   0.0145166   0.0170183   0.0074009   0.0061005   0.0325524   3.0706565   0.9945392   0.5507527   5.6954297   3.0271112   0.9869282   0.5441280   5.3253475   3.0906914   1.0019087   0.5532838   5.7495697   3.0581658   0.9992784   0.5522304   5.3902429
  28.0000000   0.0051838   0.0018549   0.0009236   0.0146388   0.0175120   0.0075836   0.0061606   0.0338592   3.0709917   0.9947242   0.5504659   5.6952005   3.0283808   0.9871784   0.5450889   5.3453140   3.0906914   1.0019087   0.5532838   5.7495697   3.0597572   0.9996111   0.5533805   5.4117134
  29.0000000   0.0051219   0.0018179   0.0009753   0.0147796   0.0179950   0.0077611   0.0062299   0.0351741   3.0712862   0.9948907   0.5502082   5.6948668   3.0295401   0.9873926   0.5455128   5.3632731   3.0906914   1.0019087   0.5532838   5.7495697   3.0612461   0.9999117   0.5539470   5.4311969
  30.0000000   0.0050673   0.0017845   0.0010209   0.0149355   0.0184744   0.0079363   0.0062782   0.0364704   3.0715451   0.9950409   0.5499767   5.6944415   3.0306300   0.9875908   0.5463301   5.3797006   3.0906914   1.0019087   0.5532838   5.7495697   3.0626741   1.0002009   0.5548898   5.4491491
  31.0000000   0.0050191   0.0017540   0.0010607   0.0151032   0.0189458   0.0081081   0.0062900   0.0377399   3.0717731   0.9951770   0.5497697   5.6939374   3.0316900   0.9877913   0.5469482   5.3949918   3.0906914   1.0019087   0.5532838   5.7495697   3.0640761   1.0004954   0.5555949   5.4659614
  32.0000000   0.0049765   0.0017262   0.0010950   0.0152791   0.0193221   0.0082322   0.0063912   0.0390242   3.0719739   0.9953004   0.5495866   5.6933680   3.0320547   0.9876593   0.5467309   5.4090343   3.0906914   1.0019087   0.5532838   5.7495697   3.0647003   1.0004164   0.5555376   5.4815536
  33.0000000   0.0049385   0.0017006   0.0011239   0.0154599   0.0197618   0.0083878   0.0064608   0.0403338   3.0721513   0.9954130   0.5494267   5.6927476   3.0327737   0.9877283   0.5470400   5.4228936   3.0906914   1.0019087   0.5532838   5.7495697   3.0657496   1.0005740   0.5559639   5.4970037
  34.0000000   0.0049046   0.0016771   0.0011477   0.0156420   0.0202038   0.0085434   0.0063606   0.0415729   3.0723083   0.9955158   0.5492887   5.6920901   3.0335826   0.9878192   0.5475233   5.4354805   3.0906914   1.0019087   0.5532838   5.7495697   3.0668981   1.0007573   0.5563946   5.5111106
  35.0000000   0.0048741   0.0016554   0.0011663   0.0158219   0.0206202   0.0086866   0.0065555   0.0428620   3.0724480   0.9956103   0.5491713   5.6914092   3.0343117   0.9878739   0.5477567   5.4474971   3.0906914   1.0019087   0.5532838   5.7495697   3.0679485   1.0008965   0.5568553   5.5246953
  36.0000000   0.0048464   0.0016352   0.0011801   0.0159961   0.0210423   0.0088324   0.0066543   0.0441601   3.0725727   0.9956973   0.5490735   5.6907185   3.0350376   0.9879577   0.5480719   5.4589437   3.0906914   1.0019087   0.5532838   5.7495697   3.0690070   1.0010707   0.5573024   5.5377166
  37.0000000   0.0048210   0.0016163   0.0011892   0.0161611   0.0214598   0.0089759   0.0067385   0.0454667   3.0726848   0.9957779   0.5489950   5.6900317   3.0357056   0.9880367   0.5483248   5.4696303   3.0906914   1.0019087   0.5532838   5.7495697   3.0700085   1.0012411   0.5576455   5.5499655
  38.0000000   0.0047975   0.0015986   0.0011936   0.0163137   0.0218737   0.0091171   0.0069292   0.0468302   3.0727863   0.9958528   0.5489357   5.6893630   3.0363424   0.9881044   0.5485894   5.4805630   3.0906914   1.0019087   0.5532838   5.7495697   3.0709779   1.0014002   0.5581106   5.5625014
  39.0000000   0.0047754   0.0015819   0.0011937   0.0164507   0.0222930   0.0092602   0.0069551   0.0481693   3.0728792   0.9959227   0.5488953   5.6887267   3.0369805   0.9881997   0.5489273   5.4905653   3.0906914   1.0019087   0.5532838   5.7495697   3.0719571   1.0015913   0.5584730   5.5740542
  40.0000000   0.0047543   0.0015660   0.0011896   0.0165692   0.0227042   0.0093995   0.0069985   0.0495094   3.0729652   0.9959885   0.5488737   5.6881371   3.0375778   0.9882752   0.5491927   5.5003191   3.0906914   1.0019087   0.5532838   5.7495697   3.0728896   1.0017606   0.5587738   5.5853284
  41.0000000   0.0047339   0.0015508   0.0011815   0.0166665   0.0213718   0.0086527  -0.0004111   0.0489482   3.0730459   0.9960506   0.5488701   5.6876077   3.0386825   0.9885929   0.5556307   5.5119681   3.0906914   1.0019087   0.5532838   5.7495697   3.0725899   1.0012890   0.5578094   5.5965718
  42.0000000   0.0047139   0.0015362   0.0011698   0.0167403   0.0205725   0.0082303  -0.0006699   0.0478933   3.0731229   0.9961095   0.5488836   5.6871510   3.0399616   0.9889211   0.5558895   5.5233001   3.0906914   1.0019087   0.5532838   5.7495697   3.0729996   1.0011538   0.5577878   5.6069635
  43.0000000   0.0046940   0.0015221   0.0011548   0.0167888   0.0197938   0.0078325   0.0000770   0.0470202   3.0731974   0.9961659   0.5489131   5.6867780   3.0411662   0.9892024   0.5551569   5.5341885   3.0906914   1.0019087   0.5532838   5.7495697   3.0733560   1.0009977   0.5577696   5.6170472
  44.0000000   0.0046740   0.0015085   0.0011369   0.0168104   0.0191575   0.0075070   0.0007397   0.0463849   3.0732708   0.9962202   0.5489571   5.6864981   3.0423308   0.9895068   0.5544855   5.5445260   3.0906914   1.0019087   0.5532838   5.7495697   3.0738142   1.0009378   0.5577279   5.6267729
  45.0000000   0.0046537   0.0014951   0.0011165   0.0168043   0.0186287   0.0072332   0.0013081   0.0459703   3.0733440   0.9962726   0.5490139   5.6863186   3.0433896   0.9897672   0.5539520   5.5543940   3.0906914   1.0019087   0.5532838   5.7495697   3.0742736   1.0008864   0.5577147   5.6361949
  46.0000000   0.0046328   0.0014820   0.0010940   0.0167700   0.0181962   0.0070050   0.0017535   0.0457258   3.0734178   0.9963236   0.5490818   5.6862447   3.0445058   0.9900785   0.5536974   5.5635561   3.0906914   1.0019087   0.5532838   5.7495697   3.0748851   1.0009317   0.5578632   5.6450302
  47.0000000   0.0046114   0.0014691   0.0010700   0.0167075   0.0178330   0.0068093   0.0021423   0.0456336   3.0734931   0.9963734   0.5491587   5.6862794   3.0453644   0.9902666   0.5533784   5.5722748   3.0906914   1.0019087   0.5532838   5.7495697   3.0753078   1.0008873   0.5578817   5.6535196
  48.0000000   0.0045892   0.0014563   0.0010447   0.0166173   0.0175354   0.0066444   0.0024555   0.0456586   3.0735704   0.9964223   0.5492430   5.6864235   3.0461984   0.9904560   0.5530948   5.5805838   3.0906914   1.0019087   0.5532838   5.7495697   3.0757697   1.0008752   0.5578611   5.6616645
  49.0000000   0.0045663   0.0014437   0.0010185   0.0165002   0.0172894   0.0065037   0.0027375   0.0457887   3.0736502   0.9964705   0.5493328   5.6866762   3.0469516   0.9906183   0.5528979   5.5887380   3.0906914   1.0019087   0.5532838   5.7495697   3.0762014   1.0008607   0.5578893   5.6697053
  50.0000000   0.0045425   0.0014312   0.0009919   0.0163574   0.0170887   0.0063840   0.0029258   0.0459773   3.0737327   0.9965181   0.5494267   5.6870349   3.0476845   0.9907845   0.5528012   5.5962303   3.0906914   1.0019087   0.5532838   5.7495697   3.0766561   1.0008715   0.5579268   5.6770921
  51.0000000   0.0045179   0.0014187   0.0009650   0.0161902   0.0169198   0.0062794   0.0031159   0.0462254   3.0738182   0.9965653   0.5495232   5.6874954   3.0483137   0.9908971   0.5526810   5.6033942   3.0906914   1.0019087   0.5532838   5.7495697   3.0770376   1.0008439   0.5579387   5.6841597
  52.0000000   0.0044924   0.0014062   0.0009381   0.0160003   0.0167800   0.0061886   0.0032754   0.0465188   3.0739068   0.9966121   0.5496212   5.6880527   3.0488798   0.9909889   0.5524769   5.6102904   3.0906914   1.0019087   0.5532838   5.7495697   3.0773835   1.0008095   0.5578372   5.6909586
  53.0000000   0.0044661   0.0013938   0.0009114   0.0157896   0.0166670   0.0061104   0.0034115   0.0468446   3.0739985   0.9966587   0.5497197   5.6887008   3.0494569   0.9910946   0.5524265   5.6169955   3.0906914   1.0019087   0.5532838   5.7495697   3.0777655   1.0008020   0.5578660   5.6975556
  54.0000000   0.0044390   0.0013815   0.0008850   0.0155597   0.0165752   0.0060424   0.0035205   0.0471893   3.0740933   0.9967051   0.5498181   5.6894331   3.0500077   0.9911950   0.5524096   5.6233351   3.0906914   1.0019087   0.5532838   5.7495697   3.0781408   1.0007993   0.5579002   5.7037645
  55.0000000   0.0044111   0.0013691   0.0008591   0.0153127   0.0161157   0.0057875   0.0019497   0.0471180   3.0741911   0.9967514   0.5499156   5.6902428   3.0506690   0.9913546   0.5538851   5.6297319   3.0906914   1.0019087   0.5532838   5.7495697   3.0782580   1.0006694   0.5577541   5.7095807
  56.0000000   0.0043825   0.0013567   0.0008338   0.0150504   0.0157897   0.0056121   0.0019432   0.0469315   3.0742919   0.9967976   0.5500117   5.6911228   3.0513284   0.9914999   0.5538104   5.6359250   3.0906914   1.0019087   0.5532838   5.7495697   3.0785053   1.0006049   0.5576189   5.7150462
  57.0000000   0.0043532   0.0013444   0.0008091   0.0147746   0.0154762   0.0054465   0.0021319   0.0467743   3.0743956   0.9968437   0.5501061   5.6920657   3.0519572   0.9916359   0.5535651   5.6417963   3.0906914   1.0019087   0.5532838   5.7495697   3.0787334   1.0005409   0.5575079   5.7201889
  58.0000000   0.0043232   0.0013321   0.0007850   0.0144873   0.0152076   0.0053037   0.0023247   0.0466624   3.0745019   0.9968897   0.5501984   5.6930646   3.0525503   0.9917605   0.5533989   5.6472401   3.0906914   1.0019087   0.5532838   5.7495697   3.0789692   1.0004884   0.5574821   5.7249238
  59.0000000   0.0042927   0.0013198   0.0007617   0.0141902   0.0149722   0.0051775   0.0024654   0.0465794   3.0746107   0.9969357   0.5502885   5.6941123   3.0531033   0.9918743   0.5531940   5.6523937   3.0906914   1.0019087   0.5532838   5.7495697   3.0791970   1.0004419   0.5573670   5.7293756
  60.0000000   0.0042615   0.0013074   0.0007391   0.0138850   0.0147640   0.0050648   0.0025874   0.0465199   3.0747219   0.9969816   0.5503761   5.6952019   3.0536225   0.9919793   0.5529911   5.6572807   3.0906914   1.0019087   0.5532838   5.7495697   3.0794173   1.0004001   0.5572363   5.7335658
  61.0000000   0.0042299   0.0012952   0.0007172   0.0135732   0.0145801   0.0049641   0.0026699   0.0464665   3.0748352   0.9970274   0.5504612   5.6963270   3.0541117   0.9920761   0.5530248   5.6617962   3.0906914   1.0019087   0.5532838   5.7495697   3.0796308   1.0003623   0.5573053   5.7373757
  62.0000000   0.0041978   0.0012829   0.0006961   0.0132564   0.0144148   0.0048729   0.0027413   0.0464141   3.0749506   0.9970732   0.5505436   5.6974811   3.0545573   0.9921510   0.5528649   5.6661388   3.0906914   1.0019087   0.5532838   5.7495697   3.0798187   1.0003123   0.5571700   5.7410018
  63.0000000   0.0046290   0.0015059   0.0026805   0.0134498   0.0142666   0.0047905   0.0027952   0.0463559   3.0746041   0.9968836   0.5486186   5.6981446   3.0546394   0.9920496   0.5524179   5.6702898   3.0906914   1.0019087   0.5532838   5.7495697   3.0796598   1.0000949   0.5567390   5.7444255
  64.0000000   0.0049168   0.0016419   0.0027650   0.0137840   0.0141320   0.0047151   0.0028296   0.0462830   3.0744023   0.9967810   0.5485915   5.6986824   3.0549511   0.9920617   0.5522714   5.6740641   3.0906914   1.0019087   0.5532838   5.7495697   3.0797438   0.9999985   0.5565835   5.7474515
  65.0000000   0.0052040   0.0017736   0.0025994   0.0140777   0.0140080   0.0046456   0.0028505   0.0461894   3.0742023   0.9966826   0.5488128   5.6992720   3.0552187   0.9920601   0.5521773   5.6775702   3.0906914   1.0019087   0.5532838   5.7495697   3.0797937   0.9998943   0.5564675   5.7501843
  66.0000000   0.0054496   0.0018845   0.0024141   0.0143045   0.0138928   0.0045810   0.0028595   0.0460701   3.0740449   0.9966050   0.5490518   5.6999360   3.0554947   0.9920704   0.5520192   5.6808265   3.0906914   1.0019087   0.5532838   5.7495697   3.0798604   0.9998070   0.5562772   5.7526395
  67.0000000   0.0056651   0.0019809   0.0022793   0.0144790   0.0137848   0.0045207   0.0028578   0.0459214   3.0739186   0.9965418   0.5492386   5.7006561   3.0557623   0.9920840   0.5519476   5.6838189   3.0906914   1.0019087   0.5532838   5.7495697   3.0799253   0.9997275   0.5561635   5.7548010
  68.0000000   0.0058563   0.0020658   0.0021570   0.0146048   0.0136825   0.0044639   0.0028485   0.0457406   3.0738175   0.9964899   0.5494110   5.7014261   3.0560264   0.9921011   0.5518694   5.6866545   3.0906914   1.0019087   0.5532838   5.7495697   3.0799922   0.9996551   0.5560383   5.7567762
  69.0000000   0.0060251   0.0021403   0.0020632   0.0146939   0.0135848   0.0044102   0.0028310   0.0455250   3.0737395   0.9964484   0.5495533   5.7022308   3.0562885   0.9921224   0.5517445   5.6893048   3.0906914   1.0019087   0.5532838   5.7495697   3.0800613   0.9995902   0.5558589   5.7585355
  70.0000000   0.0061760   0.0022066   0.0019863   0.0147539   0.0134908   0.0043591   0.0028069   0.0452733   3.0736800   0.9964150   0.5496770   5.7030602   3.0565426   0.9921446   0.5516628   5.6917931   3.0906914   1.0019087   0.5532838   5.7495697   3.0801260   0.9995289   0.5557174   5.7601027
  71.0000000   0.0063121   0.0022659   0.0019247   0.0147922   0.0133995   0.0043103   0.0027760   0.0449837   3.0736360   0.9963885   0.5497838   5.7039048   3.0567909   0.9921681   0.5517378   5.6941040   3.0906914   1.0019087   0.5532838   5.7495697   3.0801875   0.9994714   0.5557287   5.7614621
  72.0000000   0.0064358   0.0023195   0.0018748   0.0148141   0.0133103   0.0042633   0.0027434   0.0446562   3.0736047   0.9963676   0.5498774   5.7047571   3.0570323   0.9921883   0.5516382   5.6962330   3.0906914   1.0019087   0.5532838   5.7495697   3.0802442   0.9994127   0.5555624   5.7626095
  73.0000000   0.0065493   0.0023683   0.0018345   0.0148242   0.0132227   0.0042181   0.0027049   0.0442907   3.0735842   0.9963513   0.5499600   5.7056109   3.0572732   0.9922149   0.5516372   5.6982872   3.0906914   1.0019087   0.5532838   5.7495697   3.0803020   0.9993622   0.5554917   5.7636540
  74.0000000   0.0066541   0.0024131   0.0018018   0.0148262   0.0131362   0.0041743   0.0026660   0.0438881   3.0735726   0.9963389   0.5500335   5.7064611   3.0575119   0.9922431   0.5521247   5.7003767   3.0906914   1.0019087   0.5532838   5.7495697   3.0803588   0.9993150   0.5559122   5.7647086
  75.0000000   0.0067517   0.0024544   0.0017756   0.0148230   0.0130506   0.0041318   0.0026086   0.0434431   3.0735686   0.9963298   0.5500992   5.7073034   3.0577822   0.9922848   0.5501992   5.7015926   3.0906914   1.0019087   0.5532838   5.7495697   3.0804483   0.9992829   0.5538976   5.7648575
  76.0000000   0.0068430   0.0024928   0.0017547   0.0148172   0.0129641   0.0040899   0.0025816   0.0429702   3.0735711   0.9963236   0.5501583   5.7081342   3.0578714   0.9922487   0.5535139   5.7040020   3.0906914   1.0019087   0.5532838   5.7495697   3.0803561   0.9991737   0.5571602   5.7661852
  77.0000000   0.0069290   0.0025287   0.0017383   0.0148107   0.0128796   0.0040498   0.0025149   0.0424547   3.0735790   0.9963196   0.5502116   5.7089507   3.0582656   0.9923497   0.5505756   5.7051071   3.0906914   1.0019087   0.5532838   5.7495697   3.0805713   0.9992037   0.5541249   5.7661774
  78.0000000   0.0070105   0.0025625   0.0017259   0.0148053   0.0127932   0.0040097   0.0024674   0.0419066   3.0735915   0.9963177   0.5502598   5.7097504   3.0583522   0.9923138   0.5487356   5.7054359   3.0906914   1.0019087   0.5532838   5.7495697   3.0804770   0.9990970   0.5522087   5.7653727
  79.0000000   0.0070881   0.0025943   0.0017168   0.0148024   0.0127071   0.0039707   0.0024244   0.0413312   3.0736081   0.9963176   0.5503035   5.7105313   3.0583099   0.9922251   0.5529953   5.7072183   3.0906914   1.0019087   0.5532838   5.7495697   3.0802542   0.9989386   0.5564044   5.7660088
  80.0000000   0.0071622   0.0026245   0.0017106   0.0148033   0.0126214   0.0039326   0.0023630   0.0407217   3.0736280   0.9963189   0.5503431   5.7112916   3.0586025   0.9922808   0.5515606   5.7084291   3.0906914   1.0019087   0.5532838   5.7495697   3.0803676   0.9989260   0.5548794   5.7660512
  81.0000000   0.0072335   0.0026532   0.0017071   0.0148089   0.0125344   0.0038947   0.0023069   0.0400833   3.0736508   0.9963216   0.5503791   5.7120302   3.0588045   0.9923054   0.5513484   5.7095106   3.0906914   1.0019087   0.5532838   5.7495697   3.0803890   0.9988826   0.5545855   5.7659483
  82.0000000   0.0073023   0.0026806   0.0017059   0.0148202   0.0124465   0.0038573   0.0022521   0.0394193   3.0736760   0.9963253   0.5504117   5.7127458   3.0589925   0.9923274   0.5513254   5.7105940   3.0906914   1.0019087   0.5532838   5.7495697   3.0803959   0.9988372   0.5544841   5.7658355
  83.0000000   0.0073688   0.0027070   0.0017067   0.0148378   0.0123578   0.0038202   0.0021964   0.0387312   3.0737033   0.9963300   0.5504413   5.7134375   3.0591787   0.9923504   0.5512659   5.7115959   3.0906914   1.0019087   0.5532838   5.7495697   3.0804005   0.9987935   0.5543456   5.7656305
  84.0000000   0.0074335   0.0027323   0.0017094   0.0148623   0.0122682   0.0037834   0.0021410   0.0380216   3.0737323   0.9963355   0.5504681   5.7141048   3.0593607   0.9923737   0.5512400   5.7125135   3.0906914   1.0019087   0.5532838   5.7495697   3.0804006   0.9987505   0.5542416   5.7653330
  85.0000000   0.0074966   0.0027568   0.0017138   0.0148943   0.0121777   0.0037468   0.0020862   0.0372927   3.0737628   0.9963417   0.5504923   5.7147471   3.0595415   0.9923983   0.5512252   5.7133220   3.0906914   1.0019087   0.5532838   5.7495697   3.0803988   0.9987093   0.5541501   5.7649201
  86.0000000   0.0075582   0.0027804   0.0017196   0.0149343   0.0120863   0.0037106   0.0020327   0.0365477   3.0737945   0.9963485   0.5505141   5.7153640   3.0597189   0.9924235   0.5511968   5.7140346   3.0906914   1.0019087   0.5532838   5.7495697   3.0803932   0.9986692   0.5540479   5.7644089
  87.0000000   0.0076187   0.0028034   0.0017269   0.0149825   0.0119941   0.0036746   0.0019798   0.0357888   3.0738272   0.9963558   0.5505337   5.7159553   3.0598892   0.9924481   0.5511655   5.7146445   3.0906914   1.0019087   0.5532838   5.7495697   3.0803802   0.9986290   0.5539437   5.7637942
  88.0000000   0.0076781   0.0028258   0.0017355   0.0150392   0.0119012   0.0036388   0.0019279   0.0350186   3.0738606   0.9963635   0.5505512   5.7165208   3.0600542   0.9924733   0.5511267   5.7152985   3.0906914   1.0019087   0.5532838   5.7495697   3.0803617   0.9985898   0.5538332   5.7632254
  89.0000000   0.0077365   0.0028476   0.0017451   0.0151047   0.0118074   0.0036032   0.0018761   0.0342389   3.0738947   0.9963716   0.5505669   5.7170606   3.0602223   0.9924998   0.5511081   5.7159149   3.0906914   1.0019087   0.5532838   5.7495697   3.0803459   0.9985524   0.5537430   5.7626221
  90.0000000   0.0077943   0.0028689   0.0017558   0.0151790   0.0117130   0.0035678   0.0018251   0.0334517   3.0739292   0.9963800   0.5505808   5.7175747   3.0603907   0.9925276   0.5510971   5.7164451   3.0906914   1.0019087   0.5532838   5.7495697   3.0803303   0.9985166   0.5536621   5.7619375
  91.0000000   0.0078513   0.0028897   0.0017674   0.0152624   0.0116178   0.0035325   0.0017759   0.0326596   3.0739640   0.9963887   0.5505931   5.7180632   3.0605558   0.9925545   0.5510820   5.7169384   3.0906914   1.0019087   0.5532838   5.7495697   3.0803111   0.9984804   0.5535796   5.7612234
  92.0000000   0.0079078   0.0029102   0.0017797   0.0153547   0.0115220   0.0034975   0.0017284   0.0318649   3.0739991   0.9963976   0.5506039   5.7185265   3.0607198   0.9925820   0.5510674   5.7174300   3.0906914   1.0019087   0.5532838   5.7495697   3.0802907   0.9984451   0.5535002   5.7605176
  93.0000000   0.0079638   0.0029303   0.0017928   0.0154559   0.0114256   0.0034626   0.0016804   0.0310686   3.0740343   0.9964066   0.5506134   5.7189649   3.0608830   0.9926100   0.5509429   5.7177948   3.0906914   1.0019087   0.5532838   5.7495697   3.0802695   0.9984109   0.5533096   5.7596948
  94.0000000   0.0080194   0.0029501   0.0018064   0.0155660   0.0113287   0.0034278   0.0016343   0.0302729   3.0740694   0.9964157   0.5506217   5.7193787   3.0610395   0.9926374   0.5510975   5.7180849   3.0906914   1.0019087   0.5532838   5.7495697   3.0802417   0.9983763   0.5534016   5.7588093
  95.0000000   0.0080747   0.0029695   0.0018206   0.0156846   0.0112314   0.0033933   0.0015900   0.0294800   3.0741046   0.9964250   0.5506288   5.7197686   3.0612020   0.9926668   0.5510953   5.7183552   3.0906914   1.0019087   0.5532838   5.7495697   3.0802199   0.9983442   0.5533389   5.7579184
  96.0000000   0.0081297   0.0029887   0.0018351   0.0158115   0.0111336   0.0033589   0.0015471   0.0286913   3.0741396   0.9964343   0.5506351   5.7201351   3.0613619   0.9926960   0.5510058   5.7185856   3.0906914   1.0019087   0.5532838   5.7495697   3.0801958   0.9983122   0.5531907   5.7570030
  97.0000000   0.0081844   0.0030077   0.0018500   0.0159465   0.0110355   0.0033246   0.0015054   0.0279085   3.0741744   0.9964436   0.5506404   5.7204787   3.0615167   0.9927252   0.5510024   5.7188200   3.0906914   1.0019087   0.5532838   5.7495697   3.0801668   0.9982806   0.5531302   5.7561085
  98.0000000   0.0082389   0.0030264   0.0018650   0.0160892   0.0109372   0.0032906   0.0014649   0.0271331   3.0742090   0.9964530   0.5506451   5.7208003   3.0616714   0.9927554   0.5509768   5.7190463   3.0906914   1.0019087   0.5532838   5.7495697   3.0801380   0.9982505   0.5530489   5.7552241
  99.0000000   0.0082931   0.0030449   0.0018802   0.0162390   0.0108386   0.0032567   0.0014249   0.0263657   3.0742434   0.9964624   0.5506490   5.7211006   3.0618250   0.9927860   0.5509810   5.7192203   3.0906914   1.0019087   0.5532838   5.7495697   3.0801086   0.9982212   0.5529984   5.7543057
 100.0000000   0.0083472   0.0030632   0.0018954   0.0163956   0.0107399   0.0032230   0.0013861   0.0256075   3.0742775   0.9964718   0.5506525   5.7213804   3.0619789   0.9928174   0.5509651   5.7193387   3.0906914   1.0019087   0.5532838   5.7495697   3.0800798   0.9981930   0.5529292   5.7533510
 101.0000000   0.0084012   0.0030813   0.0019106   0.0165583   0.0106410   0.0031894   0.0013496   0.0248604   3.0743112   0.9964811   0.5506555   5.7216405   3.0621305   0.9928486   0.5510660   5.7195061   3.0906914   1.0019087   0.5532838   5.7495697   3.0800492   0.9981650   0.5529800   5.7524663
 102.0000000   0.0084549   0.0030992   0.0019257   0.0167267   0.0105421   0.0031561   0.0013128   0.0241240   3.0743447   0.9964904   0.5506581   5.7218819   3.0622881   0.9928820   0.5508601   5.7195906   3.0906914   1.0019087   0.5532838   5.7495697   3.0800253   0.9981397   0.5527227   5.7515190
 103.0000000   0.0085085   0.0031170   0.0019407   0.0169001   0.0104432   0.0031229   0.0012783   0.0234001   3.0743777   0.9964997   0.5506605   5.7221055   3.0624365   0.9929145   0.5532873   5.7207151   3.0906914   1.0019087   0.5532838   5.7495697   3.0799925   0.9981139   0.5551021   5.7516334
 104.0000000   0.0085620   0.0031346   0.0019554   0.0170778   0.0103443   0.0030899   0.0012389   0.0226862   3.0744105   0.9965090   0.5506626   5.7223122   3.0628153   0.9930545   0.5484800   5.7199135   3.0906914   1.0019087   0.5532838   5.7495697   3.0801909   0.9981959   0.5502379   5.7498396
 105.0000000   0.0086153   0.0031520   0.0019699   0.0172594   0.0102451   0.0030570   0.0012061   0.0219858   3.0744429   0.9965181   0.5506646   5.7225030   3.0628019   0.9930238   0.5517649   5.7205014   3.0906914   1.0019087   0.5532838   5.7495697   3.0799972   0.9981076   0.5534774   5.7494580
 106.0000000   0.0086684   0.0031693   0.0019841   0.0174441   0.0101460   0.0030243   0.0011750   0.0212999   3.0744750   0.9965272   0.5506665   5.7226788   3.0630417   0.9931116   0.5509052   5.7206804   3.0906914   1.0019087   0.5532838   5.7495697   3.0800572   0.9981381   0.5525751   5.7486909
 107.0000000   0.0087213   0.0031865   0.0019979   0.0176313   0.0100470   0.0029917   0.0011465   0.0206299   3.0745067   0.9965363   0.5506684   5.7228405   3.0632290   0.9931728   0.5509250   5.7209078   3.0906914   1.0019087   0.5532838   5.7495697   3.0800657   0.9981424   0.5525557   5.7479972
 108.0000000   0.0087740   0.0032034   0.0020114   0.0178204   0.0099484   0.0029594   0.0011171   0.0199745   3.0745381   0.9965453   0.5506702   5.7229891   3.0633967   0.9932202   0.5510128   5.7210594   3.0906914   1.0019087   0.5532838   5.7495697   3.0800556   0.9981334   0.5526033   5.7472508
 109.0000000   0.0088265   0.0032203   0.0020245   0.0180108   0.0098501   0.0029273   0.0010883   0.0193342   3.0745691   0.9965542   0.5506720   5.7231254   3.0635679   0.9932682   0.5510603   5.7211827   3.0906914   1.0019087   0.5532838   5.7495697   3.0800499   0.9981256   0.5526111   5.7464992
 110.0000000   0.0088787   0.0032370   0.0020373   0.0182019   0.0097520   0.0028955   0.0010608   0.0187090   3.0745998   0.9965631   0.5506739   5.7232503   3.0637357   0.9933138   0.5510993   5.7212861   3.0906914   1.0019087   0.5532838   5.7495697   3.0800419   0.9981157   0.5526120   5.7457508
 111.0000000   0.0089308   0.0032535   0.0020497   0.0183933   0.0096543   0.0028638   0.0010340   0.0180991   3.0746302   0.9965719   0.5506757   5.7233647   3.0639022   0.9933585   0.5511593   5.7213918   3.0906914   1.0019087   0.5532838   5.7495697   3.0800335   0.9981054   0.5526344   5.7450276
 112.0000000   0.0089825   0.0032699   0.0020617   0.0185843   0.0095569   0.0028324   0.0010075   0.0175043   3.0746604   0.9965806   0.5506777   5.7234693   3.0640693   0.9934029   0.5511478   5.7214542   3.0906914   1.0019087   0.5532838   5.7495697   3.0800267   0.9980953   0.5525859   5.7442833
 113.0000000   0.0090340   0.0032862   0.0020733   0.0187747   0.0094599   0.0028012   0.0009819   0.0169245   3.0746902   0.9965892   0.5506796   5.7235648   3.0642330   0.9934462   0.5511975   5.7214934   3.0906914   1.0019087   0.5532838   5.7495697   3.0800176   0.9980845   0.5525997   5.7435382
 114.0000000   0.0090852   0.0033023   0.0020846   0.0189639   0.0093632   0.0027702   0.0009571   0.0163599   3.0747197   0.9965978   0.5506817   5.7236519   3.0643970   0.9934895   0.5512308   5.7215229   3.0906914   1.0019087   0.5532838   5.7495697   3.0800097   0.9980741   0.5525981   5.7428054
 115.0000000   0.0091362   0.0033182   0.0020955   0.0191515   0.0092669   0.0027395   0.0009337   0.0158106   3.0747489   0.9966063   0.5506838   5.7237313   3.0645607   0.9935325   0.5512533   5.7216077   3.0906914   1.0019087   0.5532838   5.7495697   3.0800026   0.9980639   0.5525874   5.7421501
 116.0000000   0.0091868   0.0033340   0.0021061   0.0193372   0.0091711   0.0027089   0.0009099   0.0152760   3.0747779   0.9966148   0.5506859   5.7238036   3.0647252   0.9935759   0.5512801   5.7216146   3.0906914   1.0019087   0.5532838   5.7495697   3.0799973   0.9980545   0.5525808   5.7414381
 117.0000000   0.0092371   0.0033497   0.0021163   0.0195208   0.0090757   0.0026786   0.0008862   0.0147557   3.0748066   0.9966231   0.5506881   5.7238694   3.0648815   0.9936154   0.5513310   5.7216706   3.0906914   1.0019087   0.5532838   5.7495697   3.0799850   0.9980418   0.5525977   5.7407957
 118.0000000   0.0092870   0.0033652   0.0021262   0.0197018   0.0089806   0.0026485   0.0008646   0.0142504   3.0748351   0.9966314   0.5506903   5.7239291   3.0650542   0.9936649   0.5513522   5.7217533   3.0906914   1.0019087   0.5532838   5.7495697   3.0799900   0.9980393   0.5525882   5.7402011
 119.0000000   0.0093367   0.0033806   0.0021357   0.0198801   0.0088861   0.0026186   0.0008487   0.0137616   3.0748633   0.9966396   0.5506926   5.7239834   3.0652184   0.9937092   0.5526105   5.7221703   3.0906914   1.0019087   0.5532838   5.7495697   3.0799877   0.9980322   0.5538263   5.7495697
