 t r r1 w w1
   1.0000000   0.0101010   0.0101010   1.6527601   1.6527601
   2.0000000   0.0101010   0.0101010   1.6623550   1.6633261
   3.0000000  -0.0009211  -0.0006665   1.6404009   1.6402716
   4.0000000   0.0074049   0.0070695   1.6362831   1.6359086
   5.0000000   0.0087358   0.0086694   1.6353090   1.6349550
   6.0000000   0.0092037   0.0091600   1.6350492   1.6347251
   7.0000000   0.0094594   0.0091257   1.6350115   1.6346708
   8.0000000   0.0096265   0.0089322   1.6351133   1.6347812
   9.0000000   0.0097119   0.0103545   1.6354079   1.6350845
  10.0000000   0.0098246   0.0090067   1.6362378   1.6359839
  11.0000000   0.0099154   0.0096946   1.6367558   1.6364639
  12.0000000   0.0099879   0.0093734   1.6372204   1.6368814
  13.0000000   0.0100276   0.0098447   1.6377080   1.6373525
  14.0000000   0.0100914   0.0097349   1.6382760   1.6378840
  15.0000000   0.0101252   0.0099259   1.6388632   1.6384194
  16.0000000   0.0101516   0.0097204   1.6394509   1.6389866
  17.0000000   0.0101930   0.0100259   1.6400479   1.6395367
  18.0000000   0.0101884   0.0100249   1.6405521   1.6399825
  19.0000000   0.0102139   0.0099465   1.6410223   1.6404177
  20.0000000   0.0102074   0.0100868   1.6413765   1.6407220
  21.0000000   0.0102242   0.0101227   1.6418174   1.6412154
  22.0000000   0.0102209   0.0101479   1.6422145   1.6414608
  23.0000000   0.0102290   0.0102174   1.6426039   1.6418349
  24.0000000   0.0102214   0.0101291   1.6429725   1.6421853
  25.0000000   0.0102310   0.0102681   1.6433718   1.6425872
  26.0000000   0.0102200   0.0102625   1.6437135   1.6429265
  27.0000000   0.0102214   0.0103583   1.6440573   1.6432691
  28.0000000   0.0102123   0.0102467   1.6443718   1.6435794
  29.0000000   0.0102137   0.0104062   1.6446868   1.6439099
  30.0000000   0.0102077   0.0102766   1.6449880   1.6442179
  31.0000000   0.0101988   0.0104619   1.6452705   1.6445098
  32.0000000   0.0102026   0.0104155   1.6455910   1.6448594
  33.0000000   0.0102067   0.0103983   1.6458824   1.6451802
  34.0000000   0.0101932   0.0104361   1.6461363   1.6454496
  35.0000000   0.0101896   0.0105218   1.6463795   1.6457178
  36.0000000   0.0101908   0.0104905   1.6466200   1.6459910
  37.0000000   0.0101785   0.0100956   1.6468489   1.6462212
  38.0000000   0.0101739   0.0104866   1.6470583   1.6464571
  39.0000000   0.0101751   0.0104734   1.6472634   1.6466938
  40.0000000   0.0101664   0.0103905   1.6474510   1.6469049
  41.0000000   0.0101641   0.0105776   1.6476402   1.6471280
  42.0000000   0.0101673   0.0101535   1.6478321   1.6473410
  43.0000000   0.0101614   0.0104812   1.6480079   1.6475465
  44.0000000   0.0101617   0.0104555   1.6481765   1.6477482
  45.0000000   0.0101533   0.0102831   1.6483364   1.6479237
  46.0000000   0.0101540   0.0103978   1.6484879   1.6481121
  47.0000000   0.0101512   0.0103674   1.6486361   1.6482761
  48.0000000   0.0101498   0.0105792   1.6487811   1.6484474
  49.0000000   0.0101490   0.0101432   1.6489211   1.6486056
  50.0000000   0.0101465   0.0103944   1.6490552   1.6487643
  51.0000000   0.0101445   0.0103616   1.6491844   1.6489135
  52.0000000   0.0101423   0.0103096   1.6493088   1.6490554
  53.0000000   0.0101407   0.0103550   1.6494291   1.6491970
  54.0000000   0.0101401   0.0103432   1.6495461   1.6493311
  55.0000000   0.0101388   0.0103060   1.6496585   1.6494613
  56.0000000   0.0101372   0.0103590   1.6497671   1.6495864
  57.0000000   0.0101364   0.0102154   1.6498725   1.6497054
  58.0000000   0.0101352   0.0104042   1.6499745   1.6498220
  59.0000000   0.0101344   0.0102178   1.6500731   1.6499319
  60.0000000   0.0101332   0.0102129   1.6501686   1.6500391
  61.0000000   0.0101320   0.0102883   1.6502609   1.6501438
  62.0000000   0.0101309   0.0102787   1.6503501   1.6502433
  63.0000000   0.0101300   0.0102541   1.6504369   1.6503398
  64.0000000   0.0101292   0.0103100   1.6505212   1.6504330
  65.0000000   0.0101291   0.0102113   1.6505669   1.6505577
  66.0000000   0.0101278   0.0101997   1.6506263   1.6505253
  67.0000000   0.0101281   0.0102427   1.6506982   1.6506147
  68.0000000   0.0101269   0.0102114   1.6507691   1.6506971
  69.0000000   0.0101264   0.0102258   1.6508394   1.6507767
  70.0000000   0.0101257   0.0102444   1.6509081   1.6508530
  71.0000000   0.0101251   0.0102004   1.6509741   1.6509262
  72.0000000   0.0101246   0.0102348   1.6510390   1.6509978
  73.0000000   0.0101241   0.0101813   1.6511016   1.6510676
  74.0000000   0.0101238   0.0102201   1.6511622   1.6511369
  75.0000000   0.0101233   0.0102499   1.6512216   1.6512031
  76.0000000   0.0101228   0.0102057   1.6512796   1.6512649
  77.0000000   0.0101228   0.0102201   1.6513363   1.6513258
  78.0000000   0.0101263   0.0101041   1.6513799   1.6513468
  79.0000000   0.0101183   0.0101912   1.6514236   1.6513960
  80.0000000   0.0101191   0.0102065   1.6514678   1.6514426
  81.0000000   0.0101195   0.0102496   1.6515122   1.6514908
  82.0000000   0.0101195   0.0101452   1.6515558   1.6515367
  83.0000000   0.0101187   0.0101512   1.6515984   1.6515822
  84.0000000   0.0101186   0.0101900   1.6516403   1.6516279
  85.0000000   0.0101178   0.0101679   1.6516806   1.6516702
  86.0000000   0.0101179   0.0101932   1.6517202   1.6517132
  87.0000000   0.0101169   0.0101056   1.6517585   1.6517504
  88.0000000   0.0101164   0.0101653   1.6517955   1.6517905
  89.0000000   0.0101161   0.0101908   1.6518318   1.6518297
  90.0000000   0.0101159   0.0101558   1.6518674   1.6518669
  91.0000000   0.0101155   0.0101514   1.6519020   1.6519034
  92.0000000   0.0101150   0.0101493   1.6519356   1.6519389
  93.0000000   0.0101146   0.0101429   1.6519683   1.6519733
  94.0000000   0.0101142   0.0101651   1.6520000   1.6520069
  95.0000000   0.0101139   0.0101707   1.6520308   1.6520394
  96.0000000   0.0101136   0.0101261   1.6520608   1.6520704
  97.0000000   0.0101131   0.0101469   1.6520898   1.6521006
  98.0000000   0.0101128   0.0101408   1.6521177   1.6521296
  99.0000000   0.0101120   0.0101394   1.6521444   1.6521566
 100.0000000   0.0101116   0.0101422   1.6521705   1.6521836
 101.0000000   0.0101113   0.0100959   1.6521960   1.6522101
 102.0000000   0.0101109   0.0101471   1.6522208   1.6522369
 103.0000000   0.0101104   0.0101382   1.6522449   1.6522626
 104.0000000   0.0101101   0.0101113   1.6522685   1.6522874
 105.0000000   0.0101095   0.0101604   1.6522914   1.6523117
 106.0000000   0.0101088   0.0100982   1.6523139   1.6523338
 107.0000000   0.0101090   0.0101257   1.6523360   1.6523569
 108.0000000   0.0101081   0.0101212   1.6523571   1.6523781
 109.0000000   0.0101072   0.0101061   1.6523776   1.6523987
 110.0000000   0.0101066   0.0101406   1.6523977   1.6524193
 111.0000000   0.0101059   0.0100954   1.6524174   1.6524382
 112.0000000   0.0101054   0.0101185   1.6524367   1.6524575
 113.0000000   0.0101047   0.0101254   1.6524554   1.6524761
 114.0000000   0.0101034   0.0101128   1.6524736   1.6524925
 115.0000000   0.0101031   0.0101112   1.6524916   1.6525085
 116.0000000   0.0101025   0.0101023   1.6525093   1.6525243
 117.0000000   0.0101015   0.0101148   1.6525265   1.6525391
 118.0000000   0.0101001   0.0101172   1.6525423   1.6525532
 119.0000000   0.0100898   0.0101196   1.6525491   1.6525591
 120.0000000   0.0101010   0.0101010   1.6527601   1.6527601
