 t output_loss_entry employment_loss_entry investment_loss_entry debt_loss_entry
 output_gain_entry employment_gain_entry investment_gain_entry debt_gain_entry
 output_loss_incumbent employment_loss_incumbent investment_loss_incumbent debt_
 loss_incumbent
 output_gain_incumbent employment_gain_incumbent investment_gain_incumbent debt_
 gain_incumbent
 gdp1 h1 inv1 firm_debt2
 gdp_t h_t inv_t firm_debt_t
   1.0000000   0.0000000   0.0000000   0.0000000   0.0000000   0.0000000   0.0000000   0.0000000   0.0000000   0.0000000   0.0000000   0.0000000   0.0000000   0.0000000   0.0000000   0.0000000   0.0000000   2.7131053   0.9913739   0.5668231   4.8856803   2.7131053   0.9913739   0.5668231   4.8856803
   2.0000000   0.0051195   0.0030540   0.0296016   0.0056943   0.0000000   0.0000000   0.0000000   0.0000000   2.7073498   0.9879199   0.5454754   4.8798808   2.6889453   0.9768164   0.5357688   3.1009832   2.7131053   0.9913739   0.5668231   4.8856803   2.6882878   0.9768308   0.5275401   3.1010510
   3.0000000   0.0052439   0.0029515   0.0156957   0.0111440   0.0000000   0.0000000   0.0000000   0.0000000   2.7088289   0.9798115   0.7059298   4.8337801   2.6436436   0.9675491   0.6661266   2.9256168   2.7131053   0.9913739   0.5668231   4.8856803   2.6259816   0.9710155   0.4952481   2.9369958
   4.0000000   0.0066103   0.0036527   0.0138824   0.0152674   0.0000000   0.0000000   0.0000000   0.0000000   2.6925204   0.9712700   0.7113658   4.7753863   2.6287910   0.9617699   0.6582575   3.0005233   2.7131053   0.9913739   0.5668231   4.8856803   2.6265185   0.9710333   0.4967145   3.0351269
   5.0000000   0.0078198   0.0042672   0.0126152   0.0186197   0.0000000   0.0000000   0.0000000   0.0000000   2.6754615   0.9626716   0.7124847   4.7171805   2.6203237   0.9562344   0.6515077   3.1219743   2.7131053   0.9913739   0.5668231   4.8856803   2.6325607   0.9725286   0.5040247   3.1883080
   6.0000000   0.0088514   0.0048037   0.0120639   0.0216172   0.0000000   0.0000000   0.0000000   0.0000000   2.6789242   0.9682097   0.6387284   4.7507211   2.6231893   0.9618029   0.5741823   3.2957153   2.7131053   0.9913739   0.5668231   4.8856803   2.6380894   0.9739849   0.5110791   3.3479819
   7.0000000   0.0098370   0.0052938   0.0115299   0.0242998   0.0000000   0.0000000   0.0000000   0.0000000   2.6798724   0.9712372   0.6063222   4.7709714   2.6277663   0.9652204   0.5534743   3.4576775   2.7131053   0.9913739   0.5668231   4.8856803   2.6426416   0.9751587   0.5175908   3.5015363
   8.0000000   0.0107620   0.0057454   0.0113219   0.0268308   0.0000000   0.0000000   0.0000000   0.0000000   2.6812402   0.9731518   0.5886509   4.7838044   2.6328088   0.9676975   0.5461784   3.6055416   2.7131053   0.9913739   0.5668231   4.8856803   2.6469427   0.9762073   0.5241848   3.6441947
   9.0000000   0.0116526   0.0061690   0.0110806   0.0291977   0.0000000   0.0000000   0.0000000   0.0000000   2.6822775   0.9744199   0.5786285   4.7923499   2.6382206   0.9697795   0.5413482   3.7390170   2.7131053   0.9913739   0.5668231   4.8856803   2.6516590   0.9773223   0.5276755   3.7744176
  10.0000000   0.0103015   0.0052493  -0.0018428   0.0289925   0.0000000   0.0000000   0.0000000   0.0000000   2.6852341   0.9766102   0.5849436   4.8005592   2.6434994   0.9721240   0.5447574   3.8570053   2.7131053   0.9913739   0.5668231   4.8856803   2.6561898   0.9789335   0.5344397   3.8896970
  11.0000000   0.0098348   0.0049285  -0.0031096   0.0274343   0.0000000   0.0000000   0.0000000   0.0000000   2.6870001   0.9779102   0.5818125   4.8081850   2.6469526   0.9736556   0.5458233   3.9617399   2.7131053   0.9913739   0.5668231   4.8856803   2.6589207   0.9798681   0.5384697   3.9924321
  12.0000000   0.0093163   0.0045932  -0.0030142   0.0256748   0.0000000   0.0000000   0.0000000   0.0000000   2.6885931   0.9790210   0.5786313   4.8146311   2.6499102   0.9748645   0.5480228   4.0542245   2.7131053   0.9913739   0.5668231   4.8856803   2.6612732   0.9805878   0.5426984   4.0833521
  13.0000000   0.0088238   0.0042804  -0.0024246   0.0241067   0.0000000   0.0000000   0.0000000   0.0000000   2.6899742   0.9799594   0.5757984   4.8198696   2.6530651   0.9759626   0.5495093   4.1373461   2.7131053   0.9913739   0.5668231   4.8856803   2.6639685   0.9812948   0.5458205   4.1653400
  14.0000000   0.0084174   0.0040090  -0.0018437   0.0227822   0.0000000   0.0000000   0.0000000   0.0000000   2.6911236   0.9807439   0.5735399   4.8241031   2.6560132   0.9769339   0.5516004   4.2101677   2.7131053   0.9913739   0.5668231   4.8856803   2.6665391   0.9819508   0.5490223   4.2372691
  15.0000000   0.0080726   0.0037765  -0.0012606   0.0217205   0.0000000   0.0000000   0.0000000   0.0000000   2.6920916   0.9814027   0.5716745   4.8274919   2.6585891   0.9777860   0.5532332   4.2730158   2.7131053   0.9913739   0.5668231   4.8856803   2.6688046   0.9825459   0.5515714   4.2994494
  16.0000000   0.0077846   0.0035790  -0.0008011   0.0208686   0.0000000   0.0000000   0.0000000   0.0000000   2.6929063   0.9819586   0.5702042   4.8302110   2.6610030   0.9785848   0.5554152   4.3299021   2.7131053   0.9913739   0.5668231   4.8856803   2.6709422   0.9831278   0.5543465   4.3558049
  17.0000000   0.0075400   0.0034103  -0.0003916   0.0202048   0.0000000   0.0000000   0.0000000   0.0000000   2.6935970   0.9824312   0.5689823   4.8323730   2.6629006   0.9792523   0.5569904   4.3783351   2.7131053   0.9913739   0.5668231   4.8856803   2.6725967   0.9836085   0.5563484   4.4037912
  18.0000000   0.0073344   0.0032661  -0.0000624   0.0196912   0.0000000   0.0000000   0.0000000   0.0000000   2.6941821   0.9828351   0.5679879   4.8340824   2.6643934   0.9797813   0.5583835   4.4214204   2.7131053   0.9913739   0.5668231   4.8856803   2.6738710   0.9839731   0.5581392   4.4465304
  19.0000000   0.0071599   0.0031421   0.0002224   0.0193072   0.0000000   0.0000000   0.0000000   0.0000000   2.6946796   0.9831822   0.5671494   4.8354124   2.6659327   0.9802263   0.5598859   4.4591116   2.7131053   0.9913739   0.5668231   4.8856803   2.6752269   0.9842753   0.5599400   4.4839229
  20.0000000   0.0070125   0.0030351   0.0004595   0.0190301   0.0000000   0.0000000   0.0000000   0.0000000   2.6951025   0.9834819   0.5664448   4.8364267   2.6668679   0.9805123   0.5608675   4.4919747   2.7131053   0.9913739   0.5668231   4.8856803   2.6759917   0.9844332   0.5612463   4.5165750
  21.0000000   0.0068876   0.0029425   0.0006644   0.0188445   0.0000000   0.0000000   0.0000000   0.0000000   2.6954623   0.9837418   0.5658394   4.8371715   2.6690910   0.9809728   0.5619744   4.5204978   2.7131053   0.9913739   0.5668231   4.8856803   2.6780868   0.9847850   0.5626264   4.5449621
  22.0000000   0.0067820   0.0028620   0.0008395   0.0187360   0.0000000   0.0000000   0.0000000   0.0000000   2.6957680   0.9839679   0.5653184   4.8376855   2.6695808   0.9811300   0.5625862   4.5466599   2.7131053   0.9913739   0.5668231   4.8856803   2.6784556   0.9848458   0.5634223   4.5710328
  23.0000000   0.0066928   0.0027917   0.0009920   0.0186937   0.0000000   0.0000000   0.0000000   0.0000000   2.6960276   0.9841654   0.5648645   4.8379998   2.6710231   0.9814141   0.5632908   4.5697643   2.7131053   0.9913739   0.5668231   4.8856803   2.6797973   0.9850450   0.5642983   4.5940804
  24.0000000   0.0066176   0.0027301   0.0011247   0.0187079   0.0000000   0.0000000   0.0000000   0.0000000   2.6962475   0.9843384   0.5644667   4.8381402   2.6721496   0.9816759   0.5641537   4.5911748   2.7131053   0.9913739   0.5668231   4.8856803   2.6808324   0.9852306   0.5653420   4.6154802
  25.0000000   0.0065544   0.0026761   0.0012411   0.0187706   0.0000000   0.0000000   0.0000000   0.0000000   2.6964334   0.9844904   0.5641149   4.8381284   2.6735322   0.9819717   0.5648607   4.6088894   2.7131053   0.9913739   0.5668231   4.8856803   2.6821399   0.9854592   0.5662009   4.6332183
  26.0000000   0.0065014   0.0026284   0.0013431   0.0188744   0.0000000   0.0000000   0.0000000   0.0000000   2.6965897   0.9846242   0.5638024   4.8379832   2.6745172   0.9822065   0.5653693   4.6255675   2.7131053   0.9913739   0.5668231   4.8856803   2.6830583   0.9856341   0.5668589   4.6499658
  27.0000000   0.0064571   0.0025863   0.0014327   0.0190131   0.0000000   0.0000000   0.0000000   0.0000000   2.6967207   0.9847425   0.5635239   4.8377219   2.6755789   0.9824353   0.5657492   4.6405976   2.7131053   0.9913739   0.5668231   4.8856803   2.6840655   0.9858101   0.5673190   4.6650765
  28.0000000   0.0064202   0.0025489   0.0015111   0.0191807   0.0000000   0.0000000   0.0000000   0.0000000   2.6968297   0.9848471   0.5632760   4.8373603   2.6765050   0.9826386   0.5662498   4.6541992   2.7131053   0.9913739   0.5668231   4.8856803   2.6849409   0.9859652   0.5679325   4.6787831
  29.0000000   0.0063897   0.0025156   0.0015793   0.0193715   0.0000000   0.0000000   0.0000000   0.0000000   2.6969199   0.9849400   0.5630566   4.8369137   2.6775406   0.9828583   0.5664110   4.6670290   2.7131053   0.9913739   0.5668231   4.8856803   2.6859350   0.9861417   0.5681854   4.6917446
  30.0000000   0.0063644   0.0024859   0.0016378   0.0195801   0.0000000   0.0000000   0.0000000   0.0000000   2.6969940   0.9850226   0.5628644   4.8363971   2.6783948   0.9830580   0.5668314   4.6783645   2.7131053   0.9913739   0.5668231   4.8856803   2.6867537   0.9863029   0.5686939   4.7032249
  31.0000000   0.0063435   0.0024591   0.0016870   0.0198010   0.0000000   0.0000000   0.0000000   0.0000000   2.6970545   0.9850965   0.5626986   4.8358261   2.6792623   0.9832523   0.5668457   4.6900206   2.7131053   0.9913739   0.5668231   4.8856803   2.6875895   0.9864620   0.5687745   4.7150423
  32.0000000   0.0063261   0.0024349   0.0017273   0.0200289   0.0000000   0.0000000   0.0000000   0.0000000   2.6971037   0.9851627   0.5625594   4.8352165   2.6804116   0.9835043   0.5670988   4.7007112   2.7131053   0.9913739   0.5668231   4.8856803   2.6887151   0.9866831   0.5690841   4.7259007
  33.0000000   0.0063115   0.0024129   0.0017587   0.0202583   0.0000000   0.0000000   0.0000000   0.0000000   2.6971438   0.9852226   0.5624463   4.8345848   2.6812104   0.9837116   0.5673007   4.7094592   2.7131053   0.9913739   0.5668231   4.8856803   2.6894894   0.9868614   0.5693177   4.7348080
  34.0000000   0.0062991   0.0023927   0.0017815   0.0204839   0.0000000   0.0000000   0.0000000   0.0000000   2.6971769   0.9852769   0.5623585   4.8339470   2.6819033   0.9838820   0.5673013   4.7178409   2.7131053   0.9913739   0.5668231   4.8856803   2.6901587   0.9870043   0.5693451   4.7433422
  35.0000000   0.0062881   0.0023741   0.0017958   0.0207002   0.0000000   0.0000000   0.0000000   0.0000000   2.6972046   0.9853268   0.5622950   4.8333187   2.6826584   0.9840563   0.5671492   4.7264529   2.7131053   0.9913739   0.5668231   4.8856803   2.6908930   0.9871530   0.5691992   4.7520913
  36.0000000   0.0062779   0.0023566   0.0018020   0.0209020   0.0000000   0.0000000   0.0000000   0.0000000   2.6972288   0.9853729   0.5622551   4.8327155   2.6834309   0.9842331   0.5671276   4.7339064   2.7131053   0.9913739   0.5668231   4.8856803   2.6916441   0.9873052   0.5691783   4.7596619
  37.0000000   0.0062681   0.0023401   0.0018003   0.0210844   0.0000000   0.0000000   0.0000000   0.0000000   2.6972509   0.9854161   0.5622381   4.8321526   2.6841408   0.9843815   0.5678323   4.7412778   2.7131053   0.9913739   0.5668231   4.8856803   2.6923324   0.9874299   0.5699052   4.7671392
  38.0000000   0.0062581   0.0023242   0.0017912   0.0212428   0.0000000   0.0000000   0.0000000   0.0000000   2.6972725   0.9854569   0.5622429   4.8316443   2.6848903   0.9845443   0.5677302   4.7485731   2.7131053   0.9913739   0.5668231   4.8856803   2.6930621   0.9875704   0.5698025   4.7745193
  39.0000000   0.0062476   0.0023089   0.0017752   0.0213730   0.0000000   0.0000000   0.0000000   0.0000000   2.6972948   0.9854961   0.5622682   4.8312042   2.6856115   0.9847049   0.5676415   4.7549337   2.7131053   0.9913739   0.5668231   4.8856803   2.6937626   0.9877094   0.5697027   4.7809376
  40.0000000   0.0062360   0.0022940   0.0017529   0.0214711   0.0000000   0.0000000   0.0000000   0.0000000   2.6973190   0.9855342   0.5623123   4.8308441   2.6862418   0.9848513   0.5676614   4.7616197   2.7131053   0.9913739   0.5668231   4.8856803   2.6943713   0.9878349   0.5697024   4.7876495
  41.0000000   0.0062230   0.0022791   0.0017249   0.0215342   0.0000000   0.0000000   0.0000000   0.0000000   2.6973463   0.9855716   0.5623733   4.8305741   2.6869439   0.9850162   0.5673423   4.7685474   2.7131053   0.9913739   0.5668231   4.8856803   2.6950502   0.9879790   0.5693546   4.7945683
  42.0000000   0.0062084   0.0022643   0.0016920   0.0215597   0.0000000   0.0000000   0.0000000   0.0000000   2.6973774   0.9856087   0.5624491   4.8304023   2.6875760   0.9851629   0.5679177   4.7749220   2.7131053   0.9913739   0.5668231   4.8856803   2.6956571   0.9881050   0.5698988   4.8008961
  43.0000000   0.0061919   0.0022494   0.0016548   0.0215459   0.0000000   0.0000000   0.0000000   0.0000000   2.6974132   0.9856460   0.5625375   4.8303346   2.6882342   0.9853119   0.5677799   4.7808876   2.7131053   0.9913739   0.5668231   4.8856803   2.6962884   0.9882333   0.5697229   4.8067749
  44.0000000   0.0061733   0.0022344   0.0016140   0.0214918   0.0000000   0.0000000   0.0000000   0.0000000   2.6974542   0.9856836   0.5626364   4.8303747   2.6888631   0.9854561   0.5676693   4.7864965   2.7131053   0.9913739   0.5668231   4.8856803   2.6968879   0.9883566   0.5695618   4.8122536
  45.0000000   0.0061525   0.0022190   0.0015704   0.0213969   0.0000000   0.0000000   0.0000000   0.0000000   2.6975009   0.9857219   0.5627438   4.8305244   2.6894190   0.9855856   0.5678897   4.7922734   2.7131053   0.9913739   0.5668231   4.8856803   2.6974113   0.9884649   0.5697424   4.8178619
  46.0000000   0.0061294   0.0022033   0.0015246   0.0212616   0.0000000   0.0000000   0.0000000   0.0000000   2.6975536   0.9857610   0.5628578   4.8307835   2.6900502   0.9857293   0.5678889   4.7976548   2.7131053   0.9913739   0.5668231   4.8856803   2.6980084   0.9885871   0.5696931   4.8230326
  47.0000000   0.0061039   0.0021873   0.0014772   0.0210868   0.0000000   0.0000000   0.0000000   0.0000000   2.6976125   0.9858010   0.5629766   4.8311500   2.6905819   0.9858497   0.5678946   4.8029005   2.7131053   0.9913739   0.5668231   4.8856803   2.6985029   0.9886856   0.5696484   4.8280271
  48.0000000   0.0060759   0.0021708   0.0014289   0.0208738   0.0000000   0.0000000   0.0000000   0.0000000   2.6976778   0.9858420   0.5630987   4.8316205   2.6911743   0.9859818   0.5674638   4.8077969   2.7131053   0.9913739   0.5668231   4.8856803   2.6990557   0.9887955   0.5691620   4.8326315
  49.0000000   0.0060456   0.0021539   0.0013801   0.0206248   0.0000000   0.0000000   0.0000000   0.0000000   2.6977493   0.9858841   0.5632227   4.8321902   2.6916888   0.9861002   0.5679150   4.8125838   2.7131053   0.9913739   0.5668231   4.8856803   2.6995277   0.9888913   0.5695615   4.8370894
  50.0000000   0.0060130   0.0021366   0.0013312   0.0203418   0.0000000   0.0000000   0.0000000   0.0000000   2.6978269   0.9859272   0.5633473   4.8328534   2.6922297   0.9862245   0.5678386   4.8170851   2.7131053   0.9913739   0.5668231   4.8856803   2.7000237   0.9889926   0.5694306   4.8412260
  51.0000000   0.0059780   0.0021190   0.0012828   0.0200277   0.0000000   0.0000000   0.0000000   0.0000000   2.6979107   0.9859715   0.5634714   4.8336033   2.6927352   0.9863419   0.5678059   4.8213937   2.7131053   0.9913739   0.5668231   4.8856803   2.7004817   0.9890865   0.5693433   4.8451371
  52.0000000   0.0059410   0.0021009   0.0012351   0.0196851   0.0000000   0.0000000   0.0000000   0.0000000   2.6980002   0.9860168   0.5635942   4.8344328   2.6932271   0.9864552   0.5678649   4.8256474   2.7131053   0.9913739   0.5668231   4.8856803   2.7009235   0.9891759   0.5693504   4.8489637
  53.0000000   0.0059018   0.0020824   0.0011883   0.0193169   0.0000000   0.0000000   0.0000000   0.0000000   2.6980952   0.9860631   0.5637148   4.8353342   2.6937312   0.9865716   0.5678243   4.8297619   2.7131053   0.9913739   0.5668231   4.8856803   2.7013753   0.9892680   0.5692581   4.8526251
  54.0000000   0.0058607   0.0020636   0.0011426   0.0189264   0.0000000   0.0000000   0.0000000   0.0000000   2.6981955   0.9861104   0.5638328   4.8362995   2.6942004   0.9866805   0.5677827   4.8335866   2.7131053   0.9913739   0.5668231   4.8856803   2.7017901   0.9893523   0.5691641   4.8559724
  55.0000000   0.0058179   0.0020445   0.0010983   0.0185163   0.0000000   0.0000000   0.0000000   0.0000000   2.6983007   0.9861585   0.5639476   4.8373208   2.6946617   0.9867875   0.5678020   4.8372706   2.7131053   0.9913739   0.5668231   4.8856803   2.7021948   0.9894343   0.5691335   4.8591589
  56.0000000   0.0057733   0.0020250   0.0010554   0.0180897   0.0000000   0.0000000   0.0000000   0.0000000   2.6984105   0.9862075   0.5640590   4.8383899   2.6951082   0.9868919   0.5676930   4.8408397   2.7131053   0.9913739   0.5668231   4.8856803   2.7025829   0.9895135   0.5689752   4.8622136
  57.0000000   0.0057272   0.0020053   0.0010140   0.0176495   0.0000000   0.0000000   0.0000000   0.0000000   2.6985244   0.9862571   0.5641666   4.8394993   2.6955335   0.9869908   0.5678673   4.8442495   2.7131053   0.9913739   0.5668231   4.8856803   2.7029479   0.9895868   0.5691024   4.8650947
  58.0000000   0.0056797   0.0019854   0.0009741   0.0171985   0.0000000   0.0000000   0.0000000   0.0000000   2.6986423   0.9863075   0.5642703   4.8406413   2.6959579   0.9870896   0.5676335   4.8474783   2.7131053   0.9913739   0.5668231   4.8856803   2.7033105   0.9896597   0.5688219   4.8677835
  59.0000000   0.0056310   0.0019653   0.0009359   0.0167393   0.0000000   0.0000000   0.0000000   0.0000000   2.6987636   0.9863583   0.5643701   4.8418089   2.6963574   0.9871820   0.5677706   4.8505632   2.7131053   0.9913739   0.5668231   4.8856803   2.7036467   0.9897261   0.5689147   4.8703200
  60.0000000   0.0055811   0.0019450   0.0008992   0.0162743   0.0000000   0.0000000   0.0000000   0.0000000   2.6988881   0.9864097   0.5644658   4.8429953   2.6967544   0.9872737   0.5679095   4.8535000   2.7131053   0.9913739   0.5668231   4.8856803   2.7039791   0.9897915   0.5690115   4.8727028
  61.0000000   0.0055302   0.0019246   0.0008641   0.0158059   0.0000000   0.0000000   0.0000000   0.0000000   2.6990154   0.9864615   0.5645575   4.8441943   2.6971471   0.9873650   0.5678799   4.8562869   2.7131053   0.9913739   0.5668231   4.8856803   2.7043060   0.9898565   0.5689411   4.8749327
  62.0000000   0.0054784   0.0019041   0.0008306   0.0153362   0.0000000   0.0000000   0.0000000   0.0000000   2.6991451   0.9865136   0.5646453   4.8454002   2.6975224   0.9874521   0.5678530   4.8589357   2.7131053   0.9913739   0.5668231   4.8856803   2.7046145   0.9899172   0.5688749   4.8770234
  63.0000000   0.0054259   0.0018835   0.0007986   0.0148670   0.0000000   0.0000000   0.0000000   0.0000000   2.6992771   0.9865659   0.5647291   4.8466076   2.6978916   0.9875376   0.5678669   4.8614395   2.7131053   0.9913739   0.5668231   4.8856803   2.7049160   0.9899762   0.5688511   4.8789703
  64.0000000   0.0053727   0.0018628   0.0007680   0.0144001   0.0000000   0.0000000   0.0000000   0.0000000   2.6994110   0.9866184   0.5648092   4.8478120   2.6982495   0.9876208   0.5677497   4.8638190   2.7131053   0.9913739   0.5668231   4.8856803   2.7052054   0.9900327   0.5686973   4.8807961
  65.0000000   0.0053189   0.0018421   0.0007389   0.0139370   0.0000000   0.0000000   0.0000000   0.0000000   2.6995465   0.9866710   0.5648855   4.8490090   2.6986602   0.9877417   0.5678940   4.8660695   2.7131053   0.9913739   0.5668231   4.8856803   2.7055470   0.9901271   0.5688077   4.8824980
  66.0000000   0.0052647   0.0018215   0.0007112   0.0134790   0.0000000   0.0000000   0.0000000   0.0000000   2.6996833   0.9867237   0.5649584   4.8501950   2.6984801   0.9876770   0.5677523   4.8681938   2.7131053   0.9913739   0.5668231   4.8856803   2.7052974   0.9900358   0.5686330   4.8840798
  67.0000000   0.0052102   0.0018008   0.0006848   0.0130273   0.0000000   0.0000000   0.0000000   0.0000000   2.6998212   0.9867764   0.5650277   4.8513666   2.6990983   0.9877577   0.5677479   4.8701089   2.7131053   0.9913739   0.5668231   4.8856803   2.7058455   0.9900899   0.5685973   4.8854602
  68.0000000   0.0051554   0.0017802   0.0006597   0.0125829   0.0000000   0.0000000   0.0000000   0.0000000   2.6999600   0.9868290   0.5650938   4.8525212   2.6994127   0.9878322   0.5677884   4.8719583   2.7131053   0.9913739   0.5668231   4.8856803   2.7060895   0.9901380   0.5686076   4.8867837
  69.0000000   0.0051003   0.0017596   0.0006358   0.0121467   0.0000000   0.0000000   0.0000000   0.0000000   2.7000995   0.9868815   0.5651568   4.8536563   2.6997203   0.9879044   0.5677907   4.8737144   2.7131053   0.9913739   0.5668231   4.8856803   2.7063264   0.9901837   0.5685813   4.8880235
  70.0000000   0.0050452   0.0017391   0.0006130   0.0117192   0.0000000   0.0000000   0.0000000   0.0000000   2.7002395   0.9869338   0.5652167   4.8547699   2.7000187   0.9879739   0.5677431   4.8753319   2.7131053   0.9913739   0.5668231   4.8856803   2.7065539   0.9902268   0.5685064   4.8891352
  71.0000000   0.0049900   0.0017187   0.0005914   0.0113012   0.0000000   0.0000000   0.0000000   0.0000000   2.7003797   0.9869860   0.5652738   4.8558603   2.7003065   0.9880406   0.5677756   4.8769006   2.7131053   0.9913739   0.5668231   4.8856803   2.7067708   0.9902674   0.5685124   4.8902093
  72.0000000   0.0049348   0.0016984   0.0005708   0.0108931   0.0000000   0.0000000   0.0000000   0.0000000   2.7005200   0.9870378   0.5653281   4.8569263   2.7005902   0.9881064   0.5677297   4.8783777   2.7131053   0.9913739   0.5668231   4.8856803   2.7069836   0.9903070   0.5684416   4.8912037
  73.0000000   0.0048797   0.0016783   0.0005512   0.0104952   0.0000000   0.0000000   0.0000000   0.0000000   2.7006603   0.9870895   0.5653798   4.8579666   2.7008669   0.9881707   0.5677891   4.8797916   2.7131053   0.9913739   0.5668231   4.8856803   2.7071895   0.9903454   0.5684774   4.8921470
  74.0000000   0.0048247   0.0016582   0.0005325   0.0101077   0.0000000   0.0000000   0.0000000   0.0000000   2.7008005   0.9871408   0.5654290   4.8589806   2.7011408   0.9882350   0.5677619   4.8810854   2.7131053   0.9913739   0.5668231   4.8856803   2.7073927   0.9903838   0.5684275   4.8929824
  75.0000000   0.0047699   0.0016383   0.0005147   0.0097310   0.0000000   0.0000000   0.0000000   0.0000000   2.7009403   0.9871918   0.5654758   4.8599676   2.7014034   0.9882962   0.5676596   4.8822819   2.7131053   0.9913739   0.5668231   4.8856803   2.7075847   0.9904194   0.5683037   4.8937332
  76.0000000   0.0047152   0.0016185   0.0004978   0.0093650   0.0000000   0.0000000   0.0000000   0.0000000   2.7010797   0.9872424   0.5655205   4.8609272   2.7016509   0.9883531   0.5676370   4.8834141   2.7131053   0.9913739   0.5668231   4.8856803   2.7077619   0.9904508   0.5682604   4.8944326
  77.0000000   0.0046608   0.0015989   0.0004817   0.0090098   0.0000000   0.0000000   0.0000000   0.0000000   2.7012186   0.9872927   0.5655630   4.8618591   2.7018950   0.9884087   0.5675765   4.8844148   2.7131053   0.9913739   0.5668231   4.8856803   2.7079360   0.9904812   0.5681801   4.8950130
  78.0000000   0.0046067   0.0015795   0.0004664   0.0086654   0.0000000   0.0000000   0.0000000   0.0000000   2.7013568   0.9873425   0.5656035   4.8627634   2.7019287   0.9884093   0.5676661   4.8851921   2.7131053   0.9913739   0.5668231   4.8856803   2.7079001   0.9904567   0.5682540   4.8953843
  79.0000000   0.0045529   0.0015602   0.0004517   0.0083317   0.0000000   0.0000000   0.0000000   0.0000000   2.7014943   0.9873919   0.5656421   4.8636401   2.7022449   0.9884593   0.5676758   4.8859425   2.7131053   0.9913739   0.5668231   4.8856803   2.7081472   0.9904819   0.5682437   4.8957405
  80.0000000   0.0044995   0.0015411   0.0004378   0.0080088   0.0000000   0.0000000   0.0000000   0.0000000   2.7016311   0.9874410   0.5656790   4.8644893   2.7024810   0.9885044   0.5676227   4.8867064   2.7131053   0.9913739   0.5668231   4.8856803   2.7083145   0.9905024   0.5681729   4.8961226
  81.0000000   0.0044463   0.0015222   0.0004244   0.0076963   0.0000000   0.0000000   0.0000000   0.0000000   2.7017670   0.9874895   0.5657141   4.8653112   2.7027077   0.9885503   0.5674696   4.8874236   2.7131053   0.9913739   0.5668231   4.8856803   2.7084729   0.9905239   0.5680030   4.8964705
  82.0000000   0.0043936   0.0015035   0.0004117   0.0073943   0.0000000   0.0000000   0.0000000   0.0000000   2.7019019   0.9875376   0.5657477   4.8661063   2.7029125   0.9885934   0.5675261   4.8880833   2.7131053   0.9913739   0.5668231   4.8856803   2.7086097   0.9905428   0.5680439   4.8967731
  83.0000000   0.0043413   0.0014849   0.0003995   0.0071025   0.0000000   0.0000000   0.0000000   0.0000000   2.7020359   0.9875853   0.5657798   4.8668749   2.7031165   0.9886372   0.5675677   4.8887095   2.7131053   0.9913739   0.5668231   4.8856803   2.7087462   0.9905627   0.5680703   4.8970544
  84.0000000   0.0042894   0.0014665   0.0003879   0.0068207   0.0000000   0.0000000   0.0000000   0.0000000   2.7021689   0.9876324   0.5658105   4.8676174   2.7033167   0.9886812   0.5675241   4.8892183   2.7131053   0.9913739   0.5668231   4.8856803   2.7088795   0.9905829   0.5680124   4.8972301
  85.0000000   0.0042379   0.0014483   0.0003768   0.0065487   0.0000000   0.0000000   0.0000000   0.0000000   2.7023008   0.9876791   0.5658399   4.8683344   2.7035042   0.9887225   0.5675161   4.8897336   2.7131053   0.9913739   0.5668231   4.8856803   2.7090005   0.9906007   0.5679902   4.8974239
  86.0000000   0.0041869   0.0014304   0.0003661   0.0062863   0.0000000   0.0000000   0.0000000   0.0000000   2.7024316   0.9877254   0.5658680   4.8690265   2.7036913   0.9887642   0.5674534   4.8901054   2.7131053   0.9913739   0.5668231   4.8856803   2.7091218   0.9906192   0.5679145   4.8974856
  87.0000000   0.0041363   0.0014126   0.0003559   0.0060332   0.0000000   0.0000000   0.0000000   0.0000000   2.7025612   0.9877711   0.5658950   4.8696941   2.7038588   0.9888007   0.5675600   4.8905316   2.7131053   0.9913739   0.5668231   4.8856803   2.7092239   0.9906327   0.5680082   4.8976128
  88.0000000   0.0040862   0.0013949   0.0003461   0.0057893   0.0000000   0.0000000   0.0000000   0.0000000   2.7026897   0.9878163   0.5659209   4.8703379   2.7040391   0.9888414   0.5675502   4.8909201   2.7131053   0.9913739   0.5668231   4.8856803   2.7093395   0.9906506   0.5679860   4.8977131
  89.0000000   0.0040366   0.0013775   0.0003366   0.0055543   0.0000000   0.0000000   0.0000000   0.0000000   2.7028170   0.9878611   0.5659457   4.8709585   2.7042155   0.9888814   0.5674823   4.8912776   2.7131053   0.9913739   0.5668231   4.8856803   2.7094518   0.9906680   0.5679060   4.8977928
  90.0000000   0.0039875   0.0013603   0.0003276   0.0053278   0.0000000   0.0000000   0.0000000   0.0000000   2.7029432   0.9879054   0.5659696   4.8715565   2.7043826   0.9889191   0.5674819   4.8916067   2.7131053   0.9913739   0.5668231   4.8856803   2.7095552   0.9906834   0.5678943   4.8978544
  91.0000000   0.0039388   0.0013433   0.0003188   0.0051098   0.0000000   0.0000000   0.0000000   0.0000000   2.7030681   0.9879491   0.5659926   4.8721326   2.7045491   0.9889566   0.5674879   4.8919139   2.7131053   0.9913739   0.5668231   4.8856803   2.7096588   0.9906988   0.5678893   4.8979040
  92.0000000   0.0038906   0.0013265   0.0003105   0.0048999   0.0000000   0.0000000   0.0000000   0.0000000   2.7031917   0.9879924   0.5660147   4.8726873   2.7047111   0.9889935   0.5674952   4.8921947   2.7131053   0.9913739   0.5668231   4.8856803   2.7097583   0.9907139   0.5678860   4.8979370
  93.0000000   0.0038429   0.0013098   0.0003024   0.0046979   0.0000000   0.0000000   0.0000000   0.0000000   2.7033142   0.9880352   0.5660359   4.8732213   2.7048688   0.9890295   0.5675127   4.8924501   2.7131053   0.9913739   0.5668231   4.8856803   2.7098542   0.9907284   0.5678935   4.8979539
  94.0000000   0.0037958   0.0012933   0.0002946   0.0045035   0.0000000   0.0000000   0.0000000   0.0000000   2.7034354   0.9880775   0.5660565   4.8737353   2.7050252   0.9890654   0.5674809   4.8926817   2.7131053   0.9913739   0.5668231   4.8856803   2.7099495   0.9907429   0.5678519   4.8979560
  95.0000000   0.0037490   0.0012771   0.0002870   0.0043165   0.0000000   0.0000000   0.0000000   0.0000000   2.7035554   0.9881194   0.5660763   4.8742298   2.7051768   0.9891002   0.5674327   4.8928527   2.7131053   0.9913739   0.5668231   4.8856803   2.7100405   0.9907566   0.5677941   4.8979063
  96.0000000   0.0037028   0.0012610   0.0002798   0.0041367   0.0000000   0.0000000   0.0000000   0.0000000   2.7036741   0.9881607   0.5660954   4.8747055   2.7053218   0.9891335   0.5674740   4.8929966   2.7131053   0.9913739   0.5668231   4.8856803   2.7101256   0.9907691   0.5678263   4.8978381
  97.0000000   0.0036571   0.0012451   0.0002727   0.0039638   0.0000000   0.0000000   0.0000000   0.0000000   2.7037916   0.9882016   0.5661139   4.8751629   2.7054649   0.9891666   0.5674689   4.8931136   2.7131053   0.9913739   0.5668231   4.8856803   2.7102093   0.9907815   0.5678123   4.8977511
  98.0000000   0.0036119   0.0012294   0.0002659   0.0037975   0.0000000   0.0000000   0.0000000   0.0000000   2.7039078   0.9882420   0.5661318   4.8756027   2.7056027   0.9891985   0.5674724   4.8932042   2.7131053   0.9913739   0.5668231   4.8856803   2.7102884   0.9907930   0.5678074   4.8976458
  99.0000000   0.0035671   0.0012139   0.0002593   0.0036378   0.0000000   0.0000000   0.0000000   0.0000000   2.7040228   0.9882820   0.5661491   4.8760256   2.7057364   0.9892296   0.5674744   4.8932964   2.7131053   0.9913739   0.5668231   4.8856803   2.7103640   0.9908039   0.5678010   4.8975497
 100.0000000   0.0035228   0.0011985   0.0002529   0.0034843   0.0000000   0.0000000   0.0000000   0.0000000   2.7041366   0.9883215   0.5661658   4.8764319   2.7058708   0.9892612   0.5674719   4.8933900   2.7131053   0.9913739   0.5668231   4.8856803   2.7104409   0.9908156   0.5677904   4.8974623
 101.0000000   0.0034791   0.0011833   0.0002468   0.0033368   0.0000000   0.0000000   0.0000000   0.0000000   2.7042492   0.9883605   0.5661821   4.8768224   2.7060037   0.9892926   0.5675669   4.8934702   2.7131053   0.9913739   0.5668231   4.8856803   2.7105169   0.9908272   0.5678777   4.8973688
 102.0000000   0.0034357   0.0011683   0.0002408   0.0031952   0.0000000   0.0000000   0.0000000   0.0000000   2.7043605   0.9883991   0.5661978   4.8771975   2.7061385   0.9893247   0.5675551   4.8935302   2.7131053   0.9913739   0.5668231   4.8856803   2.7105955   0.9908399   0.5678583   4.8972619
 103.0000000   0.0033929   0.0011535   0.0002349   0.0030591   0.0000000   0.0000000   0.0000000   0.0000000   2.7044706   0.9884372   0.5662131   4.8775579   2.7062704   0.9893562   0.5675596   4.8935826   2.7131053   0.9913739   0.5668231   4.8856803   2.7106717   0.9908521   0.5678556   4.8971541
 104.0000000   0.0033505   0.0011389   0.0002293   0.0029284   0.0000000   0.0000000   0.0000000   0.0000000   2.7045795   0.9884749   0.5662279   4.8779039   2.7063998   0.9893871   0.5676193   4.8936307   2.7131053   0.9913739   0.5668231   4.8856803   2.7107460   0.9908640   0.5679082   4.8970485
 105.0000000   0.0033086   0.0011244   0.0002238   0.0028030   0.0000000   0.0000000   0.0000000   0.0000000   2.7046873   0.9885121   0.5662423   4.8782362   2.7065295   0.9894183   0.5675750   4.8936615   2.7131053   0.9913739   0.5668231   4.8856803   2.7108212   0.9908763   0.5678570   4.8969317
 106.0000000   0.0032672   0.0011101   0.0002184   0.0026826   0.0000000   0.0000000   0.0000000   0.0000000   2.7047938   0.9885489   0.5662563   4.8785553   2.7066544   0.9894481   0.5676590   4.8936814   2.7131053   0.9913739   0.5668231   4.8856803   2.7108922   0.9908876   0.5679343   4.8968100
 107.0000000   0.0032262   0.0010960   0.0002132   0.0025670   0.0000000   0.0000000   0.0000000   0.0000000   2.7048992   0.9885853   0.5662699   4.8788615   2.7067811   0.9894786   0.5676863   4.8936417   2.7131053   0.9913739   0.5668231   4.8856803   2.7109657   0.9908996   0.5679553   4.8966344
 108.0000000   0.0031857   0.0010820   0.0002082   0.0024561   0.0000000   0.0000000   0.0000000   0.0000000   2.7050034   0.9886213   0.5662832   4.8791554   2.7069040   0.9895083   0.5677200   4.8936426   2.7131053   0.9913739   0.5668231   4.8856803   2.7110360   0.9909112   0.5679828   4.8965050
 109.0000000   0.0031456   0.0010682   0.0002033   0.0023497   0.0000000   0.0000000   0.0000000   0.0000000   2.7051064   0.9886568   0.5662961   4.8794375   2.7070290   0.9895389   0.5677885   4.8936843   2.7131053   0.9913739   0.5668231   4.8856803   2.7111089   0.9909238   0.5680452   4.8964217
 110.0000000   0.0031060   0.0010545   0.0001985   0.0022476   0.0000000   0.0000000   0.0000000   0.0000000   2.7052083   0.9886919   0.5663086   4.8797082   2.7071567   0.9895703   0.5677859   4.8937177   2.7131053   0.9913739   0.5668231   4.8856803   2.7111850   0.9909375   0.5680365   4.8963354
 111.0000000   0.0030668   0.0010410   0.0001938   0.0021496   0.0000000   0.0000000   0.0000000   0.0000000   2.7053091   0.9887267   0.5663208   4.8799678   2.7072808   0.9896010   0.5678774   4.8937829   2.7131053   0.9913739   0.5668231   4.8856803   2.7112581   0.9909506   0.5681223   4.8962856
 112.0000000   0.0030281   0.0010277   0.0001893   0.0020557   0.0000000   0.0000000   0.0000000   0.0000000   2.7054088   0.9887610   0.5663327   4.8802169   2.7074086   0.9896328   0.5679227   4.8938415   2.7131053   0.9913739   0.5668231   4.8856803   2.7113356   0.9909651   0.5681621   4.8962341
 113.0000000   0.0029898   0.0010145   0.0001848   0.0019656   0.0000000   0.0000000   0.0000000   0.0000000   2.7055073   0.9887949   0.5663443   4.8804558   2.7075360   0.9896648   0.5679544   4.8938993   2.7131053   0.9913739   0.5668231   4.8856803   2.7114132   0.9909800   0.5681883   4.8961864
 114.0000000   0.0029519   0.0010015   0.0001805   0.0018792   0.0000000   0.0000000   0.0000000   0.0000000   2.7056048   0.9888284   0.5663556   4.8806849   2.7076630   0.9896968   0.5680127   4.8939389   2.7131053   0.9913739   0.5668231   4.8856803   2.7114909   0.9909950   0.5682412   4.8961247
 115.0000000   0.0029144   0.0009886   0.0001763   0.0017964   0.0000000   0.0000000   0.0000000   0.0000000   2.7057011   0.9888615   0.5663666   4.8809046   2.7077895   0.9897285   0.5680741   4.8939921   2.7131053   0.9913739   0.5668231   4.8856803   2.7115687   0.9910100   0.5682975   4.8960809
 116.0000000   0.0028774   0.0009759   0.0001722   0.0017170   0.0000000   0.0000000   0.0000000   0.0000000   2.7057964   0.9888943   0.5663773   4.8811152   2.7079186   0.9897611   0.5681569   4.8940854   2.7131053   0.9913739   0.5668231   4.8856803   2.7116496   0.9910261   0.5683754   4.8960814
 117.0000000   0.0028408   0.0009633   0.0001682   0.0016408   0.0000000   0.0000000   0.0000000   0.0000000   2.7058906   0.9889267   0.5663878   4.8813171   2.7080483   0.9897943   0.5682153   4.8941897   2.7131053   0.9913739   0.5668231   4.8856803   2.7117317   0.9910429   0.5684289   4.8960968
 118.0000000   0.0028045   0.0009509   0.0001643   0.0015679   0.0000000   0.0000000   0.0000000   0.0000000   2.7059838   0.9889586   0.5663980   4.8815106   2.7081821   0.9898291   0.5682718   4.8942961   2.7131053   0.9913739   0.5668231   4.8856803   2.7118185   0.9910616   0.5684805   4.8961181
 119.0000000   0.0027687   0.0009386   0.0001605   0.0014980   0.0000000   0.0000000   0.0000000   0.0000000   2.7060759   0.9889903   0.5664079   4.8816960   2.7083317   0.9898741   0.5660482   4.8939309   2.7131053   0.9913739   0.5668231   4.8856803   2.7119215   0.9910905   0.5662465   4.8856803
