 t z psi theta tau_a f_e f_o tau_x tau_l C H B r w div entry mass rgdp rinv firm
 s_constrained exit exit_b
 avg_firm_size labor_share std_dev_growth_emp std_dev_growth_sales debt capital 
 ngdp ninv exdem psi_c collat_binding
   1.0000000   1.0000000   0.7676643   0.3592106   0.0032343   1.0000000   0.0000000   0.0000000   0.0000000   2.1623649   0.9913317  -8.1356509   0.0101010   1.6527601   0.5894863   0.0104796   0.3755343   2.7131053   0.5668231  -1.0000000   0.0104795   0.0000000   2.5681243   0.6038960   0.0000000   0.0000000  -4.8856803  32.5652388   2.7131053   0.5668231   0.0160827   1.0000000   0.0000000
   2.0000000   1.0000000   0.7676643   0.1882741   0.0032343   1.0000000   0.0000000   0.0000000   0.0000000   2.1775824   0.9768308  -8.1356509   0.0101010   1.6623550   0.4666754   0.0088999   0.3755343   2.6882878   0.5275401  -1.0000000   0.0109047   0.0000000   2.5410354   0.6040417   0.0000000   0.0000000  -4.8856803  32.5439390   2.6883731   0.5276255   0.0168348   1.0000000   0.0000000
   3.0000000   1.0000000   0.7676643   0.2122880   0.0032343   1.0000000   0.0000000   0.0000000   0.0000000   2.1543698   0.9710155  -8.2051240  -0.0009211   1.6404009   0.5807659   0.0097952   0.3735295   2.6259816   0.4952481  -1.0000000   0.0153104   0.0000000   2.5331271   0.6065996   0.0000000   0.0000000  -3.1010510  32.4879938   2.6258605   0.4951271   0.0236363   1.0000000   0.0000000
   4.0000000   1.0000000   0.7676643   0.2329283   0.0032343   1.0000000   0.0000000   0.0000000   0.0000000   2.1479042   0.9710333  -8.2369195   0.0074049   1.6362831   0.6003166   0.0097952   0.3680143   2.6265185   0.4967145  -1.0000000   0.0117244   0.0000000   2.5701291   0.6049682   0.0000000   0.0000000  -2.9369958  32.4184665   2.6263571   0.4965531   0.0181002   1.0000000   0.0000000
   5.0000000   1.0000000   0.7676643   0.2506690   0.0032343   1.0000000   0.0000000   0.0000000   0.0000000   2.1448599   0.9725286  -8.2573152   0.0087358   1.6353090   0.5987685   0.0097952   0.3660852   2.6325607   0.5040247  -1.0000000   0.0105737   0.0000000   2.5872861   0.6041486   0.0000000   0.0000000  -3.0351269  32.3488790   2.6323898   0.5038537   0.0163239   1.0000000   0.0000000
   6.0000000   1.0000000   0.7676643   0.2659174   0.0032343   1.0000000   0.0000000   0.0000000   0.0000000   2.1428617   0.9739849  -8.2782051   0.0092037   1.6350492   0.5969277   0.0097952   0.3653067   2.6380894   0.5110791  -1.0000000   0.0102677   0.0000000   2.5965320   0.6036884   0.0000000   0.0000000  -3.1883080  32.2896571   2.6379159   0.5109056   0.0158515   1.0000000   0.0000000
   7.0000000   1.0000000   0.7676643   0.2790236   0.0032343   1.0000000   0.0000000   0.0000000   0.0000000   2.1407928   0.9751587  -8.2985610   0.0094594   1.6350115   0.5965234   0.0097952   0.3648342   2.6426416   0.5175908  -1.0000000   0.0101968   0.0000000   2.6029302   0.6033586   0.0000000   0.0000000  -3.3479819  32.2394673   2.6424678   0.5174169   0.0157419   1.0000000   0.0000000
   8.0000000   1.0000000   0.7676643   0.2902886   0.0032343   1.0000000   0.0000000   0.0000000   0.0000000   2.1383156   0.9762073  -8.3164044   0.0096265   1.6351133   0.5973154   0.0097952   0.3644326   2.6469427   0.5241848  -1.0000000   0.0100775   0.0000000   2.6085227   0.6030626   0.0000000   0.0000000  -3.5015363  32.1964651   2.6467699   0.5240120   0.0155578   1.0000000   0.0000000
   9.0000000   1.0000000   0.7676643   0.2999711   0.0032343   1.0000000   0.0000000   0.0000000   0.0000000   2.1388522   0.9773223  -8.3295262   0.0097119   1.6354079   0.5955732   0.0097952   0.3641504   2.6516590   0.5276755  -1.0000000   0.0096312   0.0000000   2.6134378   0.6027773   0.0000000   0.0000000  -3.6441947  32.1610939   2.6514890   0.5275055   0.0148687   1.0000000   0.0000000
  10.0000000   1.0000000   0.7676643   0.3082933   0.0032343   1.0000000   0.0000000   0.0000000   0.0000000   2.1365350   0.9789335  -8.3434504   0.0098246   1.6362378   0.5860755   0.0104796   0.3643144   2.6561898   0.5344397  -1.0000000   0.0095769   0.0000000   2.6118238   0.6030484   0.0000000   0.0000000  -3.7744176  32.1409985   2.6560167   0.5342665   0.0147849   1.0000000   0.0000000
  11.0000000   1.0000000   0.7676643   0.3154464   0.0032343   1.0000000   0.0000000   0.0000000   0.0000000   2.1356753   0.9798681  -8.3616567   0.0099154   1.6367558   0.5901382   0.0104796   0.3652172   2.6589207   0.5384697  -1.0000000   0.0098615   0.0000000   2.6080417   0.6031953   0.0000000   0.0000000  -3.8896970  32.1162931   2.6587529   0.5383020   0.0152243   1.0000000   0.0000000
  12.0000000   1.0000000   0.7676643   0.3215946   0.0032343   1.0000000   0.0000000   0.0000000   0.0000000   2.1341370   0.9805878  -8.3732810   0.0099879   1.6372204   0.5919846   0.0104796   0.3658352   2.6612732   0.5426984  -1.0000000   0.0100804   0.0000000   2.6056618   0.6032727   0.0000000   0.0000000  -3.9924321  32.0960831   2.6611104   0.5425355   0.0155622   1.0000000   0.0000000
  13.0000000   1.0000000   0.7676643   0.3268790   0.0032343   1.0000000   0.0000000   0.0000000   0.0000000   2.1335956   0.9812948  -8.3799854   0.0100276   1.6377080   0.5906270   0.0104796   0.3662345   2.6639685   0.5458205  -1.0000000   0.0100061   0.0000000   2.6047741   0.6032746   0.0000000   0.0000000  -4.0833521  32.0803585   2.6638107   0.5456627   0.0154476   1.0000000   0.0000000
  14.0000000   1.0000000   0.7676643   0.3314211   0.0032343   1.0000000   0.0000000   0.0000000   0.0000000   2.1328222   0.9819508  -8.3861903   0.0100914   1.6382760   0.5882207   0.0104796   0.3667080   2.6665391   0.5490223  -1.0000000   0.0099140   0.0000000   2.6032464   0.6033044   0.0000000   0.0000000  -4.1653400  32.0682153   2.6663873   0.5488705   0.0153054   1.0000000   0.0000000
  15.0000000   1.0000000   0.7676643   0.3353251   0.0032343   1.0000000   0.0000000   0.0000000   0.0000000   2.1324524   0.9825459  -8.3925048   0.0101252   1.6388632   0.5872555   0.0104796   0.3672735   2.6688046   0.5515714  -1.0000000   0.0098582   0.0000000   2.6009189   0.6033712   0.0000000   0.0000000  -4.2372691  32.0593770   2.6686589   0.5514258   0.0152192   1.0000000   0.0000000
  16.0000000   1.0000000   0.7676643   0.3386806   0.0032343   1.0000000   0.0000000   0.0000000   0.0000000   2.1316489   0.9831278  -8.3979334   0.0101516   1.6394509   0.5861719   0.0104796   0.3678949   2.6709422   0.5543465  -1.0000000   0.0097507   0.0000000   2.5981842   0.6034600   0.0000000   0.0000000  -4.2994494  32.0535687   2.6708027   0.5542070   0.0150532   1.0000000   0.0000000
  17.0000000   1.0000000   0.7676643   0.3415648   0.0032343   1.0000000   0.0000000   0.0000000   0.0000000   2.1314904   0.9836085  -8.4023139   0.0101930   1.6400479   0.5864406   0.0104796   0.3686239   2.6725967   0.5563484  -1.0000000   0.0098730   0.0000000   2.5944527   0.6035987   0.0000000   0.0000000  -4.3558049  32.0506874   2.6724635   0.5562152   0.0152421   1.0000000   0.0000000
  18.0000000   1.0000000   0.7676643   0.3440437   0.0032343   1.0000000   0.0000000   0.0000000   0.0000000   2.1313298   0.9839731  -8.4047230   0.0101884   1.6405521   0.5884195   0.0104796   0.3692305   2.6738710   0.5581392  -1.0000000   0.0101036   0.0000000   2.5912639   0.6037180   0.0000000   0.0000000  -4.4037912  32.0493160   2.6737431   0.5580113   0.0155981   1.0000000   0.0000000
  19.0000000   1.0000000   0.7676643   0.3461744   0.0032343   1.0000000   0.0000000   0.0000000   0.0000000   2.1310039   0.9842753  -8.4039626   0.0102139   1.6410223   0.5886193   0.0104796   0.3696064   2.6752269   0.5599400  -1.0000000   0.0101806   0.0000000   2.5894943   0.6037689   0.0000000   0.0000000  -4.4465304  32.0495555   2.6751039   0.5598170   0.0157170   1.0000000   0.0000000
  20.0000000   1.0000000   0.7676643   0.3480058   0.0032343   1.0000000   0.0000000   0.0000000   0.0000000   2.1309739   0.9844332  -8.4015183   0.0102074   1.6413765   0.5923155   0.0104796   0.3699054   2.6759917   0.5612463  -1.0000000   0.0105120   0.0000000   2.5878762   0.6038231   0.0000000   0.0000000  -4.4839229  32.0512350   2.6758724   0.5611271   0.0162286   1.0000000   0.0000000
  21.0000000   1.0000000   0.7676643   0.3495799   0.0032343   1.0000000   0.0000000   0.0000000   0.0000000   2.1310197   0.9847850  -8.3947040   0.0102242   1.6418174   0.5886089   0.0104796   0.3698730   2.6780868   0.5626264  -1.0000000   0.0100785   0.0000000   2.5890290   0.6037291   0.0000000   0.0000000  -4.5165750  32.0546264   2.6779721   0.5625117   0.0155594   1.0000000   0.0000000
  22.0000000   1.0000000   0.7676643   0.3509329   0.0032343   1.0000000   0.0000000   0.0000000   0.0000000   2.1311186   0.9848458  -8.3904685   0.0102209   1.6422145   0.5903217   0.0104796   0.3702741   2.6784556   0.5634223  -1.0000000   0.0104192   0.0000000   2.5864515   0.6038260   0.0000000   0.0000000  -4.5449621  32.0592238   2.6783451   0.5633118   0.0160853   1.0000000   0.0000000
  23.0000000   1.0000000   0.7676643   0.3520958   0.0032343   1.0000000   0.0000000   0.0000000   0.0000000   2.1313641   0.9850450  -8.3840456   0.0102290   1.6426039   0.5897917   0.0104796   0.3703345   2.6797973   0.5642983  -1.0000000   0.0102765   0.0000000   2.5865672   0.6037886   0.0000000   0.0000000  -4.5710328  32.0644276   2.6796909   0.5641918   0.0158651   1.0000000   0.0000000
  24.0000000   1.0000000   0.7676643   0.3530953   0.0032343   1.0000000   0.0000000   0.0000000   0.0000000   2.1314234   0.9852306  -8.3774841   0.0102214   1.6429725   0.5904912   0.0104796   0.3705375   2.6808324   0.5653420  -1.0000000   0.0103206   0.0000000   2.5856794   0.6038047   0.0000000   0.0000000  -4.5940804  32.0703455   2.6807298   0.5652394   0.0159330   1.0000000   0.0000000
  25.0000000   1.0000000   0.7676643   0.3539544   0.0032343   1.0000000   0.0000000   0.0000000   0.0000000   2.1317760   0.9854592  -8.3695434   0.0102310   1.6433718   0.5888922   0.0104796   0.3706966   2.6821399   0.5662009  -1.0000000   0.0102584   0.0000000   2.5852045   0.6037971   0.0000000   0.0000000  -4.6154802  32.0770407   2.6820415   0.5661025   0.0158371   1.0000000   0.0000000
  26.0000000   1.0000000   0.7676643   0.3546928   0.0032343   1.0000000   0.0000000   0.0000000   0.0000000   2.1321168   0.9856341  -8.3625674   0.0102200   1.6437135   0.5893015   0.0104796   0.3709178   2.6830583   0.5668589  -1.0000000   0.0103104   0.0000000   2.5841689   0.6038234   0.0000000   0.0000000  -4.6332183  32.0846074   2.6829635   0.5667641   0.0159173   1.0000000   0.0000000
  27.0000000   1.0000000   0.7676643   0.3553275   0.0032343   1.0000000   0.0000000   0.0000000   0.0000000   2.1326599   0.9858101  -8.3547771   0.0102214   1.6440573   0.5889798   0.0104796   0.3710870   2.6840655   0.5673190  -1.0000000   0.0103078   0.0000000   2.5834869   0.6038307   0.0000000   0.0000000  -4.6499658  32.0926183   2.6839743   0.5672278   0.0159134   1.0000000   0.0000000
  28.0000000   1.0000000   0.7676643   0.3558730   0.0032343   1.0000000   0.0000000   0.0000000   0.0000000   2.1329675   0.9859652  -8.3470217   0.0102123   1.6443718   0.5896228   0.0104796   0.3712588   2.6849409   0.5679325  -1.0000000   0.0103374   0.0000000   2.5827343   0.6038444   0.0000000   0.0000000  -4.6650765  32.1009476   2.6848530   0.5678446   0.0159590   1.0000000   0.0000000
  29.0000000   1.0000000   0.7676643   0.3563419   0.0032343   1.0000000   0.0000000   0.0000000   0.0000000   2.1336120   0.9861417  -8.3382436   0.0102137   1.6446868   0.5886912   0.0104796   0.3714009   2.6859350   0.5681854  -1.0000000   0.0102748   0.0000000   2.5822403   0.6038452   0.0000000   0.0000000  -4.6787831  32.1100631   2.6858504   0.5681008   0.0158624   1.0000000   0.0000000
  30.0000000   1.0000000   0.7676643   0.3567449   0.0032343   1.0000000   0.0000000   0.0000000   0.0000000   2.1339830   0.9863029  -8.3302694   0.0102077   1.6449880   0.5888337   0.0104796   0.3716057   2.6867537   0.5686939  -1.0000000   0.0103142   0.0000000   2.5812780   0.6038696   0.0000000   0.0000000  -4.6917446  32.1190579   2.6866722   0.5686124   0.0159231   1.0000000   0.0000000
  31.0000000   1.0000000   0.7676643   0.3570913   0.0032343   1.0000000   0.0000000   0.0000000   0.0000000   2.1347453   0.9864620  -8.3217663   0.0101988   1.6452705   0.5892524   0.0104796   0.3717711   2.6875895   0.5687745  -1.0000000   0.0103188   0.0000000   2.5805788   0.6038826   0.0000000   0.0000000  -4.7032249  32.1284698   2.6875110   0.5686960   0.0159303   1.0000000   0.0000000
  32.0000000   1.0000000   0.7676643   0.3573890   0.0032343   1.0000000   0.0000000   0.0000000   0.0000000   2.1354101   0.9866831  -8.3129698   0.0102026   1.6455910   0.5873273   0.0104796   0.3719319   2.6887151   0.5690841  -1.0000000   0.0102209   0.0000000   2.5800813   0.6038841   0.0000000   0.0000000  -4.7150423  32.1377291   2.6886400   0.5690090   0.0157791   1.0000000   0.0000000
  33.0000000   1.0000000   0.7676643   0.3576449   0.0032343   1.0000000   0.0000000   0.0000000   0.0000000   2.1360386   0.9868614  -8.3060113   0.0102067   1.6458824   0.5878811   0.0104796   0.3721907   2.6894894   0.5693177  -1.0000000   0.0102777   0.0000000   2.5788115   0.6039277   0.0000000   0.0000000  -4.7259007  32.1471787   2.6894173   0.5692456   0.0158669   1.0000000   0.0000000
  34.0000000   1.0000000   0.7676643   0.3578649   0.0032343   1.0000000   0.0000000   0.0000000   0.0000000   2.1367473   0.9870043  -8.2983306   0.0101932   1.6461363   0.5883701   0.0104796   0.3723925   2.6901587   0.5693451  -1.0000000   0.0103210   0.0000000   2.5778263   0.6039577   0.0000000   0.0000000  -4.7348080  32.1567498   2.6900893   0.5692757   0.0159337   1.0000000   0.0000000
  35.0000000   1.0000000   0.7676643   0.3580539   0.0032343   1.0000000   0.0000000   0.0000000   0.0000000   2.1376375   0.9871530  -8.2902450   0.0101896   1.6463795   0.5881461   0.0104796   0.3725511   2.6908930   0.5691992  -1.0000000   0.0103275   0.0000000   2.5771512   0.6039734   0.0000000   0.0000000  -4.7433422  32.1661391   2.6908262   0.5691324   0.0159437   1.0000000   0.0000000
  36.0000000   1.0000000   0.7676643   0.3582164   0.0032343   1.0000000   0.0000000   0.0000000   0.0000000   2.1384617   0.9873052  -8.2826942   0.0101908   1.6466200   0.5889019   0.0104796   0.3727033   2.6916441   0.5691783  -1.0000000   0.0103613   0.0000000   2.5765193   0.6039842   0.0000000   0.0000000  -4.7520913  32.1750096   2.6915798   0.5691140   0.0159959   1.0000000   0.0000000
  37.0000000   1.0000000   0.7676643   0.3583561   0.0032343   1.0000000   0.0000000   0.0000000   0.0000000   2.1384503   0.9874299  -8.2745169   0.0101785   1.6468489   0.5901965   0.0104796   0.3728215   2.6923324   0.5699052  -1.0000000   0.0103789   0.0000000   2.5760488   0.6039894   0.0000000   0.0000000  -4.7596619  32.1837407   2.6922705   0.5698433   0.0160230   1.0000000   0.0000000
  38.0000000   1.0000000   0.7676643   0.3584761   0.0032343   1.0000000   0.0000000   0.0000000   0.0000000   2.1392666   0.9875704  -8.2644391   0.0101739   1.6470583   0.5896106   0.0104796   0.3729223   2.6930621   0.5698025  -1.0000000   0.0103685   0.0000000   2.5757430   0.6039890   0.0000000   0.0000000  -4.7671392  32.1931109   2.6930024   0.5697427   0.0160070   1.0000000   0.0000000
  39.0000000   1.0000000   0.7676643   0.3585793   0.0032343   1.0000000   0.0000000   0.0000000   0.0000000   2.1400553   0.9877094  -8.2552185   0.0101751   1.6472634   0.5892729   0.0104796   0.3730334   2.6937626   0.5697027  -1.0000000   0.0103610   0.0000000   2.5753639   0.6039927   0.0000000   0.0000000  -4.7745193  32.2022623   2.6937050   0.5696451   0.0159954   1.0000000   0.0000000
  40.0000000   1.0000000   0.7676643   0.3586680   0.0032343   1.0000000   0.0000000   0.0000000   0.0000000   2.1406687   0.9878349  -8.2465136   0.0101664   1.6474510   0.5889501   0.0104796   0.3731520   2.6943713   0.5697024  -1.0000000   0.0103638   0.0000000   2.5748989   0.6040024   0.0000000   0.0000000  -4.7809376  32.2112241   2.6943157   0.5696468   0.0159998   1.0000000   0.0000000
  41.0000000   1.0000000   0.7676643   0.3587442   0.0032343   1.0000000   0.0000000   0.0000000   0.0000000   2.1416788   0.9879790  -8.2382300   0.0101641   1.6476402   0.5885465   0.0104796   0.3732678   2.6950502   0.5693546  -1.0000000   0.0103531   0.0000000   2.5744970   0.6040071   0.0000000   0.0000000  -4.7876495  32.2200268   2.6949965   0.5693009   0.0159832   1.0000000   0.0000000
  42.0000000   1.0000000   0.7676643   0.3588097   0.0032343   1.0000000   0.0000000   0.0000000   0.0000000   2.1417901   0.9881050  -8.2308645   0.0101673   1.6478321   0.5889243   0.0104796   0.3733944   2.6956571   0.5698988  -1.0000000   0.0103845   0.0000000   2.5740013   0.6040239   0.0000000   0.0000000  -4.7945683  32.2282479   2.6956055   0.5698471   0.0160317   1.0000000   0.0000000
  43.0000000   1.0000000   0.7676643   0.3588661   0.0032343   1.0000000   0.0000000   0.0000000   0.0000000   2.1425962   0.9882333  -8.2226852   0.0101614   1.6480079   0.5886995   0.0104796   0.3734895   2.6962884   0.5697229  -1.0000000   0.0103838   0.0000000   2.5736884   0.6040226   0.0000000   0.0000000  -4.8008961  32.2369244   2.6962386   0.5696731   0.0160306   1.0000000   0.0000000
  44.0000000   1.0000000   0.7676643   0.3589145   0.0032343   1.0000000   0.0000000   0.0000000   0.0000000   2.1433481   0.9883566  -8.2150581   0.0101617   1.6481765   0.5887174   0.0104796   0.3735853   2.6968879   0.5695618  -1.0000000   0.0103782   0.0000000   2.5733680   0.6040252   0.0000000   0.0000000  -4.8067749  32.2453145   2.6968399   0.5695138   0.0160220   1.0000000   0.0000000
  45.0000000   1.0000000   0.7676643   0.3589561   0.0032343   1.0000000   0.0000000   0.0000000   0.0000000   2.1437345   0.9884649  -8.2076353   0.0101533   1.6483364   0.5891305   0.0104796   0.3736867   2.6974113   0.5697424  -1.0000000   0.0104065   0.0000000   2.5729662   0.6040314   0.0000000   0.0000000  -4.8122536  32.2533162   2.6973650   0.5696961   0.0160656   1.0000000   0.0000000
  46.0000000   1.0000000   0.7676643   0.3589918   0.0032343   1.0000000   0.0000000   0.0000000   0.0000000   2.1443643   0.9885871  -8.1997579   0.0101540   1.6484879   0.5887955   0.0104796   0.3737599   2.6980084   0.5696931  -1.0000000   0.0103957   0.0000000   2.5727985   0.6040285   0.0000000   0.0000000  -4.8178619  32.2614136   2.6979636   0.5696483   0.0160490   1.0000000   0.0000000
  47.0000000   1.0000000   0.7676643   0.3590226   0.0032343   1.0000000   0.0000000   0.0000000   0.0000000   2.1449299   0.9886856  -8.1923803   0.0101512   1.6486361   0.5889910   0.0104796   0.3738437   2.6985029   0.5696484  -1.0000000   0.0104128   0.0000000   2.5724941   0.6040321   0.0000000   0.0000000  -4.8230326  32.2693339   2.6984596   0.5696052   0.0160754   1.0000000   0.0000000
  48.0000000   1.0000000   0.7676643   0.3590490   0.0032343   1.0000000   0.0000000   0.0000000   0.0000000   2.1459454   0.9887955  -8.1849626   0.0101498   1.6487811   0.5886240   0.0104796   0.3739105   2.6990557   0.5691620  -1.0000000   0.0103975   0.0000000   2.5723322   0.6040281   0.0000000   0.0000000  -4.8280271  32.2770797   2.6990140   0.5691203   0.0160517   1.0000000   0.0000000
  49.0000000   1.0000000   0.7676643   0.3590717   0.0032343   1.0000000   0.0000000   0.0000000   0.0000000   2.1460351   0.9888913  -8.1785165   0.0101490   1.6489211   0.5887582   0.0104796   0.3739927   2.6995277   0.5695615  -1.0000000   0.0104086   0.0000000   2.5720602   0.6040386   0.0000000   0.0000000  -4.8326315  32.2841709   2.6994875   0.5695213   0.0160689   1.0000000   0.0000000
  50.0000000   1.0000000   0.7676643   0.3590912   0.0032343   1.0000000   0.0000000   0.0000000   0.0000000   2.1466584   0.9889926  -8.1716258   0.0101465   1.6490552   0.5886097   0.0104796   0.3740637   2.7000237   0.5694306  -1.0000000   0.0104063   0.0000000   2.5718469   0.6040380   0.0000000   0.0000000  -4.8370894  32.2915689   2.6999849   0.5693918   0.0160653   1.0000000   0.0000000
  51.0000000   1.0000000   0.7676643   0.3591080   0.0032343   1.0000000   0.0000000   0.0000000   0.0000000   2.1472123   0.9890865  -8.1651120   0.0101445   1.6491844   0.5886053   0.0104796   0.3741370   2.7004817   0.5693433  -1.0000000   0.0104119   0.0000000   2.5715968   0.6040390   0.0000000   0.0000000  -4.8412260  32.2987044   2.7004442   0.5693059   0.0160740   1.0000000   0.0000000
  52.0000000   1.0000000   0.7676643   0.3591224   0.0032343   1.0000000   0.0000000   0.0000000   0.0000000   2.1476559   0.9891759  -8.1587805   0.0101423   1.6493088   0.5886455   0.0104796   0.3742047   2.7009235   0.5693504  -1.0000000   0.0104176   0.0000000   2.5713694   0.6040384   0.0000000   0.0000000  -4.8451371  32.3056207   2.7008873   0.5693142   0.0160828   1.0000000   0.0000000
  53.0000000   1.0000000   0.7676643   0.3591348   0.0032343   1.0000000   0.0000000   0.0000000   0.0000000   2.1481959   0.9892680  -8.1524935   0.0101407   1.6494291   0.5885588   0.0104796   0.3742668   2.7013753   0.5692581  -1.0000000   0.0104149   0.0000000   2.5712002   0.6040387   0.0000000   0.0000000  -4.8489637  32.3124444   2.7013404   0.5692232   0.0160786   1.0000000   0.0000000
  54.0000000   1.0000000   0.7676643   0.3591454   0.0032343   1.0000000   0.0000000   0.0000000   0.0000000   2.1487110   0.9893523  -8.1464857   0.0101401   1.6495461   0.5884614   0.0104796   0.3743315   2.7017901   0.5691641  -1.0000000   0.0104191   0.0000000   2.5709865   0.6040400   0.0000000   0.0000000  -4.8526251  32.3190609   2.7017564   0.5691305   0.0160851   1.0000000   0.0000000
  55.0000000   1.0000000   0.7676643   0.3591546   0.0032343   1.0000000   0.0000000   0.0000000   0.0000000   2.1491470   0.9894343  -8.1407569   0.0101388   1.6496585   0.5884542   0.0104796   0.3743921   2.7021948   0.5691335  -1.0000000   0.0104195   0.0000000   2.5707952   0.6040405   0.0000000   0.0000000  -4.8559724  32.3254716   2.7021623   0.5691010   0.0160857   1.0000000   0.0000000
  56.0000000   1.0000000   0.7676643   0.3591625   0.0032343   1.0000000   0.0000000   0.0000000   0.0000000   2.1496960   0.9895135  -8.1351456   0.0101372   1.6497671   0.5884279   0.0104796   0.3744522   2.7025829   0.5689752  -1.0000000   0.0104212   0.0000000   2.5706044   0.6040428   0.0000000   0.0000000  -4.8591589  32.3317506   2.7025516   0.5689439   0.0160883   1.0000000   0.0000000
  57.0000000   1.0000000   0.7676643   0.3591692   0.0032343   1.0000000   0.0000000   0.0000000   0.0000000   2.1499395   0.9895868  -8.1298015   0.0101364   1.6498725   0.5883951   0.0104796   0.3745106   2.7029479   0.5691024  -1.0000000   0.0104249   0.0000000   2.5704002   0.6040433   0.0000000   0.0000000  -4.8622136  32.3377601   2.7029177   0.5690722   0.0160941   1.0000000   0.0000000
  58.0000000   1.0000000   0.7676643   0.3591750   0.0032343   1.0000000   0.0000000   0.0000000   0.0000000   2.1505850   0.9896597  -8.1244353   0.0101352   1.6499745   0.5882574   0.0104796   0.3745654   2.7033105   0.5688219  -1.0000000   0.0104263   0.0000000   2.5702244   0.6040439   0.0000000   0.0000000  -4.8650947  32.3438029   2.7032813   0.5687927   0.0160963   1.0000000   0.0000000
  59.0000000   1.0000000   0.7676643   0.3591800   0.0032343   1.0000000   0.0000000   0.0000000   0.0000000   2.1508337   0.9897261  -8.1195674   0.0101344   1.6500731   0.5883006   0.0104796   0.3746186   2.7036467   0.5689147  -1.0000000   0.0104299   0.0000000   2.5700489   0.6040470   0.0000000   0.0000000  -4.8677835  32.3494564   2.7036185   0.5688866   0.0161017   1.0000000   0.0000000
  60.0000000   1.0000000   0.7676643   0.3591843   0.0032343   1.0000000   0.0000000   0.0000000   0.0000000   2.1510721   0.9897915  -8.1146306   0.0101332   1.6501686   0.5882590   0.0104796   0.3746684   2.7039791   0.5690115  -1.0000000   0.0104316   0.0000000   2.5698853   0.6040470   0.0000000   0.0000000  -4.8703200  32.3551118   2.7039519   0.5689843   0.0161044   1.0000000   0.0000000
  61.0000000   1.0000000   0.7676643   0.3591880   0.0032343   1.0000000   0.0000000   0.0000000   0.0000000   2.1514710   0.9898565  -8.1097044   0.0101320   1.6502609   0.5881655   0.0104796   0.3747164   2.7043060   0.5689411  -1.0000000   0.0104327   0.0000000   2.5697312   0.6040466   0.0000000   0.0000000  -4.8727028  32.3607727   2.7042798   0.5689150   0.0161061   1.0000000   0.0000000
  62.0000000   1.0000000   0.7676643   0.3591912   0.0032343   1.0000000   0.0000000   0.0000000   0.0000000   2.1518495   0.9899172  -8.1050092   0.0101309   1.6503501   0.5880501   0.0104796   0.3747633   2.7046145   0.5688749  -1.0000000   0.0104351   0.0000000   2.5695789   0.6040480   0.0000000   0.0000000  -4.8749327  32.3662722   2.7045893   0.5688496   0.0161098   1.0000000   0.0000000
  63.0000000   1.0000000   0.7676643   0.3591939   0.0032343   1.0000000   0.0000000   0.0000000   0.0000000   2.1521757   0.9899762  -8.1005606   0.0101300   1.6504369   0.5879474   0.0104796   0.3748079   2.7049160   0.5688511  -1.0000000   0.0104357   0.0000000   2.5694313   0.6040473   0.0000000   0.0000000  -4.8770234  32.3716140   2.7048917   0.5688268   0.0161108   1.0000000   0.0000000
  64.0000000   1.0000000   0.7676643   0.3591963   0.0032343   1.0000000   0.0000000   0.0000000   0.0000000   2.1526210   0.9900327  -8.0963026   0.0101292   1.6505212   0.5879107   0.0104796   0.3748518   2.7052054   0.5686973  -1.0000000   0.0104371   0.0000000   2.5692869   0.6040482   0.0000000   0.0000000  -4.8789703  32.3768453   2.7051819   0.5686739   0.0161129   1.0000000   0.0000000
  65.0000000   1.0000000   0.7676643   0.3591983   0.0032343   1.0000000   0.0000000   0.0000000   0.0000000   2.1528561   0.9901271  -8.0923033   0.0101291   1.6505669   0.5879308   0.0104796   0.3748943   2.7055470   0.5688077  -1.0000000   0.0104396   0.0000000   2.5692618   0.6040493   0.0000000   0.0000000  -4.8807961  32.3818316   2.7055240   0.5687847   0.0161168   1.0000000   0.0000000
  66.0000000   1.0000000   0.7676643   0.3592000   0.0032343   1.0000000   0.0000000   0.0000000   0.0000000   2.1530665   0.9900358  -8.0882610   0.0101278   1.6506263   0.5898608   0.0104796   0.3749343   2.7052974   0.5686330  -1.0000000   0.0106245   0.0000000   2.5687455   0.6040679   0.0000000   0.0000000  -4.8824980  32.3868492   2.7052750   0.5686107   0.0164022   1.0000000   0.0000000
  67.0000000   1.0000000   0.7676643   0.3592015   0.0032343   1.0000000   0.0000000   0.0000000   0.0000000   2.1533687   0.9900899  -8.0825310   0.0101281   1.6506982   0.5876982   0.0104796   0.3747894   2.7058455   0.5685973  -1.0000000   0.0104420   0.0000000   2.5698513   0.6040046   0.0000000   0.0000000  -4.8840798  32.3916083   2.7058239   0.5685757   0.0161205   1.0000000   0.0000000
  68.0000000   1.0000000   0.7676643   0.3592028   0.0032343   1.0000000   0.0000000   0.0000000   0.0000000   2.1536040   0.9901380  -8.0790563   0.0101269   1.6507691   0.5876915   0.0104796   0.3748270   2.7060895   0.5686076  -1.0000000   0.0104431   0.0000000   2.5697268   0.6040056   0.0000000   0.0000000  -4.8854602  32.3962554   2.7060686   0.5685867   0.0161222   1.0000000   0.0000000
  69.0000000   1.0000000   0.7676643   0.3592039   0.0032343   1.0000000   0.0000000   0.0000000   0.0000000   2.1538701   0.9901837  -8.0756320   0.0101264   1.6508394   0.5876314   0.0104796   0.3748635   2.7063264   0.5685813  -1.0000000   0.0104450   0.0000000   2.5696020   0.6040062   0.0000000   0.0000000  -4.8867837  32.4008363   2.7063062   0.5685612   0.0161251   1.0000000   0.0000000
  70.0000000   1.0000000   0.7676643   0.3592048   0.0032343   1.0000000   0.0000000   0.0000000   0.0000000   2.1541758   0.9902268  -8.0723457   0.0101257   1.6509081   0.5875358   0.0104796   0.3748982   2.7065539   0.5685064  -1.0000000   0.0104470   0.0000000   2.5694783   0.6040056   0.0000000   0.0000000  -4.8880235  32.4053162   2.7065345   0.5684870   0.0161283   1.0000000   0.0000000
  71.0000000   1.0000000   0.7676643   0.3592056   0.0032343   1.0000000   0.0000000   0.0000000   0.0000000   2.1543877   0.9902674  -8.0692828   0.0101251   1.6509741   0.5874132   0.0104796   0.3749307   2.7067708   0.5685124  -1.0000000   0.0104477   0.0000000   2.5693699   0.6040067   0.0000000   0.0000000  -4.8891352  32.4096500   2.7067521   0.5684937   0.0161293   1.0000000   0.0000000
  72.0000000   1.0000000   0.7676643   0.3592063   0.0032343   1.0000000   0.0000000   0.0000000   0.0000000   2.1546732   0.9903070  -8.0663860   0.0101246   1.6510390   0.5873715   0.0104796   0.3749626   2.7069836   0.5684416  -1.0000000   0.0104489   0.0000000   2.5692604   0.6040070   0.0000000   0.0000000  -4.8902093  32.4139180   2.7069656   0.5684236   0.0161312   1.0000000   0.0000000
  73.0000000   1.0000000   0.7676643   0.3592069   0.0032343   1.0000000   0.0000000   0.0000000   0.0000000   2.1548444   0.9903454  -8.0636518   0.0101241   1.6511016   0.5873205   0.0104796   0.3749933   2.7071895   0.5684774  -1.0000000   0.0104497   0.0000000   2.5691580   0.6040079   0.0000000   0.0000000  -4.8912037  32.4180438   2.7071721   0.5684600   0.0161323   1.0000000   0.0000000
  74.0000000   1.0000000   0.7676643   0.3592074   0.0032343   1.0000000   0.0000000   0.0000000   0.0000000   2.1550984   0.9903838  -8.0609822   0.0101238   1.6511622   0.5872335   0.0104796   0.3750232   2.7073927   0.5684275  -1.0000000   0.0104502   0.0000000   2.5690577   0.6040079   0.0000000   0.0000000  -4.8921470  32.4221388   2.7073759   0.5684107   0.0161332   1.0000000   0.0000000
  75.0000000   1.0000000   0.7676643   0.3592079   0.0032343   1.0000000   0.0000000   0.0000000   0.0000000   2.1554161   0.9904194  -8.0584989   0.0101233   1.6512216   0.5871624   0.0104796   0.3750526   2.7075847   0.5683037  -1.0000000   0.0104515   0.0000000   2.5689559   0.6040087   0.0000000   0.0000000  -4.8929824  32.4261162   2.7075686   0.5682875   0.0161351   1.0000000   0.0000000
  76.0000000   1.0000000   0.7676643   0.3592083   0.0032343   1.0000000   0.0000000   0.0000000   0.0000000   2.1556395   0.9904508  -8.0562579   0.0101228   1.6512796   0.5871289   0.0104796   0.3750808   2.7077619   0.5682604  -1.0000000   0.0104533   0.0000000   2.5688508   0.6040097   0.0000000   0.0000000  -4.8937332  32.4299040   2.7077464   0.5682449   0.0161380   1.0000000   0.0000000
  77.0000000   1.0000000   0.7676643   0.3592086   0.0032343   1.0000000   0.0000000   0.0000000   0.0000000   2.1558937   0.9904812  -8.0541406   0.0101228   1.6513363   0.5870554   0.0104796   0.3751070   2.7079360   0.5681801  -1.0000000   0.0104532   0.0000000   2.5687553   0.6040102   0.0000000   0.0000000  -4.8944326  32.4335856   2.7079211   0.5681652   0.0161378   1.0000000   0.0000000
  78.0000000   1.0000000   0.7676643   0.3592089   0.0032343   1.0000000   0.0000000   0.0000000   0.0000000   2.1559003   0.9904567  -8.0522515   0.0101263   1.6513799   0.5875534   0.0104796   0.3751335   2.7079001   0.5682540  -1.0000000   0.0105286   0.0000000   2.5685189   0.6040198   0.0000000   0.0000000  -4.8950130  32.4371267   2.7078856   0.5682395   0.0162542   1.0000000   0.0000000
  79.0000000   1.0000000   0.7676643   0.3592091   0.0032343   1.0000000   0.0000000   0.0000000   0.0000000   2.1560927   0.9904819  -8.0497794   0.0101183   1.6514236   0.5871657   0.0104796   0.3750844   2.7081472   0.5682437  -1.0000000   0.0104865   0.0000000   2.5689081   0.6039953   0.0000000   0.0000000  -4.8953843  32.4404393   2.7081332   0.5682297   0.0161892   1.0000000   0.0000000
  80.0000000   1.0000000   0.7676643   0.3592093   0.0032343   1.0000000   0.0000000   0.0000000   0.0000000   2.1563179   0.9905024  -8.0477874   0.0101191   1.6514678   0.5870691   0.0104796   0.3750775   2.7083145   0.5681729  -1.0000000   0.0104782   0.0000000   2.5690058   0.6039862   0.0000000   0.0000000  -4.8957405  32.4438295   2.7083010   0.5681594   0.0161763   1.0000000   0.0000000
  81.0000000   1.0000000   0.7676643   0.3592095   0.0032343   1.0000000   0.0000000   0.0000000   0.0000000   2.1566350   0.9905239  -8.0460238   0.0101195   1.6515122   0.5869672   0.0104796   0.3750790   2.7084729   0.5680030  -1.0000000   0.0104710   0.0000000   2.5690525   0.6039802   0.0000000   0.0000000  -4.8961226  32.4471372   2.7084598   0.5679900   0.0161652   1.0000000   0.0000000
  82.0000000   1.0000000   0.7676643   0.3592097   0.0032343   1.0000000   0.0000000   0.0000000   0.0000000   2.1567295   0.9905428  -8.0445840   0.0101195   1.6515558   0.5869729   0.0104796   0.3750876   2.7086097   0.5680439  -1.0000000   0.0104700   0.0000000   2.5690485   0.6039782   0.0000000   0.0000000  -4.8964705  32.4502300   2.7085971   0.5680313   0.0161637   1.0000000   0.0000000
  83.0000000   1.0000000   0.7676643   0.3592098   0.0032343   1.0000000   0.0000000   0.0000000   0.0000000   2.1568366   0.9905627  -8.0431374   0.0101187   1.6515984   0.5868631   0.0104796   0.3750972   2.7087462   0.5680703  -1.0000000   0.0104680   0.0000000   2.5690340   0.6039748   0.0000000   0.0000000  -4.8967731  32.4533246   2.7087340   0.5680581   0.0161607   1.0000000   0.0000000
  84.0000000   1.0000000   0.7676643   0.3592099   0.0032343   1.0000000   0.0000000   0.0000000   0.0000000   2.1570266   0.9905829  -8.0418180   0.0101186   1.6516403   0.5867864   0.0104796   0.3751088   2.7088795   0.5680124  -1.0000000   0.0104673   0.0000000   2.5690082   0.6039724   0.0000000   0.0000000  -4.8970544  32.4564009   2.7088677   0.5680006   0.0161595   1.0000000   0.0000000
  85.0000000   1.0000000   0.7676643   0.3592100   0.0032343   1.0000000   0.0000000   0.0000000   0.0000000   2.1571694   0.9906007  -8.0406713   0.0101178   1.6516806   0.5867299   0.0104796   0.3751211   2.7090005   0.5679902  -1.0000000   0.0104671   0.0000000   2.5689729   0.6039711   0.0000000   0.0000000  -4.8972301  32.4593751   2.7089892   0.5679789   0.0161592   1.0000000   0.0000000
  86.0000000   1.0000000   0.7676643   0.3592101   0.0032343   1.0000000   0.0000000   0.0000000   0.0000000   2.1573664   0.9906192  -8.0396444   0.0101179   1.6517202   0.5867028   0.0104796   0.3751337   2.7091218   0.5679145  -1.0000000   0.0104670   0.0000000   2.5689367   0.6039696   0.0000000   0.0000000  -4.8974239  32.4622794   2.7091109   0.5679036   0.0161591   1.0000000   0.0000000
  87.0000000   1.0000000   0.7676643   0.3592102   0.0032343   1.0000000   0.0000000   0.0000000   0.0000000   2.1573762   0.9906327  -8.0387549   0.0101169   1.6517585   0.5866512   0.0104796   0.3751463   2.7092239   0.5680082  -1.0000000   0.0104679   0.0000000   2.5688894   0.6039693   0.0000000   0.0000000  -4.8974856  32.4650622   2.7092134   0.5679977   0.0161605   1.0000000   0.0000000
  88.0000000   1.0000000   0.7676643   0.3592102   0.0032343   1.0000000   0.0000000   0.0000000   0.0000000   2.1575136   0.9906506  -8.0378537   0.0101164   1.6517955   0.5866004   0.0104796   0.3751579   2.7093395   0.5679860  -1.0000000   0.0104676   0.0000000   2.5688558   0.6039674   0.0000000   0.0000000  -4.8976128  32.4678958   2.7093294   0.5679759   0.0161600   1.0000000   0.0000000
  89.0000000   1.0000000   0.7676643   0.3592103   0.0032343   1.0000000   0.0000000   0.0000000   0.0000000   2.1577053   0.9906680  -8.0370636   0.0101161   1.6518318   0.5865429   0.0104796   0.3751699   2.7094518   0.5679060  -1.0000000   0.0104673   0.0000000   2.5688205   0.6039661   0.0000000   0.0000000  -4.8977131  32.4706639   2.7094420   0.5678963   0.0161596   1.0000000   0.0000000
  90.0000000   1.0000000   0.7676643   0.3592103   0.0032343   1.0000000   0.0000000   0.0000000   0.0000000   2.1578224   0.9906834  -8.0364498   0.0101159   1.6518674   0.5865443   0.0104796   0.3751822   2.7095552   0.5678943  -1.0000000   0.0104686   0.0000000   2.5687813   0.6039660   0.0000000   0.0000000  -4.8977928  32.4733053   2.7095458   0.5678849   0.0161615   1.0000000   0.0000000
  91.0000000   1.0000000   0.7676643   0.3592106   0.0032343   1.0000000   0.0000000   0.0000000   0.0000000   2.1579300   0.9906988  -8.0358819   0.0101155   1.6519020   0.5864896   0.0104796   0.3751933   2.7096588   0.5678893  -1.0000000   0.0104680   0.0000000   2.5687479   0.6039649   0.0000000   0.0000000  -4.8978544  32.4758951   2.7096498   0.5678803   0.0161606   1.0000000   0.0000000
  92.0000000   1.0000000   0.7676643   0.3592106   0.0032343   1.0000000   0.0000000   0.0000000   0.0000000   2.1580333   0.9907139  -8.0354084   0.0101150   1.6519356   0.5864572   0.0104796   0.3752049   2.7097583   0.5678860  -1.0000000   0.0104683   0.0000000   2.5687093   0.6039641   0.0000000   0.0000000  -4.8979040  32.4784383   2.7097497   0.5678774   0.0161610   1.0000000   0.0000000
  93.0000000   1.0000000   0.7676643   0.3592106   0.0032343   1.0000000   0.0000000   0.0000000   0.0000000   2.1581227   0.9907284  -8.0350050   0.0101146   1.6519683   0.5864227   0.0104796   0.3752162   2.7098542   0.5678935  -1.0000000   0.0104689   0.0000000   2.5686701   0.6039631   0.0000000   0.0000000  -4.8979370  32.4809379   2.7098459   0.5678852   0.0161619   1.0000000   0.0000000
  94.0000000   1.0000000   0.7676643   0.3592106   0.0032343   1.0000000   0.0000000   0.0000000   0.0000000   2.1582597   0.9907429  -8.0346623   0.0101142   1.6520000   0.5863847   0.0104796   0.3752270   2.7099495   0.5678519  -1.0000000   0.0104690   0.0000000   2.5686354   0.6039621   0.0000000   0.0000000  -4.8979539  32.4834048   2.7099415   0.5678439   0.0161621   1.0000000   0.0000000
  95.0000000   1.0000000   0.7676643   0.3592106   0.0032343   1.0000000   0.0000000   0.0000000   0.0000000   2.1584087   0.9907566  -8.0344344   0.0101139   1.6520308   0.5863585   0.0104796   0.3752376   2.7100405   0.5677941  -1.0000000   0.0104691   0.0000000   2.5686014   0.6039617   0.0000000   0.0000000  -4.8979560  32.4857909   2.7100329   0.5677864   0.0161623   1.0000000   0.0000000
  96.0000000   1.0000000   0.7676643   0.3592106   0.0032343   1.0000000   0.0000000   0.0000000   0.0000000   2.1584623   0.9907691  -8.0343255   0.0101136   1.6520608   0.5863419   0.0104796   0.3752482   2.7101256   0.5678263  -1.0000000   0.0104695   0.0000000   2.5685650   0.6039615   0.0000000   0.0000000  -4.8979063  32.4880804   2.7101182   0.5678190   0.0161630   1.0000000   0.0000000
  97.0000000   1.0000000   0.7676643   0.3592106   0.0032343   1.0000000   0.0000000   0.0000000   0.0000000   2.1585603   0.9907815  -8.0342319   0.0101131   1.6520898   0.5863111   0.0104796   0.3752582   2.7102093   0.5678123  -1.0000000   0.0104697   0.0000000   2.5685293   0.6039608   0.0000000   0.0000000  -4.8978381  32.4903653   2.7102023   0.5678053   0.0161633   1.0000000   0.0000000
  98.0000000   1.0000000   0.7676643   0.3592106   0.0032343   1.0000000   0.0000000   0.0000000   0.0000000   2.1586454   0.9907930  -8.0342157   0.0101128   1.6521177   0.5862849   0.0104796   0.3752681   2.7102884   0.5678074  -1.0000000   0.0104704   0.0000000   2.5684934   0.6039603   0.0000000   0.0000000  -4.8977511  32.4925994   2.7102817   0.5678007   0.0161644   1.0000000   0.0000000
  99.0000000   1.0000000   0.7676643   0.3592106   0.0032343   1.0000000   0.0000000   0.0000000   0.0000000   2.1587274   0.9908039  -8.0342580   0.0101120   1.6521444   0.5862641   0.0104796   0.3752773   2.7103640   0.5678010  -1.0000000   0.0104704   0.0000000   2.5684602   0.6039597   0.0000000   0.0000000  -4.8976458  32.4947930   2.7103576   0.5677945   0.0161643   1.0000000   0.0000000
 100.0000000   1.0000000   0.7676643   0.3592106   0.0032343   1.0000000   0.0000000   0.0000000   0.0000000   2.1588154   0.9908156  -8.0343570   0.0101116   1.6521705   0.5862537   0.0104796   0.3752865   2.7104409   0.5677904  -1.0000000   0.0104707   0.0000000   2.5684288   0.6039591   0.0000000   0.0000000  -4.8975497  32.4969442   2.7104348   0.5677842   0.0161648   1.0000000   0.0000000
 101.0000000   1.0000000   0.7676643   0.3592106   0.0032343   1.0000000   0.0000000   0.0000000   0.0000000   2.1588045   0.9908272  -8.0345085   0.0101113   1.6521960   0.5862391   0.0104796   0.3752954   2.7105169   0.5678777  -1.0000000   0.0104710   0.0000000   2.5684001   0.6039586   0.0000000   0.0000000  -4.8974623  32.4990497   2.7105110   0.5678718   0.0161653   1.0000000   0.0000000
 102.0000000   1.0000000   0.7676643   0.3592106   0.0032343   1.0000000   0.0000000   0.0000000   0.0000000   2.1589029   0.9908399  -8.0346181   0.0101109   1.6522208   0.5862125   0.0104796   0.3753040   2.7105955   0.5678583  -1.0000000   0.0104713   0.0000000   2.5683754   0.6039577   0.0000000   0.0000000  -4.8973688  32.5012094   2.7105898   0.5678527   0.0161658   1.0000000   0.0000000
 103.0000000   1.0000000   0.7676643   0.3592106   0.0032343   1.0000000   0.0000000   0.0000000   0.0000000   2.1589824   0.9908521  -8.0348054   0.0101104   1.6522449   0.5862068   0.0104796   0.3753123   2.7106717   0.5678556  -1.0000000   0.0104716   0.0000000   2.5683528   0.6039571   0.0000000   0.0000000  -4.8972619  32.5033147   2.7106663   0.5678502   0.0161662   1.0000000   0.0000000
 104.0000000   1.0000000   0.7676643   0.3592106   0.0032343   1.0000000   0.0000000   0.0000000   0.0000000   2.1590044   0.9908640  -8.0350340   0.0101101   1.6522685   0.5861878   0.0104796   0.3753202   2.7107460   0.5679082  -1.0000000   0.0104718   0.0000000   2.5683310   0.6039565   0.0000000   0.0000000  -4.8971541  32.5053837   2.7107409   0.5679031   0.0161665   1.0000000   0.0000000
 105.0000000   1.0000000   0.7676643   0.3592106   0.0032343   1.0000000   0.0000000   0.0000000   0.0000000   2.1591314   0.9908763  -8.0352588   0.0101095   1.6522914   0.5861805   0.0104796   0.3753280   2.7108212   0.5678570  -1.0000000   0.0104722   0.0000000   2.5683110   0.6039556   0.0000000   0.0000000  -4.8970485  32.5074724   2.7108163   0.5678521   0.0161671   1.0000000   0.0000000
 106.0000000   1.0000000   0.7676643   0.3592106   0.0032343   1.0000000   0.0000000   0.0000000   0.0000000   2.1591255   0.9908876  -8.0355723   0.0101088   1.6523139   0.5861589   0.0104796   0.3753354   2.7108922   0.5679343  -1.0000000   0.0104725   0.0000000   2.5682907   0.6039547   0.0000000   0.0000000  -4.8969317  32.5094758   2.7108876   0.5679296   0.0161676   1.0000000   0.0000000
 107.0000000   1.0000000   0.7676643   0.3592106   0.0032343   1.0000000   0.0000000   0.0000000   0.0000000   2.1591783   0.9908996  -8.0358653   0.0101090   1.6523360   0.5861787   0.0104796   0.3753426   2.7109657   0.5679553  -1.0000000   0.0104727   0.0000000   2.5682747   0.6039538   0.0000000   0.0000000  -4.8968100  32.5115242   2.7109612   0.5679509   0.0161680   1.0000000   0.0000000
 108.0000000   1.0000000   0.7676643   0.3592106   0.0032343   1.0000000   0.0000000   0.0000000   0.0000000   2.1592216   0.9909112  -8.0361459   0.0101081   1.6523571   0.5861882   0.0104796   0.3753494   2.7110360   0.5679828  -1.0000000   0.0104730   0.0000000   2.5682609   0.6039533   0.0000000   0.0000000  -4.8966344  32.5135614   2.7110317   0.5679785   0.0161684   1.0000000   0.0000000
 109.0000000   1.0000000   0.7676643   0.3592106   0.0032343   1.0000000   0.0000000   0.0000000   0.0000000   2.1592324   0.9909238  -8.0364162   0.0101072   1.6523776   0.5861610   0.0104796   0.3753560   2.7111089   0.5680452  -1.0000000   0.0104733   0.0000000   2.5682498   0.6039522   0.0000000   0.0000000  -4.8965050  32.5155926   2.7111049   0.5680412   0.0161688   1.0000000   0.0000000
 110.0000000   1.0000000   0.7676643   0.3592106   0.0032343   1.0000000   0.0000000   0.0000000   0.0000000   2.1593170   0.9909375  -8.0366816   0.0101066   1.6523977   0.5861590   0.0104796   0.3753623   2.7111850   0.5680365  -1.0000000   0.0104731   0.0000000   2.5682430   0.6039509   0.0000000   0.0000000  -4.8964217  32.5176551   2.7111812   0.5680327   0.0161685   1.0000000   0.0000000
 111.0000000   1.0000000   0.7676643   0.3592106   0.0032343   1.0000000   0.0000000   0.0000000   0.0000000   2.1593050   0.9909506  -8.0369890   0.0101059   1.6524174   0.5861793   0.0104796   0.3753689   2.7112581   0.5681223  -1.0000000   0.0104735   0.0000000   2.5682349   0.6039500   0.0000000   0.0000000  -4.8963354  32.5196752   2.7112546   0.5681187   0.0161691   1.0000000   0.0000000
 112.0000000   1.0000000   0.7676643   0.3592106   0.0032343   1.0000000   0.0000000   0.0000000   0.0000000   2.1593424   0.9909651  -8.0372219   0.0101054   1.6524367   0.5861817   0.0104796   0.3753750   2.7113356   0.5681621  -1.0000000   0.0104734   0.0000000   2.5682305   0.6039483   0.0000000   0.0000000  -4.8962856  32.5217496   2.7113322   0.5681587   0.0161689   1.0000000   0.0000000
 113.0000000   1.0000000   0.7676643   0.3592106   0.0032343   1.0000000   0.0000000   0.0000000   0.0000000   2.1593945   0.9909800  -8.0374437   0.0101047   1.6524554   0.5860755   0.0104796   0.3753812   2.7114132   0.5681883  -1.0000000   0.0104738   0.0000000   2.5682273   0.6039468   0.0000000   0.0000000  -4.8962341  32.5238305   2.7114100   0.5681851   0.0161696   1.0000000   0.0000000
 114.0000000   1.0000000   0.7676643   0.3592106   0.0032343   1.0000000   0.0000000   0.0000000   0.0000000   2.1594197   0.9909950  -8.0377734   0.0101034   1.6524736   0.5861579   0.0104796   0.3753870   2.7114909   0.5682412  -1.0000000   0.0104741   0.0000000   2.5682272   0.6039452   0.0000000   0.0000000  -4.8961864  32.5259042   2.7114879   0.5682382   0.0161700   1.0000000   0.0000000
 115.0000000   1.0000000   0.7676643   0.3592106   0.0032343   1.0000000   0.0000000   0.0000000   0.0000000   2.1594416   0.9910100  -8.0380034   0.0101031   1.6524916   0.5861797   0.0104796   0.3753925   2.7115687   0.5682975  -1.0000000   0.0104743   0.0000000   2.5682297   0.6039437   0.0000000   0.0000000  -4.8961247  32.5279991   2.7115659   0.5682947   0.0161704   1.0000000   0.0000000
 116.0000000   1.0000000   0.7676643   0.3592106   0.0032343   1.0000000   0.0000000   0.0000000   0.0000000   2.1594444   0.9910261  -8.0381879   0.0101025   1.6525093   0.5861893   0.0104796   0.3753978   2.7116496   0.5683754  -1.0000000   0.0104742   0.0000000   2.5682375   0.6039422   0.0000000   0.0000000  -4.8960809  32.5301163   2.7116470   0.5683727   0.0161702   1.0000000   0.0000000
 117.0000000   1.0000000   0.7676643   0.3592106   0.0032343   1.0000000   0.0000000   0.0000000   0.0000000   2.1594739   0.9910429  -8.0383151   0.0101015   1.6525265   0.5861508   0.0104796   0.3754033   2.7117317   0.5684289  -1.0000000   0.0104747   0.0000000   2.5682456   0.6039405   0.0000000   0.0000000  -4.8960814  32.5322784   2.7117293   0.5684264   0.0161710   1.0000000   0.0000000
 118.0000000   1.0000000   0.7676643   0.3592106   0.0032343   1.0000000   0.0000000   0.0000000   0.0000000   2.1595087   0.9910616  -8.0384554   0.0101001   1.6525423   0.5862015   0.0104796   0.3754081   2.7118185   0.5684805  -1.0000000   0.0104745   0.0000000   2.5682610   0.6039381   0.0000000   0.0000000  -4.8960968  32.5344607   2.7118162   0.5684783   0.0161707   1.0000000   0.0000000
 119.0000000   1.0000000   0.7676643   0.3592106   0.0032343   1.0000000   0.0000000   0.0000000   0.0000000   2.1595483   0.9910905  -8.0384525   0.0100898   1.6525491   0.5862173   0.0104796   0.3754132   2.7119215   0.5662465  -1.0000000   0.0104751   0.0000000   2.5683020   0.6039353   0.0000000   0.0000000  -4.8961181  32.5366612   2.7119193   0.5662442   0.0138733   1.0000000   0.0000000
 120.0000000   1.0000000   0.7676643   0.3592106   0.0032343   1.0000000   0.0000000   0.0000000   0.0000000   2.1623649   0.9913317  -8.1356509   0.0101010   1.6527601   0.5894863   0.0104796   0.3755343   2.7131053   0.5668231  -1.0000000   0.0104795   0.0000000   2.5681243   0.6038960   0.0000000   0.0000000  -4.8856803  32.5652388   2.7131053   0.5668231   0.0160827   1.0000000   0.0000000
