 date d_e_o v_e cost mass
 120.0000000   0.0000000   9.9626150  15.1358641   0.0066425
 120.0000000   0.0000000   9.9626150  15.1358641   0.0253709
 120.0000000   0.0000000   9.9626150  15.1358641   0.0629938
 120.0000000   0.0000000   9.9626150  15.1358641   0.1105674
 120.0000000   0.0000000   9.9626150  15.1358641   0.1466855
 120.0000000   0.0000000   9.9626150  15.1358641   0.1551410
 120.0000000   0.0000000   9.9626150  15.1358641   0.1369543
 120.0000000   0.0000000   9.9626150  15.1358641   0.1054401
 120.0000000   0.0000000   9.9626150  15.1358641   0.0738093
 120.0000000   0.0000000  10.0388843  15.1358641   0.0485723
 120.0000000   0.0000000  11.0648891  15.1358641   0.0306510
 120.0000000   0.0000000  12.2238693  15.1358641   0.0186280
 120.0000000   0.0000000  13.2608005  15.1358641   0.0107002
 120.0000000   0.0000000  13.9806931  15.1358641   0.0054419
 120.0000000   0.0000000  14.3429738  15.1358641   0.0020197
 120.0000000   0.0000000  14.4228549  15.1358641   0.0004497
 120.0000000   0.0000000  14.4452721  15.1358641   0.0005514
 120.0000000   0.0000000  14.5504262  15.1358641   0.0014043
 120.0000000   0.0000000  14.7788849  15.1358641   0.0024716
 120.0000000   1.0000000  15.1690027  15.1358641   0.0036248
 120.0000000   1.0000000  15.7654896  15.1358641   0.0047422
 120.0000000   1.0000000  16.6249129  15.1358641   0.0056993
 120.0000000   1.0000000  17.8204192  15.1358641   0.0063773
 120.0000000   1.0000000  19.4456406  15.1358641   0.0066807
 120.0000000   1.0000000  21.6166040  15.1358641   0.0065598
 120.0000000   1.0000000  24.4687136  15.1358641   0.0060289
 120.0000000   1.0000000  28.1426106  15.1358641   0.0051707
 120.0000000   1.0000000  32.7596091  15.1358641   0.0041183
 120.0000000   1.0000000  38.2936914  15.1358641   0.0030168
 120.0000000   1.0000000  44.4186453  15.1358641   0.0019731
 120.0000000   1.0000000  50.3303239  15.1358641   0.0015131
