   0.0000000   0.0000000   0.0000000   0.0000000   0.0000000   0.0000000   0.0000000
   0.0613510   0.0000000   0.0000000   0.1735269   0.1735269   0.1735269   0.1735269
   0.1735269   0.0000000   0.3187893   0.3187893   0.3187893   0.3187893   0.3187893
   0.3187893   0.0000000   0.4908082   0.4908082   0.4908082   0.4908082   0.6859254
   0.4908082   0.0000000   0.9016723   0.9016723   0.9016723   0.9016723   0.9016723
   0.6859254   0.0000000   1.1362370   1.1362370   1.1362370   1.3882153   1.3882153
   0.9016723   0.0000000   1.3882153   1.6564778   1.6564778   1.6564778   1.9400899
   1.1362370   0.0000000   1.9400899   1.9400899   1.9400899   2.2382618   2.2382618
   1.3882153   0.0000000   2.2382618   2.5503144   2.5503144   2.5503144   2.8756556
   1.6564778   0.0000000   2.5503144   2.8756556   2.8756556   3.2137634   3.5641727
   1.9400899   0.0000000   3.2137634   3.5641727   3.5641727   3.5641727   3.9264659
   2.2382618   0.0000000   3.5641727   3.9264659   3.9264659   4.3002651   4.6852267
   2.5503144   0.0000000   4.3002651   4.6852267   4.6852267   4.6852267   5.4874028
   2.8756556   0.0000000   4.6852267   5.0810358   5.0810358   5.4874028   5.9040604
   3.2137634   0.0000000   5.0810358   5.4874028   5.9040604   5.9040604   6.7672716
   3.5641727   0.0000000   5.9040604   6.3307603   6.3307603   6.7672716   7.6688786
   3.9264659   0.0000000   6.3307603   6.7672716   6.7672716   7.2133784   8.1335824
   4.3002651   0.0000000   6.7672716   7.6688786   7.6688786   8.1335824   9.0898957
   4.6852267   0.0000000   7.6688786   8.1335824   8.1335824   8.6073110  10.0810027
   5.0810358   0.0000000   8.1335824   9.0898957   9.0898957   9.5811767  10.5892303
   5.4874028   0.0000000   9.0898957   9.5811767   9.5811767  10.0810027  11.6303494
   5.9040604   0.0000000   9.5811767  10.5892303  10.5892303  11.1057225  12.7035154
   6.3307603   0.0000000  10.0810027  11.1057225  11.1057225  11.6303494  13.4831040
   6.7672716   0.0000000  11.1057225  11.6303494  12.1629865  12.7035154  14.3713394
   7.2133784   0.0000000  11.6303494  12.7035154  12.7035154  13.4831040  15.5207191
   7.6688786   0.0000000  12.1629865  13.4831040  13.4831040  14.3713394  16.1063687
   8.1335824   0.0000000  13.2518223  14.3713394  14.3713394  14.9423451  17.2991408
   8.6073110   0.0000000  13.4831040  14.9423451  14.9423451  16.1063687  18.5199846
   9.0898957   0.0000000  14.3713394  15.5207191  16.1063687  16.6992046  19.1407345
   9.5811767   0.0000000  15.5207191  16.6992046  16.6992046  17.9060942  20.4025151
  10.0810027   0.0000000  16.1063687  17.2991408  17.9060942  18.5199846  21.6908643
  10.5892303   0.0000000  16.6992046  18.5199846  18.5199846  19.7682688  22.3448331
  11.1057225   0.0000000  17.2991408  19.1407345  19.1407345  20.4025151  23.6720383
  11.6303494   0.0000000  18.5199846  20.4025151  20.4025151  21.6908643  25.0245274
  12.1629865   0.0000000  19.1407345  21.0434029  21.0434029  22.3448331  25.7101074
  12.7035154   0.0000000  19.7682688  21.6908643  22.3448331  23.6720383  27.0996599
  13.2518223   0.0000000  21.0434029  23.0052452  23.0052452  24.3451520  28.5133816
  13.4831040   0.0000000  21.0434029  23.0052452  23.6720383  25.0245274  28.5133816
  14.3713394   0.0000000  22.3448331  24.3451520  25.0245274  26.4018363  30.6783978
  14.9423451   0.0000000  23.0052452  25.7101074  25.7101074  27.8035255  31.4117268
  15.5207191  17.2991408  24.3451520  26.4018363  27.0996599  28.5133816  32.8955956
  16.1063687  17.9060942  25.0245274  27.8035255  27.8035255  29.9508661  34.4021211
  16.6992046  18.5199846  25.7101074  28.5133816  28.5133816  30.6783978  35.1637746
  17.2991408  19.1407345  27.0996599  29.2291781  29.9508661  32.1508076  36.7036601
  17.9060942  19.7682688  27.8035255  30.6783978  30.6783978  32.8955956  38.2653897
  18.5199846  20.4025151  28.5133816  31.4117268  32.1508076  33.6460476  39.0543515
  19.1407345  21.0434029  29.2291781  32.1508076  32.8955956  35.1637746  40.6482862
  19.7682688  21.6908643  30.6783978  33.6460476  33.6460476  35.9309675  41.4531882
  20.4025151  22.3448331  31.4117268  34.4021211  35.1637746  37.4818135  43.0786900
  21.0434029  23.0052452  32.1508076  35.9309675  35.9309675  38.2653897  44.7249001
  21.6908643  23.6720383  32.8955956  36.7036601  36.7036601  39.8486622  45.5556901
  22.3448331  24.3451520  34.4021211  37.4818135  38.2653897  40.6482862  47.2324833
  23.0052452  25.0245274  35.1637746  39.0543515  39.0543515  42.2633341  48.0784258
  23.6720383  25.7101074  35.9309675  39.8486622  39.8486622  43.0786900  49.7852543
  24.3451520  26.4018363  36.7036601  40.6482862  41.4531882  43.8992228  50.6460826
  25.0245274  26.4018363  37.4818135  42.2633341  42.2633341  45.5556901  52.3824268
  25.7101074  27.0996599  39.0543515  43.0786900  43.0786900  46.3915614  54.1381725
  26.4018363  27.8035255  39.8486622  43.8992228  44.7249001  48.0784258  55.0232544
  27.0996599  28.5133816  40.6482862  45.5556901  45.5556901  48.9293592  56.8077069
  27.8035255  29.2291781  41.4531882  46.3915614  46.3915614  50.6460826  57.7070270
  28.5133816  29.9508661  43.0786900  47.2324833  48.0784258  51.5118160  59.5197316
  29.2291781  30.6783978  43.8992228  48.0784258  48.9293592  52.3824268  61.3510289
  29.9508661  31.4117268  44.7249001  49.7852543  49.7852543  54.1381725  62.2735912
  30.6783978  31.4117268  45.5556901  50.6460826  51.5118160  55.0232544  64.1324288
  31.4117268  32.1508076  46.3915614  51.5118160  52.3824268  56.8077069  65.0686595
  32.1508076  32.8955956  47.2324833  53.2578879  53.2578879  57.7070270  66.9546353
  32.8955956  33.6460476  48.9293592  54.1381725  55.0232544  58.6110433  68.8584883
  33.6460476  34.4021211  49.7852543  55.0232544  55.9131077  60.4330680  69.8170666
  34.4021211  35.1637746  50.6460826  56.8077069  56.8077069  61.3510289  71.7474250
  35.1637746  35.9309675  51.5118160  57.7070270  58.6110433  62.2735912  72.7191652
  35.9309675  35.9309675  52.3824268  58.6110433  59.5197316  64.1324288  74.6756700
  36.7036601  36.7036601  54.1381725  59.5197316  60.4330680  65.0686595  75.6603962
  37.4818135  37.4818135  55.0232544  61.3510289  62.2735912  66.9546353  77.6427025
  38.2653897  38.2653897  55.9131077  62.2735912  63.2007320  67.9043377  78.6402457
  39.0543515  39.0543515  56.8077069  63.2007320  64.1324288  68.8584883  80.6480220
  39.8486622  39.8486622  57.7070270  64.1324288  65.0686595  70.7800522  81.6582195
  40.6482862  39.8486622  58.6110433  66.0094022  66.9546353  71.7474250  83.6911466
  41.4531882  40.6482862  59.5197316  66.9546353  67.9043377  72.7191652  84.7138420
  42.2633341  41.4531882  61.3510289  67.9043377  68.8584883  74.6756700  86.7716126
  43.0786900  42.2633341  62.2735912  69.8170666  69.8170666  75.6603962  87.8066549
  43.8992228  43.0786900  63.2007320  70.7800522  71.7474250  76.6494133  89.8889725
  44.7249001  43.8992228  64.1324288  71.7474250  72.7191652  78.6402457  90.9362162
  45.5556901  44.7249001  65.0686595  72.7191652  73.6952533  79.6420248  93.0427949
  46.3915614  45.5556901  66.0094022  74.6756700  74.6756700  80.6480220  94.1020994
  47.2324833  46.3915614  66.9546353  75.6603962  76.6494133  82.6726001  96.2326629
  48.0784258  47.2324833  67.9043377  76.6494133  77.6427025  83.6911466  97.3038924
  48.9293592  48.0784258  69.8170666  77.6427025  78.6402457  84.7138420  99.4581738
  49.7852543  48.9293592  70.7800522  78.6402457  79.6420248  86.7716126 100.5411970
  50.6460826  49.7852543  71.7474250  80.6480220  81.6582195  87.8066549 102.7189378
  51.5118160  50.6460826  72.7191652  81.6582195  82.6726001  88.8457802 103.8136277
  52.3824268  51.5118160  73.6952533  82.6726001  83.6911466  90.9362162 106.0145780
  53.2578879  52.3824268  74.6756700  83.6911466  84.7138420  91.9874954 107.1208115
  54.1381725  52.3824268  75.6603962  85.7406695  86.7716126  93.0427949 109.3447291
  55.0232544  53.2578879  76.6494133  86.7716126  87.8066549  95.1653937 110.4623871
  55.9131077  54.1381725  77.6427025  87.8066549  88.8457802  96.2326629 112.7090371
  56.8077069  55.0232544  78.6402457  88.8457802  89.8889725  97.3038924 113.8380039
  57.7070270  55.0232544  79.6420248  89.8889725  91.9874954  99.4581738 116.1071586
  58.6110433  55.9131077  80.6480220  91.9874954  93.0427949 100.5411970 117.2473221
  59.5197316  56.8077069  81.6582195  93.0427949  94.1020994 101.6281230 119.5387605
  60.4330680  57.7070270  83.6911466  94.1020994  95.1653937 103.8136277 120.6900117
  61.3510289  57.7070270  84.7138420  95.1653937  96.2326629 104.9121789 123.0035193
  62.2735912  58.6110433  85.7406695  96.2326629  98.3790675 106.0145780 124.1657525
  63.2007320  60.4330680  86.7716126  97.3038924  99.4581738 107.1208115 126.5011206
  64.1324288  61.3510289  87.8066549  99.4581738 100.5411970 109.3447291 127.6742330
  65.0686595  62.2735912  88.8457802 100.5411970 101.6281230 110.4623871 130.0312589
  66.0094022  63.2007320  89.8889725 101.6281230 102.7189378 111.5838273 131.2151505
  66.9546353  64.1324288  90.9362162 102.7189378 104.9121789 113.8380039 133.5936370
  67.9043377  65.0686595  91.9874954 103.8136277 106.0145780 114.9707152 134.7882106
  68.8584883  66.0094022  93.0427949 104.9121789 107.1208115 116.1071586 137.1879658
  69.8170666  66.0094022  94.1020994 107.1208115 108.2308663 117.2473221 138.3931267
  70.7800522  66.9546353  95.1653937 108.2308663 109.3447291 119.5387605 139.6017960
  71.7474250  67.9043377  96.2326629 109.3447291 110.4623871 120.6900117 142.0296196
  72.7191652  68.8584883  97.3038924 110.4623871 112.7090371 121.8449352 143.2487538
  73.6952533  68.8584883  98.3790675 111.5838273 113.8380039 123.0035193 145.6974176
  74.6756700  69.8170666  99.4581738 112.7090371 114.9707152 125.3316234 146.9269277
  75.6603962  70.7800522 100.5411970 114.9707152 116.1071586 126.5011206 148.1598769
  76.6494133  70.7800522 101.6281230 116.1071586 117.2473221 127.6742330 150.6360548
  77.6427025  71.7474250 102.7189378 117.2473221 118.3911933 128.8509494 151.8792646
  78.6402457  72.7191652 103.8136277 118.3911933 119.5387605 131.2151505 154.3758790
  79.6420248  72.7191652 104.9121789 119.5387605 121.8449352 132.4026135 155.6292653
  80.6480220  73.6952533 106.0145780 120.6900117 123.0035193 133.5936370 156.8860254
  81.6582195  74.6756700 107.1208115 121.8449352 124.1657525 134.7882106 159.4096312
  82.6726001  74.6756700 108.2308663 123.0035193 125.3316234 135.9863237 160.6764591
  83.6911466  75.6603962 109.3447291 124.1657525 126.5011206 138.3931267 161.9466250
  84.7138420  76.6494133 110.4623871 126.5011206 127.6742330 139.6017960 164.4969365
  85.7406695  76.6494133 111.5838273 127.6742330 128.8509494 140.8139637 165.7770648
  86.7716126  77.6427025 112.7090371 128.8509494 130.0312589 142.0296196 167.0604966
  87.8066549  77.6427025 113.8380039 130.0312589 132.4026135 144.4713565 169.6372370
  88.8457802  78.6402457 114.9707152 131.2151505 133.5936370 145.6974176 170.9305288
  89.8889725  78.6402457 114.9707152 132.4026135 134.7882106 146.9269277 172.2270907
  90.9362162  79.6420248 116.1071586 133.5936370 135.9863237 148.1598769 174.8299917
  91.9874954  80.6480220 117.2473221 134.7882106 137.1879658 149.3962558 176.1363146
  93.0427949  80.6480220 118.3911933 135.9863237 138.3931267 151.8792646 177.4458749
  94.1020994  81.6582195 119.5387605 137.1879658 139.6017960 153.1258757 180.0746762
  95.1653937  81.6582195 120.6900117 138.3931267 140.8139637 154.3758790 181.3939013
  96.2326629  82.6726001 121.8449352 140.8139637 142.0296196 155.6292653 182.7163323
  97.3038924  83.6911466 123.0035193 142.0296196 143.2487538 156.8860254 185.3707812
  98.3790675  83.6911466 124.1657525 143.2487538 145.6974176 158.1461504 186.7027836
  99.4581738  84.7138420 125.3316234 144.4713565 146.9269277 160.6764591 188.0379613
 100.5411970  84.7138420 126.5011206 145.6974176 148.1598769 161.9466250 190.7178122
 101.6281230  85.7406695 126.5011206 146.9269277 149.3962558 163.2201204 192.0624705
 102.7189378  85.7406695 127.6742330 148.1598769 150.6360548 164.4969365 193.4102743
 103.8136277  86.7716126 128.8509494 149.3962558 151.8792646 165.7770648 196.1152887
 104.9121789  86.7716126 130.0312589 150.6360548 153.1258757 168.3472234 197.4724850
 106.0145780  87.8066549 131.2151505 151.8792646 154.3758790 169.6372370 198.8327976
 107.1208115  87.8066549 132.4026135 153.1258757 155.6292653 170.9305288 200.1962195
 108.2308663  88.8457802 133.5936370 154.3758790 156.8860254 172.2270907 202.9323631
 109.3447291  88.8457802 134.7882106 155.6292653 158.1461504 173.5269144 204.3050706
 110.4623871  89.8889725 134.7882106 156.8860254 159.4096312 174.8299917 205.6808595
 111.5838273  89.8889725 135.9863237 158.1461504 160.6764591 176.1363146 208.4416535
 112.7090371  90.9362162 137.1879658 159.4096312 161.9466250 178.7586648 209.8266450
 113.8380039  90.9362162 138.3931267 160.6764591 163.2201204 180.0746762 211.2146906
 114.9707152  91.9874954 139.6017960 161.9466250 164.4969365 181.3939013 213.9999170
 116.1071586  91.9874954 140.8139637 163.2201204 165.7770648 182.7163323 215.3970846
 117.2473221  93.0427949 140.8139637 164.4969365 167.0604966 184.0419615 216.7972796
 118.3911933  93.0427949 142.0296196 165.7770648 168.3472234 185.3707812 218.2004955
 119.5387605  93.0427949 143.2487538 167.0604966 169.6372370 186.7027836 221.0159642
 120.6900117  94.1020994 144.4713565 168.3472234 170.9305288 188.0379613 222.4282041
 121.8449352  94.1020994 145.6974176 169.6372370 172.2270907 190.7178122 223.8434392
 123.0035193  95.1653937 145.6974176 170.9305288 173.5269144 192.0624705 226.6828699
 124.1657525  95.1653937 146.9269277 172.2270907 174.8299917 193.4102743 228.1070529
 125.3316234  96.2326629 148.1598769 173.5269144 176.1363146 194.7612161 229.5342060
 126.5011206  96.2326629 149.3962558 174.8299917 177.4458749 196.1152887 232.3973980
 127.6742330  96.2326629 150.6360548 176.1363146 178.7586648 197.4724850 233.8334247
 128.8509494  97.3038924 150.6360548 177.4458749 180.0746762 198.8327976 235.2723971
 130.0312589  97.3038924 151.8792646 178.7586648 181.3939013 200.1962195 238.1591550
 131.2151505  98.3790675 153.1258757 180.0746762 182.7163323 201.5627437 239.6069286
 132.4026135  98.3790675 154.3758790 181.3939013 184.0419615 202.9323631 241.0576240
 133.5936370  98.3790675 155.6292653 182.7163323 185.3707812 204.3050706 242.5112353
 134.7882106  99.4581738 155.6292653 184.0419615 186.7027836 207.0597227 245.4271827
 135.9863237  99.4581738 156.8860254 185.3707812 188.0379613 208.4416535 246.8895071
 137.1879658  99.4581738 158.1461504 186.7027836 189.3763066 209.8266450 248.3547244
 138.3931267 100.5411970 158.1461504 188.0379613 190.7178122 211.2146906 251.2938146
 139.6017960 100.5411970 159.4096312 189.3763066 192.0624705 212.6057835 252.7676762
 140.8139637 101.6281230 160.6764591 189.3763066 193.4102743 213.9999170 254.2444082
 142.0296196 101.6281230 161.9466250 190.7178122 194.7612161 215.3970846 255.7240047
 143.2487538 101.6281230 161.9466250 192.0624705 196.1152887 216.7972796 258.6917697
 144.4713565 102.7189378 163.2201204 193.4102743 197.4724850 218.2004955 260.1799272
 145.6974176 102.7189378 164.4969365 194.7612161 198.8327976 219.6067258 261.6709274
 146.9269277 102.7189378 165.7770648 196.1152887 200.1962195 221.0159642 263.1647649
 148.1598769 103.8136277 165.7770648 197.4724850 201.5627437 222.4282041 264.6614343
 149.3962558 103.8136277 167.0604966 198.8327976 202.9323631 223.8434392 266.1609303
 150.6360548 103.8136277 167.0604966 200.1962195 204.3050706 225.2616633 267.6632475
 151.8792646 103.8136277 168.3472234 201.5627437 204.3050706 226.6828699 269.1683808
 153.1258757 104.9121789 169.6372370 202.9323631 205.6808595 228.1070529 272.1870741
 154.3758790 104.9121789 169.6372370 202.9323631 207.0597227 229.5342060 273.7006238
 155.6292653 104.9121789 170.9305288 204.3050706 208.4416535 230.9643231 275.2169686
 156.8860254 106.0145780 172.2270907 205.6808595 209.8266450 232.3973980 276.7361033
 158.1461504 106.0145780 172.2270907 207.0597227 211.2146906 233.8334247 278.2580230
 159.4096312 106.0145780 173.5269144 208.4416535 212.6057835 235.2723971 279.7827223
 160.6764591 106.0145780 173.5269144 209.8266450 213.9999170 236.7143092 281.3101964
 161.9466250 107.1208115 174.8299917 211.2146906 215.3970846 238.1591550 282.8404402
 163.2201204 107.1208115 176.1363146 211.2146906 215.3970846 239.6069286 284.3734486
 164.4969365 107.1208115 176.1363146 212.6057835 216.7972796 241.0576240 285.9092168
 165.7770648 107.1208115 177.4458749 213.9999170 218.2004955 242.5112353 287.4477396
 167.0604966 108.2308663 177.4458749 215.3970846 219.6067258 243.9677568 288.9890123
 168.3472234 108.2308663 178.7586648 216.7972796 221.0159642 245.4271827 290.5330300
 169.6372370 108.2308663 180.0746762 218.2004955 222.4282041 246.8895071 292.0797876
 170.9305288 108.2308663 180.0746762 219.6067258 223.8434392 248.3547244 293.6292805
 172.2270907 108.2308663 181.3939013 219.6067258 225.2616633 249.8228287 295.1815038
 173.5269144 109.3447291 181.3939013 221.0159642 225.2616633 251.2938146 296.7364526
 174.8299917 109.3447291 182.7163323 222.4282041 226.6828699 252.7676762 298.2941223
 176.1363146 109.3447291 182.7163323 223.8434392 228.1070529 254.2444082 299.8545081
 177.4458749 109.3447291 184.0419615 225.2616633 229.5342060 255.7240047 301.4176052
 178.7586648 109.3447291 185.3707812 225.2616633 230.9643231 257.2064604 302.9834090
 180.0746762 109.3447291 185.3707812 226.6828699 232.3973980 258.6917697 304.5519148
 181.3939013 110.4623871 186.7027836 228.1070529 232.3973980 260.1799272 306.1231179
 182.7163323 110.4623871 186.7027836 229.5342060 233.8334247 261.6709274 307.6970138
 184.0419615 110.4623871 188.0379613 230.9643231 235.2723971 263.1647649 309.2735978
 185.3707812 110.4623871 188.0379613 230.9643231 236.7143092 264.6614343 310.8528653
 186.7027836 110.4623871 189.3763066 232.3973980 238.1591550 266.1609303 310.8528653
 188.0379613 110.4623871 189.3763066 233.8334247 238.1591550 267.6632475 312.4348118
 189.3763066 111.5838273 190.7178122 235.2723971 239.6069286 269.1683808 314.0194328
 190.7178122 111.5838273 192.0624705 235.2723971 241.0576240 270.6763247 315.6067238
 192.0624705 111.5838273 192.0624705 236.7143092 242.5112353 272.1870741 317.1966802
 193.4102743 111.5838273 192.0624705 238.1591550 242.5112353 272.1870741 318.7892977
 194.7612161 111.5838273 193.4102743 239.6069286 243.9677568 273.7006238 320.3845717
 196.1152887 111.5838273 194.7612161 239.6069286 245.4271827 275.2169686 321.9824979
 197.4724850 111.5838273 194.7612161 241.0576240 246.8895071 276.7361033 323.5830719
 198.8327976 112.7090371 196.1152887 242.5112353 248.3547244 278.2580230 325.1862893
 200.1962195 112.7090371 197.4724850 243.9677568 248.3547244 279.7827223 326.7921457
 201.5627437 112.7090371 198.8327976 243.9677568 249.8228287 281.3101964 328.4006368
 202.9323631 112.7090371 200.1962195 245.4271827 251.2938146 282.8404402 330.0117583
 204.3050706 112.7090371 201.5627437 246.8895071 252.7676762 284.3734486 331.6255060
 205.6808595 112.7090371 202.9323631 246.8895071 252.7676762 285.9092168 333.2418755
 207.0597227 112.7090371 204.3050706 248.3547244 254.2444082 285.9092168 334.8608626
 208.4416535 112.7090371 205.6808595 249.8228287 255.7240047 287.4477396 336.4824631
 209.8266450 112.7090371 207.0597227 251.2938146 255.7240047 288.9890123 338.1066727
 211.2146906 112.7090371 208.4416535 251.2938146 257.2064604 290.5330300 339.7334874
 212.6057835 112.7090371 209.8266450 252.7676762 258.6917697 292.0797876 341.3629029
 213.9999170 112.7090371 211.2146906 254.2444082 260.1799272 293.6292805 342.9949150
 215.3970846 112.7090371 212.6057835 254.2444082 260.1799272 295.1815038 344.6295197
 216.7972796 112.7090371 213.9999170 255.7240047 261.6709274 296.7364526 346.2667129
 218.2004955 112.7090371 215.3970846 257.2064604 263.1647649 296.7364526 347.9064904
 219.6067258 112.7090371 216.7972796 257.2064604 264.6614343 298.2941223 349.5488482
 221.0159642 112.7090371 218.2004955 258.6917697 264.6614343 299.8545081 351.1937823
 222.4282041 112.7090371 219.6067258 260.1799272 266.1609303 301.4176052 352.8412886
 223.8434392 112.7090371 221.0159642 260.1799272 267.6632475 302.9834090 354.4913631
 225.2616633 112.7090371 222.4282041 261.6709274 267.6632475 304.5519148 356.1440018
 226.6828699 112.7090371 223.8434392 263.1647649 269.1683808 304.5519148 357.7992008
 228.1070529 112.7090371 225.2616633 263.1647649 270.6763247 306.1231179 359.4569561
 229.5342060 112.7090371 226.6828699 264.6614343 270.6763247 307.6970138 361.1172637
 230.9643231 112.7090371 228.1070529 266.1609303 272.1870741 309.2735978 362.7801198
 232.3973980 112.7090371 229.5342060 266.1609303 273.7006238 310.8528653 364.4455204
 233.8334247 112.7090371 230.9643231 267.6632475 273.7006238 310.8528653 366.1134617
 235.2723971 112.7090371 232.3973980 269.1683808 275.2169686 312.4348118 366.1134617
 236.7143092 112.7090371 233.8334247 269.1683808 276.7361033 314.0194328 367.7839397
 238.1591550 112.7090371 233.8334247 270.6763247 276.7361033 315.6067238 369.4569508
 239.6069286 112.7090371 235.2723971 270.6763247 278.2580230 315.6067238 371.1324909
 241.0576240 112.7090371 236.7143092 272.1870741 278.2580230 317.1966802 372.8105563
 242.5112353 112.7090371 238.1591550 272.1870741 279.7827223 318.7892977 374.4911433
 243.9677568 112.7090371 239.6069286 273.7006238 281.3101964 320.3845717 376.1742480
 245.4271827 112.7090371 241.0576240 275.2169686 281.3101964 320.3845717 377.8598667
 246.8895071 112.7090371 242.5112353 275.2169686 282.8404402 321.9824979 379.5479956
 248.3547244 112.7090371 243.9677568 276.7361033 282.8404402 323.5830719 381.2386310
 249.8228287 112.7090371 245.4271827 276.7361033 284.3734486 325.1862893 382.9317691
 251.2938146 112.7090371 246.8895071 278.2580230 285.9092168 325.1862893 384.6274064
 252.7676762 112.7090371 248.3547244 278.2580230 285.9092168 326.7921457 386.3255392
 254.2444082 112.7090371 249.8228287 279.7827223 287.4477396 328.4006368 388.0261636
 255.7240047 112.7090371 251.2938146 279.7827223 287.4477396 328.4006368 389.7292762
 257.2064604 112.7090371 252.7676762 281.3101964 288.9890123 330.0117583 391.4348733
 258.6917697 111.5838273 254.2444082 282.8404402 290.5330300 331.6255060 393.1429512
 260.1799272 111.5838273 255.7240047 282.8404402 290.5330300 333.2418755 394.8535065
 261.6709274 111.5838273 257.2064604 284.3734486 292.0797876 333.2418755 396.5665354
 263.1647649 111.5838273 258.6917697 284.3734486 292.0797876 334.8608626 398.2820344
 264.6614343   0.0000000 260.1799272 285.9092168 293.6292805 336.4824631 400.0000000
 266.1609303   0.0000000 261.6709274 285.9092168 293.6292805 336.4824631 400.0000000
 267.6632475   0.0000000 263.1647649 287.4477396 295.1815038 338.1066727 400.0000000
 269.1683808   0.0000000 264.6614343 287.4477396 295.1815038 339.7334874 400.0000000
 270.6763247   0.0000000 266.1609303 288.9890123 296.7364526 339.7334874 400.0000000
 272.1870741   0.0000000 267.6632475 288.9890123 296.7364526 341.3629029 400.0000000
 273.7006238   0.0000000 269.1683808 290.5330300 298.2941223 342.9949150 400.0000000
 275.2169686   0.0000000 270.6763247 290.5330300 298.2941223 342.9949150 400.0000000
 276.7361033   0.0000000 272.1870741 292.0797876 299.8545081 344.6295197 400.0000000
 278.2580230   0.0000000 273.7006238 292.0797876 299.8545081 346.2667129 400.0000000
 279.7827223   0.0000000 275.2169686 293.6292805 301.4176052 346.2667129 400.0000000
 281.3101964   0.0000000 276.7361033 293.6292805 301.4176052 347.9064904 400.0000000
 282.8404402   0.0000000 278.2580230 295.1815038 302.9834090 349.5488482 400.0000000
 284.3734486   0.0000000 279.7827223 295.1815038 302.9834090 349.5488482 400.0000000
 285.9092168   0.0000000 281.3101964 296.7364526 304.5519148 351.1937823 400.0000000
 287.4477396   0.0000000 282.8404402 296.7364526 304.5519148 351.1937823 400.0000000
 288.9890123   0.0000000 284.3734486 296.7364526 306.1231179 352.8412886 400.0000000
 290.5330300   0.0000000 285.9092168 298.2941223 306.1231179 354.4913631 400.0000000
 292.0797876   0.0000000 287.4477396 298.2941223 307.6970138 354.4913631 400.0000000
 293.6292805   0.0000000 288.9890123 299.8545081 307.6970138 356.1440018 400.0000000
 295.1815038   0.0000000 290.5330300 299.8545081 309.2735978 357.7992008 400.0000000
 296.7364526   0.0000000 292.0797876 301.4176052 309.2735978 357.7992008 400.0000000
 298.2941223   0.0000000 293.6292805 301.4176052 309.2735978 359.4569561 400.0000000
 299.8545081   0.0000000 295.1815038 301.4176052 310.8528653 359.4569561 400.0000000
 301.4176052   0.0000000 296.7364526 302.9834090 310.8528653 361.1172637 400.0000000
 302.9834090   0.0000000 298.2941223 302.9834090 312.4348118 361.1172637 400.0000000
 304.5519148   0.0000000 299.8545081 304.5519148 312.4348118 362.7801198 400.0000000
 306.1231179   0.0000000 299.8545081 304.5519148 314.0194328 364.4455204 400.0000000
 307.6970138   0.0000000 301.4176052 304.5519148 314.0194328 364.4455204 400.0000000
 309.2735978   0.0000000 301.4176052 306.1231179 314.0194328 366.1134617 400.0000000
 310.8528653   0.0000000 301.4176052 306.1231179 315.6067238 366.1134617 400.0000000
 312.4348118   0.0000000 302.9834090 307.6970138 315.6067238 367.7839397 400.0000000
 314.0194328   0.0000000 302.9834090 309.2735978 317.1966802 367.7839397 400.0000000
 315.6067238   0.0000000 304.5519148 310.8528653 317.1966802 369.4569508 400.0000000
 317.1966802   0.0000000 304.5519148 312.4348118 317.1966802 371.1324909 400.0000000
 318.7892977   0.0000000 306.1231179 314.0194328 318.7892977 371.1324909 400.0000000
 320.3845717   0.0000000 306.1231179 315.6067238 318.7892977 372.8105563 400.0000000
 321.9824979   0.0000000 306.1231179 317.1966802 320.3845717 372.8105563 400.0000000
 323.5830719   0.0000000 307.6970138 318.7892977 320.3845717 374.4911433 400.0000000
 325.1862893   0.0000000 307.6970138 320.3845717 320.3845717 374.4911433 400.0000000
 326.7921457   0.0000000 309.2735978 321.9824979 321.9824979 376.1742480 400.0000000
 328.4006368   0.0000000 309.2735978 323.5830719 323.5830719 376.1742480 400.0000000
 330.0117583   0.0000000 309.2735978 325.1862893 325.1862893 377.8598667 400.0000000
 331.6255060   0.0000000 310.8528653 326.7921457 326.7921457 377.8598667 400.0000000
 333.2418755   0.0000000 310.8528653 328.4006368 328.4006368 379.5479956 400.0000000
 334.8608626   0.0000000 312.4348118 330.0117583 330.0117583 379.5479956 400.0000000
 336.4824631   0.0000000 312.4348118 331.6255060 331.6255060 381.2386310 400.0000000
 338.1066727   0.0000000 314.0194328 333.2418755 333.2418755 381.2386310 400.0000000
 339.7334874   0.0000000 314.0194328 334.8608626 334.8608626 382.9317691 400.0000000
 341.3629029   0.0000000 314.0194328 336.4824631 336.4824631 382.9317691 400.0000000
 342.9949150   0.0000000 315.6067238 338.1066727 338.1066727 384.6274064 400.0000000
 344.6295197   0.0000000 315.6067238 339.7334874 339.7334874 384.6274064 400.0000000
 346.2667129   0.0000000 317.1966802 341.3629029 341.3629029 386.3255392 400.0000000
 347.9064904   0.0000000 317.1966802 342.9949150 342.9949150 386.3255392 400.0000000
 349.5488482   0.0000000 317.1966802 344.6295197 344.6295197 388.0261636 400.0000000
 351.1937823   0.0000000 318.7892977 346.2667129 346.2667129 388.0261636 400.0000000
 352.8412886   0.0000000 318.7892977 347.9064904 347.9064904 389.7292762 400.0000000
 354.4913631   0.0000000 318.7892977 349.5488482 349.5488482 389.7292762 400.0000000
 356.1440018   0.0000000 320.3845717 351.1937823 351.1937823 391.4348733 400.0000000
 357.7992008   0.0000000 320.3845717 352.8412886 352.8412886 391.4348733 400.0000000
 359.4569561   0.0000000 320.3845717 354.4913631 354.4913631 391.4348733 400.0000000
 361.1172637   0.0000000 321.9824979 356.1440018 356.1440018 393.1429512 400.0000000
 362.7801198   0.0000000 321.9824979 357.7992008 357.7992008 393.1429512 400.0000000
 364.4455204   0.0000000 323.5830719 359.4569561 359.4569561 394.8535065 400.0000000
 366.1134617   0.0000000 323.5830719 361.1172637 361.1172637 394.8535065 400.0000000
 367.7839397   0.0000000 323.5830719 362.7801198 362.7801198 396.5665354 400.0000000
 369.4569508   0.0000000 325.1862893 364.4455204 364.4455204 396.5665354 400.0000000
 371.1324909   0.0000000 325.1862893 366.1134617 366.1134617 396.5665354 400.0000000
 372.8105563   0.0000000 325.1862893 367.7839397 367.7839397 398.2820344 400.0000000
 374.4911433   0.0000000 326.7921457 369.4569508 369.4569508 398.2820344 400.0000000
 376.1742480   0.0000000 326.7921457 371.1324909 371.1324909 400.0000000 400.0000000
 377.8598667   0.0000000 326.7921457 372.8105563 372.8105563 400.0000000 400.0000000
 379.5479956   0.0000000 328.4006368 374.4911433 374.4911433 400.0000000 400.0000000
 381.2386310   0.0000000 328.4006368 376.1742480 376.1742480 400.0000000 400.0000000
 382.9317691   0.0000000 328.4006368 377.8598667 377.8598667 400.0000000 400.0000000
 384.6274064   0.0000000 330.0117583 377.8598667 379.5479956 400.0000000 400.0000000
 386.3255392   0.0000000 330.0117583 379.5479956 381.2386310 400.0000000 400.0000000
 388.0261636   0.0000000 330.0117583 381.2386310 382.9317691 400.0000000 400.0000000
 389.7292762   0.0000000 331.6255060 382.9317691 384.6274064 400.0000000 400.0000000
 391.4348733   0.0000000 331.6255060 384.6274064 386.3255392 400.0000000 400.0000000
 393.1429512   0.0000000 331.6255060 386.3255392 388.0261636 400.0000000 400.0000000
 394.8535065   0.0000000 333.2418755 388.0261636 388.0261636 400.0000000 400.0000000
 396.5665354   0.0000000 333.2418755 389.7292762 389.7292762 400.0000000 400.0000000
 398.2820344   0.0000000 333.2418755 391.4348733 391.4348733 400.0000000 400.0000000
 400.0000000   0.0000000 334.8608626 393.1429512 393.1429512 400.0000000 400.0000000
