 t r r1 w w1
   1.0000000   0.0101010   0.0101010   1.6725598   1.6725598
   2.0000000   0.0101010   0.0101010   1.6484833   1.6455051
   3.0000000   0.0092234   0.0100182   1.6483114   1.6456083
   4.0000000   0.0094235   0.0096820   1.6484645   1.6460141
   5.0000000   0.0095057   0.0097187   1.6491220   1.6473345
   6.0000000   0.0097079   0.0102620   1.6499904   1.6486303
   7.0000000   0.0098097   0.0092873   1.6508962   1.6493870
   8.0000000   0.0098605   0.0099440   1.6516548   1.6501258
   9.0000000   0.0099267   0.0100139   1.6523800   1.6508837
  10.0000000   0.0100025   0.0102338   1.6530829   1.6516161
  11.0000000   0.0100469   0.0103044   1.6537816   1.6523600
  12.0000000   0.0101090   0.0102576   1.6544837   1.6530992
  13.0000000   0.0101275   0.0104193   1.6551630   1.6538376
  14.0000000   0.0101619   0.0103504   1.6558380   1.6545591
  15.0000000   0.0101629   0.0102998   1.6564938   1.6552482
  16.0000000   0.0101780   0.0102805   1.6571411   1.6559494
  17.0000000   0.0101864   0.0106417   1.6577826   1.6566524
  18.0000000   0.0102117   0.0105509   1.6584284   1.6573736
  19.0000000   0.0102061   0.0107203   1.6590530   1.6580811
  20.0000000   0.0102182   0.0106891   1.6596750   1.6587626
  21.0000000   0.0102202   0.0106470   1.6602856   1.6594360
  22.0000000   0.0102273   0.0108999   1.6608849   1.6601078
  23.0000000   0.0102343   0.0108556   1.6614751   1.6607629
  24.0000000   0.0102410   0.0107744   1.6620544   1.6614029
  25.0000000   0.0102411   0.0108143   1.6626180   1.6620231
  26.0000000   0.0102449   0.0106581   1.6631673   1.6626251
  27.0000000   0.0102437   0.0106914   1.6636992   1.6632103
  28.0000000   0.0102445   0.0107997   1.6642122   1.6637779
  29.0000000   0.0102422   0.0106725   1.6647052   1.6643224
  30.0000000   0.0102449   0.0109062   1.6651810   1.6648580
  31.0000000   0.0102412   0.0106896   1.6656381   1.6653610
  32.0000000   0.0102407   0.0108250   1.6660765   1.6658469
  33.0000000   0.0102378   0.0107747   1.6664942   1.6663005
  34.0000000   0.0102320   0.0105359   1.6668900   1.6667228
  35.0000000   0.0102297   0.0106300   1.6672699   1.6671467
  36.0000000   0.0102269   0.0108070   1.6676312   1.6675529
  37.0000000   0.0102236   0.0106271   1.6679747   1.6679318
  38.0000000   0.0102186   0.0106542   1.6682791   1.6682413
  39.0000000   0.0102146   0.0106639   1.6685755   1.6685672
  40.0000000   0.0102103   0.0105652   1.6688561   1.6688704
  41.0000000   0.0102049   0.0105286   1.6691217   1.6691569
  42.0000000   0.0102042   0.0106676   1.6693727   1.6694335
  43.0000000   0.0101995   0.0105645   1.6696066   1.6696820
  44.0000000   0.0101947   0.0105794   1.6698244   1.6699152
  45.0000000   0.0101882   0.0104614   1.6700269   1.6701255
  46.0000000   0.0101832   0.0103976   1.6702166   1.6703224
  47.0000000   0.0101785   0.0102940   1.6703944   1.6705106
  48.0000000   0.0101743   0.0103875   1.6705609   1.6706908
  49.0000000   0.0101716   0.0104981   1.6707173   1.6708640
  50.0000000   0.0101702   0.0104337   1.6708645   1.6710219
  51.0000000   0.0101646   0.0103515   1.6710007   1.6711628
  52.0000000   0.0101612   0.0104161   1.6711276   1.6712956
  53.0000000   0.0101559   0.0102097   1.6712449   1.6714114
  54.0000000   0.0101530   0.0101992   1.6713547   1.6715237
  55.0000000   0.0101497   0.0102171   1.6714569   1.6716336
  56.0000000   0.0101464   0.0104025   1.6715524   1.6717391
  57.0000000   0.0101452   0.0103498   1.6716418   1.6718343
  58.0000000   0.0101434   0.0102454   1.6717256   1.6719191
  59.0000000   0.0101398   0.0102542   1.6718031   1.6719942
  60.0000000   0.0101381   0.0101939   1.6718752   1.6720660
  61.0000000   0.0101360   0.0101758   1.6719421   1.6721338
  62.0000000   0.0101338   0.0103681   1.6720040   1.6721964
  63.0000000   0.0101327   0.0101499   1.6720612   1.6722513
  64.0000000   0.0101302   0.0102759   1.6721141   1.6723040
  65.0000000   0.0101285   0.0101421   1.6721629   1.6723482
  66.0000000   0.0101270   0.0102928   1.6722079   1.6723911
  67.0000000   0.0101256   0.0101465   1.6722495   1.6724248
  68.0000000   0.0101243   0.0101845   1.6722871   1.6724557
  69.0000000   0.0101229   0.0101995   1.6723214   1.6724839
  70.0000000   0.0101210   0.0100870   1.6723522   1.6725059
  71.0000000   0.0101194   0.0101844   1.6723800   1.6725303
  72.0000000   0.0101183   0.0101599   1.6724052   1.6725513
  73.0000000   0.0101171   0.0101618   1.6724280   1.6725701
  74.0000000   0.0101156   0.0101586   1.6724485   1.6725855
  75.0000000   0.0101149   0.0101129   1.6724671   1.6725984
  76.0000000   0.0101139   0.0102300   1.6724835   1.6726112
  77.0000000   0.0101132   0.0101424   1.6724984   1.6726181
  78.0000000   0.0101120   0.0101248   1.6725116   1.6726227
  79.0000000   0.0101113   0.0100530   1.6725234   1.6726260
  80.0000000   0.0101099   0.0102085   1.6725338   1.6726303
  81.0000000   0.0101098   0.0100988   1.6725437   1.6726300
  82.0000000   0.0101096   0.0100400   1.6725525   1.6726302
  83.0000000   0.0101089   0.0101217   1.6725602   1.6726330
  84.0000000   0.0101084   0.0101019   1.6725672   1.6726343
  85.0000000   0.0101074   0.0101153   1.6725732   1.6726348
  86.0000000   0.0101072   0.0101220   1.6725785   1.6726355
  87.0000000   0.0101067   0.0100316   1.6725834   1.6726343
  88.0000000   0.0101063   0.0101114   1.6725876   1.6726364
  89.0000000   0.0101059   0.0101713   1.6725912   1.6726375
  90.0000000   0.0101059   0.0100958   1.6725943   1.6726357
  91.0000000   0.0101057   0.0100486   1.6725985   1.6726352
  92.0000000   0.0101051   0.0101163   1.6726006   1.6726354
  93.0000000   0.0101048   0.0101007   1.6726023   1.6726345
  94.0000000   0.0101043   0.0101062   1.6726036   1.6726331
  95.0000000   0.0101041   0.0100852   1.6726046   1.6726314
  96.0000000   0.0101036   0.0100817   1.6726053   1.6726296
  97.0000000   0.0101028   0.0101122   1.6726055   1.6726282
  98.0000000   0.0101029   0.0100874   1.6726061   1.6726262
  99.0000000   0.0101031   0.0101015   1.6726067   1.6726253
 100.0000000   0.0101026   0.0100990   1.6726070   1.6726239
 101.0000000   0.0101025   0.0100891   1.6726075   1.6726219
 102.0000000   0.0101029   0.0100963   1.6726079   1.6726208
 103.0000000   0.0101021   0.0101188   1.6726078   1.6726191
 104.0000000   0.0101026   0.0101033   1.6726080   1.6726174
 105.0000000   0.0101030   0.0100937   1.6726085   1.6726163
 106.0000000   0.0101016   0.0100856   1.6726081   1.6726133
 107.0000000   0.0101016   0.0100834   1.6726081   1.6726112
 108.0000000   0.0101028   0.0101067   1.6726087   1.6726115
 109.0000000   0.0101015   0.0101046   1.6726084   1.6726100
 110.0000000   0.0101016   0.0100868   1.6726085   1.6726081
 111.0000000   0.0101015   0.0100946   1.6726084   1.6726070
 112.0000000   0.0101003   0.0100936   1.6726079   1.6726046
 113.0000000   0.0101011   0.0100985   1.6726080   1.6726035
 114.0000000   0.0100988   0.0100796   1.6726069   1.6725996
 115.0000000   0.0101003   0.0100876   1.6726080   1.6725991
 116.0000000   0.0101031   0.0101111   1.6726112   1.6726022
 117.0000000   0.0101008   0.0100921   1.6726119   1.6726023
 118.0000000   0.0100985   0.0101285   1.6726107   1.6726003
 119.0000000   0.0100934   0.0097067   1.6726035   1.6725929
 120.0000000   0.0101010   0.0101010   1.6725598   1.6725598
