   1.64848330915845     
   1.64831144522786     
   1.64846453691110     
   1.64912201973499     
   1.64999039892366     
   1.65089623392422     
   1.65165481426242     
   1.65237995133795     
   1.65308286511158     
   1.65378156780835     
   1.65448365314584     
   1.65516296057474     
   1.65583803044656     
   1.65649384681865     
   1.65714105134029     
   1.65778258120686     
   1.65842841679860     
   1.65905300966769     
   1.65967498030049     
   1.66028562621955     
   1.66088491500433     
   1.66147508211318     
   1.66205442521626     
   1.66261804763243     
   1.66316734489916     
   1.66369921558254     
   1.66421218409803     
   1.66470521387435     
   1.66518104345134     
   1.66563814575404     
   1.66607653736800     
   1.66649415936195     
   1.66689003285060     
   1.66726989078628     
   1.66763119454204     
   1.66797467451367     
   1.66827912486652     
   1.66857545286260     
   1.66885613398442     
   1.66912171216200     
   1.66937272185561     
   1.66960656045442     
   1.66982435111031     
   1.67002693379031     
   1.67021657822630     
   1.67039437860349     
   1.67056087864452     
   1.67071728383877     
   1.67086449503510     
   1.67100068436064     
   1.67112756981195     
   1.67124490200490     
   1.67135468100702     
   1.67145689208939     
   1.67155236754763     
   1.67164181719788     
   1.67172561371531     
   1.67180310249951     
   1.67187523675154     
   1.67194214624257     
   1.67200399174465     
   1.67206120961785     
   1.67211413270709     
   1.67216293512099     
   1.67220787962579     
   1.67224946731999     
   1.67228710194766     
   1.67232138689011     
   1.67235218403324     
   1.67237995046893     
   1.67240524807422     
   1.67242798272850     
   1.67244849718938     
   1.67246710445651     
   1.67248352935371     
   1.67249835191239     
   1.67251163919162     
   1.67252343599347     
   1.67253380355545     
   1.67254366850902     
   1.67255247868378     
   1.67256023212275     
   1.67256722568718     
   1.67257322761027     
   1.67257854201565     
   1.67258335964756     
   1.67258755368153     
   1.67259117009913     
   1.67259427855773     
   1.67259852637987     
   1.67260063009900     
   1.67260232235305     
   1.67260355458273     
   1.67260456120084     
   1.67260534612934     
   1.67260554098189     
   1.67260611002792     
   1.67260666307284     
   1.67260697641996     
   1.67260749127177     
   1.67260789083025     
   1.67260783470866     
   1.67260802037819     
   1.67260845451461     
   1.67260814574276     
   1.67260809173821     
   1.67260869160670     
   1.67260842214130     
   1.67260849617358     
   1.67260841827660     
   1.67260785845160     
   1.67260795269406     
   1.67260687373307     
   1.67260800582743     
   1.67261116847202     
   1.67261189751039     
   1.67261071730413     
   1.67260346333318     
