  9.223362335366107E-003
  9.423509575077666E-003
  9.505710977119790E-003
  9.707886866288344E-003
  9.809730144310941E-003
  9.860519074144695E-003
  9.926743132008149E-003
  1.000245688689782E-002
  1.004687940251168E-002
  1.010899881702308E-002
  1.012745282560867E-002
  1.016188691193721E-002
  1.016293996810849E-002
  1.017803946960755E-002
  1.018637900103735E-002
  1.021171729672916E-002
  1.020611653056103E-002
  1.021815627049128E-002
  1.022020670424782E-002
  1.022733702794986E-002
  1.023428846655151E-002
  1.024098766709854E-002
  1.024111887118993E-002
  1.024489152224107E-002
  1.024371015823643E-002
  1.024451205928423E-002
  1.024224027942832E-002
  1.024487751825801E-002
  1.024116832096693E-002
  1.024074340466079E-002
  1.023775727609447E-002
  1.023201165317513E-002
  1.022967933569722E-002
  1.022687175804069E-002
  1.022355469941001E-002
  1.021855028038821E-002
  1.021461786534820E-002
  1.021032273478079E-002
  1.020489060899828E-002
  1.020420277569771E-002
  1.019947919009646E-002
  1.019469339834592E-002
  1.018819322602507E-002
  1.018321099265501E-002
  1.017846257476636E-002
  1.017431618433629E-002
  1.017161691907800E-002
  1.017023728134025E-002
  1.016458659294600E-002
  1.016120755012658E-002
  1.015588627419280E-002
  1.015302773674430E-002
  1.014967172198008E-002
  1.014637918701949E-002
  1.014523373958830E-002
  1.014337093796222E-002
  1.013976590405709E-002
  1.013805494109596E-002
  1.013600693074749E-002
  1.013379278833253E-002
  1.013265351187855E-002
  1.013015669595161E-002
  1.012851462580275E-002
  1.012698589547662E-002
  1.012564152725669E-002
  1.012429818798086E-002
  1.012289521720982E-002
  1.012102243878290E-002
  1.011936932350812E-002
  1.011826824308665E-002
  1.011708858741092E-002
  1.011559860457842E-002
  1.011490053484126E-002
  1.011391448578583E-002
  1.011317282655435E-002
  1.011204297772482E-002
  1.011126322853866E-002
  1.010993230133222E-002
  1.010977487677457E-002
  1.010958019207040E-002
  1.010890725959298E-002
  1.010836475847397E-002
  1.010737936088802E-002
  1.010715871041008E-002
  1.010672943307958E-002
  1.010626188614052E-002
  1.010590621898922E-002
  1.010587954532287E-002
  1.010566163061762E-002
  1.010512776487721E-002
  1.010475295221853E-002
  1.010430684603166E-002
  1.010410250060911E-002
  1.010356226634476E-002
  1.010279237258595E-002
  1.010292140839074E-002
  1.010309947709791E-002
  1.010263323246717E-002
  1.010247712038587E-002
  1.010286666574794E-002
  1.010214962605704E-002
  1.010262261266521E-002
  1.010301466092815E-002
  1.010162684162160E-002
  1.010157373210793E-002
  1.010280348583632E-002
  1.010151805482459E-002
  1.010159819384226E-002
  1.010153439433342E-002
  1.010031448996783E-002
  1.010109943811094E-002
  1.009878771804616E-002
  1.010029193600684E-002
  1.010312895975762E-002
  1.010075468926085E-002
  1.009845491893203E-002
  1.009336704410906E-002
