    0.0000000    0.0000000    0.0000000    0.0000000    0.0000000    0.0000000    0.0000000    0.0000000    0.0000000    0.0000000    0.0000000    0.0000000    0.0000000    0.0000000    0.0000000    0.0000000    0.0000000    0.0000000    0.0000000    0.0000000    0.0000000    0.0000000    0.0000000    0.0000000    0.0000000
    0.0773665    0.0000000    0.0000000    0.0000000    0.0000000    0.0000000    0.0000000    0.0000000    0.0000000    0.0000000    0.0000000    0.0000000    0.0000000    0.0000000    0.0000000    0.0000000    0.0000000    0.0000000    0.0000000    0.0000000    0.0000000    0.0000000    0.0000000    0.0000000    0.0000000
    0.2188256    0.0000000    0.0000000  318.1988752  318.1988752  314.4702075  314.4702075    0.0000000    0.0000000    0.0000000    0.0000000    0.0000000    0.0000000    0.0000000    0.0000000  315.4666417  315.4631804  318.1869642  318.1229577    0.0000000    0.0000000    0.0000000    0.0000000    0.0000000    0.0000000
    0.4020084    0.0000000  314.4702075  314.3735609  314.3735609  314.3735609  314.3735609    0.0000000    0.0000000    0.0000000    0.0000000    0.0000000    0.0000000    0.0000000  311.7682779  314.4350171  314.4298963  314.3981827  314.3034901    0.0000000    0.0000000    0.0000000    0.0000000    0.0000000    0.0000000
    0.6189324    0.0000000  315.4444028  315.4444028  315.4444028  315.4444028  315.4444028    0.0000000    0.0000000    0.0000000    0.0000000    0.0000000    0.0000000    0.0000000  314.3474484  314.2777241  314.2709630  314.2290906  314.1040653    0.0000000    0.0000000    0.0000000    0.0000000    0.0000000    0.0000000
    0.8649843    0.0000000  316.3153729  316.3153729  316.3153729  316.3153729  314.0683276    0.0000000    0.0000000    0.0000000    0.0000000    0.0000000    0.0000000    0.0000000  314.6674557  314.5809604  314.5725731  314.5206290  315.3999885    0.0000000    0.0000000    0.0000000    0.0000000    0.0000000    0.0000000
    1.1370514    0.0000000  314.0683276  314.0683276  314.0683276  316.1002263  316.1002263    0.0000000    0.0000000    0.0000000    0.0000000    0.0000000    0.0000000    0.0000000  312.1475850  312.0444334  312.0344309  316.2962136  316.1112486    0.0000000    0.0000000    0.0000000    0.0000000    0.0000000    0.0000000
    1.4328485    0.0000000  316.1002263  314.4690360  314.4690360  314.4690360  314.4690360    0.0000000    0.0000000    0.0000000    0.0000000    0.0000000    0.0000000    0.0000000  313.9765980  314.0121811  314.0005727  313.9286799  313.7140177    0.0000000    0.0000000    0.0000000    0.0000000    0.0000000    0.0000000
    1.7506051    0.0000000  314.4690360  316.6137717  316.6137717  316.6137717  314.9959632    0.0000000    0.0000000    0.0000000    0.0000000    0.0000000    0.0000000    0.0000000  312.2376905  315.6594994  315.6462928  315.5645026  316.0302924    0.0000000    0.0000000    0.0000000    0.0000000    0.0000000    0.0000000
    2.0888967    0.0000000  314.9959632  314.9959632  314.9959632  314.9959632  314.0603902    0.0000000    0.0000000    0.0000000    0.0000000    0.0000000    0.0000000    0.0000000  313.8838202  313.7312156  313.7164177  313.6247722  314.2305144    0.0000000    0.0000000    0.0000000    0.0000000    0.0000000    0.0000000
    2.4465450    0.0000000  314.0603902  314.0603902  314.0603902  316.3949142  316.3949142    0.0000000    0.0000000    0.0000000    0.0000000    0.0000000    0.0000000    0.0000000  312.6874584  312.5185053  312.5021222  316.3645299  316.0615737    0.0000000    0.0000000    0.0000000    0.0000000    0.0000000    0.0000000
    2.8225539    0.0000000  316.3949142  314.8401713  314.8401713  314.8401713  313.7535914    0.0000000    0.0000000    0.0000000    0.0000000    0.0000000    0.0000000    0.0000000  314.8862988  314.5595970  314.5416339  314.4303859  314.9008418    0.0000000    0.0000000    0.0000000    0.0000000    0.0000000    0.0000000
    3.2007515    0.0000000  314.8401713  313.7535914  313.7535914  313.7535914  312.7249190    0.0000000    0.0000000    0.0000000    0.0000000    0.0000000    0.0000000    0.0000000  313.2681126  313.2593276  313.2398495  313.1192187  313.4091027    0.0000000    0.0000000    0.0000000    0.0000000    0.0000000    0.0000000
    3.6263376    0.0000000  313.7535914  312.7249190  312.7249190  312.4256578  314.4294810    0.0000000    0.0000000    0.0000000    0.0000000    0.0000000    0.0000000    0.0000000  312.0498654  311.9506697  311.9295611  312.9724661  316.3949142    0.0000000    0.0000000    0.0000000    0.0000000    0.0000000    0.0000000
    4.0527075    0.0000000  312.7249190  312.4256578  312.4256578  314.4294810  313.2843358    0.0000000    0.0000000    0.0000000    0.0000000    0.0000000    0.0000000    0.0000000  310.9528864  311.4752381  311.4525631  314.6321761  314.7200984    0.0000000    0.0000000    0.0000000    0.0000000    0.0000000    0.0000000
    4.4945902  311.9326698  314.4294810  313.2843358  313.2843358  313.2843358  312.3470401    0.0000000    0.0000000    0.0000000    0.0000000    0.0000000    0.0000000  308.9144208  313.5632700  313.4122138  313.3879762  313.2378690  313.3562051    0.0000000    0.0000000    0.0000000    0.0000000    0.0000000    0.0000000
    4.9514589  313.5632700  313.2843358  312.3470401  312.3470401  312.3470401  310.1815029    0.0000000    0.0000000    0.0000000    0.0000000    0.0000000    0.0000000  310.4973524  312.3248606  312.2820755  312.2562788  312.0965162  312.4747443    0.0000000    0.0000000    0.0000000    0.0000000    0.0000000    0.0000000
    5.4228375  311.5567991  312.3470401  311.1155848  311.1155848  310.1815029  310.4111917    0.0000000    0.0000000    0.0000000    0.0000000    0.0000000    0.0000000  308.8632956  311.3110891  310.8964542  310.8691018  311.0613878  312.2808162    0.0000000    0.0000000    0.0000000    0.0000000    0.0000000    0.0000000
    5.9082922  310.9325561  311.1155848  310.1815029  310.1815029  310.4111917  311.3265072    0.0000000    0.0000000    0.0000000    0.0000000    0.0000000    0.0000000  308.2392283  310.0206442  309.8327670  309.8038620  311.0641655  314.4294810    0.0000000    0.0000000    0.0000000    0.0000000    0.0000000    0.0000000
    6.4074262  310.1520290  310.1815029  310.4111917  311.7135419  311.7135419  310.4127995    0.0000000    0.0000000    0.0000000    0.0000000    0.0000000    0.0000000  307.4606754  309.0359727  309.9427406  312.3529922  312.1643816  313.1230663    0.0000000    0.0000000    0.0000000    0.0000000    0.0000000    0.0000000
    6.9198742  311.3516183  310.4111917  311.3265072  311.3265072  310.4127995  309.6667218    0.0000000    0.0000000    0.0000000    0.0000000    0.0000000    0.0000000  308.6426662  309.2124410  311.8504069  311.8184053  311.9665074  312.0430234    0.0000000    0.0000000    0.0000000    0.0000000    0.0000000    0.0000000
    7.4452991  311.3516183  311.7135419  310.4127995  310.4127995  309.6667218  307.5283029    0.0000000    0.0000000    0.0000000    0.0000000    0.0000000    0.0000000  308.1803074  310.4580573  310.8184567  310.7849109  311.0341576  311.1155848    0.0000000    0.0000000    0.0000000    0.0000000    0.0000000    0.0000000
    7.9833879  310.8923582  310.4127995  309.6667218  309.6667218  308.5969186  306.7276548    0.0000000    0.0000000    0.0000000    0.0000000    0.0000000    0.0000000  307.7041656  310.0434493  309.9706665  309.9355789  309.8088173  309.9957002    0.0000000    0.0000000    0.0000000    0.0000000    0.0000000    0.0000000
    8.5338492  310.1725319  309.6667218  308.5969186  308.5969186  307.5283029  305.8464920    0.0000000    0.0000000    0.0000000    0.0000000    0.0000000    0.0000000  306.9710296  309.2540873  308.8172618  308.7806348  308.6071165  308.8394864    0.0000000    0.0000000    0.0000000    0.0000000    0.0000000    0.0000000
    9.0964109  309.5019533  308.5969186  306.7276548  306.7276548  305.8464920  307.5767760    0.0000000    0.0000000    0.0000000    0.0000000    0.0000000    0.0000000  306.2875128  308.1516531  307.9637344  307.9255703  308.0019538  311.7135419    0.0000000    0.0000000    0.0000000    0.0000000    0.0000000    0.0000000
    9.6708183  308.5863036  307.5283029  305.8464920  305.8464920  306.1857331  306.7397355    0.0000000    0.0000000    0.0000000    0.0000000    0.0000000    0.0000000  305.3621547  307.0565461  306.9925360  306.9528369  308.1923524  310.6122646    0.0000000    0.0000000    0.0000000    0.0000000    0.0000000    0.0000000
   10.2568317  307.8379446  306.7276548  306.1857331  306.1857331  307.5767760  305.3585201    0.0000000    0.0000000    0.0000000    0.0000000    0.0000000    0.0000000  304.6031225  306.2318646  307.2423800  307.2011482  309.4422908  310.4127995    0.0000000    0.0000000    0.0000000    0.0000000    0.0000000    0.0000000
   10.8542259  306.8333463  305.8464920  307.5767760  307.5767760  306.7397355  304.4675926    0.0000000    0.0000000    0.0000000    0.0000000    0.0000000    0.0000000  303.5910619  305.3317907  308.5443178  308.5015552  308.5017978  309.2705599    0.0000000    0.0000000    0.0000000    0.0000000    0.0000000    0.0000000
   11.4627879  306.4505664  306.1857331  306.7397355  306.2424664  305.3585201  303.6773480    0.0000000    0.0000000    0.0000000    0.0000000    0.0000000    0.0000000  303.1951988  305.6435647  307.6496058  308.1850040  308.1874827  308.2576367    0.0000000    0.0000000    0.0000000    0.0000000    0.0000000    0.0000000
   12.0823164  307.7880517  307.5767760  305.3585201  305.3585201  304.4675926  301.7695392    0.0000000    0.0000000    0.0000000    0.0000000    0.0000000    0.0000000  304.5029520  306.9997215  307.2774624  307.2316438  307.1937916  307.5283029    0.0000000    0.0000000    0.0000000    0.0000000    0.0000000    0.0000000
   12.7126207  306.9997215  306.7397355  304.4675926  304.4675926  303.6773480  300.8835934    0.0000000    0.0000000    0.0000000    0.0000000    0.0000000    0.0000000  303.7066635  306.1527203  306.3282008  306.2808570  306.3126772  306.4309394    0.0000000    0.0000000    0.0000000    0.0000000    0.0000000    0.0000000
   13.3535196  306.5139817  305.3585201  303.6773480  303.6773480  302.8883483  299.1098078    0.0000000    0.0000000    0.0000000    0.0000000    0.0000000    0.0000000  303.2104224  305.6691350  305.4867713  305.4379039  305.4438965  305.8464920    0.0000000    0.0000000    0.0000000    0.0000000    0.0000000    0.0000000
   14.0048408  305.8330941  304.4675926  302.8883483  302.8883483  300.8835934  298.4854932    0.0000000    0.0000000    0.0000000    0.0000000    0.0000000    0.0000000  302.5214388  304.7692560  304.6536188  304.6032297  304.5186142  305.0188987    0.0000000    0.0000000    0.0000000    0.0000000    0.0000000    0.0000000
   14.6664200  305.1884545  303.6773480  301.7695392  300.8835934  300.0724476  298.5734049    0.0000000    0.0000000    0.0000000    0.0000000    0.0000000    0.0000000  301.8687692  303.9718590  303.5000644  303.6328481  303.6292305  304.9178226    0.0000000    0.0000000    0.0000000    0.0000000    0.0000000    0.0000000
   15.3381007  304.3124448  302.8883483  300.0724476  300.0724476  299.1098078  299.2279289    0.0000000    0.0000000    0.0000000    0.0000000    0.0000000    0.0000000  300.9874491  303.1781298  302.8301538  302.7767258  302.5994001  306.7397355    0.0000000    0.0000000    0.0000000    0.0000000    0.0000000    0.0000000
   16.0197331  303.4302776  301.7695392  299.1098078  299.1098078  298.4854932  298.8428886    0.0000000    0.0000000    0.0000000    0.0000000    0.0000000    0.0000000  300.1004186  302.0600099  301.8319026  301.7769575  301.9128500  306.1797095    0.0000000    0.0000000    0.0000000    0.0000000    0.0000000    0.0000000
   16.7111740  302.9815696  300.8835934  298.4854932  298.4854932  300.2117665  297.8745258    0.0000000    0.0000000    0.0000000    0.0000000    0.0000000    0.0000000  299.6428804  301.1742766  301.1741458  301.1176850  304.6954286  305.0595382    0.0000000    0.0000000    0.0000000    0.0000000    0.0000000    0.0000000
   17.4122861  301.9739684  300.0724476  298.5734049  298.5734049  299.2279289  296.0374999    0.0000000    0.0000000    0.0000000    0.0000000    0.0000000    0.0000000  298.6323891  300.3642169  301.2263771  301.1684021  303.6550436  304.4219768    0.0000000    0.0000000    0.0000000    0.0000000    0.0000000    0.0000000
   18.1229380  301.0679478  299.1098078  300.2117665  299.2279289  298.8428886  295.0671505    0.0000000    0.0000000    0.0000000    0.0000000    0.0000000    0.0000000  297.7227993  299.4056015  302.8178616  302.8513711  303.2147503  303.3080560    0.0000000    0.0000000    0.0000000    0.0000000    0.0000000    0.0000000
   18.8430031  300.5238396  298.4854932  299.2279289  298.8428886  297.8745258  293.2063349    0.0000000    0.0000000    0.0000000    0.0000000    0.0000000    0.0000000  297.1718258  298.7831801  301.8171787  302.4355488  302.2034191  302.6635111    0.0000000    0.0000000    0.0000000    0.0000000    0.0000000    0.0000000
   19.5723600  299.5950099  298.5734049  297.8745258  297.8745258  296.0374999  292.2635625    0.0000000    0.0000000    0.0000000    0.0000000    0.0000000    0.0000000  296.2402891  298.8669669  301.5092083  301.4466988  301.4773236  301.5852575    0.0000000    0.0000000    0.0000000    0.0000000    0.0000000    0.0000000
   20.3108919  299.5950099  300.2117665  296.9903254  296.9903254  295.0671505  291.3947483    0.0000000    0.0000000    0.0000000    0.0000000    0.0000000    0.0000000  295.5766298  300.4866742  300.6091564  300.5451381  300.4666368  300.5935891    0.0000000    0.0000000    0.0000000    0.0000000    0.0000000    0.0000000
   21.0584860  301.2088894  299.2279289  296.0374999  296.0374999  294.4573082  289.5076348    0.0000000    0.0000000    0.0000000    0.0000000    0.0000000    0.0000000  297.1527106  299.5112670  299.6447017  299.5791758  299.8185601  299.9346618    0.0000000    0.0000000    0.0000000    0.0000000    0.0000000    0.0000000
   21.8150339  300.8205727  297.8745258  295.0671505  295.0671505  293.2063349  288.6887980    0.0000000    0.0000000    0.0000000    0.0000000    0.0000000    0.0000000  296.7471131  299.1098078  298.6660567  298.5990244  298.5408717  299.0000279    0.0000000    0.0000000    0.0000000    0.0000000    0.0000000    0.0000000
   22.5804308  299.8564571  296.9903254  294.4573082  293.2063349  291.3947483  287.8195980    0.0000000    0.0000000    0.0000000    0.0000000    0.0000000    0.0000000  295.7719483  298.2366470  298.0471398  297.8176160  297.8620404  298.0267731    0.0000000    0.0000000    0.0000000    0.0000000    0.0000000    0.0000000
   23.3545756  299.1098078  296.0374999  293.2063349  292.2635625  290.4152874  285.9258589    0.0000000    0.0000000    0.0000000    0.0000000    0.0000000    0.0000000  295.0125284  297.2964865  296.7960365  296.8673095  296.8561130  297.3751418    0.0000000    0.0000000    0.0000000    0.0000000    0.0000000    0.0000000
   24.1373705  298.4854932  295.0671505  291.3947483  291.3947483  289.5076348  286.2157920    0.0000000    0.0000000    0.0000000    0.0000000    0.0000000    0.0000000  294.3746544  296.3398150  296.0647023  295.9931580  295.9258414  297.5563632    0.0000000    0.0000000    0.0000000    0.0000000    0.0000000    0.0000000
   24.9287209  297.5295389  294.4573082  290.4152874  290.4152874  288.6887980  288.0014692    0.0000000    0.0000000    0.0000000    0.0000000    0.0000000    0.0000000  293.4088745  295.7407934  295.0851559  295.0121098  295.0876163  299.2279289    0.0000000    0.0000000    0.0000000    0.0000000    0.0000000    0.0000000
   25.7285354  297.0359892  293.2063349  289.5076348  289.5076348  287.8195980  286.2317335    0.0000000    0.0000000    0.0000000    0.0000000    0.0000000    0.0000000  292.9012769  294.5077205  294.1790821  294.1045353  294.2032538  298.7145599    0.0000000    0.0000000    0.0000000    0.0000000    0.0000000    0.0000000
   26.5367253  297.0359892  292.2635625  288.6887980  288.6887980  285.9258589  285.4739332    0.0000000    0.0000000    0.0000000    0.0000000    0.0000000    0.0000000  292.1777178  293.5803642  293.3630870  293.2870405  293.4666402  297.8745258    0.0000000    0.0000000    0.0000000    0.0000000    0.0000000    0.0000000
   27.3532047  296.0753463  291.3947483  287.8195980  286.9597245  286.2157920  284.2856786    0.0000000    0.0000000    0.0000000    0.0000000    0.0000000    0.0000000  291.1989284  292.7267615  292.4991765  292.6679765  293.7330140  296.6165501    0.0000000    0.0000000    0.0000000    0.0000000    0.0000000    0.0000000
   28.1778902  295.1981038  290.4152874  286.9597245  285.9258589  288.0014692  282.4326976    0.0000000    0.0000000    0.0000000    0.0000000    0.0000000    0.0000000  290.3032389  291.7640974  291.6462587  291.6406764  295.4835453  296.0374999    0.0000000    0.0000000    0.0000000    0.0000000    0.0000000    0.0000000
   29.0107011  294.5360600  289.5076348  285.9258589  286.2157920  286.3683856  281.5214756    0.0000000    0.0000000    0.0000000    0.0000000    0.0000000    0.0000000  289.6211086  290.8729524  290.6226826  291.9259598  293.8525687  295.0598321    0.0000000    0.0000000    0.0000000    0.0000000    0.0000000    0.0000000
   29.8515587  293.7185688  288.6887980  288.0014692  288.0014692  285.4739332  279.6258963    0.0000000    0.0000000    0.0000000    0.0000000    0.0000000    0.0000000  288.7855785  290.0701194  293.7759012  293.6938665  294.1314092  294.4573082    0.0000000    0.0000000    0.0000000    0.0000000    0.0000000    0.0000000
   30.7003869  292.7339432  287.8195980  286.3683856  286.3683856  284.2856786  278.4049645    0.0000000    0.0000000    0.0000000    0.0000000    0.0000000    0.0000000  287.7850605  289.2177712  292.1623992  292.0788699  292.9441750  293.1790962    0.0000000    0.0000000    0.0000000    0.0000000    0.0000000    0.0000000
   31.5571114  292.7339432  286.9597245  286.2317335  286.2317335  283.5387311  277.5182548    0.0000000    0.0000000    0.0000000    0.0000000    0.0000000    0.0000000  287.0198128  288.3749646  292.0318825  291.9468595  292.1966269  292.2385228    0.0000000    0.0000000    0.0000000    0.0000000    0.0000000    0.0000000
   32.4216602  291.8865135  285.9258589  285.4739332  285.4739332  282.4326976  275.3610268    0.0000000    0.0000000    0.0000000    0.0000000    0.0000000    0.0000000  286.1469165  287.3601822  291.2878111  291.2012954  291.0961358  291.3947483    0.0000000    0.0000000    0.0000000    0.0000000    0.0000000    0.0000000
   33.2939630  291.0319826  286.2157920  284.2856786  283.5387311  281.5214756  274.4210356    0.0000000    0.0000000    0.0000000    0.0000000    0.0000000    0.0000000  285.2675676  287.6562078  290.1188492  290.4152874  290.1908434  290.4071596    0.0000000    0.0000000    0.0000000    0.0000000    0.0000000    0.0000000
   34.1739515  290.1594075  288.0014692  283.5387311  282.4326976  280.5799291  273.2777759    0.0000000    0.0000000    0.0000000    0.0000000    0.0000000    0.0000000  284.3709117  289.4332413  289.3879290  289.3284275  289.2576683  289.2242476    0.0000000    0.0000000    0.0000000    0.0000000    0.0000000    0.0000000
   35.0615593  289.3976633  286.3683856  282.4326976  281.5214756  278.4049645  272.2733229    0.0000000    0.0000000    0.0000000    0.0000000    0.0000000    0.0000000  283.5845157  287.8258995  288.3025602  288.4357453  288.2980363  288.1842002    0.0000000    0.0000000    0.0000000    0.0000000    0.0000000    0.0000000
   35.9567213  289.3976633  286.2317335  281.5214756  280.5799291  277.5182548  270.2401179    0.0000000    0.0000000    0.0000000    0.0000000    0.0000000    0.0000000  282.7860402  287.7002016  287.4110098  287.5142432  287.4226296  287.4816105    0.0000000    0.0000000    0.0000000    0.0000000    0.0000000    0.0000000
   36.8593745  291.1556767  285.4739332  280.5799291  279.6258963  276.4245630  269.1977129    0.0000000    0.0000000    0.0000000    0.0000000    0.0000000    0.0000000  284.4864298  286.9597245  286.4903096  286.5814785  286.3442805  286.4092007    0.0000000    0.0000000    0.0000000    0.0000000    0.0000000    0.0000000
   37.7694572  289.5502443  284.2856786  278.4049645  278.4049645  275.3610268  268.2917345    0.0000000    0.0000000    0.0000000    0.0000000    0.0000000    0.0000000  282.8576280  285.7932380  285.4809427  285.3854890  285.2975967  285.4766625    0.0000000    0.0000000    0.0000000    0.0000000    0.0000000    0.0000000
   38.6869091  289.4332413  283.5387311  277.5182548  277.5182548  274.4210356  266.5889771    0.0000000    0.0000000    0.0000000    0.0000000    0.0000000    0.0000000  282.7029703  285.0637703  284.6182400  284.5212997  284.3748886  285.1204668    0.0000000    0.0000000    0.0000000    0.0000000    0.0000000    0.0000000
   39.6116716  289.4332413  282.4326976  276.4245630  276.4245630  272.2733229  266.9318402    0.0000000    0.0000000    0.0000000    0.0000000    0.0000000    0.0000000  281.8793570  283.9789180  283.5514663  283.4530401  283.4720483  285.4292900    0.0000000    0.0000000    0.0000000    0.0000000    0.0000000    0.0000000
   40.5436873  288.6887980  281.5214756  275.3610268  275.3610268  271.3724612  267.1423325    0.0000000    0.0000000    0.0000000    0.0000000    0.0000000    0.0000000  281.0960732  283.0870272  282.5153168  282.4154054  282.5916355  285.6113344    0.0000000    0.0000000    0.0000000    0.0000000    0.0000000    0.0000000
   41.4829002  287.8195980  280.5799291  274.4210356  273.2777759  270.2401179  265.7612552    0.0000000    0.0000000    0.0000000    0.0000000    0.0000000    0.0000000  280.1899477  282.1652013  281.6021818  281.5286177  281.4835991  285.5931257    0.0000000    0.0000000    0.0000000    0.0000000    0.0000000    0.0000000
   42.4292557  286.9597245  279.6258963  273.2777759  272.2733229  269.1977129  265.6625871    0.0000000    0.0000000    0.0000000    0.0000000    0.0000000    0.0000000  279.2937014  281.2310898  280.4884562  280.5532277  280.4660256  285.4739332    0.0000000    0.0000000    0.0000000    0.0000000    0.0000000    0.0000000
   43.3827000  285.7932380  278.4049645  272.2733229  271.3724612  268.2917345  264.3540149    0.0000000    0.0000000    0.0000000    0.0000000    0.0000000    0.0000000  278.0945338  280.0328147  279.5127397  279.6811343  279.5848288  284.1607407    0.0000000    0.0000000    0.0000000    0.0000000    0.0000000    0.0000000
   44.3431811  285.7932380  278.4049645  271.3724612  270.2401179  267.1090837  262.3431262    0.0000000    0.0000000    0.0000000    0.0000000    0.0000000    0.0000000  277.2378274  278.9924977  278.6401188  278.5805539  278.4309401  283.5387311    0.0000000    0.0000000    0.0000000    0.0000000    0.0000000    0.0000000
   45.3106475  285.0998184  277.5182548  270.2401179  269.1977129  266.5889771  260.9592227    0.0000000    0.0000000    0.0000000    0.0000000    0.0000000    0.0000000  276.4999165  278.1199429  277.5388250  277.5696364  277.9340907  282.1556367    0.0000000    0.0000000    0.0000000    0.0000000    0.0000000    0.0000000
   46.2850494  284.3860772  276.4245630  269.1977129  268.2917345  267.1423325  260.1244527    0.0000000    0.0000000    0.0000000    0.0000000    0.0000000    0.0000000  275.7425683  277.0425012  276.5270216  276.6943532  279.7406454  281.3195901    0.0000000    0.0000000    0.0000000    0.0000000    0.0000000    0.0000000
   47.2663377  284.3860772  275.3610268  268.2917345  267.1090837  267.3665277  257.9746892    0.0000000    0.0000000    0.0000000    0.0000000    0.0000000    0.0000000  274.8684059  275.9949351  275.6506929  275.5456890  279.9842780  280.5799291    0.0000000    0.0000000    0.0000000    0.0000000    0.0000000    0.0000000
   48.2544643  283.1719215  274.4210356  267.1090837  266.5889771  265.7612552  257.0161583    0.0000000    0.0000000    0.0000000    0.0000000    0.0000000    0.0000000  273.6087767  275.0696970  274.5008350  275.0534240  278.4177840  279.6258963    0.0000000    0.0000000    0.0000000    0.0000000    0.0000000    0.0000000
   49.2493824  282.6048250  273.2777759  266.5889771  266.9318402  265.6625871  255.6954393    0.0000000    0.0000000    0.0000000    0.0000000    0.0000000    0.0000000  272.9904640  273.9432382  274.0072389  275.4159392  278.3437967  278.3163559    0.0000000    0.0000000    0.0000000    0.0000000    0.0000000    0.0000000
   50.2510457  281.8401832  272.2733229  267.1423325  267.1423325  264.3540149  253.4665406    0.0000000    0.0000000    0.0000000    0.0000000    0.0000000    0.0000000  272.1772880  272.9542105  275.7625317  275.6478100  277.0729004  277.5182548    0.0000000    0.0000000    0.0000000    0.0000000    0.0000000    0.0000000
   51.2594093  281.8401832  271.3724612  267.3665277  267.3665277  263.2445714  252.2268320    0.0000000    0.0000000    0.0000000    0.0000000    0.0000000    0.0000000  271.2781133  272.0677482  276.0098138  275.8936149  275.9999707  276.2933269    0.0000000    0.0000000    0.0000000    0.0000000    0.0000000    0.0000000
   52.2744289  280.8259128  270.2401179  265.7612552  265.7612552  262.3431262  251.2577030    0.0000000    0.0000000    0.0000000    0.0000000    0.0000000    0.0000000  270.2112002  270.9521269  274.4462584  274.3285831  275.1337265  275.3390288    0.0000000    0.0000000    0.0000000    0.0000000    0.0000000    0.0000000
   53.2960611  279.9384544  269.1977129  265.6625871  265.6625871  260.1244527  250.0515671    0.0000000    0.0000000    0.0000000    0.0000000    0.0000000    0.0000000  269.2705763  269.9255504  274.3745475  274.2553963  274.2329560  274.1526725    0.0000000    0.0000000    0.0000000    0.0000000    0.0000000    0.0000000
   54.3242633  279.9384544  268.2917345  264.3540149  264.3540149  259.0911966  247.6250860    0.0000000    0.0000000    0.0000000    0.0000000    0.0000000    0.0000000  268.3538464  269.0340403  273.1053102  272.9846838  273.2398826  273.1806154    0.0000000    0.0000000    0.0000000    0.0000000    0.0000000    0.0000000
   55.3589940  279.1656751  268.2917345  263.2445714  263.2445714  257.9746892  246.4427793    0.0000000    0.0000000    0.0000000    0.0000000    0.0000000    0.0000000  267.5203418  267.9432505  272.0334637  271.9113628  272.1651101  272.0220604    0.0000000    0.0000000    0.0000000    0.0000000    0.0000000    0.0000000
   56.4002121  278.2490188  267.1090837  262.3431262  260.9592227  257.0161583  245.3049146    0.0000000    0.0000000    0.0000000    0.0000000    0.0000000    0.0000000  266.5451770  266.7722814  271.1677655  270.8951311  271.2474010  270.9098366    0.0000000    0.0000000    0.0000000    0.0000000    0.0000000    0.0000000
   57.4478775  278.2490188  266.5889771  260.9592227  260.1244527  255.6954393  242.9308706    0.0000000    0.0000000    0.0000000    0.0000000    0.0000000    0.0000000  265.6108955  266.2572404  269.8246418  270.0977571  269.9717427  270.0097571    0.0000000    0.0000000    0.0000000    0.0000000    0.0000000    0.0000000
   58.5019507  277.3314890  266.9318402  260.1244527  259.0911966  254.3994795  241.5822553    0.0000000    0.0000000    0.0000000    0.0000000    0.0000000    0.0000000  264.6286365  266.5965484  269.0253483  269.1041289  268.7211673  268.6930077    0.0000000    0.0000000    0.0000000    0.0000000    0.0000000    0.0000000
   59.5623930  276.3244444  267.1423325  259.0911966  257.9746892  253.4665406  240.5073276    0.0000000    0.0000000    0.0000000    0.0000000    0.0000000    0.0000000  263.5585632  266.8048181  268.0297228  268.0283063  267.8305109  267.6493259    0.0000000    0.0000000    0.0000000    0.0000000    0.0000000    0.0000000
   60.6291664  275.3021306  267.3665277  257.9746892  257.0161583  252.2268320  239.3738675    0.0000000    0.0000000    0.0000000    0.0000000    0.0000000    0.0000000  262.4741576  267.0266622  266.9518305  267.1090837  266.6366407  266.5496843    0.0000000    0.0000000    0.0000000    0.0000000    0.0000000    0.0000000
   61.7022336  275.3021306  265.7612552  257.0161583  255.6954393  250.0515671  236.8596805    0.0000000    0.0000000    0.0000000    0.0000000    0.0000000    0.0000000  261.5155461  265.4373417  266.0304706  265.8314785  265.8198262  265.5329180    0.0000000    0.0000000    0.0000000    0.0000000    0.0000000    0.0000000
   62.7815578  274.2008307  265.7612552  255.6954393  254.3994795  248.7142195  235.7187657    0.0000000    0.0000000    0.0000000    0.0000000    0.0000000    0.0000000  260.3469330  264.3141196  264.7506652  264.5785504  264.5329826  264.4298647    0.0000000    0.0000000    0.0000000    0.0000000    0.0000000    0.0000000
   63.8671030  274.2008307  265.6625871  254.3994795  253.4665406  247.6250860  235.8149220    0.0000000    0.0000000    0.0000000    0.0000000    0.0000000    0.0000000  259.3777715  264.2107098  263.4954784  263.6851615  263.4923301  264.5533206    0.0000000    0.0000000    0.0000000    0.0000000    0.0000000    0.0000000
   64.9588337  271.4513665  264.3540149  253.4665406  252.2268320  246.4427793  236.1441558    0.0000000    0.0000000    0.0000000    0.0000000    0.0000000    0.0000000  258.3800946  262.9095213  262.5997762  262.4882032  262.3598607  264.9092235    0.0000000    0.0000000    0.0000000    0.0000000    0.0000000    0.0000000
   66.0567151  270.3938205  263.2445714  252.2268320  251.2577030  245.3049146  234.8341233    0.0000000    0.0000000    0.0000000    0.0000000    0.0000000    0.0000000  257.2644457  261.8054968  261.4004537  261.5592366  261.2717807  265.1068013    0.0000000    0.0000000    0.0000000    0.0000000    0.0000000    0.0000000
   67.1607129  270.3938205  262.3431262  251.2577030  250.0515671  243.9563582  235.0392611    0.0000000    0.0000000    0.0000000    0.0000000    0.0000000    0.0000000  256.2725607  260.9074174  260.4690757  260.3957376  259.9754775  265.3436929    0.0000000    0.0000000    0.0000000    0.0000000    0.0000000    0.0000000
   68.2707934  269.7591301  260.9592227  250.0515671  248.7142195  242.9308706  233.3943431    0.0000000    0.0000000    0.0000000    0.0000000    0.0000000    0.0000000  255.5697334  259.5317311  259.3031212  259.1024304  258.9993452  263.7505811    0.0000000    0.0000000    0.0000000    0.0000000    0.0000000    0.0000000
   69.3869234  269.7242160  260.9592227  248.7142195  247.6250860  241.5822553  231.7476249    0.0000000    0.0000000    0.0000000    0.0000000    0.0000000    0.0000000  255.4613993  258.3802073  258.0073176  258.0549348  257.7036228  262.1571478    0.0000000    0.0000000    0.0000000    0.0000000    0.0000000    0.0000000
   70.5090705  269.7242160  260.1244527  247.6250860  246.4427793  240.5073276  230.4033166    0.0000000    0.0000000    0.0000000    0.0000000    0.0000000    0.0000000  254.4529232  257.5425486  256.9572874  256.9152662  256.6791323  262.3431262    0.0000000    0.0000000    0.0000000    0.0000000    0.0000000    0.0000000
   71.6372023  269.9569907  259.0911966  246.4427793  245.3049146  239.3738675  228.7021259    0.0000000    0.0000000    0.0000000    0.0000000    0.0000000    0.0000000  254.6039383  256.5084386  255.8150489  255.8196535  255.5969526  260.6995026    0.0000000    0.0000000    0.0000000    0.0000000    0.0000000    0.0000000
   72.7712874  268.3785942  257.9746892  245.3049146  243.9563582  238.0644048  227.0538956    0.0000000    0.0000000    0.0000000    0.0000000    0.0000000    0.0000000  252.9626279  255.3919601  254.7168334  254.5155045  254.3407661  259.1096457    0.0000000    0.0000000    0.0000000    0.0000000    0.0000000    0.0000000
   73.9112948  268.3785942  257.9746892  243.9563582  242.9308706  236.8596805  226.9916747    0.0000000    0.0000000    0.0000000    0.0000000    0.0000000    0.0000000  251.9376664  254.2226350  253.4100512  253.5312331  253.1884858  259.0911966    0.0000000    0.0000000    0.0000000    0.0000000    0.0000000    0.0000000
   75.0571937  268.2917345  257.0161583  242.9308706  241.5822553  235.7187657  223.7311560    0.0000000    0.0000000    0.0000000    0.0000000    0.0000000    0.0000000  251.7674509  253.2569542  252.4231184  252.2270967  252.0995729  257.4025051    0.0000000    0.0000000    0.0000000    0.0000000    0.0000000    0.0000000
   76.2089540  268.2917345  255.6954393  241.5822553  240.5073276  236.1441558  222.2689746    0.0000000    0.0000000    0.0000000    0.0000000    0.0000000    0.0000000  250.7323073  251.9327827  251.1162943  251.1939343  253.9163559  256.0017409    0.0000000    0.0000000    0.0000000    0.0000000    0.0000000    0.0000000
   77.3665461  267.0266622  254.3994795  240.5073276  239.3738675  236.4739386  221.9111462    0.0000000    0.0000000    0.0000000    0.0000000    0.0000000    0.0000000  249.3902339  250.6331982  250.0804201  250.1028409  254.2871552  255.6954393    0.0000000    0.0000000    0.0000000    0.0000000    0.0000000    0.0000000
   78.5299407  265.9195267  254.3994795  240.5073276  238.0644048  234.8341233  220.2669390    0.0000000    0.0000000    0.0000000    0.0000000    0.0000000    0.0000000  248.2052986  249.4455427  248.8186189  248.8375143  252.7082354  254.1167093    0.0000000    0.0000000    0.0000000    0.0000000    0.0000000    0.0000000
   79.6991091  265.9195267  253.4665406  239.3738675  236.8596805  235.0392611  217.2820559    0.0000000    0.0000000    0.0000000    0.0000000    0.0000000    0.0000000  247.1538232  248.4997924  247.7204377  247.6758817  252.9559851  252.7232746    0.0000000    0.0000000    0.0000000    0.0000000    0.0000000    0.0000000
   80.8740228  265.0378969  252.2268320  238.0644048  236.8596805  233.3943431  216.7274669    0.0000000    0.0000000    0.0000000    0.0000000    0.0000000    0.0000000  246.1868365  247.2504416  246.4479887  246.3982476  251.3723291  252.2268320    0.0000000    0.0000000    0.0000000    0.0000000    0.0000000    0.0000000
   82.0546539  265.0378969  252.2268320  236.8596805  235.7187657  231.7476249  215.0773611    0.0000000    0.0000000    0.0000000    0.0000000    0.0000000    0.0000000  245.1251844  246.0497197  245.2792022  245.2955310  249.7870254  250.6468249    0.0000000    0.0000000    0.0000000    0.0000000    0.0000000    0.0000000
   83.2409748  262.9095213  251.2577030  235.7187657  235.8149220  231.7526604  213.8187655    0.0000000    0.0000000    0.0000000    0.0000000    0.0000000    0.0000000  243.8937580  245.0627194  244.1735555  245.4174910  249.8370780  249.4553527    0.0000000    0.0000000    0.0000000    0.0000000    0.0000000    0.0000000
   84.4329584  262.5239250  250.0515671  235.8149220  236.1441558  230.4033166  210.9954741    0.0000000    0.0000000    0.0000000    0.0000000    0.0000000    0.0000000  243.4201724  243.8412104  244.2925747  245.7701699  248.5464015  248.2442338    0.0000000    0.0000000    0.0000000    0.0000000    0.0000000    0.0000000
   85.6305780  262.5239250  248.7142195  236.1441558  236.4739386  228.7021259  209.9387773    0.0000000    0.0000000    0.0000000    0.0000000    0.0000000    0.0000000  242.3406430  242.4899288  244.6423033  246.1233614  246.9074907  247.2561356    0.0000000    0.0000000    0.0000000    0.0000000    0.0000000    0.0000000
   86.8338070  260.9162054  247.6250860  236.4739386  234.8341233  227.0538956  208.2764466    0.0000000    0.0000000    0.0000000    0.0000000    0.0000000    0.0000000  240.6520230  241.3845054  244.9925360  244.5266161  245.3210925  245.6693229    0.0000000    0.0000000    0.0000000    0.0000000    0.0000000    0.0000000
   88.0426196  260.8001562  246.4427793  234.8341233  235.0392611  226.9916747  207.0486189    0.0000000    0.0000000    0.0000000    0.0000000    0.0000000    0.0000000  240.4409266  240.1869657  243.3928246  244.7563372  245.3049146  244.5134819    0.0000000    0.0000000    0.0000000    0.0000000    0.0000000    0.0000000
   89.2569899  260.8001562  245.3049146  235.0392611  233.3943431  225.3499330  205.5727987    0.0000000    0.0000000    0.0000000    0.0000000    0.0000000    0.0000000  239.3455852  239.0335480  243.6195728  243.1544628  243.7250712  243.1128954    0.0000000    0.0000000    0.0000000    0.0000000    0.0000000    0.0000000
   90.4768927  259.4864330  243.9563582  233.3943431  231.7476249  223.7311560  202.8826570    0.0000000    0.0000000    0.0000000    0.0000000    0.0000000    0.0000000  237.9437681  237.6716689  242.0147200  241.5507636  242.1680130  242.0585312    0.0000000    0.0000000    0.0000000    0.0000000    0.0000000    0.0000000
   91.7023030  259.4864330  242.9308706  231.7476249  231.7526604  222.2689746  201.2319416    0.0000000    0.0000000    0.0000000    0.0000000    0.0000000    0.0000000  236.8384921  236.6297504  240.4080375  241.5822553  240.7660253  240.4882086    0.0000000    0.0000000    0.0000000    0.0000000    0.0000000    0.0000000
   92.9331962  258.3699768  241.5822553  231.7526604  230.4033166  221.9111462  200.1728909    0.0000000    0.0000000    0.0000000    0.0000000    0.0000000    0.0000000  235.6270278  235.2680574  240.4365419  240.2728642  240.4573792  239.5043387    0.0000000    0.0000000    0.0000000    0.0000000    0.0000000    0.0000000
   94.1695480  258.3699768  240.5073276  231.7526604  228.7021259  220.2669390  198.4947724    0.0000000    0.0000000    0.0000000    0.0000000    0.0000000    0.0000000  234.5118262  234.1774358  239.1217325  238.6150954  238.8752418  237.9082557    0.0000000    0.0000000    0.0000000    0.0000000    0.0000000    0.0000000
   95.4113343  257.4595676  239.3738675  230.4033166  227.0538956  218.9348001  197.5662338    0.0000000    0.0000000    0.0000000    0.0000000    0.0000000    0.0000000  233.4994866  233.0289873  237.8048139  237.0097062  237.6020678  237.0548823    0.0000000    0.0000000    0.0000000    0.0000000    0.0000000    0.0000000
   96.6585315  256.0716522  238.0644048  228.7021259  227.0538956  217.2820559  194.4419318    0.0000000    0.0000000    0.0000000    0.0000000    0.0000000    0.0000000  232.0152355  231.7064154  236.1395159  235.6801942  236.0115032  235.5956581    0.0000000    0.0000000    0.0000000    0.0000000    0.0000000    0.0000000
   97.9111162  256.0716522  236.8596805  227.0538956  226.9916747  216.7274669  193.1829251    0.0000000    0.0000000    0.0000000    0.0000000    0.0000000    0.0000000  230.8845213  230.4876530  234.5265970  235.6404493  235.5081138  234.4184600    0.0000000    0.0000000    0.0000000    0.0000000    0.0000000    0.0000000
   99.1690653  255.7437702  235.7187657  226.9916747  225.3499330  215.0773611  191.9749157    0.0000000    0.0000000    0.0000000    0.0000000    0.0000000    0.0000000  230.4449379  229.3321796  234.4837752  234.0369239  233.9201579  233.2923234    0.0000000    0.0000000    0.0000000    0.0000000    0.0000000    0.0000000
  100.4323560  255.7437702  235.8149220  225.3499330  223.7311560  213.8187655  190.4292077    0.0000000    0.0000000    0.0000000    0.0000000    0.0000000    0.0000000  229.3043947  229.4015237  232.8771749  232.4560778  232.7197858  231.8324057    0.0000000    0.0000000    0.0000000    0.0000000    0.0000000    0.0000000
  101.7009660  254.6760579  236.1441558  223.7311560  222.2689746  212.1629120  190.6954816    0.0000000    0.0000000    0.0000000    0.0000000    0.0000000    0.0000000  228.1276882  229.7017305  231.2932563  231.0302049  231.1261117  232.1668585    0.0000000    0.0000000    0.0000000    0.0000000    0.0000000    0.0000000
  102.9748728  254.6760579  236.4739386  223.7311560  221.9111462  210.9954741  189.2428224    0.0000000    0.0000000    0.0000000    0.0000000    0.0000000    0.0000000  226.9773437  230.0025963  229.9504249  230.6975842  230.0159466  232.3874904    0.0000000    0.0000000    0.0000000    0.0000000    0.0000000    0.0000000
  104.2540547  253.0719295  234.8341233  222.2689746  220.2669390  209.9387773  189.5055236    0.0000000    0.0000000    0.0000000    0.0000000    0.0000000    0.0000000  225.2649661  228.3536746  228.5168935  229.0913907  229.0153878  232.7216831    0.0000000    0.0000000    0.0000000    0.0000000    0.0000000    0.0000000
  105.5384900  253.0719295  235.0392611  221.9111462  218.9348001  208.2764466  189.7680419    0.0000000    0.0000000    0.0000000    0.0000000    0.0000000    0.0000000  224.1048526  228.5313705  228.1766236  227.7940863  227.4152192  233.0561606    0.0000000    0.0000000    0.0000000    0.0000000    0.0000000    0.0000000
  106.8281571  252.0996181  233.3943431  220.2669390  218.9348001  207.0486189  188.0403697    0.0000000    0.0000000    0.0000000    0.0000000    0.0000000    0.0000000  223.0134250  226.8776243  226.5627904  226.4325555  226.2451717  231.4207873    0.0000000    0.0000000    0.0000000    0.0000000    0.0000000    0.0000000
  108.1230351  251.4829102  231.7476249  218.9348001  217.2820559  205.5727987  188.2994002    0.0000000    0.0000000    0.0000000    0.0000000    0.0000000    0.0000000  222.2749166  225.2222087  225.2578567  224.8132862  224.8295705  231.7526604    0.0000000    0.0000000    0.0000000    0.0000000    0.0000000    0.0000000
  109.4231031  251.4829102  231.7526604  217.2820559  216.7274669  204.5559399  184.7990744    0.0000000    0.0000000    0.0000000    0.0000000    0.0000000    0.0000000  221.0997177  225.2021410  223.6354758  224.2811360  223.8682961  229.9709625    0.0000000    0.0000000    0.0000000    0.0000000    0.0000000    0.0000000
  110.7283403  250.3956036  230.4033166  217.2820559  215.0773611  202.8826570  183.0604474    0.0000000    0.0000000    0.0000000    0.0000000    0.0000000    0.0000000  219.8908497  223.8413489  222.2684419  222.6643699  222.2571128  228.3283771    0.0000000    0.0000000    0.0000000    0.0000000    0.0000000    0.0000000
  112.0387264  250.3956036  228.7021259  216.7274669  213.8187655  201.2319416  181.3193325    0.0000000    0.0000000    0.0000000    0.0000000    0.0000000    0.0000000  218.7060095  222.1323391  221.7285802  221.4351442  220.6682191  226.6837040    0.0000000    0.0000000    0.0000000    0.0000000    0.0000000    0.0000000
  113.3542413  250.3956036  227.0538956  215.0773611  212.1629120  200.1728909  181.5502298    0.0000000    0.0000000    0.0000000    0.0000000    0.0000000    0.0000000  217.5168193  220.4758699  220.1041179  219.8125788  219.6650176  226.9916747    0.0000000    0.0000000    0.0000000    0.0000000    0.0000000    0.0000000
  114.6748649  249.0792402  226.9916747  213.8187655  212.1629120  198.4947724  179.8113883    0.0000000    0.0000000    0.0000000    0.0000000    0.0000000    0.0000000  216.0715333  220.3896594  218.8672116  218.4272295  218.0488802  225.3499330    0.0000000    0.0000000    0.0000000    0.0000000    0.0000000    0.0000000
  116.0005778  249.0792402  225.3499330  212.1629120  210.9954741  198.4947724  178.0954330    0.0000000    0.0000000    0.0000000    0.0000000    0.0000000    0.0000000  214.8727370  218.7398319  217.2369816  217.2836137  216.6196513  223.7311560    0.0000000    0.0000000    0.0000000    0.0000000    0.0000000    0.0000000
  117.3313603  248.1878289  223.7311560  212.1629120  209.9387773  197.5662338  176.3508364    0.0000000    0.0000000    0.0000000    0.0000000    0.0000000    0.0000000  213.8438646  217.1128474  215.8499057  216.2495850  215.7415522  222.0843108    0.0000000    0.0000000    0.0000000    0.0000000    0.0000000    0.0000000
  118.6671932  247.1995603  222.2689746  210.9954741  208.2764466  195.9332424  173.1876546    0.0000000    0.0000000    0.0000000    0.0000000    0.0000000    0.0000000  212.7200259  215.6410000  214.6985590  214.6159324  214.1659745  220.6668892    0.0000000    0.0000000    0.0000000    0.0000000    0.0000000    0.0000000
  120.0080576  247.1995603  221.9111462  209.9387773  207.0486189  194.4419318  171.4312943    0.0000000    0.0000000    0.0000000    0.0000000    0.0000000    0.0000000  211.5065189  215.2625689  213.6568185  213.4123915  212.7305883  219.0115555    0.0000000    0.0000000    0.0000000    0.0000000    0.0000000    0.0000000
  121.3539345  246.0926675  220.2669390  208.2764466  205.5727987  193.1829251  171.2691950    0.0000000    0.0000000    0.0000000    0.0000000    0.0000000    0.0000000  210.2610239  213.6107290  212.0154735  211.9632923  211.5251089  218.9348001    0.0000000    0.0000000    0.0000000    0.0000000    0.0000000    0.0000000
  122.7048055  246.0926675  218.9348001  207.0486189  205.5727987  191.9749157  169.5149439    0.0000000    0.0000000    0.0000000    0.0000000    0.0000000    0.0000000  209.0380535  212.2679423  210.8042597  210.5536751  210.3700407  217.2820559    0.0000000    0.0000000    0.0000000    0.0000000    0.0000000    0.0000000
  124.0606521  244.4893462  217.2820559  207.0486189  204.5559399  190.4292077  167.7835191    0.0000000    0.0000000    0.0000000    0.0000000    0.0000000    0.0000000  207.2969336  210.6078615  209.3968521  209.5543782  208.8805735  215.6521338    0.0000000    0.0000000    0.0000000    0.0000000    0.0000000    0.0000000
  125.4214561  243.4132096  216.7274669  205.5727987  202.8826570  190.6954816  166.4316255    0.0000000    0.0000000    0.0000000    0.0000000    0.0000000    0.0000000  206.0786546  210.0350588  207.9355007  207.9051857  209.1848894  214.3981548    0.0000000    0.0000000    0.0000000    0.0000000    0.0000000    0.0000000
  126.7871995  243.4132096  215.0773611  204.5559399  201.2319416  190.9616060  164.6686194    0.0000000    0.0000000    0.0000000    0.0000000    0.0000000    0.0000000  204.8412364  208.3777984  206.9285069  206.2782998  209.4889769  212.7373657    0.0000000    0.0000000    0.0000000    0.0000000    0.0000000    0.0000000
  128.1578646  243.4132096  213.8187655  202.8826570  201.2319416  189.2428224  161.1745531    0.0000000    0.0000000    0.0000000    0.0000000    0.0000000    0.0000000  203.5994857  207.1082365  205.2716393  204.8531919  207.8279239  211.0228700    0.0000000    0.0000000    0.0000000    0.0000000    0.0000000    0.0000000
  129.5334336  242.2923258  213.8187655  202.8826570  200.1728909  189.5055236  159.4029403    0.0000000    0.0000000    0.0000000    0.0000000    0.0000000    0.0000000  202.3278234  205.7613766  203.8483061  203.8074938  208.1284580  209.3566640    0.0000000    0.0000000    0.0000000    0.0000000    0.0000000    0.0000000
  130.9138893  242.2923258  212.1629120  201.2319416  198.4947724  189.5055236  159.1212253    0.0000000    0.0000000    0.0000000    0.0000000    0.0000000    0.0000000  201.0767576  204.0931230  202.2091779  202.1488948  206.6581964  209.1656274    0.0000000    0.0000000    0.0000000    0.0000000    0.0000000    0.0000000
  132.2992143  241.3191771  210.9954741  200.1728909  197.5662338  189.7680419  157.3446297    0.0000000    0.0000000    0.0000000    0.0000000    0.0000000    0.0000000  199.9473550  202.9085145  201.1557969  201.2323564  206.9543955  207.4948153    0.0000000    0.0000000    0.0000000    0.0000000    0.0000000    0.0000000
  133.6893916  241.3191771  209.9387773  200.1728909  197.5662338  188.0403697  155.5908523    0.0000000    0.0000000    0.0000000    0.0000000    0.0000000    0.0000000  198.6870252  201.8336528  199.7209766  199.7915550  205.2802217  205.8467357    0.0000000    0.0000000    0.0000000    0.0000000    0.0000000    0.0000000
  135.0844044  241.3191771  208.2764466  198.4947724  195.9332424  188.2994002  154.2981917    0.0000000    0.0000000    0.0000000    0.0000000    0.0000000    0.0000000  197.4223623  200.1593258  198.0501330  198.1730677  205.5727987  204.6552915    0.0000000    0.0000000    0.0000000    0.0000000    0.0000000    0.0000000
  136.4842358  239.9614247  207.0486189  197.5662338  194.4419318  186.5352433  152.5158158    0.0000000    0.0000000    0.0000000    0.0000000    0.0000000    0.0000000  195.9033756  198.9152684  197.1213862  196.6948332  203.8623347  202.9791459    0.0000000    0.0000000    0.0000000    0.0000000    0.0000000    0.0000000
  137.8888695  239.9614247  205.5727987  195.9332424  194.4419318  184.7990744  150.7308340    0.0000000    0.0000000    0.0000000    0.0000000    0.0000000    0.0000000  194.6295102  197.4258094  195.4952444  195.2427059  202.1794929  201.3005255    0.0000000    0.0000000    0.0000000    0.0000000    0.0000000    0.0000000
  139.2982890  239.9614247  204.5559399  195.9332424  193.1829251  183.0604474  148.9829068    0.0000000    0.0000000    0.0000000    0.0000000    0.0000000    0.0000000  193.3513119  196.3908326  194.0442301  193.9899261  200.4941312  199.6586827    0.0000000    0.0000000    0.0000000    0.0000000    0.0000000    0.0000000
  140.7124781  238.8265042  202.8826570  194.4419318  191.9749157  181.3193325  145.3980972    0.0000000    0.0000000    0.0000000    0.0000000    0.0000000    0.0000000  192.0442562  194.7061055  192.5538024  192.7876352  198.8062199  197.8906861    0.0000000    0.0000000    0.0000000    0.0000000    0.0000000    0.0000000
  142.1314208  238.8265042  201.2319416  193.1829251  190.4292077  181.3193325  145.0603752    0.0000000    0.0000000    0.0000000    0.0000000    0.0000000    0.0000000  190.7569207  193.0438295  191.2933824  191.2510246  197.3060382  197.6479958    0.0000000    0.0000000    0.0000000    0.0000000    0.0000000    0.0000000
  143.5551012  237.8939631  200.1728909  193.1829251  190.4292077  181.5502298  143.3795747    0.0000000    0.0000000    0.0000000    0.0000000    0.0000000    0.0000000  189.6464524  191.9674098  189.8306585  189.7829339  197.5662338  196.0757366    0.0000000    0.0000000    0.0000000    0.0000000    0.0000000    0.0000000
  144.9835037  237.8939631  198.4947724  191.9749157  190.6954816  179.8113883  141.5703513    0.0000000    0.0000000    0.0000000    0.0000000    0.0000000    0.0000000  188.3500336  190.2782209  188.6162023  190.0356919  195.8763042  194.3764072    0.0000000    0.0000000    0.0000000    0.0000000    0.0000000    0.0000000
  146.4166126  237.8939631  197.5662338  190.4292077  190.9616060  178.0954330  140.2131198    0.0000000    0.0000000    0.0000000    0.0000000    0.0000000    0.0000000  187.0493016  189.3312232  187.0674653  190.2883168  194.2089481  193.1246085    0.0000000    0.0000000    0.0000000    0.0000000    0.0000000    0.0000000
  147.8544126  237.8939631  195.9332424  190.4292077  190.9616060  176.3508364  138.4045288    0.0000000    0.0000000    0.0000000    0.0000000    0.0000000    0.0000000  185.7442513  187.6869240  185.5929527  188.8086776  192.5131535  191.4260130    0.0000000    0.0000000    0.0000000    0.0000000    0.0000000    0.0000000
  149.2968883  236.6459059  194.4419318  190.6954816  189.2428224  174.9415177  136.6929888    0.0000000    0.0000000    0.0000000    0.0000000    0.0000000    0.0000000  184.3082861  186.1829948  185.8335841  187.0917740  191.1492003  189.8235382    0.0000000    0.0000000    0.0000000    0.0000000    0.0000000    0.0000000
  150.7440247  236.6459059  193.1829251  190.9616060  189.5055236  174.9415177  134.8781144    0.0000000    0.0000000    0.0000000    0.0000000    0.0000000    0.0000000  182.9942374  184.9091520  186.0741220  187.3365686  189.6268247  188.1187938    0.0000000    0.0000000    0.0000000    0.0000000    0.0000000    0.0000000
  152.1958069  235.4969333  191.9749157  190.9616060  189.5055236  173.1876546  133.1003147    0.0000000    0.0000000    0.0000000    0.0000000    0.0000000    0.0000000  181.6527624  183.6859013  184.5877602  185.8453013  187.9175802  186.4507764    0.0000000    0.0000000    0.0000000    0.0000000    0.0000000    0.0000000
  153.6522199  235.4969333  190.4292077  189.2428224  189.7680419  171.4312943  131.5167653    0.0000000    0.0000000    0.0000000    0.0000000    0.0000000    0.0000000  180.3297698  182.1284333  182.8587777  186.0854724  186.2057851  184.9750821    0.0000000    0.0000000    0.0000000    0.0000000    0.0000000    0.0000000
  155.1132492  235.4969333  190.6954816  189.2428224  188.0403697  171.2691950  129.6979118    0.0000000    0.0000000    0.0000000    0.0000000    0.0000000    0.0000000  179.0024892  182.3649313  181.3650314  184.3553965  186.0722303  183.2664444    0.0000000    0.0000000    0.0000000    0.0000000    0.0000000    0.0000000
  156.5788802  235.4969333  190.9616060  189.5055236  188.0403697  169.5149439  130.0418398    0.0000000    0.0000000    0.0000000    0.0000000    0.0000000    0.0000000  177.6709191  182.6013845  181.5932778  182.8524393  184.3623675  185.4301576    0.0000000    0.0000000    0.0000000    0.0000000    0.0000000    0.0000000
  158.0490985  234.1139221  189.2428224  189.7680419  188.2994002  169.5149439  128.2138810    0.0000000    0.0000000    0.0000000    0.0000000    0.0000000    0.0000000  176.0849987  180.8728814  181.8214251  183.0847865  182.8216379  183.7155042    0.0000000    0.0000000    0.0000000    0.0000000    0.0000000    0.0000000
  159.5238897  234.1139221  189.5055236  189.7680419  186.5352433  167.7835191  128.3820779    0.0000000    0.0000000    0.0000000    0.0000000    0.0000000    0.0000000  174.7445749  181.1061504  180.3157323  181.3142330  181.1301840  183.9770427    0.0000000    0.0000000    0.0000000    0.0000000    0.0000000    0.0000000
  161.0032399  234.1139221  189.7680419  188.0403697  186.5352433  166.4316255  128.5500137    0.0000000    0.0000000    0.0000000    0.0000000    0.0000000    0.0000000  173.3998799  181.3393400  178.5691859  179.7995399  179.8143952  184.2383137    0.0000000    0.0000000    0.0000000    0.0000000    0.0000000    0.0000000
  162.4871349  232.9770221  188.0403697  188.2994002  184.7990744  164.6686194  126.7128935    0.0000000    0.0000000    0.0000000    0.0000000    0.0000000    0.0000000  172.0496291  179.6023421  178.7895704  178.0523139  178.0915344  182.5145635    0.0000000    0.0000000    0.0000000    0.0000000    0.0000000    0.0000000
  163.9755609    0.0000000  188.2994002  186.5352433  183.0604474  164.6686194  126.8771855    0.0000000    0.0000000    0.0000000    0.0000000    0.0000000    0.0000000 -144.6706654  179.8322803  177.0070943  176.3027221  176.5363813  182.7721893    0.0000000    0.0000000    0.0000000    0.0000000    0.0000000    0.0000000
  165.4685042    0.0000000  186.5352433  184.7990744  183.0604474  162.9030425  127.0412156    0.0000000    0.0000000    0.0000000    0.0000000    0.0000000    0.0000000 -146.0673894  178.0593633  175.2524207  174.7762606  174.8067928  183.0295278    0.0000000    0.0000000    0.0000000    0.0000000    0.0000000    0.0000000
  166.9659510    0.0000000  184.7990744  183.0604474  181.3193325  161.1745531  125.1948853    0.0000000    0.0000000    0.0000000    0.0000000    0.0000000    0.0000000 -147.4682865  176.3142539  173.4954077  173.0198590  173.1138582  181.2965756    0.0000000    0.0000000    0.0000000    0.0000000    0.0000000    0.0000000
  168.4678880    0.0000000  183.0604474  181.3193325  181.3193325  159.4029403  125.3552680    0.0000000    0.0000000    0.0000000    0.0000000    0.0000000    0.0000000 -148.8733441  174.5668101  171.7360253  171.4860136  171.3781693  181.5502298    0.0000000    0.0000000    0.0000000    0.0000000    0.0000000    0.0000000
  169.9743017    0.0000000  181.3193325  181.5502298  181.5502298  159.4029403  123.5030740    0.0000000    0.0000000    0.0000000    0.0000000    0.0000000    0.0000000 -150.2825498  172.8170020  171.9290282  171.6775792  169.8084553  179.8113883    0.0000000    0.0000000    0.0000000    0.0000000    0.0000000    0.0000000
  171.4851789    0.0000000  181.5502298  179.8113883  179.8113883  159.1212253  121.6740477    0.0000000    0.0000000    0.0000000    0.0000000    0.0000000    0.0000000 -151.6958913  173.0195839  170.1720826  169.9191966  169.5435955  178.0954330    0.0000000    0.0000000    0.0000000    0.0000000    0.0000000    0.0000000
  173.0005064    0.0000000  179.8113883  178.0954330  178.0954330  157.3446297  119.8161461    0.0000000    0.0000000    0.0000000    0.0000000    0.0000000    0.0000000 -153.1133565  171.2722222  168.4378867  168.1835639  167.7987503  176.3508364    0.0000000    0.0000000    0.0000000    0.0000000    0.0000000    0.0000000
  174.5202712    0.0000000  178.0954330  176.3508364  176.3508364  155.5908523  117.9557177    0.0000000    0.0000000    0.0000000    0.0000000    0.0000000    0.0000000 -154.5349333  169.5476149  166.6754281  166.4196689  166.0764421  174.6036788    0.0000000    0.0000000    0.0000000    0.0000000    0.0000000    0.0000000
  176.0444604    0.0000000  176.3508364  174.9415177  174.9415177  155.5908523  116.0927410    0.0000000    0.0000000    0.0000000    0.0000000    0.0000000    0.0000000 -155.9606097  167.7947496  165.2449863  164.9877909  164.4920641  172.8539345    0.0000000    0.0000000    0.0000000    0.0000000    0.0000000    0.0000000
  177.5730611    0.0000000  174.9415177  173.1876546  173.1876546  154.2981917  114.2271953    0.0000000    0.0000000    0.0000000    0.0000000    0.0000000    0.0000000 -157.3903739  166.3739056  163.4735369  163.2149056  163.2221101  171.1015785    0.0000000    0.0000000    0.0000000    0.0000000    0.0000000    0.0000000
  179.1060606    0.0000000  173.1876546  171.4312943  171.4312943  152.5158158  112.3590603    0.0000000    0.0000000    0.0000000    0.0000000    0.0000000    0.0000000 -158.8242141  164.6120585  161.6997062  161.4396393  161.4672939  169.3465870    0.0000000    0.0000000    0.0000000    0.0000000    0.0000000    0.0000000
  180.6434465    0.0000000  171.4312943  171.2691950  171.2691950  150.7308340  110.8622289    0.0000000    0.0000000    0.0000000    0.0000000    0.0000000    0.0000000 -160.2621187  162.8478345  161.5042844  161.2427822  159.7098545  167.9591097    0.0000000    0.0000000    0.0000000    0.0000000    0.0000000    0.0000000
  182.1852062    0.0000000  171.2691950  169.5149439  169.5149439  150.7308340  108.9922025    0.0000000    0.0000000    0.0000000    0.0000000    0.0000000    0.0000000 -161.7040761  162.6620238  159.7327226  159.4697853  158.1107384  166.2020893    0.0000000    0.0000000    0.0000000    0.0000000    0.0000000    0.0000000
  183.7313272    0.0000000  169.5149439  167.7835191  167.7835191  148.9829068  109.1288832    0.0000000    0.0000000    0.0000000    0.0000000    0.0000000    0.0000000 -163.1500748  160.9000773  157.9838486  157.7194766  156.3858540  166.4316255    0.0000000    0.0000000    0.0000000    0.0000000    0.0000000    0.0000000
  185.2817975    0.0000000  167.7835191  166.4316255  166.4316255  147.1918257  107.2529830    0.0000000    0.0000000    0.0000000    0.0000000    0.0000000    0.0000000 -164.6001035  159.1608230  156.6108001  156.3449936  154.6182132  164.6686194    0.0000000    0.0000000    0.0000000    0.0000000    0.0000000    0.0000000
  186.8366047    0.0000000  166.4316255  166.4316255  164.6686194  147.1918257  105.3745773    0.0000000    0.0000000    0.0000000    0.0000000    0.0000000    0.0000000 -166.0541510  157.7973982  155.0414508  154.5635987  153.0083883  162.9030425    0.0000000    0.0000000    0.0000000    0.0000000    0.0000000    0.0000000
  188.3957369    0.0000000  164.6686194  164.6686194  162.9030425  145.3980972  103.5337281    0.0000000    0.0000000    0.0000000    0.0000000    0.0000000    0.0000000 -167.5122060  156.0270652  153.2563300  152.7797477  151.2340143  161.1745531    0.0000000    0.0000000    0.0000000    0.0000000    0.0000000    0.0000000
  189.9591820    0.0000000  162.9030425  162.9030425  161.1745531  145.0603752  101.6494175    0.0000000    0.0000000    0.0000000    0.0000000    0.0000000    0.0000000 -168.9742575  154.2542800  151.4687598  151.0327021  150.9010625  159.4029403    0.0000000    0.0000000    0.0000000    0.0000000    0.0000000    0.0000000
  191.5269283    0.0000000  161.1745531  161.1745531  161.1745531  145.0603752   99.7625619    0.0000000    0.0000000    0.0000000    0.0000000    0.0000000    0.0000000 -170.4402944  152.5183037  149.7180013  149.4464595  149.2804720  157.6287086    0.0000000    0.0000000    0.0000000    0.0000000    0.0000000    0.0000000
  193.0989638    0.0000000  159.4029403  159.4029403  159.4029403  143.3795747   97.8731418    0.0000000    0.0000000    0.0000000    0.0000000    0.0000000    0.0000000 -171.9103060  150.7397273  147.9246454  147.6516705  147.6137790  155.8518358    0.0000000    0.0000000    0.0000000    0.0000000    0.0000000    0.0000000
  194.6752771    0.0000000  159.1212253  159.1212253  159.1212253  141.5703513   96.0200816    0.0000000    0.0000000    0.0000000    0.0000000    0.0000000    0.0000000 -173.3842813  150.4362413  147.6063828  147.3319749  145.8199330  154.1108546    0.0000000    0.0000000    0.0000000    0.0000000    0.0000000    0.0000000
  196.2558564    0.0000000  157.3446297  157.3446297  157.3446297  141.5703513   94.1246945    0.0000000    0.0000000    0.0000000    0.0000000    0.0000000    0.0000000 -174.8622097  148.6529147  145.8082821  145.5324416  144.1885320  152.3278624    0.0000000    0.0000000    0.0000000    0.0000000    0.0000000    0.0000000
  197.8406903    0.0000000  155.5908523  155.5908523  155.5908523  140.2131198   92.2267080    0.0000000    0.0000000    0.0000000    0.0000000    0.0000000    0.0000000 -176.3440805  146.8922689  144.0328650  143.7555922  142.8380856  150.5421871    0.0000000    0.0000000    0.0000000    0.0000000    0.0000000    0.0000000
  199.4297674    0.0000000  154.2981917  154.2981917  154.2981917  140.2131198   90.3261042    0.0000000    0.0000000    0.0000000    0.0000000    0.0000000    0.0000000 -177.8298832  145.5882192  142.7140467  142.4353418  141.1998945  148.7538088    0.0000000    0.0000000    0.0000000    0.0000000    0.0000000    0.0000000
  201.0230764    0.0000000  152.5158158  152.5158158  152.5158158  138.4045288   88.4607490    0.0000000    0.0000000    0.0000000    0.0000000    0.0000000    0.0000000 -179.3196073  143.7994413  140.9105029  140.6303662  139.3985427  147.0002124    0.0000000    0.0000000    0.0000000    0.0000000    0.0000000    0.0000000
  202.6206062    0.0000000  150.7308340  150.7308340  150.7308340  136.6929888   86.8993861    0.0000000    0.0000000    0.0000000    0.0000000    0.0000000    0.0000000 -180.8132424  142.0081733  139.1044716  138.8229033  137.6932765  145.5474520    0.0000000    0.0000000    0.0000000    0.0000000    0.0000000    0.0000000
  204.2223455    0.0000000  148.9829068  148.9829068  148.9829068  136.6929888   84.9885108    0.0000000    0.0000000    0.0000000    0.0000000    0.0000000    0.0000000 -182.3107783  140.2536785  137.3352162  137.0522166  136.0442007  143.7485562    0.0000000    0.0000000    0.0000000    0.0000000    0.0000000    0.0000000
  205.8282833    0.0000000  147.1918257  147.1918257  147.1918257  134.8781144   85.0843909    0.0000000    0.0000000    0.0000000    0.0000000    0.0000000    0.0000000 -183.8122047  138.4565503  135.5233299  135.2388993  134.2325980  143.9362281    0.0000000    0.0000000    0.0000000    0.0000000    0.0000000    0.0000000
  207.4384088    0.0000000  145.3980972  145.3980972  145.3980972  134.8781144   83.2261269    0.0000000    0.0000000    0.0000000    0.0000000    0.0000000    0.0000000 -185.3175114  136.6568898  133.7089140  133.4230525  132.5766541  142.1891753    0.0000000    0.0000000    0.0000000    0.0000000    0.0000000    0.0000000
  209.0527109    0.0000000  145.0603752  145.0603752  145.0603752  133.1003147   81.3059700    0.0000000    0.0000000    0.0000000    0.0000000    0.0000000    0.0000000 -186.8266884  136.2987638  133.3360353  133.0487433  130.7977351  140.3807250    0.0000000    0.0000000    0.0000000    0.0000000    0.0000000    0.0000000
  210.6711791    0.0000000  143.3795747  143.3795747  143.3795747  133.1003147   79.3833620    0.0000000    0.0000000    0.0000000    0.0000000    0.0000000    0.0000000 -188.3397258  134.6111358  131.6336571  131.3449347  129.1348889  138.5697227    0.0000000    0.0000000    0.0000000    0.0000000    0.0000000    0.0000000
  212.2938025    0.0000000  141.5703513  141.5703513  141.5703513  131.5167653   77.5155807    0.0000000    0.0000000    0.0000000    0.0000000    0.0000000    0.0000000 -189.8566136  132.7973670  129.8051407  129.5149883  127.5442742  136.8128720    0.0000000    0.0000000    0.0000000    0.0000000    0.0000000    0.0000000
  213.9205705    0.0000000  141.5703513  140.2131198  140.2131198  131.5167653   75.5870018    0.0000000    0.0000000    0.0000000    0.0000000    0.0000000    0.0000000 -191.3773420  131.2514071  128.4241910  128.1326088  125.8744957  134.9957035    0.0000000    0.0000000    0.0000000    0.0000000    0.0000000    0.0000000
  215.5514726    0.0000000  140.2131198  138.4045288  138.4045288  129.6979118   73.7131794    0.0000000    0.0000000    0.0000000    0.0000000    0.0000000    0.0000000 -192.9019013  129.8803776  126.5964896  126.3034778  124.0469433  133.2326141    0.0000000    0.0000000    0.0000000    0.0000000    0.0000000    0.0000000
  217.1864984    0.0000000  138.4045288  136.6929888  136.6929888  129.6979118   73.7131794    0.0000000    0.0000000    0.0000000    0.0000000    0.0000000    0.0000000 -194.4302817  128.0625989  124.8649625  124.5705214  122.3702059  131.4711054    0.0000000    0.0000000    0.0000000    0.0000000    0.0000000    0.0000000
  218.8256375    0.0000000  136.6929888  134.8781144  134.8781144  129.8700054   71.7786164    0.0000000    0.0000000    0.0000000    0.0000000    0.0000000    0.0000000 -195.9624737  126.3409970  123.0312280  122.7353578  122.5097225  129.6444210    0.0000000    0.0000000    0.0000000    0.0000000    0.0000000    0.0000000
  220.4688796    0.0000000  134.8781144  133.1003147  133.1003147  130.0418398   69.8415527    0.0000000    0.0000000    0.0000000    0.0000000    0.0000000    0.0000000 -197.4984676  124.5171902  121.2342904  120.9369914  122.6490364  127.8151267    0.0000000    0.0000000    0.0000000    0.0000000    0.0000000    0.0000000
  222.1162144    0.0000000  134.8781144  131.5167653  131.5167653  130.0418398   67.9019696    0.0000000    0.0000000    0.0000000    0.0000000    0.0000000    0.0000000 -199.0382542  122.9540361  119.6297535  119.3310260  120.9613132  125.9832030    0.0000000    0.0000000    0.0000000    0.0000000    0.0000000    0.0000000
  223.7676318    0.0000000  133.1003147  129.6979118  129.6979118  128.2138810   66.1739746    0.0000000    0.0000000    0.0000000    0.0000000    0.0000000    0.0000000 -200.5818239  121.1632174  117.7923580  117.4922020  119.1168914  124.3606153    0.0000000    0.0000000    0.0000000    0.0000000    0.0000000    0.0000000
  225.4231219    0.0000000  133.1003147  129.8700054  129.8700054  128.2138810   64.2656411    0.0000000    0.0000000    0.0000000    0.0000000    0.0000000    0.0000000 -202.1291674  119.5933544  117.9260920  117.6245079  117.4221759  122.5593555    0.0000000    0.0000000    0.0000000    0.0000000    0.0000000    0.0000000
  227.0826744    0.0000000  131.5167653  130.0418398  130.0418398  128.3820779   62.3274391    0.0000000    0.0000000    0.0000000    0.0000000    0.0000000    0.0000000 -203.6802755  117.9911483  118.0596612  117.7566493  117.5500268  120.7283880    0.0000000    0.0000000    0.0000000    0.0000000    0.0000000    0.0000000
  228.7462797    0.0000000  129.6979118  128.2138810  128.2138810  128.3820779   60.3864663    0.0000000    0.0000000    0.0000000    0.0000000    0.0000000    0.0000000 -205.2351390  116.1561052  116.2135265  115.9090870  115.8483025  118.8945387    0.0000000    0.0000000    0.0000000    0.0000000    0.0000000    0.0000000
  230.4139277    0.0000000  129.6979118  128.3820779  128.3820779  128.5500137   60.3841642    0.0000000    0.0000000    0.0000000    0.0000000    0.0000000    0.0000000 -206.7937488  114.5757338  116.3436768  116.0378099  115.9719932  118.9798341    0.0000000    0.0000000    0.0000000    0.0000000    0.0000000    0.0000000
  232.0856087    0.0000000  129.8700054  128.5500137  128.5500137  128.5500137   60.4563611    0.0000000    0.0000000    0.0000000    0.0000000    0.0000000    0.0000000 -208.3560958  114.7080627  116.4736594  116.1663653  114.2632462  119.1387434    0.0000000    0.0000000    0.0000000    0.0000000    0.0000000    0.0000000
  233.7613130    0.0000000  129.8700054  126.7128935  126.7128935  126.7128935   58.5139552    0.0000000    0.0000000    0.0000000    0.0000000    0.0000000    0.0000000 -209.9221710  113.1209749  114.6187269  114.3100059  112.3980495  117.3030550    0.0000000    0.0000000    0.0000000    0.0000000    0.0000000    0.0000000
  235.4410310    0.0000000  130.0418398  126.8771855  126.8771855  126.8771855   58.5139552    0.0000000    0.0000000    0.0000000    0.0000000    0.0000000    0.0000000 -211.4919656  113.2494024  114.7452823  114.4351346  112.5143426  115.5064669    0.0000000    0.0000000    0.0000000    0.0000000    0.0000000    0.0000000
  237.1247531    0.0000000  128.2138810  127.0412156  127.0412156  127.0412156   58.5827288    0.0000000    0.0000000    0.0000000    0.0000000    0.0000000    0.0000000 -213.0654706  111.3981663  114.8716682  114.5600940  112.6304677  115.6583435    0.0000000    0.0000000    0.0000000    0.0000000    0.0000000    0.0000000
  238.8124699    0.0000000  128.2138810  125.1948853  125.1948853  125.1948853   58.6513648    0.0000000    0.0000000    0.0000000    0.0000000    0.0000000    0.0000000 -214.6426772  109.8006003  113.0078866  112.6948862  110.7564270  115.8099423    0.0000000    0.0000000    0.0000000    0.0000000    0.0000000    0.0000000
  240.5041718    0.0000000  128.3820779  125.3552680  125.3552680  125.3552680   56.7001338    0.0000000    0.0000000    0.0000000    0.0000000    0.0000000    0.0000000 -216.2235767  109.9219431  113.1308397  112.8164134  110.8691227  113.9617307    0.0000000    0.0000000    0.0000000    0.0000000    0.0000000    0.0000000
  242.1998495    0.0000000  128.5500137  123.5030740  123.5030740  123.5030740   56.7653497    0.0000000    0.0000000    0.0000000    0.0000000    0.0000000    0.0000000 -217.8081605  110.0431671  111.2614307  110.9455785  108.9894579  114.1096590    0.0000000    0.0000000    0.0000000    0.0000000    0.0000000    0.0000000
  243.8994937    0.0000000  128.5500137  121.6740477  121.6740477  121.6740477   56.8304319    0.0000000    0.0000000    0.0000000    0.0000000    0.0000000    0.0000000 -219.3964199  108.4351527  109.4150460  109.0977683  107.1328190  114.2573124    0.0000000    0.0000000    0.0000000    0.0000000    0.0000000    0.0000000
  245.6030951    0.0000000  126.7128935  119.8161461  119.8161461  119.8161461   54.8703367    0.0000000    0.0000000    0.0000000    0.0000000    0.0000000    0.0000000 -220.9883463  106.5677856  107.5401628  107.2214598  105.2476833  112.3998971    0.0000000    0.0000000    0.0000000    0.0000000    0.0000000    0.0000000
  247.3106447    0.0000000  126.7128935  117.9557177  117.9557177  117.9557177   54.9320034    0.0000000    0.0000000    0.0000000    0.0000000    0.0000000    0.0000000 -222.5839314  104.9530666  105.6628658  105.3427377  103.3601354  112.5438828    0.0000000    0.0000000    0.0000000    0.0000000    0.0000000    0.0000000
  249.0221333    0.0000000  126.8771855  116.0927410  116.0927410  116.0927410   54.9320034    0.0000000    0.0000000    0.0000000    0.0000000    0.0000000    0.0000000 -224.1831665  105.0635328  103.7831333  103.4615804  101.4701536  110.7218880    0.0000000    0.0000000    0.0000000    0.0000000    0.0000000    0.0000000
  250.7375518    0.0000000  127.0412156  114.2271953  114.2271953  114.2271953   54.9935406    0.0000000    0.0000000    0.0000000    0.0000000    0.0000000    0.0000000 -225.7860435  105.1738957  101.9009446  101.5779669   99.5777171  110.8622289    0.0000000    0.0000000    0.0000000    0.0000000    0.0000000    0.0000000
  252.4568913    0.0000000  127.0412156  112.3590603  112.3590603  112.3590603   53.0245474    0.0000000    0.0000000    0.0000000    0.0000000    0.0000000    0.0000000 -227.3925539  103.5487719  100.0162793   99.6918773   97.6828057  108.9922025    0.0000000    0.0000000    0.0000000    0.0000000    0.0000000    0.0000000
  254.1801428    0.0000000  125.1948853  110.8622289  110.8622289  110.8622289   53.0826750    0.0000000    0.0000000    0.0000000    0.0000000    0.0000000    0.0000000 -229.0026894  101.6653425   98.4992911   98.1734648   96.1555730  109.1288832    0.0000000    0.0000000    0.0000000    0.0000000    0.0000000    0.0000000
  255.9072975    0.0000000  125.3552680  108.9922025  108.9922025  108.9922025   51.1080364    0.0000000    0.0000000    0.0000000    0.0000000    0.0000000    0.0000000 -230.6164420  101.7687221   96.6129259   96.2856756   94.2589648  107.2529830    0.0000000    0.0000000    0.0000000    0.0000000    0.0000000    0.0000000
  257.6383466    0.0000000  125.3552680  109.1288832  109.1288832  109.1288832   49.1310110    0.0000000    0.0000000    0.0000000    0.0000000    0.0000000    0.0000000 -232.2338034  100.1332288   96.7132867   96.3846127   94.3490843  105.3745773    0.0000000    0.0000000    0.0000000    0.0000000    0.0000000    0.0000000
  259.3732813    0.0000000  123.5030740  107.2529830  107.2529830  107.2529830   49.1310110    0.0000000    0.0000000    0.0000000    0.0000000    0.0000000    0.0000000 -233.8547655   98.2406509   94.8212780   94.4911804   92.4468357  103.5337281    0.0000000    0.0000000    0.0000000    0.0000000    0.0000000    0.0000000
  261.1120930    0.0000000  123.5030740  105.3745773  105.3745773  105.3745773   47.1515773    0.0000000    0.0000000    0.0000000    0.0000000    0.0000000    0.0000000 -235.4793202   96.5984811   92.9268741   92.5953532   90.5421936  101.6494175    0.0000000    0.0000000    0.0000000    0.0000000    0.0000000    0.0000000
  262.8547730    0.0000000  121.6740477  103.5337281  103.5337281  103.5337281   45.1697148    0.0000000    0.0000000    0.0000000    0.0000000    0.0000000    0.0000000 -237.1074597   94.7253533   91.0697362   90.7367921   88.6748189   99.7625619    0.0000000    0.0000000    0.0000000    0.0000000    0.0000000    0.0000000
  264.6013128    0.0000000  121.6740477  101.6494175  101.6494175  101.6494175   43.1854034    0.0000000    0.0000000    0.0000000    0.0000000    0.0000000    0.0000000 -238.7391760   93.0765108   89.1696561   88.8352892   86.7645037   97.8731418    0.0000000    0.0000000    0.0000000    0.0000000    0.0000000    0.0000000
  266.3517039    0.0000000  119.8161461   99.7625619   99.7625619   99.7625619   43.1854034    0.0000000    0.0000000    0.0000000    0.0000000    0.0000000    0.0000000 -240.3744611   91.1713312   87.2671410   86.9313514   84.8517550   96.0200816    0.0000000    0.0000000    0.0000000    0.0000000    0.0000000    0.0000000
  268.1059377    0.0000000  117.9557177   97.8731418   97.8731418   97.8731418   41.1986238    0.0000000    0.0000000    0.0000000    0.0000000    0.0000000    0.0000000 -242.0133073   89.2638362   85.3621711   85.0249590   82.9365530   94.1246945    0.0000000    0.0000000    0.0000000    0.0000000    0.0000000    0.0000000
  269.8640059    0.0000000  117.9557177   96.0200816   96.0200816   96.0200816   39.2093573    0.0000000    0.0000000    0.0000000    0.0000000    0.0000000    0.0000000 -243.6557067   87.6046949   83.4932814   83.1546471   81.0574327   92.2267080    0.0000000    0.0000000    0.0000000    0.0000000    0.0000000    0.0000000
  271.6259002    0.0000000  116.0927410   94.1246945   94.1246945   94.1246945   37.2175857    0.0000000    0.0000000    0.0000000    0.0000000    0.0000000    0.0000000 -245.3016517   85.6912400   81.5825717   81.2425153   79.1364940   90.3261042    0.0000000    0.0000000    0.0000000    0.0000000    0.0000000    0.0000000
  273.3916123    0.0000000  116.0927410   92.2267080   92.2267080   92.2267080   37.2175857    0.0000000    0.0000000    0.0000000    0.0000000    0.0000000    0.0000000 -246.9511346   84.0254494   79.6693719   79.3278936   77.2130666   88.4607490    0.0000000    0.0000000    0.0000000    0.0000000    0.0000000    0.0000000
  275.1611339    0.0000000  114.2271953   90.3261042   90.3261042   90.3261042   35.2232916    0.0000000    0.0000000    0.0000000    0.0000000    0.0000000    0.0000000 -248.6041477   82.1060345   77.7536641   77.4107642   75.2871327   86.5541256    0.0000000    0.0000000    0.0000000    0.0000000    0.0000000    0.0000000
  276.9344568    0.0000000  112.3590603   90.3261042   88.4607490   88.4607490   33.2264578    0.0000000    0.0000000    0.0000000    0.0000000    0.0000000    0.0000000 -250.2606834   80.1842563   76.0174932   75.5286138   73.3961792   84.6448542    0.0000000    0.0000000    0.0000000    0.0000000    0.0000000    0.0000000
  278.7115729    0.0000000  112.3590603   88.4607490   86.8993861   86.8993861   31.2270681    0.0000000    0.0000000    0.0000000    0.0000000    0.0000000    0.0000000 -251.9207343   78.5082270   74.1320950   73.9474984   71.8062620   82.7329190    0.0000000    0.0000000    0.0000000    0.0000000    0.0000000    0.0000000
  280.4924742    0.0000000  110.8622289   86.8993861   84.9885108   84.9885108   31.2270681    0.0000000    0.0000000    0.0000000    0.0000000    0.0000000    0.0000000 -253.5842928   76.9506504   72.5477350   72.0204483   69.8704113   80.8552004    0.0000000    0.0000000    0.0000000    0.0000000    0.0000000    0.0000000
  282.2771525    0.0000000  110.8622289   84.9885108   85.0843909   85.0843909   29.2251066    0.0000000    0.0000000    0.0000000    0.0000000    0.0000000    0.0000000 -255.2513515   75.2679991   70.6174432   72.0801681   69.9213319   78.9372009    0.0000000    0.0000000    0.0000000    0.0000000    0.0000000    0.0000000
  284.0656000    0.0000000  108.9922025   85.0843909   85.0843909   83.2261269   27.2205579    0.0000000    0.0000000    0.0000000    0.0000000    0.0000000    0.0000000 -256.9219030   73.3375905   70.6739245   70.3239195   68.0377329   77.0165104    0.0000000    0.0000000    0.0000000    0.0000000    0.0000000    0.0000000
  285.8578087    0.0000000  109.1288832   83.2261269   83.2261269   81.3059700   27.2205579    0.0000000    0.0000000    0.0000000    0.0000000    0.0000000    0.0000000 -258.5959400   73.3940353   68.7958880   68.4444626   66.0929430   75.1297598    0.0000000    0.0000000    0.0000000    0.0000000    0.0000000    0.0000000
  287.6537707    0.0000000  109.1288832   81.3059700   81.3059700   79.3833620   25.2134072    0.0000000    0.0000000    0.0000000    0.0000000    0.0000000    0.0000000 -260.2734552   71.7012086   66.8566622   66.5038166   64.1458091   73.2029781    0.0000000    0.0000000    0.0000000    0.0000000    0.0000000    0.0000000
  289.4534783    0.0000000  109.1288832   79.3833620   79.3833620   77.5155807   23.2036401    0.0000000    0.0000000    0.0000000    0.0000000    0.0000000    0.0000000 -261.9544413   70.0053397   64.9150940   64.5608284   62.2530360   71.2734810    0.0000000    0.0000000    0.0000000    0.0000000    0.0000000    0.0000000
  291.2569235    0.0000000  107.2529830   77.5155807   77.5155807   75.5870018   21.7938234    0.0000000    0.0000000    0.0000000    0.0000000    0.0000000    0.0000000 -263.6388912   68.0624383   63.0278883   62.6722029   60.3001555   69.9378098    0.0000000    0.0000000    0.0000000    0.0000000    0.0000000    0.0000000
  293.0640987    0.0000000  105.3745773   75.5870018   75.5870018   73.7131794   21.7938234    0.0000000    0.0000000    0.0000000    0.0000000    0.0000000    0.0000000 -265.3267976   66.1172836   61.0805768   60.7234718   58.4015657   68.0385944    0.0000000    0.0000000    0.0000000    0.0000000    0.0000000    0.0000000
  294.8749962    0.0000000  105.3745773   73.7131794   73.7131794   71.7786164   19.7885823    0.0000000    0.0000000    0.0000000    0.0000000    0.0000000    0.0000000 -267.0181534   64.4112840   59.1875576   58.8290332   56.4429244   66.1099466    0.0000000    0.0000000    0.0000000    0.0000000    0.0000000    0.0000000
  296.6896084    0.0000000  103.5337281   71.7786164   71.7786164   69.8415527   19.7962664    0.0000000    0.0000000    0.0000000    0.0000000    0.0000000    0.0000000 -268.7129517   62.5000079   57.2344884   56.8745448   54.4818888   66.1739746    0.0000000    0.0000000    0.0000000    0.0000000    0.0000000    0.0000000
  298.5079277    0.0000000  103.5337281   69.8415527   69.8415527   67.9019696   19.7962664    0.0000000    0.0000000    0.0000000    0.0000000    0.0000000    0.0000000 -270.4111853   60.7874372   55.2790264   54.9176638   52.5184402   64.2656411    0.0000000    0.0000000    0.0000000    0.0000000    0.0000000    0.0000000
  300.3299465    0.0000000  101.6494175   67.9019696   67.9019696   66.1739746   17.7850314    0.0000000    0.0000000    0.0000000    0.0000000    0.0000000    0.0000000 -272.1128472   58.8298513   53.3211528   52.9583714   50.7645446   62.3274391    0.0000000    0.0000000    0.0000000    0.0000000    0.0000000    0.0000000
  302.1556573    0.0000000  101.6494175   66.1739746   66.1739746   64.2656411   15.7711142    0.0000000    0.0000000    0.0000000    0.0000000    0.0000000    0.0000000 -273.8179306   57.1107205   51.5728338   51.2086338   48.8321945   60.3864663    0.0000000    0.0000000    0.0000000    0.0000000    0.0000000    0.0000000
  303.9850528    0.0000000   99.7625619   64.2656411   64.2656411   62.3274391   15.7711142    0.0000000    0.0000000    0.0000000    0.0000000    0.0000000    0.0000000 -275.5264285   55.1473516   49.6460617   49.2804433   46.8703550   58.4689810    0.0000000    0.0000000    0.0000000    0.0000000    0.0000000    0.0000000
  305.8181254    0.0000000   99.7625619   62.3274391   62.3274391   60.3864663   13.7545030    0.0000000    0.0000000    0.0000000    0.0000000    0.0000000    0.0000000 -277.2383340   53.4216724   47.6898017   47.3227650   44.9058525   56.5218489    0.0000000    0.0000000    0.0000000    0.0000000    0.0000000    0.0000000
  307.6548678    0.0000000   97.8731418   60.3864663   60.3864663   60.3841642   11.7351865    0.0000000    0.0000000    0.0000000    0.0000000    0.0000000    0.0000000 -278.9536404   51.4525202   45.7308800   45.3624253   44.8607140   54.5719283    0.0000000    0.0000000    0.0000000    0.0000000    0.0000000    0.0000000
  309.4952728    0.0000000   97.8731418   60.3841642   60.3841642   60.4563611   11.7351865    0.0000000    0.0000000    0.0000000    0.0000000    0.0000000    0.0000000 -280.6723408   49.7203044   45.6913237   45.3214512   44.8894091   52.6452629    0.0000000    0.0000000    0.0000000    0.0000000    0.0000000    0.0000000
  311.3393330    0.0000000   96.0200816   60.4563611   60.4563611   58.5139552    9.7131540    0.0000000    0.0000000    0.0000000    0.0000000    0.0000000    0.0000000 -282.3944286   47.7839234   45.7256023   45.3543121   42.9237268   50.6891701    0.0000000    0.0000000    0.0000000    0.0000000    0.0000000    0.0000000
  313.1870411    0.0000000   96.0200816   58.5139552   58.5139552   58.5827288    7.6883949    0.0000000    0.0000000    0.0000000    0.0000000    0.0000000    0.0000000 -284.1198970   46.0451835   43.7655048   43.3927972   42.9491915   48.7302728    0.0000000    0.0000000    0.0000000    0.0000000    0.0000000    0.0000000
  315.0383901    0.0000000   94.1246945   58.5827288   58.5827288   58.6513648    7.6883949    0.0000000    0.0000000    0.0000000    0.0000000    0.0000000    0.0000000 -285.8487394   44.0636926   43.7965556   43.4224307   42.9745989   46.7944037    0.0000000    0.0000000    0.0000000    0.0000000    0.0000000    0.0000000
  316.8933728    0.0000000   94.1246945   58.6513648   58.6513648   56.7001338    5.6608992    0.0000000    0.0000000    0.0000000    0.0000000    0.0000000    0.0000000 -287.5809491   42.3184415   43.8275504   43.4520085   41.0004167   44.8293238    0.0000000    0.0000000    0.0000000    0.0000000    0.0000000    0.0000000
  318.7519820    0.0000000   92.2267080   56.7001338   56.7001338   56.7653497    3.6306570    0.0000000    0.0000000    0.0000000    0.0000000    0.0000000    0.0000000 -289.3165196   40.3311896   41.8589568   41.4819980   41.0225954   42.8614253    0.0000000    0.0000000    0.0000000    0.0000000    0.0000000    0.0000000
  320.6142107    0.0000000   92.2267080   56.7653497   56.7653497   56.8304319    3.6306570    0.0000000    0.0000000    0.0000000    0.0000000    0.0000000    0.0000000 -291.0554443   38.5794404   41.8867254   41.5083498   41.0447201   40.9163332    0.0000000    0.0000000    0.0000000    0.0000000    0.0000000    0.0000000
  322.4800518    0.0000000   90.3261042   56.8304319   56.8304319   56.8304319    1.5976589    0.0000000    0.0000000    0.0000000    0.0000000    0.0000000    0.0000000 -292.7977168   36.5864284   41.9144410   41.5346490   39.1825388   38.9422439    0.0000000    0.0000000    0.0000000    0.0000000    0.0000000    0.0000000
  324.3494985    0.0000000   90.3261042   54.8703367   54.8703367   54.8703367    1.5976589    0.0000000    0.0000000    0.0000000    0.0000000    0.0000000    0.0000000 -294.5433305   34.8281948   39.9373103   39.5561020   37.1952203   36.9912753    0.0000000    0.0000000    0.0000000    0.0000000    0.0000000    0.0000000
  326.2225437    0.0000000   88.4607490   54.9320034   54.9320034   54.9320034    0.0000000    0.0000000    0.0000000    0.0000000    0.0000000    0.0000000    0.0000000 -296.2922790   32.8669284   39.9618028   39.5791783   37.2095262   35.4447161    0.0000000    0.0000000    0.0000000    0.0000000    0.0000000    0.0000000
  328.0991806    0.0000000   88.4607490   54.9935406   54.9935406   54.9935406    0.0000000    0.0000000    0.0000000    0.0000000    0.0000000    0.0000000    0.0000000 -298.0445560   31.1022241   39.9862459   39.6022054   37.2237841   35.4797501    0.0000000    0.0000000    0.0000000    0.0000000    0.0000000    0.0000000
  329.9794023    0.0000000   86.8993861   53.0245474   53.0245474   53.0245474    0.0000000    0.0000000    0.0000000    0.0000000    0.0000000    0.0000000    0.0000000 -299.8001551   29.4387777   38.0005423   37.6150860   35.2278966   33.5195249    0.0000000    0.0000000    0.0000000    0.0000000    0.0000000    0.0000000
  331.8632020    0.0000000   86.8993861   53.0826750   53.0826750   53.0826750    0.0000000    0.0000000    0.0000000    0.0000000    0.0000000    0.0000000    0.0000000 -301.5590699   27.6676170   38.0217665   37.6348947   35.2389384   33.5511155    0.0000000    0.0000000    0.0000000    0.0000000    0.0000000    0.0000000
  333.7505728    0.0000000   84.9885108   51.1080364   51.1080364   51.1080364    0.0000000    0.0000000    0.0000000    0.0000000    0.0000000    0.0000000    0.0000000 -303.3212942   25.6550392   36.0306302   35.6423430   33.2376208   33.5826228    0.0000000    0.0000000    0.0000000    0.0000000    0.0000000    0.0000000
  335.6415081    0.0000000   84.9885108   49.1310110   49.1310110   49.1310110    0.0000000    0.0000000    0.0000000    0.0000000    0.0000000    0.0000000    0.0000000 -305.0868218   23.8774364   34.0372086   33.6475062   31.2340193   31.6131323    0.0000000    0.0000000    0.0000000    0.0000000    0.0000000    0.0000000
  337.5360011    0.0000000   85.0843909   47.1515773   47.1515773   47.1515773    0.0000000    0.0000000    0.0000000    0.0000000    0.0000000    0.0000000    0.0000000 -306.8556464   23.8484501   32.0414805   31.6503630   29.2281126   31.6412092    0.0000000    0.0000000    0.0000000    0.0000000    0.0000000    0.0000000
  339.4340452    0.0000000   85.0843909   45.1697148   45.1697148   45.1697148    0.0000000    0.0000000    0.0000000    0.0000000    0.0000000    0.0000000    0.0000000 -308.6277618   22.0644198   30.0434251   29.6508927   27.2198799   29.6657922    0.0000000    0.0000000    0.0000000    0.0000000    0.0000000    0.0000000
  341.3356338    0.0000000   83.2261269   43.1854034   43.1854034   43.1854034    0.0000000    0.0000000    0.0000000    0.0000000    0.0000000    0.0000000    0.0000000 -310.4031620   20.0977522   28.0430223   27.6490753   25.2093011   29.6904471    0.0000000    0.0000000    0.0000000    0.0000000    0.0000000    0.0000000
  343.2407601    0.0000000   83.2261269   41.1986238   41.1986238   41.1986238    0.0000000    0.0000000    0.0000000    0.0000000    0.0000000    0.0000000    0.0000000 -312.1818407   18.3073094   26.0402529   25.6448914   23.1963570   27.7090888    0.0000000    0.0000000    0.0000000    0.0000000    0.0000000    0.0000000
  345.1494178    0.0000000   83.2261269   39.2093573   39.2093573   39.2093573    0.0000000    0.0000000    0.0000000    0.0000000    0.0000000    0.0000000    0.0000000 -313.9637920   16.5138281   24.0350980   23.6383222   21.1810286   27.7303306    0.0000000    0.0000000    0.0000000    0.0000000    0.0000000    0.0000000
  347.0616002    0.0000000   81.3059700   37.2175857   37.2175857   37.2175857    0.0000000    0.0000000    0.0000000    0.0000000    0.0000000    0.0000000    0.0000000 -315.7490097   14.4794665   22.0275395   21.6293495   19.1632980   25.7430179    0.0000000    0.0000000    0.0000000    0.0000000    0.0000000    0.0000000
  348.9773009    0.0000000   81.3059700   35.2232916   35.2232916   35.2232916    0.0000000    0.0000000    0.0000000    0.0000000    0.0000000    0.0000000    0.0000000 -317.5374879   12.6795907   20.0175598   19.6179558   17.1431473   25.7608557    0.0000000    0.0000000    0.0000000    0.0000000    0.0000000    0.0000000
  350.8965135    0.0000000   79.3833620   33.2264578   33.2264578   33.2264578    0.0000000    0.0000000    0.0000000    0.0000000    0.0000000    0.0000000    0.0000000 -319.3292207   10.6397709   18.0051418   17.6041241   15.1205598   23.7675769    0.0000000    0.0000000    0.0000000    0.0000000    0.0000000    0.0000000
  352.8192314    0.0000000   79.3833620   31.2270681   31.2270681   31.2270681    0.0000000    0.0000000    0.0000000    0.0000000    0.0000000    0.0000000    0.0000000 -321.1242020    8.8335161   15.9902692   15.5878378   13.0955188   23.7820201    0.0000000    0.0000000    0.0000000    0.0000000    0.0000000    0.0000000
  354.7454484    0.0000000   77.5155807   29.2251066   29.2251066   29.2251066    0.0000000    0.0000000    0.0000000    0.0000000    0.0000000    0.0000000    0.0000000 -322.9224259    6.8449604   13.9729259   13.5690811   11.0680084   21.7827648    0.0000000    0.0000000    0.0000000    0.0000000    0.0000000    0.0000000
  356.6751581    0.0000000   77.5155807   27.2205579   27.2205579   27.2205579    0.0000000    0.0000000    0.0000000    0.0000000    0.0000000    0.0000000    0.0000000 -324.7238866    5.0323421   11.9530966   11.5478385    9.0380132   21.7938234    0.0000000    0.0000000    0.0000000    0.0000000    0.0000000    0.0000000
  358.6083542    0.0000000   77.5155807   25.2134072   25.2134072   25.2134072    0.0000000    0.0000000    0.0000000    0.0000000    0.0000000    0.0000000    0.0000000 -326.5285783    3.2166935    9.9307663    9.5240952    7.0055184   19.7885823    0.0000000    0.0000000    0.0000000    0.0000000    0.0000000    0.0000000
  360.5450304    0.0000000   75.5870018   23.2036401   23.2036401   23.2036401    0.0000000    0.0000000    0.0000000    0.0000000    0.0000000    0.0000000    0.0000000 -328.3364951    1.1616334    7.9059207    7.4978366    4.9705094   19.7962664    0.0000000    0.0000000    0.0000000    0.0000000    0.0000000    0.0000000
  362.4851804    0.0000000   75.5870018   21.7938234   21.7938234   21.7938234    0.0000000    0.0000000    0.0000000    0.0000000    0.0000000    0.0000000    0.0000000 -330.1476312   -0.6603589    6.4751006    6.0656037    3.5295272   17.7850314    0.0000000    0.0000000    0.0000000    0.0000000    0.0000000    0.0000000
  364.4287981    0.0000000   73.7131794   19.7885823   19.7885823   19.7885823    0.0000000    0.0000000    0.0000000    0.0000000    0.0000000    0.0000000    0.0000000 -331.9619808   -2.6641790    4.4548847    4.0439753    1.4991504   15.7711142    0.0000000    0.0000000    0.0000000    0.0000000    0.0000000    0.0000000
  366.3758772    0.0000000   73.7131794   19.7962664   19.7962664   19.7962664    0.0000000    0.0000000    0.0000000    0.0000000    0.0000000    0.0000000    0.0000000 -333.7795384   -4.4924991    4.4275390    4.0152172    1.4616451   13.7545030    0.0000000    0.0000000    0.0000000    0.0000000    0.0000000    0.0000000
  368.3264118    0.0000000   71.7786164   17.7850314   17.7850314   17.7850314    0.0000000    0.0000000    0.0000000    0.0000000    0.0000000    0.0000000    0.0000000 -335.6002981   -6.5594046    2.4015374    1.9878034   -0.5745149   11.7351865    0.0000000    0.0000000    0.0000000    0.0000000    0.0000000    0.0000000
  370.2803955    0.0000000   71.7786164   15.7711142   15.7711142   15.7711142    0.0000000    0.0000000    0.0000000    0.0000000    0.0000000    0.0000000    0.0000000 -337.4242544   -8.3940364    0.3729542   -0.0421920   -2.6132554    9.7131540    0.0000000    0.0000000    0.0000000    0.0000000    0.0000000    0.0000000
  372.2378224    0.0000000   71.7786164   13.7545030   13.7545030   13.7545030    0.0000000    0.0000000    0.0000000    0.0000000    0.0000000    0.0000000    0.0000000 -339.2514015  -10.2316872   -1.6582226   -2.0747806   -4.6545880    7.6883949    0.0000000    0.0000000    0.0000000    0.0000000    0.0000000    0.0000000
  374.1986863    0.0000000   69.8415527   11.7351865   11.7351865   11.7351865    0.0000000    0.0000000    0.0000000    0.0000000    0.0000000    0.0000000    0.0000000 -341.0817339  -12.3072809   -3.6920040   -4.1099738   -6.6985243    5.6608992    0.0000000    0.0000000    0.0000000    0.0000000    0.0000000    0.0000000
  376.1629814    0.0000000   69.8415527    9.7131540    9.7131540    9.7131540    0.0000000    0.0000000    0.0000000    0.0000000    0.0000000    0.0000000    0.0000000 -342.9152460  -14.1512226   -5.7284013   -6.1477826   -8.7450751    3.6306570    0.0000000    0.0000000    0.0000000    0.0000000    0.0000000    0.0000000
  378.1307016    0.0000000   67.9019696    7.6883949    7.6883949    7.6883949    0.0000000    0.0000000    0.0000000    0.0000000    0.0000000    0.0000000    0.0000000 -344.7519323  -16.2322187   -7.7674248   -8.1882175  -10.7942510    1.5976589    0.0000000    0.0000000    0.0000000    0.0000000    0.0000000    0.0000000
  380.1018409    0.0000000   67.9019696    5.6608992    5.6608992    5.6608992    0.0000000    0.0000000    0.0000000    0.0000000    0.0000000    0.0000000    0.0000000 -346.5917873  -18.0824349   -9.8090850  -10.2312889  -12.8460622   -0.4381041    0.0000000    0.0000000    0.0000000    0.0000000    0.0000000    0.0000000
  382.0763935    0.0000000   67.9019696    3.6306570    3.6306570    3.6306570    0.0000000    0.0000000    0.0000000    0.0000000    0.0000000    0.0000000    0.0000000 -348.4348054  -19.9356611  -11.8533915  -12.2770065  -14.9005187   -2.4766408    0.0000000    0.0000000    0.0000000    0.0000000    0.0000000    0.0000000
  384.0543534    0.0000000   66.1739746    1.5976589    1.5976589    1.5976589    0.0000000    0.0000000    0.0000000    0.0000000    0.0000000    0.0000000    0.0000000 -350.2809813  -21.8133254  -13.9003539  -14.3253798  -16.9576299   -4.5179595    0.0000000    0.0000000    0.0000000    0.0000000    0.0000000    0.0000000
  386.0357147    0.0000000   66.1739746    0.0000000    0.0000000    0.0000000    0.0000000    0.0000000    0.0000000    0.0000000    0.0000000    0.0000000    0.0000000 -352.1303094  -23.6728047  -15.5162584  -15.9426950  -18.5836819   -6.5620684    0.0000000    0.0000000    0.0000000    0.0000000    0.0000000    0.0000000
  388.0204718    0.0000000   64.2656411    0.0000000    0.0000000    0.0000000    0.0000000    0.0000000    0.0000000    0.0000000    0.0000000    0.0000000    0.0000000 -353.9827845  -25.7318693  -15.5497103  -15.9775574  -18.6272801   -8.6089753    0.0000000    0.0000000    0.0000000    0.0000000    0.0000000    0.0000000
  390.0086187    0.0000000   64.2656411    0.0000000    0.0000000    0.0000000    0.0000000    0.0000000    0.0000000    0.0000000    0.0000000    0.0000000    0.0000000 -355.8384010  -27.5975850  -15.5826016  -16.0118592  -18.6703167  -10.6586877    0.0000000    0.0000000    0.0000000    0.0000000    0.0000000    0.0000000
  392.0001496    0.0000000   64.2656411    0.0000000    0.0000000    0.0000000    0.0000000    0.0000000    0.0000000    0.0000000    0.0000000    0.0000000    0.0000000 -357.6971538  -29.4663008  -15.6154174  -16.0460852  -18.7132765  -12.7112129    0.0000000    0.0000000    0.0000000    0.0000000    0.0000000    0.0000000
  393.9950590    0.0000000   62.3274391    0.0000000    0.0000000    0.0000000    0.0000000    0.0000000    0.0000000    0.0000000    0.0000000    0.0000000    0.0000000 -359.5590373  -31.5610049  -15.6481577  -16.0802355  -18.7561596  -14.7665576    0.0000000    0.0000000    0.0000000    0.0000000    0.0000000    0.0000000
  395.9933409    0.0000000   62.3274391    0.0000000    0.0000000    0.0000000    0.0000000    0.0000000    0.0000000    0.0000000    0.0000000    0.0000000    0.0000000 -361.4240465  -33.4359352  -15.6808227  -16.1143104  -18.7989663  -16.8247287    0.0000000    0.0000000    0.0000000    0.0000000    0.0000000    0.0000000
  397.9949898    0.0000000   62.3274391    0.0000000    0.0000000    0.0000000    0.0000000    0.0000000    0.0000000    0.0000000    0.0000000    0.0000000    0.0000000 -363.2921760  -35.3138599  -15.7134127  -16.1483102  -18.8416968  -18.8857326    0.0000000    0.0000000    0.0000000    0.0000000    0.0000000    0.0000000
  400.0000000    0.0000000   60.3864663    0.0000000    0.0000000    0.0000000    0.0000000    0.0000000    0.0000000    0.0000000    0.0000000    0.0000000    0.0000000 -365.1634205  -37.4173339  -15.7459278  -16.1822349  -18.8843513  -20.9495753    0.0000000    0.0000000    0.0000000    0.0000000    0.0000000    0.0000000
