 date d_e_o v_e cost mass
   1.0000000   0.0000000  -1.2412047   4.8733113   0.0077474
   1.0000000   0.0000000  -1.2412047   4.8733113   0.0312492
   1.0000000   0.0000000  -1.2412047   4.8733113   0.0780211
   1.0000000   0.0000000  -1.2412047   4.8733113   0.1330239
   1.0000000   0.0000000  -1.2412047   4.8733113   0.1676141
   1.0000000   0.0000000  -1.2412047   4.8733113   0.1660617
   1.0000000   0.0000000  -1.2412047   4.8733113   0.1360865
   1.0000000   0.0000000  -1.2412047   4.8733113   0.0966790
   1.0000000   0.0000000  -1.2412047   4.8733113   0.0623540
   1.0000000   0.0000000  -0.7995330   4.8733113   0.0379884
   1.0000000   0.0000000   0.0516583   4.8733113   0.0224103
   1.0000000   0.0000000   1.9322646   4.8733113   0.0128973
   1.0000000   0.0000000   3.1171349   4.8733113   0.0071176
   1.0000000   0.0000000   3.9364775   4.8733113   0.0035284
   1.0000000   0.0000000   4.3472450   4.8733113   0.0012927
   1.0000000   0.0000000   4.4376627   4.8733113   0.0002671
   1.0000000   0.0000000   4.4551088   4.8733113   0.0002418
   1.0000000   0.0000000   4.5367316   4.8733113   0.0006166
   1.0000000   0.0000000   4.7128907   4.8733113   0.0010885
   1.0000000   1.0000000   5.0101964   4.8733113   0.0016048
   1.0000000   1.0000000   5.4570075   4.8733113   0.0021171
   1.0000000   1.0000000   6.0863617   4.8733113   0.0025764
   1.0000000   1.0000000   6.9381655   4.8733113   0.0029358
   1.0000000   1.0000000   8.0608670   4.8733113   0.0031553
   1.0000000   1.0000000   9.5122510   4.8733113   0.0032082
   1.0000000   1.0000000  11.3579432   4.8733113   0.0030877
   1.0000000   1.0000000  13.6637157   4.8733113   0.0028095
   1.0000000   1.0000000  16.4732010   4.8733113   0.0024078
   1.0000000   1.0000000  19.7592834   4.8733113   0.0019246
   1.0000000   1.0000000  24.7808750   4.8733113   0.0013997
   1.0000000   1.0000000  28.4894330   4.8733113   0.0014873
   1.0000000   0.0000000  -1.2412047   4.8733113   0.0000389
   1.0000000   0.0000000  -1.2412047   4.8733113   0.0001570
   1.0000000   0.0000000  -1.2412047   4.8733113   0.0003921
   1.0000000   0.0000000  -1.2412047   4.8733113   0.0006685
   1.0000000   0.0000000  -1.2412047   4.8733113   0.0008423
   1.0000000   0.0000000  -1.2412047   4.8733113   0.0008345
   1.0000000   0.0000000  -1.2412047   4.8733113   0.0006839
   1.0000000   0.0000000  -1.2412047   4.8733113   0.0004858
   1.0000000   0.0000000  -1.2412047   4.8733113   0.0003133
   1.0000000   0.0000000  -1.2412047   4.8733113   0.0001909
   1.0000000   0.0000000  -1.2412047   4.8733113   0.0001126
   1.0000000   0.0000000  -1.2412047   4.8733113   0.0000648
   1.0000000   0.0000000  -1.2412047   4.8733113   0.0000358
   1.0000000   0.0000000  -1.2412047   4.8733113   0.0000177
   1.0000000   0.0000000  -1.2412047   4.8733113   0.0000065
   1.0000000   0.0000000  -1.2412047   4.8733113   0.0000013
   1.0000000   0.0000000  -1.2412047   4.8733113   0.0000012
   1.0000000   0.0000000  -1.2412047   4.8733113   0.0000031
   1.0000000   0.0000000  -1.2412047   4.8733113   0.0000055
   1.0000000   0.0000000  -1.2412047   4.8733113   0.0000081
   1.0000000   0.0000000  -1.2412047   4.8733113   0.0000106
   1.0000000   0.0000000  -1.2412047   4.8733113   0.0000129
   1.0000000   0.0000000  -1.2412047   4.8733113   0.0000148
   1.0000000   0.0000000  -1.2412047   4.8733113   0.0000159
   1.0000000   0.0000000  -1.2412047   4.8733113   0.0000161
   1.0000000   0.0000000  -1.2412047   4.8733113   0.0000155
   1.0000000   0.0000000  -1.2412047   4.8733113   0.0000141
   1.0000000   0.0000000  -1.2412047   4.8733113   0.0000121
   1.0000000   0.0000000  -1.2412047   4.8733113   0.0000097
   1.0000000   0.0000000  -1.2412047   4.8733113   0.0000070
   1.0000000   0.0000000  -1.2412047   4.8733113   0.0000075
