   0.0000000  -0.5769733  -0.5769733  -0.5769733  -0.5769733  -0.5769733  -0.5769733************************************************************************
   0.0773665  -0.4853658  -0.4522182  -0.4339441  -0.4321720  -0.4211977  -0.3884296************************************************************************
   0.2188256  -0.3313696  -0.2666218  -0.4497522  -0.4462908  -0.6080371  -0.5440306************************************************************************
   0.4020084  -0.1365504  -0.4427695  -0.6068852  -0.6017644  -0.5700508  -0.4753582************************************************************************
   0.6189324   0.0913258  -0.6471851  -0.5774608  -0.5706998  -0.5288274  -0.4038021************************************************************************
   0.8649843   0.3477603  -0.6323967  -0.5459014  -0.5375140  -0.4855700  -0.6262691************************************************************************
   1.1370514   0.6297139  -0.6160272  -0.5128756  -0.5028731  -0.7586829  -0.5737179************************************************************************
   1.4328485   0.9349533  -0.5985034  -0.8170819  -0.8054734  -0.7335806  -0.5189185************************************************************************
   1.7506051   1.2617469  -0.5801066  -0.8015609  -0.7883543  -0.7065641  -0.8383583************************************************************************
   2.0888967   1.6087011  -0.9370422  -0.7844376  -0.7696397  -0.6779942  -0.7825507************************************************************************
   2.4465450   1.9746624  -0.9196240  -0.7506709  -0.7342877  -1.0584104  -0.7554542************************************************************************
   2.8225539   2.3586553  -0.9316636  -1.1727876  -1.1548245  -1.0435765  -1.1532877************************************************************************
   3.2007515   2.7442387  -0.9441097  -1.1851225  -1.1656444  -1.0450136  -1.1416951************************************************************************
   3.6263376   3.1774886  -0.9222423  -1.1614266  -1.1403180  -1.4809679  -1.5760844************************************************************************
   4.0527075   3.6109522  -0.9163460  -1.1538863  -1.1312113  -1.4762363  -1.5560660************************************************************************
   4.4945902   0.0069497  -1.3952440  -1.6444252  -1.6201876  -1.4700804  -1.5343288************************************************************************
   4.9514589   0.0284974  -1.4017839  -1.6482013  -1.6224046  -1.4626420  -2.0491260************************************************************************
   5.4228375  -0.4220615  -1.4074418  -1.6507923  -1.6234399  -1.9921311  -2.0367942************************************************************************
   5.9082922  -0.4159949  -1.4123018  -1.6523047  -1.6233996  -1.9948478  -2.5973078************************************************************************
   6.4074262  -0.4101637  -1.4164370  -1.6528311  -2.1849382  -1.9963276  -2.5935827************************************************************************
   6.9198742  -0.4045611  -1.4199111  -2.2268604  -2.1948588  -2.5826815  -2.5883047************************************************************************
   7.4452991   0.1262442  -1.4227802  -2.2372558  -2.2037100  -2.5933494  -3.2011126************************************************************************
   7.9833879   0.1440723  -2.0111076  -2.2466569  -2.2115693  -2.6028282  -3.2038235************************************************************************
   8.5338492   0.1613984  -2.0242911  -2.2551333  -2.2185063  -2.6111981  -3.2050977************************************************************************
   9.0964109   0.1782469  -2.0367902  -2.8930518  -2.8548877  -3.2594304  -3.8666032************************************************************************
   9.6708183   0.1946396  -2.0486520  -2.9104549  -2.8707558  -3.2762148  -3.8753635************************************************************************
  10.2568317   0.2105965  -2.0599188  -2.9269311  -2.8856992  -3.2919232  -4.5742211************************************************************************
  10.8542259   0.2261358  -2.0706293  -2.9425352  -2.8997725  -3.3066173  -4.5900388************************************************************************
  11.4627879   0.2412741  -2.0808185  -2.9573170  -3.5946579  -4.0117943  -4.6045223************************************************************************
  12.0823164   0.2560265  -2.0905185  -3.6627635  -3.6169449  -4.0342955  -5.3470957************************************************************************
  12.7126207   0.2704071  -2.0997588  -3.6857061  -3.6383623  -4.0558065  -5.3682822************************************************************************
  13.3535196   0.2844288  -2.8000072  -3.7078218  -3.6589545  -4.0763767  -6.1447568************************************************************************
  14.0048408   0.2981037  -2.8180781  -3.7291517  -3.6787625  -4.8345834  -6.1723301************************************************************************
  14.6664200   0.3114428  -2.8356325  -3.7497338  -4.4363563  -4.8624677  -6.1986533************************************************************************
  15.3381007   0.3244565  -2.8526968  -4.5171978  -4.4637698  -4.8894298  -7.0151303************************************************************************
  16.0197331   0.3371546  -2.8692956  -4.5453421  -4.4903970  -4.9155102  -7.0475739************************************************************************
  16.7111740   0.3495460  -2.8854519  -4.5727332  -4.5162724  -5.7235418  -7.0788285************************************************************************
  17.4122861   0.3616392  -2.9011869  -4.5994035  -4.5414285  -5.7565258  -7.9336263************************************************************************
  18.1229380   0.3734423  -2.9165207  -4.6253831  -5.3572458  -5.7886431  -7.9707651************************************************************************
  18.8430031   0.3849627  -2.9314719  -4.6507007  -5.3895160  -5.8199280  -8.8555961************************************************************************
  19.5723600   0.3962075  -2.9460579  -5.4835729  -5.4210635  -6.6750980  -8.8984003************************************************************************
  20.3108919   1.1365402  -2.9602952  -5.5159345  -5.4519162  -6.7129377  -8.9400763************************************************************************
  21.0584860   1.1564284  -2.9741993  -5.5476263  -5.4821005  -6.7499572  -9.8606511************************************************************************
  21.8150339   1.1759473  -3.7959744  -5.5786733  -5.5116410  -6.7861859  -9.9078035************************************************************************
  22.5804308   1.1951067  -3.8175441  -5.6090989  -6.3893896  -7.6862001  -9.9538727************************************************************************
  23.3545756   1.2139158  -3.8387383  -5.6389253  -6.4256084  -7.7286825 -10.9089760************************************************************************
  24.1373705   1.2323833  -3.8595717  -6.5327225  -6.4611782  -7.7703845 -10.9603502************************************************************************
  24.9287209   1.2505174  -3.8800582  -6.5691670  -6.4961209  -7.8113315 -11.0106813************************************************************************
  25.7285354   1.2683261  -3.9002109  -6.6050042  -6.5304574  -7.8515475 -11.9992135************************************************************************
  26.5367253   2.0771673  -3.9200423  -6.6402538  -6.5642074  -8.8011383 -12.0546931************************************************************************
  27.3532047   2.1028112  -3.9395642  -6.6749349  -7.5000431  -8.8473298 -12.1091655************************************************************************
  28.1778902   2.1280623  -3.9587880  -6.7090654  -7.5401055  -8.8927975 -13.1301256************************************************************************
  29.0107011   2.1529300  -3.9777244  -6.7426625  -7.5795754  -8.9375628 -13.1896029************************************************************************
  29.8515587   2.1774229  -3.9963836  -7.7005051  -7.6184705  -9.9280014 -14.2362321************************************************************************
  30.7003869   2.2015494  -4.0147752  -7.7403371  -7.6568079  -9.9785111 -14.3005772************************************************************************
  31.5571114   3.0581284  -4.0329087  -7.7796268  -7.6946038 -10.0283246 -14.3639523************************************************************************
  32.4216602   3.0895926  -4.0507929  -7.8183896  -7.7318739 -10.0774610 -15.4414016************************************************************************
  33.2939630   3.1206372  -4.0684362  -7.8566406  -8.7291141 -10.1259385 -15.5095226************************************************************************
  34.1739515   3.1512712  -4.0858467  -7.8943942  -8.7723622 -10.1737747 -15.5767024************************************************************************
  35.0615593   3.1815036  -4.1030322  -7.9316640  -8.8150774 -11.2159045 -15.6429639************************************************************************
  35.9567213   4.0758913  -4.1200002  -7.9684633  -8.8572738 -11.2692531 -16.7559944************************************************************************
  36.8593745   4.1130990  -4.1367576  -8.0048048  -8.8989653 -11.3219639 -16.8268921************************************************************************
  37.7694572   4.1498608  -4.1533115  -9.0356185  -8.9401649 -11.3740525 -16.8968962************************************************************************
  38.6869091   4.1861860  -4.1696681  -9.0778257  -8.9808853 -11.4255343 -18.0390942************************************************************************
  39.6116716   5.1096911  -4.1858340  -9.1195650  -9.0211387 -12.5111546 -18.1136284************************************************************************
  40.5436873   5.1527234  -4.2018150  -9.1608483  -9.0609369 -12.5679537 -18.1872919************************************************************************
  41.4829002   5.1952814  -4.2176170  -9.2016868 -10.1284933 -12.6241483 -19.3579849************************************************************************
  42.4292557   5.2373744  -4.2332456  -9.2420914 -10.1739428 -12.6797523 -19.4360793************************************************************************
  43.3827000   5.2790115  -4.2487060  -9.2820728 -10.2189288 -12.7347792 -19.5133242************************************************************************
  44.3431811   6.2376535  -3.2623402  -9.3216409 -10.2634621 -12.7892419 -20.7118840************************************************************************
  45.3106475   6.2857154  -3.2707795  -9.3608057 -10.3075534 -12.8431529 -20.7934668************************************************************************
  46.2850494   6.3332894  -3.2791098  -9.3995766 -10.3512128 -13.9820696 -20.8742197************************************************************************
  47.2663377   7.3124004  -3.2873350  -9.4379628 -10.3944501 -14.0410989 -22.1000580************************************************************************
  48.2544643   7.3662229  -3.2954585  -9.4759730 -10.4372749 -14.0995768 -22.1850614************************************************************************
  49.2493824   7.4195294  -3.3034840  -9.5136159 -10.4796963 -14.1575151 -22.2692532************************************************************************
  50.2510457   7.4723293  -3.3114146 -10.6364449 -10.5217232 -14.2149248 -23.5218172************************************************************************
  51.2594093   8.4780761  -3.3192538 -10.6795631 -10.5633643 -14.2718169 -23.6101771************************************************************************
  52.2744289   8.5369266  -3.3270045 -10.7223032 -10.6046279 -14.3282018 -23.6977427************************************************************************
  53.2960611   8.5952459  -3.3346699 -10.7646732 -10.6455220 -15.5181750 -23.7845283************************************************************************
  54.3242633   9.6205098  -3.3422528 -10.8066810 -10.6860546 -15.5794982 -25.0681679************************************************************************
  55.3589940   9.6847299  -2.2829827 -10.8483342 -10.7262332 -15.6403133 -25.1590454************************************************************************
  56.4002121   9.7483970  -2.2841153 -10.8896402 -11.8941971 -15.7006303 -25.2491584************************************************************************
  57.4478775  10.7928088  -2.2852104 -10.9306061 -11.9396429 -15.7604585 -26.5584230************************************************************************
  58.5019507  10.8622366  -2.2862698 -10.9712388 -11.9847252 -15.8198073 -26.6525542************************************************************************
  59.5623930  10.9310921  -2.2872954 -11.0115452 -12.0294510 -15.8786856 -26.7459351************************************************************************
  60.6291664  10.9993849  -2.2882889 -11.0515318 -12.0738275 -15.9371021 -26.8385786************************************************************************
  61.7022336  12.0687877  -2.2892522 -11.0912050 -12.1178615 -17.1813864 -28.1776940************************************************************************
  62.7815578  12.1426831  -1.1861890 -11.1305709 -12.1615596 -17.2445674 -28.2742866************************************************************************
  63.8671030  13.2243623  -1.1810140 -11.1696355 -12.2049282 -17.3072847 -28.3701547************************************************************************
  64.9588337  11.2671118  -1.1758467 -11.2084048 -12.2479736 -17.3695465 -28.4653099************************************************************************
  66.0567151  11.3327257  -1.1706881 -11.2468843 -12.2907020 -17.4313608 -29.8336705************************************************************************
  67.1607129  12.4325596  -1.1655391 -11.2850798 -12.3331191 -17.4927353 -29.9327089************************************************************************
  68.2707934  12.5036474  -1.1604007 -11.3229964 -12.3752309 -17.5536777 -30.0310462************************************************************************
  69.3869234  12.5741998  -0.0211887 -11.3606395 -12.4170430 -17.6141952 -30.1286932************************************************************************
  70.5090705  13.6918901  -0.0101519 -11.3980143 -12.4585608 -17.6742952 -31.5257285************************************************************************
  71.6372023  13.7678034   0.0008411 -11.4351256 -12.4997896 -17.7339846 -31.6271957************************************************************************
  72.7712874  13.8431662   0.0117900 -11.4719783 -12.5407348 -17.7932703 -31.7279833************************************************************************
  73.9112948  14.9784290   1.1744548 -11.5085771 -12.5814012 -17.8521590 -31.8281013************************************************************************
  75.0571937  15.0590460   1.1911463 -11.5449267 -12.6217940 -17.9106571 -33.2532724************************************************************************
  76.2089540  16.2058725   1.2077636 -11.5810316 -12.6619179 -19.2320618 -33.3571504************************************************************************
  77.3665461  16.2916634   1.2243068 -11.6168961 -12.7017776 -19.2951169 -33.4603684************************************************************************
  78.5299407  16.3768697   2.4099444 -10.4161727 -12.7413776 -19.3577779 -33.5629361************************************************************************
  79.6991091  17.5408239   2.4320852 -10.4461346 -12.7807226 -19.4200510 -35.0157335************************************************************************
  80.8740228  17.6311068   2.4541245 -10.4758923 -11.5672321 -19.4819422 -35.1220034************************************************************************
  82.0546539  18.8063394   3.6566938 -10.5054495 -11.6007154 -19.5434575 -35.2276316************************************************************************
  83.2409748  17.8098945   3.6842214 -10.5348097 -11.6339792 -19.6046025 -35.3326272************************************************************************
  84.4329584  17.8984156   3.7116220 -10.5639765 -11.6670272 -19.6653830 -36.8125678************************************************************************
  85.6305780  19.0903635   3.7388964 -10.5929533 -11.6998632 -19.7258045 -36.9212102************************************************************************
  86.8338070  19.1838329   3.7660455 -10.6217433 -11.7324906 -19.7858723 -37.0292281************************************************************************
  88.0426196  19.2767134   3.7930703 -10.6503499 -11.7649132 -19.8455918 -37.1366297************************************************************************
  89.2569899  20.4851429   3.8199716 -10.6787762 -11.7971343 -19.9049682 -37.2434231************************************************************************
  90.4768927  20.5828860   3.8467503 -10.7070253 -11.8291572 -19.9640063 -38.7542500************************************************************************
  91.7023030  21.8021783   3.8734072 -10.7351003 -11.8609853 -20.0227113 -38.8646367************************************************************************
  92.9331962  21.9047183   3.8999432 -10.7630041 -11.8926218 -20.0810880 -38.9744224************************************************************************
  94.1695480  23.1347763   3.9263590  -9.4906717 -11.9240699 -20.1391410 -39.0836148************************************************************************
  95.4113343  23.2420498   3.9526554  -9.5130726 -11.9553325 -20.1968750 -39.1922214************************************************************************
  96.6585315  23.3486941   3.9788333  -9.5353311 -10.6708980 -20.2542946 -40.7333584************************************************************************
  97.9111162  24.5947246   4.0048934  -9.5574499 -10.6966900 -20.3114042 -40.8455064************************************************************************
  99.1690653  24.7060262   4.0308365  -9.5794314 -10.7223252 -20.3682082 -40.9570749************************************************************************
 100.4323560  25.9625911   4.0566633  -9.6012779 -10.7478062 -20.4247109 -41.0680711************************************************************************
 101.7009660  26.0784910   4.0823745  -9.6229917 -10.7731354 -20.4809163 -41.1785019************************************************************************
 102.9748728  27.3455018   4.1079709  -8.3137926 -10.7983155 -20.5368287 -42.7494035************************************************************************
 104.2540547  27.4659428   4.1334531  -8.3301974 -10.8233487 -20.5924520 -42.8633256************************************************************************
 105.5384900  28.7433132   4.1588220  -8.3464953 -10.8482376 -20.6477901 -42.9766879************************************************************************
 106.8281571  28.8682398   4.1840781  -8.3626881  -9.5221134 -20.7028471 -43.0894972************************************************************************
 108.1230351  28.9924911   4.2092221  -8.3787777  -9.5417449 -20.7576265 -43.2017598************************************************************************
 109.4231031  30.2852439   4.2342547  -8.3947661  -9.5612570 -20.8121322 -44.8019082************************************************************************
 110.7283403  30.4139149   4.2591766  -7.0548083  -9.5806518 -20.8663677 -44.9176137************************************************************************
 112.0387264  31.7168207   4.2839884  -7.0656419  -9.5999312 -20.9203367 -45.0327777************************************************************************
 113.3542413  33.0247731   4.3086908  -7.0763975  -9.6190972 -20.9740427 -45.1474062************************************************************************
 114.6748649  33.1628390   4.3332842  -7.0870766  -8.2625826 -21.0274890 -45.2615054************************************************************************
 116.0005778  34.4808262   4.3577695  -7.0976806  -8.2766407 -19.6569987 -45.3750811************************************************************************
 117.3313603  34.6231709   4.3821472  -5.7326419  -8.2906082 -19.7052139 -45.4881391************************************************************************
 118.6671932  34.7647954   4.4064178  -5.7382134  -8.3044865 -19.7531950 -47.1248744************************************************************************
 120.0080576  36.0976918   4.4305820  -5.7437314  -8.3182774 -19.8009451 -47.2413259************************************************************************
 121.3539345  36.2435371   4.4546403  -5.7491970  -8.3319823 -19.8484671 -47.3572638************************************************************************
 122.7048055  37.5862801   4.4785934  -5.7546113  -6.9457713 -19.8957639 -47.4726939************************************************************************
 124.0606521  37.7362997   4.5024418  -4.3649628  -6.9545065 -19.9428385 -47.5876216************************************************************************
 125.4214561  37.8855880   4.5261860  -4.3654592  -6.9631766 -19.9896937 -47.7020522************************************************************************
 126.7871995  39.2429658   4.5498266  -4.3659243  -6.9717827 -20.0363322 -47.8159910************************************************************************
 128.1578646  40.6051866   4.5733641  -4.3663588  -5.5661370 -20.0827567 -49.4885754************************************************************************
 129.5334336  40.7634205   5.9674642  -2.9573442  -5.5698653 -20.1289701 -49.6058591************************************************************************
 130.9138893  42.1352756   5.9957012  -2.9529507  -5.5735491 -18.7047565 -49.7226544************************************************************************
 132.2992143  42.2975518   6.0238193  -2.9485453  -5.5771895 -18.7459822 -49.8389665************************************************************************
 133.6893916  43.6789733   6.0518191  -1.5251860  -4.1523849 -18.7870186 -49.9548002************************************************************************
 135.0844044  45.0651529   6.0797015  -1.5160210  -4.1512349 -18.8278680 -50.0701605************************************************************************
 136.4842358  45.2361716   6.1074670  -1.5068619  -4.1500597 -18.8685327 -50.1850522************************************************************************
 137.8888695  46.6318186   6.1351163  -1.4977090  -2.7110601 -18.9090152 -50.2994800************************************************************************
 139.2982890  48.0321750   6.1626501  -0.0554539  -2.7051611 -18.9493175 -50.4134485************************************************************************
 140.7124781  48.2118147   6.1900690  -0.0416238  -2.6992544 -18.9894419 -52.1287018************************************************************************
 142.1314208  49.6215424   6.2173736  -0.0278166  -2.6933405 -17.5274537 -52.2459641************************************************************************
 143.5551012  49.8050391   6.2445647   1.4284432  -1.2356378 -17.5627522 -52.3627698************************************************************************
 144.9835037  51.2240757   6.2716427   1.4468645  -1.2250804 -17.5978925 -52.4791233************************************************************************
 146.4166126  52.6477436   6.2986084   1.4652471  -1.2145322 -17.6328766 -52.5950291************************************************************************
 147.8544126  54.0760279   6.3254623   2.9353731   0.2570357 -17.6677063 -52.7104914************************************************************************
 149.2968883  54.2725616   6.3522051   2.9583089   0.2721660 -17.7023837 -52.8255146************************************************************************
 150.7440247  55.7100334   6.3788372   2.9811911   0.2872714 -16.2127214 -52.9401029************************************************************************
 152.1958069  55.9102907   6.4053593   4.4650488   1.7725701 -16.2426879 -53.0542604************************************************************************
 153.6522199  57.3568913   6.4317720   4.4924252   1.7921982 -16.2725203 -53.1679911************************************************************************
 155.1132492  58.8080346   6.4580758   5.9853646   1.8117866 -16.3022200 -53.2812992************************************************************************
 156.5788802  60.2637062   6.4842713   6.0171924   3.3106854 -16.3317889 -55.0456060************************************************************************
 158.0490985  60.4766949   6.5103591   6.0489382   3.3347390 -14.8194688 -55.1621531************************************************************************
 159.5238897  61.9413809   6.5363396   7.5553937   3.3587388 -14.8444193 -55.2782793************************************************************************
 161.0032399  63.4105532   6.5622134   7.5915353   4.8711108 -14.8692558 -55.3939884************************************************************************
 162.4871349  63.6316133   6.5879811   7.6275818   4.8995203 -14.8939800 -55.5092842************************************************************************
 163.9755609 163.0208331   6.6136432   7.6635336   4.9278623 -13.3637858 -55.6241706************************************************************************
 165.4685042 164.5033820   6.6392002   7.6993911   6.4535841 -13.3839644 -55.7386512************************************************************************
 166.9659510 165.9903628   6.6646525   7.7351548   6.4862820 -13.4040466 -55.8527298************************************************************************
 168.4678880 167.4817623   6.6900008   7.7708249   8.0208366 -13.4240338 -55.9664098************************************************************************
 169.9743017 168.9775673   6.7152455   7.8064019   8.0578509 -11.8761809 -56.0796949************************************************************************
 171.4851789 170.4777647   6.7403870   7.8418863   8.0947723 -11.8916924 -56.1925886************************************************************************
 173.0005064 171.9823416   6.7654260   7.8772783   8.1316010 -11.9071241 -56.3050944************************************************************************
 174.5202712 173.4912851   6.7903628   7.9125783   8.1683376 -11.9224771 -56.4172156************************************************************************
 176.0444604 175.0045827   6.8151980   7.9477868   8.2049822 -10.3571733 -56.5289558************************************************************************
 177.5730611 176.5222216   6.8399319   7.9829041   8.2415354 -10.3681176 -56.6403181************************************************************************
 179.1060606 178.0441894   6.8645652   8.0179306   8.2779975 -10.3789978 -56.7513058************************************************************************
 180.6434465 179.5704738   6.8890981   8.0528666   8.3143689 -10.3898148 -56.8619223************************************************************************
 182.1852062 181.1010624   6.9135313   8.0877126   8.3506498  -8.8072605 -56.9721707************************************************************************
 183.7313272 182.6359430   6.9378650   8.1224688   8.3868408  -8.8137331 -57.0820542************************************************************************
 185.2817975 184.1751037   6.9620999   8.1571356   8.4229421  -8.8201564 -57.1915759************************************************************************
 186.8366047 185.7185324   6.9862362   9.7421836   8.4589541  -7.2247918 -57.3007389************************************************************************
 188.3957369 187.2662173   7.0102745   9.7810096   8.4948771  -7.2269202 -57.4095461************************************************************************
 189.9591820 188.8181466   7.0342152   9.8197353   8.5307115  -7.2290124 -57.5180007************************************************************************
 191.5269283 190.3743087   7.0580586   9.8583610  10.1299028  -5.6209438 -57.6261056************************************************************************
 193.0989638 191.9346919   7.0818053   9.8968871  10.1698621  -5.6187892 -57.7338636************************************************************************
 194.6752771 193.4992848   7.1054556   9.9353142  10.2097220  -5.6166111 -57.8412777************************************************************************
 196.2558564 195.0680760   7.1290099   9.9736425  10.2494829  -3.9959422 -57.9483508************************************************************************
 197.8406903 196.6410542   7.1524687  10.0118726  10.2891454  -3.9895639 -58.0550855************************************************************************
 199.4297674 198.2182083   7.1758323  10.0500048  10.3287097  -2.3605510 -58.1614849************************************************************************
 201.0230764 199.7995270   7.1991011  10.0880396  10.3681763  -2.3500063 -58.2675514************************************************************************
 202.6206062 201.3849994   7.2222756  10.1259773  10.4075456  -2.3394619 -58.3732880************************************************************************
 204.2223455 202.9746145   7.2453561  10.1638184  10.4468181  -0.6980161 -58.4786972************************************************************************
 205.8282833 204.5683615   7.2683430  10.2015633  10.4859940  -0.6833497 -58.5837818************************************************************************
 207.4384088 206.1662295   7.2912366  10.2392124  10.5250739   0.9663306 -58.6885442************************************************************************
 209.0527109 207.7682080   7.3140374  10.2767660  10.5640580   0.9850865 -58.7929871************************************************************************
 210.6711791 209.3742864   7.3367458  10.3142245  10.6029468   2.6429589 -58.8971131************************************************************************
 212.2938025 210.9844540   7.3593620  10.3515883  10.6417407   2.6657725 -59.0009247************************************************************************
 213.9205705 212.5987005   9.0003546  10.3888579  10.6804401   4.3317949 -59.1044243************************************************************************
 215.5514726 214.2170155   9.0269430  10.4260335  10.7190453   4.3586349 -59.2076145************************************************************************
 217.1864984 215.8393887   9.0534297  10.4631155  10.7575566   6.0327663 -57.5070524************************************************************************
 218.8256375 217.4658099   9.0798152  10.5001044  10.7959745   6.0636019 -57.6059008************************************************************************
 220.4688796 219.0962690   9.1061000  10.5370004  10.8342994   6.0943841 -57.7044547************************************************************************
 222.1162144 220.7307559  10.7673102  10.5738039  10.8725315   7.7806027 -57.8027163************************************************************************
 223.7676318 222.3692607  10.7975079  10.6105153  10.9106712   7.8153405 -57.9006879************************************************************************
 225.4231219 224.0117735  12.4667349  10.6471350  10.9487190   9.5095675 -57.9983717************************************************************************
 227.0826744 225.6582844  12.5008165  10.6836632  10.9866751   9.5482315 -58.0957700************************************************************************
 228.7462797 227.3087836  12.5347791  10.7201004  11.0245399  11.2504278 -58.1928850************************************************************************
 230.4139277 228.9632615  14.2159579  10.7564468  11.0623137  11.2929891 -58.2897187************************************************************************
 232.0856087 230.6217085  14.2537667  10.7927028  11.0999969  13.0031161 -58.3862735************************************************************************
 233.7613130 232.2841150  15.9428653  10.8288688  11.1375898  13.0495461 -58.4825513************************************************************************
 235.4410310 233.9504716  15.9844923  10.8649450  11.1750927  13.0958848 -56.7381494************************************************************************
 237.1247531 235.6207688  16.0259829  10.9009319  11.2125060  13.1421324 -56.8302244************************************************************************
 238.8124699 237.2949972  17.7268906  10.9368296  11.2498300  13.1882892 -56.9220360************************************************************************
 240.5041718 238.9731477  17.7721633  10.9726387  11.2870650  13.2343557 -57.0135861************************************************************************
 242.1998495 240.6552110  17.8172920  11.0083593  11.3242114  13.2803321 -57.1048767************************************************************************
 243.8994937 242.3411779  19.5299253  11.0439917  11.3612694  13.3262187 -57.1959098************************************************************************
 245.6030951 244.0310393  19.5788009  11.0795364  11.3982394  13.3720159 -57.2866872************************************************************************
 247.3106447 245.7247864  21.2992059  11.1149936  11.4351217  13.4177240 -57.3772108************************************************************************
 249.0221333 247.4224099  21.3518022  11.1503636  11.4719166  13.4633434 -55.6016415************************************************************************
 250.7375518 249.1239012  21.4042388  11.1856467  11.5086244  13.5088742 -55.6880577************************************************************************
 252.4568913 250.8292513  23.1362343  11.2208433  11.5452453  13.5543169 -55.7742328************************************************************************
 254.1801428 252.5384515  23.1923579  11.2559536  11.5817798  13.5996717 -55.8601684************************************************************************
 255.9072975 254.2514931  23.2483145  11.2909779  11.6182281  13.6449389 -55.9458663************************************************************************
 257.6383466 255.9683674  24.9918219  11.3259165  11.6545905  13.6901189 -56.0313283************************************************************************
 259.3732813 257.6890657  25.0514326  11.3607697  11.6908673  13.7352120 -54.2327564************************************************************************
 261.1120930 259.4135796  26.8025716  11.3955378  11.7270587  13.7802183 -54.3141804************************************************************************
 262.8547730 261.1419006  26.8658117  11.4302211  11.7631652  13.8251384 -54.3953803************************************************************************
 264.6013128 262.8740203  28.6245483  11.4648199  11.7991868  13.8699723 -54.4763577************************************************************************
 266.3517039 264.6099302  28.6913935  11.4993344  11.8351241  13.9147205 -52.6626213************************************************************************
 268.1059377 266.3496221  28.7580502  11.5337650  11.8709771  13.9593831 -52.7396076************************************************************************
 269.8640059 268.0930877  30.5281208  11.5681119  11.9067462  14.0039605 -52.8163828************************************************************************
 271.6259002 269.8403188  30.5983515  11.6023753  11.9424317  14.0484530 -52.8929484************************************************************************
 273.3916123 271.5913072  32.3759371  11.6365556  11.9780338  14.0928609 -51.0641797************************************************************************
 275.1611339 273.3460448  32.4497185  11.6706530  12.0135529  14.1371843 -51.1367996************************************************************************
 276.9344568 275.1045236  32.5232981  13.4703798  12.0489891  14.1814237 -51.2092209************************************************************************
 278.7115729 276.8667357  34.3120956  13.5081218  12.0843428  14.2255792 -51.2814451************************************************************************
 280.4924742 278.6326729  34.3891960  13.5457735  12.1196141  14.2696511 -49.4377729************************************************************************
 282.2771525 280.4023275  36.1854284  13.5833352  12.1548035  14.3136398 -49.5060954************************************************************************
 284.0656000 282.1756916  36.2660270  13.6208074  13.9708123  14.3575454 -49.5742313************************************************************************
 285.8578087 283.9527574  36.3464115  13.6581901  14.0096155  14.4013682 -47.7194641************************************************************************
 287.6537707 285.7335171  38.1537376  13.6954839  14.0483294  14.4451086 -47.7837320************************************************************************
 289.4534783 287.5179631  39.9647462  13.7326889  14.0869544  14.4887666 -47.8478237************************************************************************
 291.2569235 289.3060876  40.0522750  13.7698054  14.1254908  14.5323427 -47.9117405************************************************************************
 293.0640987 291.0978832  40.1395766  13.8068339  14.1639389  14.5758371 -46.0422875************************************************************************
 294.8749962 292.8933422  41.9615870  13.8437745  14.2022989  14.6192499 -46.1023781************************************************************************
 296.6896084 294.6924571  42.0523149  13.8806276  14.2405711  14.6625815 -46.1623037************************************************************************
 298.5079277 296.4952205  43.8816223  13.9173934  14.2787560  14.7058321 -44.2819155************************************************************************
 300.3299465 298.3016249  43.9757554  13.9540722  14.3168536  14.7490020 -44.3380470************************************************************************
 302.1556573 300.1116630  45.8123302  13.9906644  14.3548644  14.7920914 -44.3940232************************************************************************
 303.9850528 301.9253274  45.9098476  14.0271701  14.3927885  14.8351005 -42.5027660************************************************************************
 305.8181254 303.7426109  47.7536605  14.0635898  14.4306264  14.8780296 -42.5549796************************************************************************
 307.6548678 305.5635062  47.8545418  14.0999236  14.4683782  14.9208789 -42.6070473************************************************************************
 309.4952728 307.3880060  49.7055639  14.1361718  14.5060443  14.9636487 -40.7049863************************************************************************
 311.3393330 309.2161034  49.8097888  14.1723347  14.5436249  15.0063391 -40.7533222************************************************************************
 313.1870411 311.0477910  51.6679915  14.2084127  14.5811203  15.0489505 -40.8015213************************************************************************
 315.0383901 312.8830620  51.7755401  14.2444058  14.6185307  15.0914830 -38.8887207************************************************************************
 316.8933728 314.7219092  53.6408952  14.2803145  14.6558565  15.1339370 -38.9332181************************************************************************
 318.7519820 316.5643256  53.7517478  14.3161390  14.6930978  15.1763125 -38.9775877************************************************************************
 320.6142107 318.4103044  55.6242275  14.3518795  14.7302550  15.2186099 -37.0541102************************************************************************
 322.4800518 320.2598385  55.7383647  14.3875363  14.7673283  17.1194385 -37.0948077************************************************************************
 324.3494985 322.1129212  57.6179413  14.4231097  14.8043180  17.1651997 -35.1642467************************************************************************
 326.2225437 323.9695455  57.7353441  14.4585999  14.8412244  17.2108764 -35.2012935************************************************************************
 328.0991806 325.8297048  59.6219903  14.4940071  14.8780476  17.2564689 -35.2382287************************************************************************
 329.9794023 327.6933923  59.7426398  14.5293317  14.9147880  17.3019773 -33.2970933************************************************************************
 331.8632020 329.5606012  61.6363288  14.5645739  14.9514457  17.3474021 -33.3304063************************************************************************
 333.7505728 331.4313248  61.7602062  14.5997339  14.9880211  17.3927433 -33.3636161************************************************************************
 335.6415081 333.3055567  63.6609114  14.6348120  15.0245144  17.4380013 -31.4119662************************************************************************
 337.5360011 335.1832901  63.7879985  14.6698084  15.0609258  17.4831763 -31.4415818************************************************************************
 339.4340452 337.0645184  65.6956934  14.7047233  15.0972557  17.5282685 -29.4829552************************************************************************
 341.3356338 338.9492353  65.8259721  14.7395571  15.1335041  17.5732783 -29.5089969************************************************************************
 343.2407601 340.8374341  67.7406308  14.7743098  15.1696714  17.6182058 -27.5434195************************************************************************
 345.1494178 342.7291084  69.6587616  14.8089819  15.2057578  17.6630513 -27.5659073************************************************************************
 347.0616002 344.6242519  69.7956798  14.8435735  15.2417635  17.7078151 -25.5934047************************************************************************
 348.9773009 346.5228581  71.7207358  14.8780848  15.2776888  17.7524973 -25.6123585************************************************************************
 350.8965135 348.4249207  71.8607974  14.9125162  15.3135339  17.7970982 -23.6329562************************************************************************
 352.8192314 350.3304333  73.7927533  14.9468677  15.3492991  17.8416181 -23.6483953************************************************************************
 354.7454484 352.2393898  73.9359411  14.9811396  15.3849845  17.8860572 -21.6621183************************************************************************
 356.6751581 354.1517838  75.8747718  15.0153323  15.4205904  17.9304156 -21.6740622************************************************************************
 358.6083542 356.0676092  77.8170306  15.0494458  15.4561170  17.9746938 -19.6809353************************************************************************
 360.5450304 357.9868597  77.9667493  15.0834804  15.4915646  18.0188918 -19.6894029************************************************************************
 362.4851804 359.9095293  79.9158459  15.1174364  15.5269333  18.0630098 -17.6894508************************************************************************
 364.4287981 361.8356118  80.0686447  15.1513140  15.5622234  18.1070483 -15.6860951************************************************************************
 366.3758772 363.7651012  82.0245546  15.1851133  15.5974351  18.1510072 -13.6793419************************************************************************
 368.3264118 365.6979914  82.1804169  15.2188346  15.6325687  18.1948869 -11.6691972************************************************************************
 370.2803955 367.6342764  84.1431161  15.2524782  15.6676243  18.2386877  -9.6556670************************************************************************
 372.2378224 369.5739502  86.1092009  15.2860441  15.7026021  18.2824096  -7.6387573************************************************************************
 374.1986863 371.5170068  86.2714903  15.3195327  15.7375025  18.3260529  -5.6184740************************************************************************
 376.1629814 373.4634405  88.2443286  15.3529442  15.7723255  18.3696179  -3.5948229************************************************************************
 378.1307016 375.4132452  88.4096374  15.3862787  15.8070714  18.4131048  -1.5678098************************************************************************
 380.1018409 377.3664151  90.3892058  15.4195365  15.8417404  18.4565137   0.4625593************************************************************************
 382.0763935 379.3229444  92.3721304  15.4527177  15.8763327  18.4998449   2.4962787************************************************************************
 384.0543534 381.2828273  92.5437934  15.4858226  15.9108485  18.5430986   4.5333426************************************************************************
 386.0357147 383.2460581  94.5334133  15.5188515  15.9452881  18.5862750   6.5737453************************************************************************
 388.0204718 385.2126309  94.7080530  15.5518044  15.9796515  18.6293743   8.6174811************************************************************************
 390.0086187 387.1825402  96.7043452  15.5846816  16.0139391  18.6723967  10.6645444************************************************************************
 392.0001496 389.1557801  98.7039651  15.6174833  16.0481511  18.7153424  12.7149294************************************************************************
 393.9950590 391.1323451  98.8848882  15.6502097  16.0822875  18.7582116  14.7686306************************************************************************
 395.9933409 393.1122296 100.8911466  15.6828609  16.1163487  18.8010046  16.8256423************************************************************************
 397.9949898 395.0954279 102.9007158  15.7154373  16.1503348  18.8437215  18.8859590************************************************************************
 400.0000000 397.0819346 103.0878794  15.7479389  16.1842460  18.8863624  20.9495753************************************************************************
