 t z psi theta tau_a f_e f_o tau_x tau_l C H B r w div entry mass rgdp rinv firm
 s_constrained exit exit_b
 avg_firm_size labor_share std_dev_growth_emp std_dev_growth_sales debt capital 
 ngdp ninv exdem psi_c collat_binding
 spread
   1.0000000   1.0000000   0.8078366   0.0000000   0.0032343   1.0000000   0.3449642   0.0000000   0.0000000   2.0641767   1.0060569 -15.3415730   0.0101010   1.6725598   0.5206827   0.0146934   0.4799500   2.5819241   0.5177200  -1.0000000   0.0146933   0.0000000   2.0339037   0.6517195   0.0000000   0.0000000  -4.3964413  19.5987175   2.5819241   0.5177200   0.0000274   1.0000000   0.0030732   0.0072438
   2.0000000   0.9593483   0.8078366   0.0000000   0.0032343   1.0000000   0.3449642   0.0000000   0.0000000   2.0209965   0.9771309 -15.3417340   0.0101010   1.6484833   0.5059642   0.0138722   0.4799500   2.4610636   0.4400671  -1.0000000   0.0168229   0.0000000   1.9785480   0.6545424   0.0000000   0.0000000  -4.3964413  19.5960890   2.4607296   0.4397331   0.0000000   1.0000000   0.0041430   0.0078223
   3.0000000   0.9635461   0.8078366   0.0000000   0.0032343   1.0000000   0.3449642   0.0000000   0.0000000   2.0208309   0.9789538 -15.3723266   0.0092234   1.6483114   0.5151390   0.0138722   0.4769992   2.4681144   0.4472835  -1.0000000   0.0155264   0.0000000   1.9941671   0.6538264   0.0000000   0.0000000  -4.3733552  19.5113170   2.4677780   0.4469471   0.0000000   1.0000000   0.0035035   0.0068576
   4.0000000   0.9673104   0.8078366   0.0000000   0.0032343   1.0000000   0.3449642   0.0000000   0.0000000   2.0199927   0.9807518 -15.3940321   0.0094235   1.6484645   0.5157241   0.0138722   0.4753450   2.4746985   0.4547059  -1.0000000   0.0146977   0.0000000   2.0045868   0.6533450   0.0000000   0.0000000  -4.3525217  19.4422247   2.4743643   0.4543716   0.0000000   1.0000000   0.0032609   0.0072951
   5.0000000   0.9706860   0.8078366   0.0000000   0.0032343   1.0000000   0.3449642   0.0000000   0.0000000   2.0192282   0.9834848 -15.4126752   0.0095057   1.6491220   0.5124564   0.0146934   0.4745195   2.4826673   0.4634391  -1.0000000   0.0144845   0.0000000   2.0102139   0.6533331   0.0000000   0.0000000  -4.3347616  19.3888068   2.4823229   0.4630948   0.0000000   1.0000000   0.0032475   0.0072490
   6.0000000   0.9737130   0.8078366   0.0000000   0.0032343   1.0000000   0.3449642   0.0000000   0.0000000   2.0195501   0.9857999 -15.4319634   0.0097079   1.6499904   0.5167981   0.0146934   0.4747284   2.4896399   0.4700898  -1.0000000   0.0133703   0.0000000   2.0141358   0.6533934   0.0000000   0.0000000  -4.3189014  19.3415267   2.4893083   0.4697582   0.0000000   1.0000000   0.0031345   0.0072851
   7.0000000   0.9764275   0.8078366   0.0000000   0.0032343   1.0000000   0.3449642   0.0000000   0.0000000   2.0179231   0.9872743 -15.4442586   0.0098097   1.6508962   0.5154221   0.0146934   0.4760515   2.4952871   0.4773639  -1.0000000   0.0144914   0.0000000   2.0117049   0.6532429   0.0000000   0.0000000  -4.3066156  19.3056038   2.4949687   0.4770456   0.0000000   1.0000000   0.0039677   0.0072187
   8.0000000   0.9788616   0.8078366   0.0000000   0.0032343   1.0000000   0.3449642   0.0000000   0.0000000   2.0176095   0.9886296 -15.4538736   0.0098605   1.6516548   0.5156163   0.0146934   0.4762535   2.5004561   0.4828466  -1.0000000   0.0145883   0.0000000   2.0136335   0.6530830   0.0000000   0.0000000  -4.2958749  19.2733010   2.5001489   0.4825394   0.0000000   1.0000000   0.0030598   0.0074004
   9.0000000   0.9810444   0.8078366   0.0000000   0.0032343   1.0000000   0.3449642   0.0000000   0.0000000   2.0174354   0.9898794 -15.4610977   0.0099267   1.6523800   0.5146281   0.0146934   0.4763586   2.5052327   0.4877973  -1.0000000   0.0145662   0.0000000   2.0157453   0.6529446   0.0000000   0.0000000  -4.2866248  19.2470098   2.5049362   0.4875008   0.0000000   1.0000000   0.0030974   0.0073563
  10.0000000   0.9830018   0.8078366   0.0000000   0.0032343   1.0000000   0.3449642   0.0000000   0.0000000   2.0177006   0.9909513 -15.4675879   0.0100025   1.6530829   0.5166368   0.0146934   0.4764858   2.5095837   0.4918832  -1.0000000   0.0147077   0.0000000   2.0174059   0.6527933   0.0000000   0.0000000  -4.2797547  19.2261517   2.5092976   0.4915970   0.0000000   1.0000000   0.0031129   0.0066136
  11.0000000   0.9847571   0.8078366   0.0000000   0.0032343   1.0000000   0.3449642   0.0000000   0.0000000   2.0181068   0.9919505 -15.4705904   0.0100469   1.6537816   0.5161019   0.0146934   0.4764715   2.5136410   0.4955342  -1.0000000   0.0146434   0.0000000   2.0194952   0.6526686   0.0000000   0.0000000  -4.2735433  19.2090579   2.5133651   0.4952583   0.0000000   1.0000000   0.0030387   0.0070251
  12.0000000   0.9863311   0.8078366   0.0000000   0.0032343   1.0000000   0.3449642   0.0000000   0.0000000   2.0184197   0.9928224 -15.4731726   0.0101090   1.6544837   0.5191337   0.0146934   0.4765214   2.5173492   0.4989294  -1.0000000   0.0146749   0.0000000   2.0210639   0.6525539   0.0000000   0.0000000  -4.2687140  19.1962375   2.5170836   0.4986638   0.0000000   1.0000000   0.0030758   0.0070037
  13.0000000   0.9877426   0.8078366   0.0000000   0.0032343   1.0000000   0.3449642   0.0000000   0.0000000   2.0190558   0.9936575 -15.4711699   0.0101275   1.6551630   0.5169076   0.0146934   0.4765399   2.5208375   0.5017818  -1.0000000   0.0146041   0.0000000   2.0226849   0.6524631   0.0000000   0.0000000  -4.2646372  19.1868196   2.5205819   0.5015261   0.0000000   1.0000000   0.0030656   0.0070409
  14.0000000   0.9890083   0.8078366   0.0000000   0.0032343   1.0000000   0.3449642   0.0000000   0.0000000   2.0195543   0.9944048 -15.4704989   0.0101619   1.6558380   0.5171665   0.0146934   0.4766291   2.5240836   0.5045294  -1.0000000   0.0146335   0.0000000   2.0238316   0.6523752   0.0000000   0.0000000  -4.2612629  19.1807133   2.5238379   0.5042837   0.0000000   1.0000000   0.0030604   0.0070878
  15.0000000   0.9901434   0.8078366   0.0000000   0.0032343   1.0000000   0.3449642   0.0000000   0.0000000   2.0199517   0.9951113 -15.4681615   0.0101629   1.6564938   0.5165302   0.0146934   0.4766890   2.5271600   0.5072082  -1.0000000   0.0146174   0.0000000   2.0250215   0.6522992   0.0000000   0.0000000  -4.2582371  19.1771637   2.5269239   0.5069722   0.0000000   1.0000000   0.0030542   0.0071107
  16.0000000   0.9911612   0.8078366   0.0000000   0.0032343   1.0000000   0.3449642   0.0000000   0.0000000   2.0203108   0.9958027 -15.4652409   0.0101780   1.6571411   0.5165143   0.0146934   0.4767649   2.5301684   0.5098576  -1.0000000   0.0146076   0.0000000   2.0261250   0.6522316   0.0000000   0.0000000  -4.2563971  19.1761710   2.5299418   0.5096310   0.0000000   1.0000000   0.0030450   0.0071067
  17.0000000   0.9920739   0.8078366   0.0000000   0.0032343   1.0000000   0.3449642   0.0000000   0.0000000   2.0213922   0.9964799 -15.4609907   0.0101864   1.6577826   0.5171004   0.0146934   0.4768507   2.5331034   0.5117111  -1.0000000   0.0145862   0.0000000   2.0271478   0.6521684   0.0000000   0.0000000  -4.2558490  19.1777839   2.5328862   0.5114940   0.0000000   1.0000000   0.0030243   0.0070965
  18.0000000   0.9928924   0.8078366   0.0000000   0.0032343   1.0000000   0.3449642   0.0000000   0.0000000   2.0222926   0.9971291 -15.4558041   0.0102117   1.6584284   0.5162226   0.0146934   0.4769579   2.5359340   0.5136414  -1.0000000   0.0145612   0.0000000   2.0280394   0.6521206   0.0000000   0.0000000  -4.2564070  19.1811352   2.5357264   0.5134338   0.0000000   1.0000000   0.0030114   0.0070966
  19.0000000   0.9936263   0.8078366   0.0000000   0.0032343   1.0000000   0.3449642   0.0000000   0.0000000   2.0235324   0.9977728 -15.4505324   0.0102061   1.6590530   0.5178674   0.0146934   0.4770901   2.5387051   0.5151726  -1.0000000   0.0145496   0.0000000   2.0287975   0.6520706   0.0000000   0.0000000  -4.2579536  19.1864185   2.5385066   0.5149742   0.0000000   1.0000000   0.0029995   0.0070420
  20.0000000   0.9942845   0.8078366   0.0000000   0.0032343   1.0000000   0.3449642   0.0000000   0.0000000   2.0247106   0.9983616 -15.4432653   0.0102182   1.6596750   0.5188329   0.0146934   0.4772339   2.5413428   0.5166322  -1.0000000   0.0145857   0.0000000   2.0294026   0.6520206   0.0000000   0.0000000  -4.2605397  19.1930475   2.5411535   0.5164429   0.0000000   1.0000000   0.0029840   0.0070194
  21.0000000   0.9948747   0.8078366   0.0000000   0.0032343   1.0000000   0.3449642   0.0000000   0.0000000   2.0258051   0.9989365 -15.4345445   0.0102202   1.6602856   0.5191433   0.0146934   0.4773416   2.5438705   0.5180654  -1.0000000   0.0145371   0.0000000   2.0301210   0.6519833   0.0000000   0.0000000  -4.2640314  19.2007697   2.5436901   0.5178851   0.0000000   1.0000000   0.0029731   0.0069975
  22.0000000   0.9954039   0.8078366   0.0000000   0.0032343   1.0000000   0.3449642   0.0000000   0.0000000   2.0274073   0.9994956 -15.4250409   0.0102273   1.6608849   0.5194235   0.0146934   0.4774978   2.5463257   0.5189184  -1.0000000   0.0145301   0.0000000   2.0306196   0.6519545   0.0000000   0.0000000  -4.2684877  19.2099313   2.5461542   0.5187468   0.0000000   1.0000000   0.0029646   0.0069908
  23.0000000   0.9958785   0.8078366   0.0000000   0.0032343   1.0000000   0.3449642   0.0000000   0.0000000   2.0289219   1.0000206 -15.4153230   0.0102343   1.6614751   0.5195275   0.0146934   0.4776612   2.5486631   0.5197413  -1.0000000   0.0145297   0.0000000   2.0310147   0.6519288   0.0000000   0.0000000  -4.2733830  19.2197147   2.5485003   0.5195784   0.0000000   1.0000000   0.0029575   0.0069567
  24.0000000   0.9963041   0.8078366   0.0000000   0.0032343   1.0000000   0.3449642   0.0000000   0.0000000   2.0302745   1.0005142 -15.4055383   0.0102410   1.6620544   0.5194773   0.0146934   0.4778248   2.5508799   0.5206054  -1.0000000   0.0145216   0.0000000   2.0313469   0.6519103   0.0000000   0.0000000  -4.2786812  19.2300405   2.5507256   0.5204511   0.0000000   1.0000000   0.0029492   0.0069110
  25.0000000   0.9966858   0.8078366   0.0000000   0.0032343   1.0000000   0.3449642   0.0000000   0.0000000   2.0317082   1.0009836 -15.3956398   0.0102411   1.6626180   0.5197061   0.0146934   0.4779966   2.5529975   0.5212892  -1.0000000   0.0145200   0.0000000   2.0315898   0.6518936   0.0000000   0.0000000  -4.2844166  19.2410159   2.5528514   0.5211432   0.0000000   1.0000000   0.0029457   0.0069499
  26.0000000   0.9970280   0.8078366   0.0000000   0.0032343   1.0000000   0.3449642   0.0000000   0.0000000   2.0328287   1.0014235 -15.3855365   0.0102449   1.6631673   0.5197529   0.0146934   0.4781700   2.5550078   0.5221791  -1.0000000   0.0145242   0.0000000   2.0317775   0.6518834   0.0000000   0.0000000  -4.2905220  19.2524128   2.5548698   0.5220411   0.0000000   1.0000000   0.0029492   0.0069667
  27.0000000   0.9973349   0.8078366   0.0000000   0.0032343   1.0000000   0.3449642   0.0000000   0.0000000   2.0340170   1.0018454 -15.3750803   0.0102437   1.6636992   0.5195799   0.0146934   0.4783392   2.5569413   0.5229243  -1.0000000   0.0145283   0.0000000   2.0319334   0.6518705   0.0000000   0.0000000  -4.2970977  19.2643984   2.5568111   0.5227941   0.0000000   1.0000000   0.0029515   0.0069800
  28.0000000   0.9976101   0.8078366   0.0000000   0.0032343   1.0000000   0.3449642   0.0000000   0.0000000   2.0354240   1.0022445 -15.3646345   0.0102445   1.6642122   0.5196064   0.0146934   0.4785043   2.5587879   0.5233639  -1.0000000   0.0145392   0.0000000   2.0320671   0.6518600   0.0000000   0.0000000  -4.3040700  19.2768692   2.5586653   0.5232413   0.0000000   1.0000000   0.0029539   0.0069940
  29.0000000   0.9978569   0.8078366   0.0000000   0.0032343   1.0000000   0.3449642   0.0000000   0.0000000   2.0365755   1.0026203 -15.3542286   0.0102422   1.6647052   0.5194239   0.0146934   0.4786585   2.5605342   0.5239587  -1.0000000   0.0145405   0.0000000   2.0321919   0.6518503   0.0000000   0.0000000  -4.3110882  19.2894662   2.5604188   0.5238433   0.0000000   1.0000000   0.0029557   0.0069970
  30.0000000   0.9980782   0.8078366   0.0000000   0.0032343   1.0000000   0.3449642   0.0000000   0.0000000   2.0381990   1.0029799 -15.3439489   0.0102449   1.6651810   0.5192802   0.0146934   0.4788115   2.5622103   0.5240113  -1.0000000   0.0145452   0.0000000   2.0322955   0.6518435   0.0000000   0.0000000  -4.3184223  19.3023724   2.5621019   0.5239028   0.0000000   1.0000000   0.0029568   0.0069945
  31.0000000   0.9982766   0.8078366   0.0000000   0.0032343   1.0000000   0.3449642   0.0000000   0.0000000   2.0393866   1.0033076 -15.3341830   0.0102412   1.6656381   0.5192791   0.0146934   0.4789596   2.5637678   0.5243812  -1.0000000   0.0145528   0.0000000   2.0323538   0.6518390   0.0000000   0.0000000  -4.3254109  19.3150200   2.5636661   0.5242795   0.0000000   1.0000000   0.0029647   0.0069890
  32.0000000   0.9984546   0.8078366   0.0000000   0.0032343   1.0000000   0.3449642   0.0000000   0.0000000   2.0408484   1.0036154 -15.3244742   0.0102407   1.6660765   0.5192046   0.0146934   0.4791002   2.5652445   0.5243961  -1.0000000   0.0145605   0.0000000   2.0324034   0.6518350   0.0000000   0.0000000  -4.3324218  19.3277478   2.5651493   0.5243009   0.0000000   1.0000000   0.0029657   0.0069824
  33.0000000   0.9986142   0.8078366   0.0000000   0.0032343   1.0000000   0.3449642   0.0000000   0.0000000   2.0422095   1.0038902 -15.3151883   0.0102378   1.6664942   0.5194875   0.0146934   0.4792331   2.5666101   0.5244006  -1.0000000   0.0145816   0.0000000   2.0324202   0.6518307   0.0000000   0.0000000  -4.3390928  19.3402071   2.5665209   0.5243115   0.0000000   1.0000000   0.0029707   0.0070406
  34.0000000   0.9987573   0.8078366   0.0000000   0.0032343   1.0000000   0.3449642   0.0000000   0.0000000   2.0430888   1.0041386 -15.3059026   0.0102320   1.6668900   0.5194403   0.0146934   0.4793448   2.5678834   0.5247946  -1.0000000   0.0146020   0.0000000   2.0324640   0.6518222   0.0000000   0.0000000  -4.3455034  19.3523087   2.5678001   0.5247113   0.0000000   1.0000000   0.0029789   0.0070426
  35.0000000   0.9988856   0.8078366   0.0000000   0.0032343   1.0000000   0.3449642   0.0000000   0.0000000   2.0441587   1.0043935 -15.2965816   0.0102297   1.6672699   0.5191666   0.0146934   0.4794362   2.5691428   0.5249841  -1.0000000   0.0145928   0.0000000   2.0326031   0.6518148   0.0000000   0.0000000  -4.3519837  19.3643696   2.5690651   0.5249064   0.0000000   1.0000000   0.0029808   0.0070248
  36.0000000   0.9990007   0.8078366   0.0000000   0.0032343   1.0000000   0.3449642   0.0000000   0.0000000   2.0455875   1.0046327 -15.2876447   0.0102269   1.6676312   0.5189604   0.0146934   0.4795367   2.5703305   0.5247430  -1.0000000   0.0145974   0.0000000   2.0326746   0.6518090   0.0000000   0.0000000  -4.3583107  19.3765088   2.5702581   0.5246705   0.0000000   1.0000000   0.0029814   0.0070220
  37.0000000   0.9991039   0.8078366   0.0000000   0.0032343   1.0000000   0.3449642   0.0000000   0.0000000   2.0466530   1.0048454 -15.2794295   0.0102236   1.6679747   0.5188030   0.0146934   0.4796327   2.5714141   0.5247611  -1.0000000   0.0146017   0.0000000   2.0327091   0.6518049   0.0000000   0.0000000  -4.3641520  19.3881907   2.5713467   0.5246937   0.0000000   1.0000000   0.0029840   0.0070219
  38.0000000   0.9991964   0.8078366   0.0000000   0.0032343   1.0000000   0.3449642   0.0000000   0.0000000   2.0477740   1.0049844 -15.2715648   0.0102186   1.6682791   0.5187695   0.0146934   0.4797244   2.5723576   0.5245837  -1.0000000   0.0147396   0.0000000   2.0326162   0.6517747   0.0000000   0.0000000  -4.3696813  19.3996746   2.5722947   0.5245208   0.0000000   1.0000000   0.0029873   0.0070240
  39.0000000   0.9992794   0.8078366   0.0000000   0.0032343   1.0000000   0.3449642   0.0000000   0.0000000   2.0489151   1.0051510 -15.2641671   0.0102146   1.6685755   0.5188572   0.0146934   0.4796783   2.5732739   0.5243589  -1.0000000   0.0146455   0.0000000   2.0331461   0.6517662   0.0000000   0.0000000  -4.3746314  19.4100018   2.5732154   0.5243003   0.0000000   1.0000000   0.0029907   0.0070252
  40.0000000   0.9993538   0.8078366   0.0000000   0.0032343   1.0000000   0.3449642   0.0000000   0.0000000   2.0498566   1.0052987 -15.2570968   0.0102103   1.6688561   0.5187497   0.0146934   0.4797261   2.5741096   0.5242530  -1.0000000   0.0146471   0.0000000   2.0332451   0.6517580   0.0000000   0.0000000  -4.3791106  19.4204489   2.5740551   0.5241986   0.0000000   1.0000000   0.0029939   0.0070185
  41.0000000   0.9994205   0.8078366   0.0000000   0.0032343   1.0000000   0.3449642   0.0000000   0.0000000   2.0507244   1.0054370 -15.2503844   0.0102049   1.6691217   0.5185349   0.0146934   0.4797724   2.5748876   0.5241633  -1.0000000   0.0146417   0.0000000   2.0333347   0.6517535   0.0000000   0.0000000  -4.3832807  19.4306119   2.5748371   0.5241127   0.0000000   1.0000000   0.0029983   0.0070582
  42.0000000   0.9994804   0.8078366   0.0000000   0.0032343   1.0000000   0.3449642   0.0000000   0.0000000   2.0518748   1.0055648 -15.2441714   0.0102042   1.6693727   0.5184927   0.0146934   0.4798241   2.5756199   0.5237452  -1.0000000   0.0146500   0.0000000   2.0333863   0.6517499   0.0000000   0.0000000  -4.3871099  19.4405114   2.5755731   0.5236983   0.0000000   1.0000000   0.0030059   0.0070729
  43.0000000   0.9995340   0.8078366   0.0000000   0.0032343   1.0000000   0.3449642   0.0000000   0.0000000   2.0528162   1.0056681 -15.2385474   0.0101995   1.6696066   0.5183136   0.0146934   0.4798675   2.5762490   0.5234328  -1.0000000   0.0146488   0.0000000   2.0334169   0.6517482   0.0000000   0.0000000  -4.3903375  19.4498413   2.5762056   0.5233894   0.0000000   1.0000000   0.0030101   0.0070792
  44.0000000   0.9995821   0.8078366   0.0000000   0.0032343   1.0000000   0.3449642   0.0000000   0.0000000   2.0537885   1.0057625 -15.2335054   0.0101947   1.6698244   0.5182199   0.0146934   0.4799121   2.5768303   0.5230418  -1.0000000   0.0146527   0.0000000   2.0334255   0.6517468   0.0000000   0.0000000  -4.3930416  19.4586332   2.5767901   0.5230016   0.0000000   1.0000000   0.0030138   0.0071074
  45.0000000   0.9996253   0.8078366   0.0000000   0.0032343   1.0000000   0.3449642   0.0000000   0.0000000   2.0545212   1.0058421 -15.2290033   0.0101882   1.6700269   0.5181518   0.0146934   0.4799528   2.5773481   0.5228269  -1.0000000   0.0146577   0.0000000   2.0334201   0.6517460   0.0000000   0.0000000  -4.3951837  19.4668423   2.5773109   0.5227897   0.0000000   1.0000000   0.0030190   0.0071224
  46.0000000   0.9996640   0.8078366   0.0000000   0.0032343   1.0000000   0.3449642   0.0000000   0.0000000   2.0551245   1.0059156 -15.2248429   0.0101832   1.6702166   0.5180663   0.0146934   0.4799884   2.5778319   0.5227074  -1.0000000   0.0146623   0.0000000   2.0334335   0.6517483   0.0000000   0.0000000  -4.3970499  19.4746272   2.5777975   0.5226730   0.0000000   1.0000000   0.0030225   0.0071196
  47.0000000   0.9996987   0.8078366   0.0000000   0.0032343   1.0000000   0.3449642   0.0000000   0.0000000   2.0555171   1.0059880 -15.2209422   0.0101785   1.6703944   0.5178204   0.0146934   0.4800195   2.5782939   0.5227768  -1.0000000   0.0146616   0.0000000   2.0334592   0.6517495   0.0000000   0.0000000  -4.3987701  19.4820906   2.5782621   0.5227450   0.0000000   1.0000000   0.0030227   0.0071276
  48.0000000   0.9997298   0.8078366   0.0000000   0.0032343   1.0000000   0.3449642   0.0000000   0.0000000   2.0561000   1.0060589 -15.2172759   0.0101743   1.6705609   0.5174199   0.0146934   0.4800513   2.5787408   0.5226408  -1.0000000   0.0146681   0.0000000   2.0334684   0.6517456   0.0000000   0.0000000  -4.4004773  19.4894507   2.5787114   0.5226114   0.0000000   1.0000000   0.0030276   0.0071254
  49.0000000   0.9997577   0.8078366   0.0000000   0.0032343   1.0000000   0.3449642   0.0000000   0.0000000   2.0569083   1.0061269 -15.2142309   0.0101716   1.6707173   0.5174302   0.0146934   0.4800766   2.5791646   0.5222562  -1.0000000   0.0146694   0.0000000   2.0335043   0.6517438   0.0000000   0.0000000  -4.4020776  19.4964911   2.5791375   0.5222292   0.0000000   1.0000000   0.0030299   0.0071284
  50.0000000   0.9997827   0.8078366   0.0000000   0.0032343   1.0000000   0.3449642   0.0000000   0.0000000   2.0575857   1.0061791 -15.2116629   0.0101702   1.6708645   0.5174388   0.0146934   0.4801006   2.5795304   0.5219446  -1.0000000   0.0146740   0.0000000   2.0335118   0.6517422   0.0000000   0.0000000  -4.4032365  19.5030318   2.5795055   0.5219197   0.0000000   1.0000000   0.0030321   0.0071292
  51.0000000   0.9998052   0.8078366   0.0000000   0.0032343   1.0000000   0.3449642   0.0000000   0.0000000   2.0580959   1.0062221 -15.2094187   0.0101646   1.6710007   0.5176635   0.0146934   0.4801200   2.5798508   0.5217549  -1.0000000   0.0146738   0.0000000   2.0335172   0.6517412   0.0000000   0.0000000  -4.4041254  19.5091436   2.5798279   0.5217320   0.0000000   1.0000000   0.0030341   0.0071283
  52.0000000   0.9998253   0.8078366   0.0000000   0.0032343   1.0000000   0.3449642   0.0000000   0.0000000   2.0587379   1.0062621 -15.2071756   0.0101612   1.6711276   0.5176736   0.0146934   0.4801395   2.5801495   0.5214116  -1.0000000   0.0146753   0.0000000   2.0335189   0.6517411   0.0000000   0.0000000  -4.4049124  19.5149587   2.5801285   0.5213906   0.0000000   1.0000000   0.0030357   0.0071284
  53.0000000   0.9998433   0.8078366   0.0000000   0.0032343   1.0000000   0.3449642   0.0000000   0.0000000   2.0589595   1.0062922 -15.2052697   0.0101559   1.6712449   0.5176064   0.0146934   0.4801576   2.5804046   0.5214451  -1.0000000   0.0146770   0.0000000   2.0335019   0.6517403   0.0000000   0.0000000  -4.4053886  19.5203437   2.5803853   0.5214258   0.0000000   1.0000000   0.0030375   0.0071302
  54.0000000   0.9998595   0.8078366   0.0000000   0.0032343   1.0000000   0.3449642   0.0000000   0.0000000   2.0591596   1.0063237 -15.2034216   0.0101530   1.6713547   0.5175212   0.0146934   0.4801740   2.5806542   0.5214946  -1.0000000   0.0146786   0.0000000   2.0335041   0.6517419   0.0000000   0.0000000  -4.4058491  19.5256466   2.5806365   0.5214769   0.0000000   1.0000000   0.0030393   0.0071331
  55.0000000   0.9998740   0.8078366   0.0000000   0.0032343   1.0000000   0.3449642   0.0000000   0.0000000   2.0593963   1.0063591 -15.2016256   0.0101497   1.6714569   0.5175681   0.0146934   0.4801888   2.5809066   0.5215103  -1.0000000   0.0146810   0.0000000   2.0335179   0.6517415   0.0000000   0.0000000  -4.4064571  19.5308844   2.5808904   0.5214941   0.0000000   1.0000000   0.0030412   0.0071366
  56.0000000   0.9998870   0.8078366   0.0000000   0.0032343   1.0000000   0.3449642   0.0000000   0.0000000   2.0600109   1.0063957 -15.1997878   0.0101464   1.6715524   0.5175646   0.0146934   0.4802011   2.5811546   0.5211437  -1.0000000   0.0146827   0.0000000   2.0335347   0.6517375   0.0000000   0.0000000  -4.4071679  19.5360182   2.5811398   0.5211289   0.0000000   1.0000000   0.0030430   0.0071403
  57.0000000   0.9998987   0.8078366   0.0000000   0.0032343   1.0000000   0.3449642   0.0000000   0.0000000   2.0605183   1.0064222 -15.1983781   0.0101452   1.6716418   0.5174421   0.0146934   0.4802118   2.5813631   0.5208448  -1.0000000   0.0146836   0.0000000   2.0335426   0.6517360   0.0000000   0.0000000  -4.4076523  19.5406809   2.5813496   0.5208313   0.0000000   1.0000000   0.0030447   0.0071435
  58.0000000   0.9999091   0.8078366   0.0000000   0.0032343   1.0000000   0.3449642   0.0000000   0.0000000   2.0608128   1.0064398 -15.1974255   0.0101434   1.6717256   0.5174526   0.0146934   0.4802216   2.5815372   0.5207244  -1.0000000   0.0146853   0.0000000   2.0335399   0.6517364   0.0000000   0.0000000  -4.4079253  19.5449512   2.5815249   0.5207121   0.0000000   1.0000000   0.0030464   0.0071464
  59.0000000   0.9999185   0.8078366   0.0000000   0.0032343   1.0000000   0.3449642   0.0000000   0.0000000   2.0611254   1.0064529 -15.1965803   0.0101398   1.6718031   0.5173911   0.0146934   0.4802296   2.5816961   0.5205707  -1.0000000   0.0146932   0.0000000   2.0335394   0.6517366   0.0000000   0.0000000  -4.4081770  19.5490067   2.5816850   0.5205596   0.0000000   1.0000000   0.0030479   0.0071491
  60.0000000   0.9999269   0.8078366   0.0000000   0.0032343   1.0000000   0.3449642   0.0000000   0.0000000   2.0613151   1.0064656 -15.1959770   0.0101381   1.6718752   0.5173791   0.0146934   0.4802298   2.5818419   0.5205268  -1.0000000   0.0146899   0.0000000   2.0335584   0.6517340   0.0000000   0.0000000  -4.4084112  19.5527916   2.5818318   0.5205168   0.0000000   1.0000000   0.0030494   0.0071517
  61.0000000   0.9999345   0.8078366   0.0000000   0.0032343   1.0000000   0.3449642   0.0000000   0.0000000   2.0614678   1.0064774 -15.1954450   0.0101360   1.6719421   0.5173622   0.0146934   0.4802333   2.5819802   0.5205124  -1.0000000   0.0146927   0.0000000   2.0335651   0.6517317   0.0000000   0.0000000  -4.4086382  19.5564826   2.5819711   0.5205033   0.0000000   1.0000000   0.0030508   0.0071534
  62.0000000   0.9999413   0.8078366   0.0000000   0.0032343   1.0000000   0.3449642   0.0000000   0.0000000   2.0620129   1.0064875 -15.1949567   0.0101338   1.6720040   0.5173827   0.0146934   0.4802340   2.5821078   0.5200949  -1.0000000   0.0146953   0.0000000   2.0335826   0.6517299   0.0000000   0.0000000  -4.4089181  19.5600805   2.5820996   0.5200867   0.0000000   1.0000000   0.0030522   0.0071578
  63.0000000   0.9999473   0.8078366   0.0000000   0.0032343   1.0000000   0.3449642   0.0000000   0.0000000   2.0621128   1.0064905 -15.1948964   0.0101327   1.6720612   0.5173165   0.0146934   0.4802321   2.5822051   0.5200924  -1.0000000   0.0146938   0.0000000   2.0335957   0.6517291   0.0000000   0.0000000  -4.4089102  19.5631621   2.5821978   0.5200850   0.0000000   1.0000000   0.0030540   0.0071657
  64.0000000   0.9999528   0.8078366   0.0000000   0.0032343   1.0000000   0.3449642   0.0000000   0.0000000   2.0624699   1.0064958 -15.1949021   0.0101302   1.6721141   0.5174186   0.0146934   0.4802317   2.5823055   0.5198356  -1.0000000   0.0146962   0.0000000   2.0336093   0.6517280   0.0000000   0.0000000  -4.4090266  19.5661807   2.5822989   0.5198290   0.0000000   1.0000000   0.0030561   0.0071748
  65.0000000   0.9999576   0.8078366   0.0000000   0.0032343   1.0000000   0.3449642   0.0000000   0.0000000   2.0625539   1.0064941 -15.1950782   0.0101285   1.6721629   0.5173089   0.0146934   0.4802289   2.5823785   0.5198246  -1.0000000   0.0146966   0.0000000   2.0336302   0.6517314   0.0000000   0.0000000  -4.4090078  19.5688958   2.5823726   0.5198187   0.0000000   1.0000000   0.0030583   0.0071834
  66.0000000   0.9999620   0.8078366   0.0000000   0.0032343   1.0000000   0.3449642   0.0000000   0.0000000   2.0629455   1.0064940 -15.1953819   0.0101270   1.6722079   0.5173365   0.0146934   0.4802256   2.5824504   0.5195049  -1.0000000   0.0146967   0.0000000   2.0336418   0.6517301   0.0000000   0.0000000  -4.4089742  19.5715509   2.5824452   0.5194997   0.0000000   1.0000000   0.0030608   0.0072031
  67.0000000   0.9999659   0.8078366   0.0000000   0.0032343   1.0000000   0.3449642   0.0000000   0.0000000   2.0630384   1.0064854 -15.1959913   0.0101256   1.6722495   0.5172942   0.0146934   0.4802223   2.5824943   0.5194559  -1.0000000   0.0146998   0.0000000   2.0336407   0.6517303   0.0000000   0.0000000  -4.4087749  19.5738337   2.5824898   0.5194514   0.0000000   1.0000000   0.0030636   0.0072052
  68.0000000   0.9999695   0.8078366   0.0000000   0.0032343   1.0000000   0.3449642   0.0000000   0.0000000   2.0632089   1.0064763 -15.1966963   0.0101243   1.6722871   0.5172714   0.0146934   0.4802159   2.5825318   0.5193229  -1.0000000   0.0147010   0.0000000   2.0336480   0.6517293   0.0000000   0.0000000  -4.4084994  19.5760189   2.5825278   0.5193188   0.0000000   1.0000000   0.0030647   0.0072106
  69.0000000   0.9999726   0.8078366   0.0000000   0.0032343   1.0000000   0.3449642   0.0000000   0.0000000   2.0634102   1.0064666 -15.1975608   0.0101229   1.6723214   0.5172370   0.0146934   0.4802082   2.5825616   0.5191514  -1.0000000   0.0147004   0.0000000   2.0336581   0.6517281   0.0000000   0.0000000  -4.4081909  19.5780302   2.5825581   0.5191479   0.0000000   1.0000000   0.0030662   0.0072188
  70.0000000   0.9999754   0.8078366   0.0000000   0.0032343   1.0000000   0.3449642   0.0000000   0.0000000   2.0633817   1.0064532 -15.1986267   0.0101210   1.6723522   0.5172174   0.0146934   0.4802012   2.5825754   0.5191937  -1.0000000   0.0147011   0.0000000   2.0336650   0.6517295   0.0000000   0.0000000  -4.4078298  19.5798563   2.5825723   0.5191907   0.0000000   1.0000000   0.0030677   0.0072237
  71.0000000   0.9999780   0.8078366   0.0000000   0.0032343   1.0000000   0.3449642   0.0000000   0.0000000   2.0635520   1.0064459 -15.1996615   0.0101194   1.6723800   0.5172211   0.0146934   0.4801935   2.5826039   0.5190520  -1.0000000   0.0147013   0.0000000   2.0336792   0.6517275   0.0000000   0.0000000  -4.4076059  19.5816578   2.5826013   0.5190493   0.0000000   1.0000000   0.0030688   0.0072273
  72.0000000   0.9999802   0.8078366   0.0000000   0.0032343   1.0000000   0.3449642   0.0000000   0.0000000   2.0636723   1.0064367 -15.2008434   0.0101183   1.6724052   0.5172040   0.0146934   0.4801856   2.5826226   0.5189503  -1.0000000   0.0147013   0.0000000   2.0336910   0.6517258   0.0000000   0.0000000  -4.4073579  19.5832869   2.5826203   0.5189480   0.0000000   1.0000000   0.0030697   0.0072307
  73.0000000   0.9999823   0.8078366   0.0000000   0.0032343   1.0000000   0.3449642   0.0000000   0.0000000   2.0637966   1.0064273 -15.2021490   0.0101171   1.6724280   0.5172159   0.0146934   0.4801777   2.5826367   0.5188400  -1.0000000   0.0147014   0.0000000   2.0337058   0.6517254   0.0000000   0.0000000  -4.4071161  19.5847823   2.5826347   0.5188381   0.0000000   1.0000000   0.0030705   0.0072334
  74.0000000   0.9999841   0.8078366   0.0000000   0.0032343   1.0000000   0.3449642   0.0000000   0.0000000   2.0639144   1.0064167 -15.2035526   0.0101156   1.6724485   0.5172434   0.0146934   0.4801697   2.5826441   0.5187297  -1.0000000   0.0147015   0.0000000   2.0337163   0.6517242   0.0000000   0.0000000  -4.4068590  19.5861396   2.5826425   0.5187281   0.0000000   1.0000000   0.0030712   0.0072354
  75.0000000   0.9999858   0.8078366   0.0000000   0.0032343   1.0000000   0.3449642   0.0000000   0.0000000   2.0639388   1.0064046 -15.2050489   0.0101149   1.6724671   0.5172296   0.0146934   0.4801616   2.5826437   0.5187049  -1.0000000   0.0147015   0.0000000   2.0337251   0.6517237   0.0000000   0.0000000  -4.4065572  19.5873658   2.5826424   0.5187036   0.0000000   1.0000000   0.0030717   0.0072369
  76.0000000   0.9999872   0.8078366   0.0000000   0.0032343   1.0000000   0.3449642   0.0000000   0.0000000   2.0642025   1.0063942 -15.2065865   0.0101139   1.6724835   0.5172513   0.0146934   0.4801535   2.5826451   0.5184427  -1.0000000   0.0147013   0.0000000   2.0337369   0.6517228   0.0000000   0.0000000  -4.4063091  19.5885446   2.5826440   0.5184415   0.0000000   1.0000000   0.0030722   0.0072379
  77.0000000   0.9999885   0.8078366   0.0000000   0.0032343   1.0000000   0.3449642   0.0000000   0.0000000   2.0642870   1.0063784 -15.2083750   0.0101132   1.6724984   0.5172712   0.0146934   0.4801455   2.5826267   0.5183397  -1.0000000   0.0147009   0.0000000   2.0337434   0.6517247   0.0000000   0.0000000  -4.4058881  19.5894460   2.5826258   0.5183388   0.0000000   1.0000000   0.0030725   0.0072385
  78.0000000   0.9999897   0.8078366   0.0000000   0.0032343   1.0000000   0.3449642   0.0000000   0.0000000   2.0643357   1.0063618 -15.2102432   0.0101120   1.6725116   0.5172865   0.0146934   0.4801380   2.5826038   0.5182681  -1.0000000   0.0147009   0.0000000   2.0337387   0.6517242   0.0000000   0.0000000  -4.4054414  19.5902288   2.5826031   0.5182674   0.0000000   1.0000000   0.0030728   0.0072390
  79.0000000   0.9999908   0.8078366   0.0000000   0.0032343   1.0000000   0.3449642   0.0000000   0.0000000   2.0642376   1.0063453 -15.2121681   0.0101113   1.6725234   0.5173158   0.0146934   0.4801305   2.5825785   0.5183410  -1.0000000   0.0147006   0.0000000   2.0337423   0.6517264   0.0000000   0.0000000  -4.4049924  19.5909255   2.5825780   0.5183404   0.0000000   1.0000000   0.0030730   0.0072393
  80.0000000   0.9999917   0.8078366   0.0000000   0.0032343   1.0000000   0.3449642   0.0000000   0.0000000   2.0644573   1.0063327 -15.2139807   0.0101099   1.6725338   0.5173310   0.0146934   0.4801233   2.5825627   0.5181053  -1.0000000   0.0147003   0.0000000   2.0337442   0.6517255   0.0000000   0.0000000  -4.4046683  19.5916822   2.5825623   0.5181050   0.0000000   1.0000000   0.0030732   0.0072396
  81.0000000   0.9999926   0.8078366   0.0000000   0.0032343   1.0000000   0.3449642   0.0000000   0.0000000   2.0644527   1.0063149 -15.2160281   0.0101098   1.6725437   0.5173445   0.0146934   0.4801164   2.5825298   0.5180771  -1.0000000   0.0147000   0.0000000   2.0337437   0.6517283   0.0000000   0.0000000  -4.4042081  19.5921947   2.5825296   0.5180769   0.0000000   1.0000000   0.0030734   0.0072398
  82.0000000   0.9999934   0.8078366   0.0000000   0.0032343   1.0000000   0.3449642   0.0000000   0.0000000   2.0643280   1.0062981 -15.2180965   0.0101096   1.6725525   0.5173823   0.0146934   0.4801097   2.5824980   0.5181701  -1.0000000   0.0146999   0.0000000   2.0337409   0.6517302   0.0000000   0.0000000  -4.4037482  19.5926693   2.5824979   0.5181700   0.0000000   1.0000000   0.0030735   0.0072400
  83.0000000   0.9999940   0.8078366   0.0000000   0.0032343   1.0000000   0.3449642   0.0000000   0.0000000   2.0643703   1.0062856 -15.2200320   0.0101089   1.6725602   0.5174255   0.0146934   0.4801032   2.5824782   0.5181079  -1.0000000   0.0146998   0.0000000   2.0337375   0.6517285   0.0000000   0.0000000  -4.4034374  19.5932238   2.5824782   0.5181079   0.0000000   1.0000000   0.0030737   0.0072401
  84.0000000   0.9999947   0.8078366   0.0000000   0.0032343   1.0000000   0.3449642   0.0000000   0.0000000   2.0643720   1.0062726 -15.2219923   0.0101084   1.6725672   0.5174584   0.0146934   0.4800968   2.5824550   0.5180830  -1.0000000   0.0146996   0.0000000   2.0337351   0.6517278   0.0000000   0.0000000  -4.4031096  19.5937103   2.5824551   0.5180831   0.0000000   1.0000000   0.0030737   0.0072402
  85.0000000   0.9999952   0.8078366   0.0000000   0.0032343   1.0000000   0.3449642   0.0000000   0.0000000   2.0644012   1.0062604 -15.2239420   0.0101074   1.6725732   0.5175154   0.0146934   0.4800906   2.5824328   0.5180317  -1.0000000   0.0146993   0.0000000   2.0337338   0.6517272   0.0000000   0.0000000  -4.4028007  19.5941644   2.5824330   0.5180319   0.0000000   1.0000000   0.0030738   0.0072402
  86.0000000   0.9999957   0.8078366   0.0000000   0.0032343   1.0000000   0.3449642   0.0000000   0.0000000   2.0644442   1.0062490 -15.2258954   0.0101072   1.6725785   0.5173186   0.0146934   0.4800848   2.5824099   0.5179657  -1.0000000   0.0146974   0.0000000   2.0337409   0.6517296   0.0000000   0.0000000  -4.4024960  19.5945608   2.5824102   0.5179660   0.0000000   1.0000000   0.0030739   0.0072401
  87.0000000   0.9999961   0.8078366   0.0000000   0.0032343   1.0000000   0.3449642   0.0000000   0.0000000   2.0643024   1.0062362 -15.2281193   0.0101067   1.6725834   0.5175480   0.0146934   0.4800807   2.5823831   0.5180807  -1.0000000   0.0146986   0.0000000   2.0337284   0.6517289   0.0000000   0.0000000  -4.4021640  19.5948957   2.5823835   0.5180811   0.0000000   1.0000000   0.0030739   0.0072401
  88.0000000   0.9999965   0.8078366   0.0000000   0.0032343   1.0000000   0.3449642   0.0000000   0.0000000   2.0643238   1.0062282 -15.2300010   0.0101063   1.6725876   0.5175689   0.0146934   0.4800755   2.5823695   0.5180457  -1.0000000   0.0146977   0.0000000   2.0337238   0.6517256   0.0000000   0.0000000  -4.4019720  19.5953270   2.5823699   0.5180461   0.0000000   1.0000000   0.0030739   0.0072402
  89.0000000   0.9999969   0.8078366   0.0000000   0.0032343   1.0000000   0.3449642   0.0000000   0.0000000   2.0644674   1.0062197 -15.2319068   0.0101059   1.6725912   0.5176030   0.0146934   0.4800711   2.5823540   0.5178866  -1.0000000   0.0146982   0.0000000   2.0337243   0.6517253   0.0000000   0.0000000  -4.4017855  19.5957232   2.5823544   0.5178871   0.0000000   1.0000000   0.0030740   0.0072403
  90.0000000   0.9999972   0.8078366   0.0000000   0.0032343   1.0000000   0.3449642   0.0000000   0.0000000   2.0644568   1.0062079 -15.2339537   0.0101059   1.6725943   0.5176522   0.0146934   0.4800663   2.5823270   0.5178702  -1.0000000   0.0146981   0.0000000   2.0337197   0.6517255   0.0000000   0.0000000  -4.4014600  19.5959530   2.5823275   0.5178707   0.0000000   1.0000000   0.0030740   0.0072403
  91.0000000   1.0000000   0.8078366   0.0000000   0.0032343   1.0000000   0.3449642   0.0000000   0.0000000   2.0643498   1.0061980 -15.2359755   0.0101057   1.6725985   0.5176894   0.0146934   0.4800617   2.5823078   0.5179580  -1.0000000   0.0146980   0.0000000   2.0337260   0.6517278   0.0000000   0.0000000  -4.4011333  19.5961614   2.5823084   0.5179586   0.0000000   1.0000000   0.0030740   0.0072404
  92.0000000   1.0000000   0.8078366   0.0000000   0.0032343   1.0000000   0.3449642   0.0000000   0.0000000   2.0643810   1.0061900 -15.2378771   0.0101051   1.6726006   0.5177344   0.0146934   0.4800571   2.5822909   0.5179099  -1.0000000   0.0146978   0.0000000   2.0337269   0.6517272   0.0000000   0.0000000  -4.4009217  19.5964501   2.5822915   0.5179105   0.0000000   1.0000000   0.0030740   0.0072404
  93.0000000   1.0000000   0.8078366   0.0000000   0.0032343   1.0000000   0.3449642   0.0000000   0.0000000   2.0643803   1.0061814 -15.2397905   0.0101048   1.6726023   0.5177800   0.0146934   0.4800527   2.5822714   0.5178911  -1.0000000   0.0146976   0.0000000   2.0337261   0.6517267   0.0000000   0.0000000  -4.4006974  19.5966886   2.5822720   0.5178917   0.0000000   1.0000000   0.0030740   0.0072404
  94.0000000   1.0000000   0.8078366   0.0000000   0.0032343   1.0000000   0.3449642   0.0000000   0.0000000   2.0643909   1.0061732 -15.2416832   0.0101043   1.6726036   0.5178261   0.0146934   0.4800485   2.5822521   0.5178611  -1.0000000   0.0146974   0.0000000   2.0337255   0.6517263   0.0000000   0.0000000  -4.4004754  19.5969059   2.5822527   0.5178618   0.0000000   1.0000000   0.0030740   0.0072405
  95.0000000   1.0000000   0.8078366   0.0000000   0.0032343   1.0000000   0.3449642   0.0000000   0.0000000   2.0643586   1.0061649 -15.2435695   0.0101041   1.6726046   0.5178605   0.0146934   0.4800445   2.5822322   0.5178737  -1.0000000   0.0146973   0.0000000   2.0337245   0.6517261   0.0000000   0.0000000  -4.4002516  19.5970902   2.5822329   0.5178743   0.0000000   1.0000000   0.0030740   0.0072405
  96.0000000   1.0000000   0.8078366   0.0000000   0.0032343   1.0000000   0.3449642   0.0000000   0.0000000   2.0643191   1.0061577 -15.2454130   0.0101036   1.6726053   0.5178980   0.0146934   0.4800405   2.5822151   0.5178960  -1.0000000   0.0146972   0.0000000   2.0337253   0.6517258   0.0000000   0.0000000  -4.4000304  19.5972823   2.5822158   0.5178967   0.0000000   1.0000000   0.0030740   0.0072407
  97.0000000   1.0000000   0.8078366   0.0000000   0.0032343   1.0000000   0.3449642   0.0000000   0.0000000   2.0643421   1.0061524 -15.2471977   0.0101028   1.6726055   0.5179416   0.0146934   0.4800368   2.5822029   0.5178608  -1.0000000   0.0146970   0.0000000   2.0337295   0.6517254   0.0000000   0.0000000  -4.3998581  19.5974918   2.5822035   0.5178615   0.0000000   1.0000000   0.0030740   0.0072408
  98.0000000   1.0000000   0.8078366   0.0000000   0.0032343   1.0000000   0.3449642   0.0000000   0.0000000   2.0643142   1.0061462 -15.2489908   0.0101029   1.6726061   0.5179559   0.0146934   0.4800331   2.5821882   0.5178740  -1.0000000   0.0146969   0.0000000   2.0337314   0.6517251   0.0000000   0.0000000  -4.3996953  19.5976626   2.5821889   0.5178747   0.0000000   1.0000000   0.0030740   0.0072410
  99.0000000   1.0000000   0.8078366   0.0000000   0.0032343   1.0000000   0.3449642   0.0000000   0.0000000   2.0643153   1.0061409 -15.2507725   0.0101031   1.6726067   0.5179688   0.0146934   0.4800296   2.5821765   0.5178612  -1.0000000   0.0146968   0.0000000   2.0337350   0.6517247   0.0000000   0.0000000  -4.3995819  19.5978421   2.5821772   0.5178619   0.0000000   1.0000000   0.0030740   0.0072410
 100.0000000   1.0000000   0.8078366   0.0000000   0.0032343   1.0000000   0.3449642   0.0000000   0.0000000   2.0643113   1.0061359 -15.2525618   0.0101026   1.6726070   0.5180164   0.0146934   0.4800261   2.5821650   0.5178538  -1.0000000   0.0146967   0.0000000   2.0337386   0.6517244   0.0000000   0.0000000  -4.3994730  19.5980059   2.5821657   0.5178544   0.0000000   1.0000000   0.0030740   0.0072410
 101.0000000   1.0000000   0.8078366   0.0000000   0.0032343   1.0000000   0.3449642   0.0000000   0.0000000   2.0642868   1.0061306 -15.2543232   0.0101025   1.6726075   0.5180878   0.0146934   0.4800228   2.5821527   0.5178658  -1.0000000   0.0146965   0.0000000   2.0337405   0.6517240   0.0000000   0.0000000  -4.3993591  19.5981623   2.5821534   0.5178665   0.0000000   1.0000000   0.0030740   0.0072412
 102.0000000   1.0000000   0.8078366   0.0000000   0.0032343   1.0000000   0.3449642   0.0000000   0.0000000   2.0642772   1.0061256 -15.2560203   0.0101029   1.6726079   0.5181508   0.0146934   0.4800197   2.5821410   0.5178637  -1.0000000   0.0146964   0.0000000   2.0337432   0.6517238   0.0000000   0.0000000  -4.3992398  19.5983317   2.5821417   0.5178644   0.0000000   1.0000000   0.0030740   0.0072414
 103.0000000   1.0000000   0.8078366   0.0000000   0.0032343   1.0000000   0.3449642   0.0000000   0.0000000   2.0643137   1.0061212 -15.2576588   0.0101021   1.6726078   0.5181943   0.0146934   0.4800166   2.5821307   0.5178170  -1.0000000   0.0146964   0.0000000   2.0337454   0.6517230   0.0000000   0.0000000  -4.3991333  19.5984973   2.5821314   0.5178177   0.0000000   1.0000000   0.0030740   0.0072415
 104.0000000   1.0000000   0.8078366   0.0000000   0.0032343   1.0000000   0.3449642   0.0000000   0.0000000   2.0643184   1.0061160 -15.2593216   0.0101026   1.6726080   0.5182285   0.0146934   0.4800137   2.5821178   0.5177994  -1.0000000   0.0146963   0.0000000   2.0337472   0.6517230   0.0000000   0.0000000  -4.3990238  19.5986120   2.5821185   0.5178001   0.0000000   1.0000000   0.0030740   0.0072416
 105.0000000   1.0000000   0.8078366   0.0000000   0.0032343   1.0000000   0.3449642   0.0000000   0.0000000   2.0643035   1.0061106 -15.2609864   0.0101030   1.6726085   0.5182632   0.0146934   0.4800108   2.5821047   0.5178012  -1.0000000   0.0146962   0.0000000   2.0337485   0.6517231   0.0000000   0.0000000  -4.3989174  19.5987058   2.5821054   0.5178020   0.0000000   1.0000000   0.0030739   0.0072416
 106.0000000   1.0000000   0.8078366   0.0000000   0.0032343   1.0000000   0.3449642   0.0000000   0.0000000   2.0642720   1.0061058 -15.2626060   0.0101016   1.6726081   0.5183055   0.0146934   0.4800079   2.5820923   0.5178203  -1.0000000   0.0146960   0.0000000   2.0337503   0.6517230   0.0000000   0.0000000  -4.3987895  19.5988039   2.5820930   0.5178210   0.0000000   1.0000000   0.0030739   0.0072417
 107.0000000   1.0000000   0.8078366   0.0000000   0.0032343   1.0000000   0.3449642   0.0000000   0.0000000   2.0642360   1.0061021 -15.2641754   0.0101016   1.6726081   0.5183429   0.0146934   0.4800053   2.5820835   0.5178475  -1.0000000   0.0146960   0.0000000   2.0337505   0.6517217   0.0000000   0.0000000  -4.3987099  19.5989145   2.5820842   0.5178482   0.0000000   1.0000000   0.0030739   0.0072417
 108.0000000   1.0000000   0.8078366   0.0000000   0.0032343   1.0000000   0.3449642   0.0000000   0.0000000   2.0642477   1.0060989 -15.2657114   0.0101028   1.6726087   0.5183833   0.0146934   0.4800027   2.5820774   0.5178297  -1.0000000   0.0146960   0.0000000   2.0337533   0.6517210   0.0000000   0.0000000  -4.3986848  19.5990505   2.5820781   0.5178304   0.0000000   1.0000000   0.0030739   0.0072417
 109.0000000   1.0000000   0.8078366   0.0000000   0.0032343   1.0000000   0.3449642   0.0000000   0.0000000   2.0642549   1.0060961 -15.2672194   0.0101015   1.6726084   0.5184051   0.0146934   0.4800001   2.5820707   0.5178157  -1.0000000   0.0146958   0.0000000   2.0337569   0.6517203   0.0000000   0.0000000  -4.3986395  19.5991686   2.5820714   0.5178165   0.0000000   1.0000000   0.0030739   0.0072417
 110.0000000   1.0000000   0.8078366   0.0000000   0.0032343   1.0000000   0.3449642   0.0000000   0.0000000   2.0642260   1.0060925 -15.2687345   0.0101016   1.6726085   0.5184534   0.0146934   0.4799977   2.5820623   0.5178364  -1.0000000   0.0146957   0.0000000   2.0337614   0.6517207   0.0000000   0.0000000  -4.3985787  19.5992734   2.5820630   0.5178371   0.0000000   1.0000000   0.0030739   0.0072418
 111.0000000   1.0000000   0.8078366   0.0000000   0.0032343   1.0000000   0.3449642   0.0000000   0.0000000   2.0642130   1.0060901 -15.2701918   0.0101015   1.6726084   0.5184870   0.0146934   0.4799954   2.5820572   0.5178443  -1.0000000   0.0146957   0.0000000   2.0337670   0.6517207   0.0000000   0.0000000  -4.3985306  19.5993951   2.5820579   0.5178450   0.0000000   1.0000000   0.0030739   0.0072418
 112.0000000   1.0000000   0.8078366   0.0000000   0.0032343   1.0000000   0.3449642   0.0000000   0.0000000   2.0641979   1.0060887 -15.2716027   0.0101003   1.6726079   0.5185257   0.0146934   0.4799931   2.5820541   0.5178562  -1.0000000   0.0146956   0.0000000   2.0337742   0.6517206   0.0000000   0.0000000  -4.3984794  19.5995232   2.5820548   0.5178569   0.0000000   1.0000000   0.0030739   0.0072418
 113.0000000   1.0000000   0.8078366   0.0000000   0.0032343   1.0000000   0.3449642   0.0000000   0.0000000   2.0641928   1.0060872 -15.2729886   0.0101011   1.6726080   0.5185623   0.0146934   0.4799909   2.5820519   0.5178591  -1.0000000   0.0146955   0.0000000   2.0337812   0.6517205   0.0000000   0.0000000  -4.3984542  19.5996592   2.5820526   0.5178598   0.0000000   1.0000000   0.0030739   0.0072418
 114.0000000   1.0000000   0.8078366   0.0000000   0.0032343   1.0000000   0.3449642   0.0000000   0.0000000   2.0641491   1.0060869 -15.2743140   0.0100988   1.6726069   0.5185893   0.0146934   0.4799888   2.5820517   0.5179026  -1.0000000   0.0146955   0.0000000   2.0337900   0.6517202   0.0000000   0.0000000  -4.3984118  19.5997959   2.5820524   0.5179033   0.0000000   1.0000000   0.0030738   0.0072419
 115.0000000   1.0000000   0.8078366   0.0000000   0.0032343   1.0000000   0.3449642   0.0000000   0.0000000   2.0641218   1.0060876 -15.2756054   0.0101003   1.6726080   0.5186300   0.0146934   0.4799867   2.5820577   0.5179360  -1.0000000   0.0146953   0.0000000   2.0338011   0.6517199   0.0000000   0.0000000  -4.3984725  19.5999541   2.5820584   0.5179367   0.0000000   1.0000000   0.0030738   0.0072420
 116.0000000   1.0000000   0.8078366   0.0000000   0.0032343   1.0000000   0.3449642   0.0000000   0.0000000   2.0641423   1.0060872 -15.2768813   0.0101031   1.6726112   0.5187083   0.0146934   0.4799847   2.5820634   0.5179211  -1.0000000   0.0146954   0.0000000   2.0338090   0.6517197   0.0000000   0.0000000  -4.3985934  19.6001431   2.5820641   0.5179218   0.0000000   1.0000000   0.0030738   0.0072420
 117.0000000   1.0000000   0.8078366   0.0000000   0.0032343   1.0000000   0.3449642   0.0000000   0.0000000   2.0641241   1.0060878 -15.2780733   0.0101008   1.6726119   0.5187064   0.0146934   0.4799827   2.5820683   0.5179443  -1.0000000   0.0146953   0.0000000   2.0338176   0.6517188   0.0000000   0.0000000  -4.3986207  19.6003224   2.5820691   0.5179450   0.0000000   1.0000000   0.0030738   0.0072420
 118.0000000   1.0000000   0.8078366   0.0000000   0.0032343   1.0000000   0.3449642   0.0000000   0.0000000   2.0641803   1.0060904 -15.2792242   0.0100985   1.6726107   0.5187750   0.0146934   0.4799808   2.5820768   0.5178965  -1.0000000   0.0146955   0.0000000   2.0338268   0.6517167   0.0000000   0.0000000  -4.3986321  19.6005230   2.5820775   0.5178973   0.0000000   1.0000000   0.0030738   0.0072420
 119.0000000   1.0000000   0.8078366   0.0000000   0.0032343   1.0000000   0.3449642   0.0000000   0.0000000   2.0633744   1.0060968 -15.2802941   0.0100934   1.6726035   0.5190427   0.0146934   0.4799787   2.5820897   0.5178366  -1.0000000   0.0146973   0.0000000   2.0338513   0.6517157   0.0000000   0.0000000  -4.3986017  19.6006762   2.5820904   0.5178373   0.0008787   1.0000000   0.0030739   0.0072344
 120.0000000   1.0000000   0.8078366   0.0000000   0.0032343   1.0000000   0.3449642   0.0000000   0.0000000   2.0641767   1.0060569 -15.3415730   0.0101010   1.6725598   0.5206827   0.0146934   0.4799500   2.5819241   0.5177200  -1.0000000   0.0146933   0.0000000   2.0339037   0.6517195   0.0000000   0.0000000  -4.3964413  19.5987175   2.5819241   0.5177200   0.0000274   1.0000000   0.0030732   0.0072438
