 date d_e_o v_e cost mass
 120.0000000   0.0000000  -1.2412047   4.8733113   0.0077474
 120.0000000   0.0000000  -1.2412047   4.8733113   0.0312492
 120.0000000   0.0000000  -1.2412047   4.8733113   0.0780211
 120.0000000   0.0000000  -1.2412047   4.8733113   0.1330239
 120.0000000   0.0000000  -1.2412047   4.8733113   0.1676141
 120.0000000   0.0000000  -1.2412047   4.8733113   0.1660617
 120.0000000   0.0000000  -1.2412047   4.8733113   0.1360865
 120.0000000   0.0000000  -1.2412047   4.8733113   0.0966790
 120.0000000   0.0000000  -1.2412047   4.8733113   0.0623540
 120.0000000   0.0000000  -0.7995327   4.8733113   0.0379884
 120.0000000   0.0000000   0.0516591   4.8733113   0.0224103
 120.0000000   0.0000000   1.9322663   4.8733113   0.0128973
 120.0000000   0.0000000   3.1171373   4.8733113   0.0071176
 120.0000000   0.0000000   3.9364803   4.8733113   0.0035284
 120.0000000   0.0000000   4.3472480   4.8733113   0.0012927
 120.0000000   0.0000000   4.4376658   4.8733113   0.0002671
 120.0000000   0.0000000   4.4551119   4.8733113   0.0002418
 120.0000000   0.0000000   4.5367347   4.8733113   0.0006166
 120.0000000   0.0000000   4.7128939   4.8733113   0.0010885
 120.0000000   1.0000000   5.0101997   4.8733113   0.0016048
 120.0000000   1.0000000   5.4570111   4.8733113   0.0021171
 120.0000000   1.0000000   6.0863655   4.8733113   0.0025764
 120.0000000   1.0000000   6.9381698   4.8733113   0.0029358
 120.0000000   1.0000000   8.0608718   4.8733113   0.0031553
 120.0000000   1.0000000   9.5122566   4.8733113   0.0032082
 120.0000000   1.0000000  11.3579497   4.8733113   0.0030877
 120.0000000   1.0000000  13.6637232   4.8733113   0.0028095
 120.0000000   1.0000000  16.4732098   4.8733113   0.0024078
 120.0000000   1.0000000  19.7592938   4.8733113   0.0019246
 120.0000000   1.0000000  24.7808875   4.8733113   0.0013997
 120.0000000   1.0000000  28.4894470   4.8733113   0.0014873
 120.0000000   0.0000000  -1.2412047   4.8733113   0.0000389
 120.0000000   0.0000000  -1.2412047   4.8733113   0.0001570
 120.0000000   0.0000000  -1.2412047   4.8733113   0.0003921
 120.0000000   0.0000000  -1.2412047   4.8733113   0.0006685
 120.0000000   0.0000000  -1.2412047   4.8733113   0.0008423
 120.0000000   0.0000000  -1.2412047   4.8733113   0.0008345
 120.0000000   0.0000000  -1.2412047   4.8733113   0.0006839
 120.0000000   0.0000000  -1.2412047   4.8733113   0.0004858
 120.0000000   0.0000000  -1.2412047   4.8733113   0.0003133
 120.0000000   0.0000000  -1.2412047   4.8733113   0.0001909
 120.0000000   0.0000000  -1.2412047   4.8733113   0.0001126
 120.0000000   0.0000000  -1.2412047   4.8733113   0.0000648
 120.0000000   0.0000000  -1.2412047   4.8733113   0.0000358
 120.0000000   0.0000000  -1.2412047   4.8733113   0.0000177
 120.0000000   0.0000000  -1.2412047   4.8733113   0.0000065
 120.0000000   0.0000000  -1.2412047   4.8733113   0.0000013
 120.0000000   0.0000000  -1.2412047   4.8733113   0.0000012
 120.0000000   0.0000000  -1.2412047   4.8733113   0.0000031
 120.0000000   0.0000000  -1.2412047   4.8733113   0.0000055
 120.0000000   0.0000000  -1.2412047   4.8733113   0.0000081
 120.0000000   0.0000000  -1.2412047   4.8733113   0.0000106
 120.0000000   0.0000000  -1.2412047   4.8733113   0.0000129
 120.0000000   0.0000000  -1.2412047   4.8733113   0.0000148
 120.0000000   0.0000000  -1.2412047   4.8733113   0.0000159
 120.0000000   0.0000000  -1.2412047   4.8733113   0.0000161
 120.0000000   0.0000000  -1.2412047   4.8733113   0.0000155
 120.0000000   0.0000000  -1.2412047   4.8733113   0.0000141
 120.0000000   0.0000000  -1.2412047   4.8733113   0.0000121
 120.0000000   0.0000000  -1.2412047   4.8733113   0.0000097
 120.0000000   0.0000000  -1.2412047   4.8733113   0.0000070
 120.0000000   0.0000000  -1.2412047   4.8733113   0.0000075
