 t avg_prod_f avg_k_f avg_a_f avg_l_f avg_prod_ex avg_k_ex avg_a_ex avg_l_ex
   1.0000000   1.6219857  39.6219176 -31.0072980************   1.2376847  10.3365869 -21.2009047************
   2.0000000   1.6213303  39.6824848 -31.0588620************   1.2572764   9.5603568 -18.4870072************
   3.0000000   1.6218091  39.7483280 -31.3080326************   1.2504352  10.0251959 -20.0442027************
   4.0000000   1.6216520  39.7414985 -31.4585028************   1.2554334  10.2968571 -21.1572392************
   5.0000000   1.6214753  39.6326599 -31.4968467************   1.2535825  10.3652464 -21.4726585************
   6.0000000   1.6211969  39.5191395 -31.5228789************   1.2099577  11.0197740 -23.2722007************
   7.0000000   1.6212041  39.3393895 -31.4629694************   1.2343226  10.3398718 -21.5028956************
   8.0000000   1.6214099  39.2574047 -31.4696409************   1.2385870  10.2653519 -21.3791103************
   9.0000000   1.6215519  39.1954638 -31.4776183************   1.2416393  10.2416376 -21.3807199************
  10.0000000   1.6215764  39.1428470 -31.4827132************   1.2395820  10.1832061 -21.3006007************
  11.0000000   1.6217623  39.1091849 -31.4899074************   1.2409942  10.1915636 -21.3629258************
  12.0000000   1.6218475  39.0791092 -31.4919084************   1.2404491  10.1802066 -21.3605337************
  13.0000000   1.6219650  39.0584699 -31.4866722************   1.2420910  10.1955963 -21.3783865************
  14.0000000   1.6219715  39.0389473 -31.4795992************   1.2400759  10.1918890 -21.4095495************
  15.0000000   1.6220521  39.0269684 -31.4710192************   1.2394969  10.2003826 -21.4514569************
  16.0000000   1.6221282  39.0189173 -31.4602203************   1.2388541  10.2082465 -21.4549807************
  17.0000000   1.6222061  39.0153897 -31.4460905************   1.2385567  10.2186914 -21.5095667************
  18.0000000   1.6222662  39.0136974 -31.4286854************   1.2385329  10.2288598 -21.4517582************
  19.0000000   1.6222976  39.0139513 -31.4095082************   1.2381425  10.2372344 -21.5176245************
  20.0000000   1.6223214  39.0160240 -31.3855533************   1.2362755  10.2362751 -21.4598673************
  21.0000000   1.6224176  39.0231823 -31.3609539************   1.2373681  10.2534697 -21.5073442************
  22.0000000   1.6224330  39.0294079 -31.3316753************   1.2370835  10.2605196 -21.5227267************
  23.0000000   1.6224411  39.0363311 -31.3015249************   1.2366728  10.2658105 -21.5296823************
  24.0000000   1.6224509  39.0443253 -31.2712436************   1.2366659  10.2724820 -21.5241210************
  25.0000000   1.6224447  39.0529869 -31.2402379************   1.2364258  10.2778712 -21.5328709************
  26.0000000   1.6224346  39.0623688 -31.2087189************   1.2362744  10.2809151 -21.5036706************
  27.0000000   1.6224229  39.0732725 -31.1767778************   1.2360947  10.2835561 -21.4867870************
  28.0000000   1.6224106  39.0854798 -31.1451415************   1.2358826  10.2848326 -21.4733321************
  29.0000000   1.6224043  39.0987959 -31.1142947************   1.2358670  10.2885189 -21.4607655************
  30.0000000   1.6223912  39.1128320 -31.0838051************   1.2358309  10.2909764 -21.4429207************
  31.0000000   1.6223750  39.1267125 -31.0546766************   1.2357231  10.2930991 -21.4245543************
  32.0000000   1.6223603  39.1413498 -31.0261620************   1.2356148  10.2945309 -21.4056725************
  33.0000000   1.6223477  39.1560454 -30.9990060************   1.2351050  10.2926554 -21.3820166************
  34.0000000   1.6223595  39.1716827 -30.9731763************   1.2347247  10.2916316 -21.3398212************
  35.0000000   1.6223916  39.1888494 -30.9485747************   1.2353490  10.2962714 -21.3400347************
  36.0000000   1.6223921  39.2054387 -30.9241879************   1.2354516  10.2980044 -21.3170749************
  37.0000000   1.6223876  39.2214575 -30.9015535************   1.2355845  10.2997587 -21.3001968************
  38.0000000   1.6223775  39.2374097 -30.8799044************   1.2329577  10.2662666 -21.0951956************
  39.0000000   1.6225473  39.2619649 -30.8678180************   1.2352895  10.3013114 -21.2356476************
  40.0000000   1.6225698  39.2792962 -30.8505260************   1.2353978  10.3042368 -21.2262762************
  41.0000000   1.6225865  39.2961700 -30.8340584************   1.2357149  10.3089893 -21.2206965************
  42.0000000   1.6225863  39.3120818 -30.8182608************   1.2356442  10.3099186 -21.2097086************
  43.0000000   1.6225917  39.3274955 -30.8041791************   1.2359098  10.3122895 -21.1984076************
  44.0000000   1.6225858  39.3417294 -30.7912098************   1.2359869  10.3128918 -21.1859736************
  45.0000000   1.6225784  39.3550874 -30.7795709************   1.2360307  10.3133679 -21.1734299************
  46.0000000   1.6225717  39.3679878 -30.7689416************   1.2360519  10.3138372 -21.1725536************
  47.0000000   1.6225662  39.3805975 -30.7591258************   1.2361911  10.3150570 -21.1612993************
  48.0000000   1.6225546  39.3929466 -30.7497384************   1.2362513  10.3153323 -21.1486938************
  49.0000000   1.6225451  39.4051614 -30.7420110************   1.2363723  10.3165332 -21.1424068************
  50.0000000   1.6225321  39.4164712 -30.7353301************   1.2363524  10.3174241 -21.1349712************
  51.0000000   1.6225224  39.4272772 -30.7295895************   1.2365470  10.3185156 -21.1296657************
  52.0000000   1.6225064  39.4374696 -30.7238421************   1.2366357  10.3194859 -21.1236192************
  53.0000000   1.6224885  39.4469103 -30.7188695************   1.2366999  10.3203453 -21.1167490************
  54.0000000   1.6224700  39.4563219 -30.7141201************   1.2367821  10.3209807 -21.1068721************
  55.0000000   1.6224502  39.4657284 -30.7095737************   1.2368151  10.3217839 -21.1047769************
  56.0000000   1.6224314  39.4751161 -30.7050908************   1.2368755  10.3227339 -21.0980855************
  57.0000000   1.6224123  39.4836840 -30.7015759************   1.2369615  10.3235355 -21.0904630************
  58.0000000   1.6223918  39.4915321 -30.6990420************   1.2370010  10.3242866 -21.0859841************
  59.0000000   1.6223718  39.4990851 -30.6968337************   1.2368323  10.3233148 -21.0743613************
  60.0000000   1.6223633  39.5067190 -30.6956023************   1.2370287  10.3253837 -21.0759501************
  61.0000000   1.6223469  39.5138976 -30.6943081************   1.2370055  10.3256672 -21.0675849************
  62.0000000   1.6223338  39.5211105 -30.6932754************   1.2370074  10.3257667 -21.0643796************
  63.0000000   1.6223234  39.5274883 -30.6932700************   1.2371353  10.3267576 -21.0618728************
  64.0000000   1.6223087  39.5336242 -30.6933070************   1.2371094  10.3270483 -21.0681434************
  65.0000000   1.6222972  39.5393340 -30.6938338************   1.2371757  10.3276133 -21.0607675************
  66.0000000   1.6222848  39.5449552 -30.6946440************   1.2372356  10.3282889 -21.0565643************
  67.0000000   1.6222716  39.5498337 -30.6960778************   1.2371994  10.3280610 -21.0495002************
  68.0000000   1.6222626  39.5547629 -30.6979011************   1.2372134  10.3283193 -21.0472202************
  69.0000000   1.6222548  39.5594384 -30.7001218************   1.2372885  10.3288972 -21.0453538************
  70.0000000   1.6222452  39.5636890 -30.7027104************   1.2373204  10.3290852 -21.0419855************
  71.0000000   1.6222360  39.5679434 -30.7052775************   1.2373534  10.3294367 -21.0407371************
  72.0000000   1.6222268  39.5718685 -30.7081570************   1.2373884  10.3298149 -21.0397022************
  73.0000000   1.6222175  39.5755249 -30.7112869************   1.2374181  10.3301563 -21.0399397************
  74.0000000   1.6222082  39.5789083 -30.7146201************   1.2374402  10.3304628 -21.0408866************
  75.0000000   1.6221992  39.5820351 -30.7181478************   1.2374638  10.3307786 -21.0402098************
  76.0000000   1.6221904  39.5850652 -30.7217576************   1.2374892  10.3311316 -21.0411426************
  77.0000000   1.6221815  39.5875216 -30.7258656************   1.2375197  10.3314511 -21.0419384************
  78.0000000   1.6221722  39.5897083 -30.7301114************   1.2375336  10.3316635 -21.0434402************
  79.0000000   1.6221634  39.5917154 -30.7344676************   1.2375540  10.3319045 -21.0450398************
  80.0000000   1.6221545  39.5938228 -30.7385798************   1.2375753  10.3322107 -21.0456890************
  81.0000000   1.6221456  39.5954106 -30.7431474************   1.2375919  10.3324959 -21.0468841************
  82.0000000   1.6221368  39.5968993 -30.7477398************   1.2375985  10.3326568 -21.0495306************
  83.0000000   1.6221284  39.5985422 -30.7520575************   1.2376064  10.3328606 -21.0516456************
  84.0000000   1.6221205  39.6000366 -30.7564167************   1.2376162  10.3330592 -21.0536178************
  85.0000000   1.6221128  39.6014489 -30.7607414************   1.2376301  10.3332454 -21.0561006************
  86.0000000   1.6221052  39.6027213 -30.7650558************   1.2377084  10.3336862 -21.0495863************
  87.0000000   1.6220946  39.6037218 -30.7698021************   1.2376533  10.3335138 -21.0592318************
  88.0000000   1.6220871  39.6050118 -30.7739300************   1.2376939  10.3337350 -21.0618281************
  89.0000000   1.6220785  39.6061604 -30.7780517************   1.2376651  10.3339232 -21.0640589************
  90.0000000   1.6220717  39.6070107 -30.7824893************   1.2376686  10.3340413 -21.0662745************
  91.0000000   1.6220652  39.6078056 -30.7868668************   1.2376681  10.3341411 -21.0687302************
  92.0000000   1.6220592  39.6087568 -30.7909961************   1.2376726  10.3343048 -21.0712453************
  93.0000000   1.6220535  39.6095889 -30.7951356************   1.2376755  10.3344277 -21.0736912************
  94.0000000   1.6220481  39.6103644 -30.7992230************   1.2376777  10.3345514 -21.0759647************
  95.0000000   1.6220430  39.6110604 -30.8032874************   1.2376786  10.3346644 -21.0783433************
  96.0000000   1.6220382  39.6117618 -30.8072573************   1.2376794  10.3347740 -21.0807567************
  97.0000000   1.6220338  39.6124882 -30.8111002************   1.2376806  10.3348872 -21.0830151************
  98.0000000   1.6220296  39.6131256 -30.8149520************   1.2376807  10.3349839 -21.0852908************
  99.0000000   1.6220257  39.6137722 -30.8187738************   1.2376811  10.3350800 -21.0876116************
 100.0000000   1.6220222  39.6143784 -30.8226042************   1.2376829  10.3351790 -21.0901812************
 101.0000000   1.6220188  39.6149577 -30.8263693************   1.2376842  10.3352793 -21.0925068************
 102.0000000   1.6220156  39.6155530 -30.8299962************   1.2376844  10.3353706 -21.0947103************
 103.0000000   1.6220127  39.6161325 -30.8334986************   1.2376845  10.3354588 -21.0967723************
 104.0000000   1.6220100  39.6166023 -30.8370449************   1.2376841  10.3355152 -21.0988333************
 105.0000000   1.6220075  39.6170236 -30.8405904************   1.2376837  10.3355611 -21.1009197************
 106.0000000   1.6220053  39.6174476 -30.8440399************   1.2376876  10.3356708 -21.1029809************
 107.0000000   1.6220031  39.6178839 -30.8473776************   1.2376858  10.3357022 -21.1048479************
 108.0000000   1.6220012  39.6183678 -30.8506453************   1.2376840  10.3357585 -21.1069166************
 109.0000000   1.6219996  39.6188123 -30.8538535************   1.2376876  10.3358540 -21.1085847************
 110.0000000   1.6219979  39.6192181 -30.8570672************   1.2376893  10.3359286 -21.1102904************
 111.0000000   1.6219963  39.6196495 -30.8601574************   1.2376880  10.3359652 -21.1120511************
 112.0000000   1.6219950  39.6200909 -30.8631517************   1.2376890  10.3360312 -21.1137685************
 113.0000000   1.6219937  39.6205419 -30.8660901************   1.2376895  10.3360961 -21.1153734************
 114.0000000   1.6219926  39.6209885 -30.8689019************   1.2376884  10.3361581 -21.1173618************
 115.0000000   1.6219916  39.6214761 -30.8716425************   1.2376927  10.3362407 -21.1186978************
 116.0000000   1.6219906  39.6220145 -30.8743427************   1.2376846  10.3363248 -21.1225931************
 117.0000000   1.6219900  39.6225393 -30.8768786************   1.2376917  10.3364255 -21.1224004************
 118.0000000   1.6219893  39.6230954 -30.8793223************   1.2376829  10.3364551 -21.1250523************
 119.0000000   1.6219891  39.6235721 -30.8816155************   1.2375994  10.3362425 -21.1392481************
 120.0000000   1.6219857  39.6219176 -31.0072980************   1.2376847  10.3365869 -21.2009047************
