 l entrants
   1.42056111710088       9.720646243975101E-005
   1.42201078247153       2.475719975575839E-004
   1.42511343388918       4.357887051122705E-004
   1.43027333538670       6.392802220423850E-004
   1.43786212887993       8.366892873469538E-004
   1.44825181059465       1.006203327901674E-003
   1.46183741572410       1.127031767384141E-003
   1.47905664694463       1.182411121038199E-003
   1.50040942571958       1.163433845220755E-003
   1.52647916768610       1.072317657969948E-003
   1.55795726371151       9.231569694060146E-004
   1.59567227377095       7.389005121487289E-004
   1.64062572882859       5.445608580147974E-004
   1.69403650890249       3.587323685825017E-004
   1.75739717821754       2.807116396665678E-004
   1.45593896885112       6.757588904505897E-005
   1.45593896885112       1.750161926817525E-004
   1.46975831379809       2.552755718443040E-010
   1.46975831379809       4.781947596965428E-010
   1.49597949324608       1.418430283864562E-004
   1.49597949324608       3.823562156206496E-004
   1.51061768221452       4.473557128850441E-009
   1.51061768221452       8.404864401818694E-009
   1.52714861109580       1.705351112192446E-004
   1.52714861109580       4.787105153814256E-004
   1.54242422043251       2.520255314852835E-008
   1.54242422043251       4.751083996725835E-008
   1.54933254019446       1.423760095207387E-004
   1.54933254019446       4.140480772083559E-004
   1.56506181935668       5.971299482417050E-008
   1.56506181935668       1.129383776076352E-007
   1.56307611100527       8.773592692845343E-005
   1.56307611100527       2.617297341634729E-004
   1.57908645144134       6.898911792557855E-008
   1.57908645144134       1.308176782196439E-007
   1.56960467471910       3.543561098797141E-005
   1.56960467471910       1.071827376143238E-004
   1.58574852677738       3.791388986796365E-008
   1.58574852677738       7.199876663404052E-008
   1.57101368557010       8.066583769734994E-006
   1.57101368557010       2.452037467891635E-005
   1.58718635243860       9.594726139735768E-009
   1.58718635243860       1.823053651670596E-008
   1.57139777932471       9.810849718169957E-006
   1.57139777932471       2.988375160156276E-005
   1.58757830105722       1.218714279471169E-008
   1.58757830105722       2.316175533252470E-008
   1.57318890660709       2.551829014294443E-005
   1.57318890660709       7.804623253014308E-005
   1.58940605757683       3.452155850147358E-008
   1.58940605757683       6.563990139620477E-008
   1.57702237308451       4.679882644792790E-005
   1.57702237308451       1.443469910161347E-004
   1.59331791990830       7.515160114225374E-008
   1.59331791990830       1.430389849570415E-007
   1.58339766529588       7.307627300920544E-005
   1.58339766529588       2.286602861403507E-004
   1.59982358928109       1.545998311681496E-007
   1.59982358928109       2.947753318443386E-007
   1.59277396367566       1.037228032705280E-004
   1.59277396367566       3.318355417398547E-004
   1.60939163654499       3.243358213282676E-007
   1.60939163654499       6.201630311891226E-007
   1.60561088642436       1.367806896324645E-004
   1.60561088642436       4.521042232024609E-004
   1.62249107926827       7.121678330305090E-007
   1.62249107926827       1.367714697361985E-006
   1.62239651743109       1.676792810683223E-004
   1.62239651743109       5.807948658522265E-004
   1.63961998284210       1.633347066989937E-006
   1.63961998284210       3.157942475526806E-006
   1.64367165819469       1.885813012811704E-004
   1.64367165819469       6.980107333637075E-004
   1.66133020836254       3.827139336943545E-006
   1.66133020836254       7.475867957831523E-006
   1.67005398434578       1.899939543011955E-004
   1.67005398434578       7.718538124236416E-004
   1.68825206316286       8.826567132159157E-006
   1.68825206316286       1.751574830782800E-005
   1.70226433235173       1.660083624684961E-004
   1.70226433235173       7.665730412728419E-004
   1.72112112509159       1.910705549377063E-005
   1.72112112509159       3.884380191337843E-005
   1.74115694697161       1.209397149629777E-004
   1.74115694697161       6.613915227015217E-004
   1.76080910853948       3.679440596993787E-005
   1.76080910853948       7.759363979194756E-005
   1.78775555161537       7.006973504413494E-005
   1.78775555161537       4.716938572144923E-004
   1.80836067245134       5.945034558696868E-005
   1.80836067245134       1.324021328816859E-004
   1.84329758319114       3.026010757551958E-005
   1.84329758319114       2.564168992447312E-004
   1.86503855979282       7.546176503683472E-005
   1.86503855979282       1.818510806520615E-004
   1.90928902321612       8.778321243395688E-006
   1.90928902321612       9.317138578142718E-005
   1.93237954997852       6.961672888358651E-005
   1.93237954997852       1.871373652078901E-004
   1.98757400245179       1.559186111945950E-006
   1.98757400245179       2.026595766876929E-005
   2.01226548694856       6.063675535461907E-005
   2.01226548694856       1.982491893716193E-004
   1.45917952502297       1.053447007840178E-004
   1.45917952502297       9.125960016765248E-005
   1.47205489191964       5.215691543785415E-008
   1.47205489191964       4.188526436589992E-008
   1.48494004312514       2.742110044215820E-008
   1.48494004312514       1.172283966824316E-008
   1.49783481420831       2.376206203932023E-014
   1.49783481420831       1.199939314066475E-014
   1.46975831379809       5.778147861965343E-005
   1.46975831379809       7.207041020151514E-005
   1.48358896865069       7.198171855700928E-007
   1.48358896865069       5.007835469648728E-007
   1.49743072898521       1.567857378296042E-007
   1.49743072898521       8.998301967411654E-008
   1.51128339779236       2.149873517498550E-004
   1.51128339779236       2.164922738437434E-004
   1.52514678507840       8.100321290175874E-007
   1.52514678507840       5.621507543857772E-007
   1.53902070749432       2.637986945789506E-007
   1.53902070749432       1.248749321665048E-007
   1.55290498799097       3.551757358928958E-012
   1.55290498799097       1.797156100008940E-012
   1.51061768221452       7.454598347994426E-005
   1.51061768221452       1.014532519924539E-004
   1.52526785123965       3.170070272391733E-006
   1.52526785123965       2.234519781616244E-006
   1.53992978378493       5.003017956952658E-007
   1.53992978378493       3.264226479846630E-007
   1.55460327116763       2.665728284711089E-004
   1.55460327116763       3.057037007587225E-004
   1.56928811213617       4.485262873547813E-006
   1.56928811213617       3.031653317515317E-006
   1.58398411247751       9.643367058753824E-007
   1.58398411247751       5.075359447958258E-007
   1.59869108465171       9.973324768264385E-011
   1.59869108465171       5.060367706035555E-011
   1.54242422043251       6.614422750939637E-005
   1.54242422043251       9.644739482804929E-005
   1.55771233149784       6.373964671025956E-006
   1.55771233149784       4.570901857988316E-006
   1.57301271832615       8.786393028108971E-007
   1.57301271832615       6.351711750412255E-007
   1.58832516314760       2.390812252376050E-004
   1.58832516314760       3.023024955738938E-004
   1.60364945594713       1.088007261736083E-005
   1.60364945594713       7.391181441248485E-006
   1.61898539405468       1.824347114262633E-006
   1.61898539405468       1.055161874157694E-006
   1.63433278176388       8.026659890436465E-010
   1.63433278176388       4.085741134339084E-010
   1.56506181935668       4.579680476783035E-005
   1.56506181935668       7.004944487999828E-005
   1.58080397153594       7.418321202182594E-006
   1.58080397153594       5.401876322368968E-006
   1.59655876405567       9.821668092936753E-007
   1.59655876405567       7.630475527790225E-007
   1.61232597267849       1.697421386101846E-004
   1.61232597267849       2.291557840449910E-004
   1.62810538115210       1.440839707889015E-005
   1.62810538115210       9.892517559089279E-006
   1.64389678078736       2.128563515822112E-006
   1.64389678078736       1.323279351604083E-006
   1.65969997006560       2.451107245981604E-009
   1.65969997006560       1.251561569607890E-009
   1.57908645144134       2.533624872962067E-005
   1.57908645144134       3.989142515218139E-005
   1.59510989491812       5.552732285941569E-006
   1.59510989491812       4.087461421668605E-006
   1.61114620460143       7.318621514224627E-007
   1.61114620460143       5.940955206319990E-007
   1.62719515224705       9.598779010665476E-005
   1.62719515224705       1.347085764091997E-004
   1.64325651773856       1.165582631695514E-005
   1.64325651773856       8.073550329294936E-006
   1.65933008865780       1.625680546406254E-006
   1.65933008865780       1.059066546914810E-006
   1.67541565988525       3.325158029517735E-009
   1.67541565988525       1.702007556826076E-009
   1.58574852677738       9.717099088403939E-006
   1.58574852677738       1.551672124194289E-005
   1.60190559114376       2.462968688066931E-006
   1.60190559114376       1.823585702665703E-006
   1.61807562900909       3.256429624924366E-007
   1.61807562900909       2.700864582338427E-007
   1.63425841022579       3.727941729293354E-005
   1.63425841022579       5.330324101993559E-005
   1.65045371284188       5.369706375502555E-006
   1.65045371284188       3.737976633425588E-006
   1.66666132266783       7.321638260254755E-007
   1.66666132266783       4.884702722318899E-007
   1.68288103287360       1.982868372172916E-009
   1.68288103287360       1.016377232640572E-009
   1.58718635243860       2.173651654349173E-006
   1.58718635243860       3.487636392152392E-006
   1.60337225519756       5.787869221542059E-007
   1.60337225519756       4.294233969348584E-007
   1.61957115461158       7.666988652805022E-008
   1.61957115461158       6.405921131302825E-008
   1.63578282012232       8.377295799457905E-006
   1.63578282012232       1.205379010328592E-005
   1.65200702938160       1.278329749704782E-006
   1.65200702938160       8.914940904420556E-007
   1.66824356781762       1.731065190628919E-007
   1.66824356781762       1.164535643076486E-007
   1.68449222823117       5.165116343329702E-010
   1.68449222823117       2.648939344681100E-010
   1.58757830105722       2.625046754906909E-006
   1.58757830105722       4.220052646545281E-006
   1.60377206510872       7.130852983263448E-007
   1.60377206510872       5.295193695478217E-007
   1.61997883212759       9.454544168756374E-008
   1.61997883212759       7.923231487177995E-008
   1.63619837144351       1.013613389059466E-005
   1.63619837144351       1.462163308541919E-005
   1.65243046060033       1.583311142817544E-006
   1.65243046060033       1.105026323952668E-006
   1.66867488492200       2.138346090466777E-007
   1.66867488492200       1.443456894811881E-007
   1.68493143710870       6.640544567924687E-010
   1.68493143710870       3.406395124339842E-010
   1.58940605757683       6.734231500740712E-006
   1.58940605757683       1.086696400983127E-005
   1.60563648084334       1.902163223605128E-006
   1.60563648084334       1.414914804842745E-006
   1.62187993651315       2.527009015335642E-007
   1.62187993651315       2.130236409991985E-007
   1.63813619339375       2.610116712810767E-005
   1.63813619339375       3.783865305738117E-005
   1.65440502852540       4.267614688815195E-006
   1.65440502852540       2.982999771347134E-006
   1.67068622674609       5.734845333119561E-007
   1.67068622674609       3.897460027786899E-007
   1.68697958028669       1.926781506761067E-009
   1.68697958028669       9.888393983644725E-010
   1.59331791990830       1.201270370035954E-005
   1.59331791990830       1.953228753777428E-005
   1.60962680318890       3.669434056841109E-006
   1.60962680318890       2.739119063311391E-006
   1.62594878187316       4.897991851145406E-007
   1.62594878187316       4.178077882667981E-007
   1.64228362365096       4.692702424131233E-005
   1.64228362365096       6.870771928354121E-005
   1.65863110448474       8.406218402480783E-006
   1.65863110448474       5.894469803346019E-006
   1.67499100817237       1.119281187694960E-006
   1.67499100817237       7.711827415240248E-007
   1.69136312594033       4.404357262154965E-009
   1.69136312594033       2.262572402008052E-009
   1.59982358928109       1.793979435417086E-005
   1.59982358928109       2.952743300483353E-005
   1.61626295642523       6.213577736929867E-006
   1.61626295642523       4.665767045378230E-006
   1.63271552374653       8.375046813101546E-007
   1.63271552374653       7.280869903188497E-007
   1.64918105707622       7.102941209966133E-005
   1.64918105707622       1.056582643367345E-004
   1.66565933058426       1.472008427573330E-005
   1.66565933058426       1.037763697596399E-005
   1.68215012633871       1.935836650163308E-006
   1.68215012633871       1.364063712326752E-006
   1.69865323389573       9.812328033073813E-009
   1.69865323389573       5.049380732362551E-009
   1.60939163654499       2.389415168790147E-005
   1.60939163654499       4.001437146067567E-005
   1.62602290950265       9.889305374732200E-006
   1.62602290950265       7.492737893502207E-006
   1.64266753673044       1.357390351375919E-006
   1.64266753673044       1.212004215544060E-006
   1.65932528132600       9.660021423847706E-005
   1.65932528132600       1.469290912097151E-004
   1.67599591482304       2.456915220850856E-005
   1.67599591482304       1.746590978925368E-005
   1.69267921674560       3.191282533908066E-006
   1.69267921674560       2.323227410451791E-006
   1.70937497419320       2.310462825587107E-008
   1.70937497419320       1.192240939096297E-008
   1.62249107926827       2.895797331616795E-005
   1.62249107926827       4.960374433214536E-005
   1.63938508704979       1.513830923626953E-005
   1.63938508704979       1.161790897470375E-005
   1.65629266006737       2.143940983147910E-006
   1.65629266006737       1.981346861273834E-006
   1.67321355767613       1.207248226081352E-004
   1.67321355767613       1.889488175265736E-004
   1.69014754780057       4.002581523754939E-005
   1.69014754780057       2.880108759004720E-005
   1.70709440648173       5.163278989030998E-006
   1.70709440648173       3.927350797156180E-006
   1.72405391745579       5.923677879115132E-008
   1.72405391745579       3.069840617985310E-008
   1.63961998284210       3.187800833444963E-005
   1.63961998284210       5.614350170917143E-005
   1.65685754412879       2.229143973753824E-005
   1.65685754412879       1.741520491558477E-005
   1.67410894651174       3.318723850766750E-006
   1.67410894651174       3.196201272518689E-006
   1.69137394445237       1.388596947331159E-004
   1.69137394445237       2.248788889326649E-004
   1.70865230115572       6.366474976203600E-005
   1.70865230115572       4.660173235910887E-005
   1.72594378810844       8.264752494214263E-006
   1.72594378810844       6.645978294551494E-006
   1.74324818464883       1.654087138026389E-007
   1.74324818464883       8.628510347014252E-008
   1.66133020836254       3.132340842262742E-005
   1.66133020836254       5.698184324644517E-005
   1.67900321048428       3.110037590089755E-005
   1.67900321048428       2.489627325712481E-005
   1.69669040334446       4.987175167129674E-006
   1.69669040334446       5.030424256777280E-006
   1.71439153520191       1.451769075958909E-004
   1.71439153520191       2.441263690540305E-004
   1.73210636327995       9.738182305215840E-005
   1.73210636327995       7.299339099680887E-005
   1.74983465329273       1.300981997322948E-005
   1.74983465329273       1.118493552612094E-005
   1.76757617900436       4.919384940693770E-007
   1.76757617900436       2.592197222437908E-007
   1.68825206316286       2.659050022451919E-005
   1.68825206316286       5.014274107482031E-005
   1.70646503549008       3.999606154854264E-005
   1.70646503549008       3.309597728623624E-005
   1.72469263213097       7.114732947228965E-006
   1.72469263213097       7.532505679871172E-006
   1.74293459365280       1.347576754911084E-004
   1.74293459365280       2.349765721173139E-004
   1.76119066986127       1.393929251977518E-004
   1.76119066986127       1.079496240743941E-004
   1.77946061931227       1.978288842097138E-005
   1.77946061931227       1.835075435630755E-005
   1.79774420885766       1.495229482473674E-006
   1.79774420885766       8.001604102758871E-007
   1.72112112509159       1.854446135506186E-005
   1.72112112509159       3.632538507469772E-005
   1.73999335044039       4.560564963186009E-005
   1.73999335044039       3.948181951956450E-005
   1.75888072945758       9.310682138377378E-006
   1.75888072945758       1.032914733213813E-005
   1.77778299331979       1.078953641758815E-004
   1.77778299331979       1.923042877904091E-004
   1.79669988277644       1.797878313097124E-004
   1.79669988277644       1.456402855000451E-004
   1.81563114764391       2.820667311874914E-005
   1.81563114764391       2.837823947161294E-005
   1.83457654633481       4.392269973842958E-006
   1.83457654633481       2.405658420273245E-006
   1.76080910853948       9.876919390385816E-006
   1.76080910853948       2.009837439025827E-005
   1.78047735365499       4.384837306042632E-005
   1.78047735365499       4.038309972452074E-005
   1.80016139161203       1.067791913027561E-005
   1.80016139161203       1.232574441828592E-005
   1.81986094224841       7.369951800125136E-005
   1.81986094224841       1.273139420425354E-004
   1.83957573537852       1.991541871198691E-004
   1.83957573537852       1.717370341145833E-004
   1.85930551026612       3.613808952077038E-005
   1.85930551026612       3.942484251439074E-005
   1.87905001513381       1.169614452689314E-005
   1.87905001513381       6.620484790304040E-006
   1.80836067245134       3.627266144164722E-006
   1.80836067245134       7.649742892629033E-006
   1.82898265674740       3.342600183477516E-005
   1.82898265674740       3.349108901969488E-005
   1.84962119970075       1.014932121778477E-005
   1.84962119970075       1.199902856560312E-005
   1.87027600756374       4.660112712306007E-005
   1.87027600756374       6.701140265599664E-005
   1.89094679704911       1.787706593645556E-004
   1.89094679704911       1.682366866770894E-004
   1.91163329477718       3.933056097229332E-005
   1.91163329477718       4.620386041117722E-005
   1.93233523676152       2.639470711248002E-005
   1.93233523676152       1.559233453258549E-005
   1.86503855979282       8.024486525521378E-007
   1.86503855979282       1.745828638878455E-006
   1.88679732945159       1.881180781027480E-005
   1.88679732945159       2.105195844422833E-005
   1.90857357056241       7.522808515325050E-006
   1.90857357056241       8.818331677816477E-006
   1.93036697318482       3.377893776262875E-005
   1.93036697318482       3.341262027371176E-005
   1.95217723841535       1.216654905272892E-004
   1.95217723841535       1.291435590086558E-004
   1.97400407780431       3.391573010026524E-005
   1.97400407780431       4.219195140167851E-005
   1.99584721281303       4.698177446298137E-005
   1.99584721281303       2.918768891349771E-005
   1.93237954997852       9.077689446231329E-008
   1.93237954997852       2.025442017002744E-007
   1.95548897428488       7.203493538089097E-006
   1.95548897428488       9.193054823252485E-006
   1.97861695456683       4.138839331815725E-006
   1.97861695456683       4.525953173441886E-006
   2.00176316164465       2.760850802663254E-005
   2.00176316164465       2.233882037019867E-005
   2.02492727806075       5.845719848055588E-005
   2.02492727806075       7.249654907838381E-005
   2.04810899746017       2.144079616331723E-005
   2.04810899746017       2.724389342576061E-005
   2.07130802401424       6.068509574790503E-005
   2.07130802401424       3.985918582423421E-005
   2.01226548694856       4.436574199960833E-009
   2.01226548694856       1.009668088598841E-008
   2.03697717923091       1.886271595719196E-006
   2.03697717923091       2.780210376509528E-006
   2.06170871404818       2.177583550131685E-006
   2.06170871404818       2.016000180863307E-006
   2.08645973939731       2.693433653812621E-005
   2.08645973939731       2.418187230444555E-005
   2.11122991581011       2.177441580797150E-005
   2.11122991581011       3.317117841819460E-005
   2.13601891569085       1.267651203368364E-005
   2.13601891569085       1.453977323308611E-005
   2.16082642269985       8.051294063658097E-005
   2.16082642269985       5.759573908837156E-005
   1.45856309163687       9.824432695802581E-009
   1.45856309163687       4.303418211268988E-008
   1.45856309163687       4.100971418248547E-017
   1.47035442058567       3.481647830248815E-009
   1.47035442058567       5.228292926491316E-009
   1.48215397526372       2.120704058318115E-011
   1.48215397526372       3.502238361476294E-011
   1.49396162858683       1.072537726915468E-012
   1.49396162858683       8.253583986753147E-013
   1.50577725742126       6.178012128687943E-021
   1.50577725742126       6.610811002554702E-021
   1.45917952502297       1.687985147343886E-013
   1.45917952502297       3.245903218475826E-006
   1.45917952502297       4.783656545109603E-007
   1.47205489191964       1.645955257966258E-007
   1.47205489191964       3.442252475584612E-006
   1.47205489191964       7.019510045438773E-008
   1.48494004312514       2.557442707805690E-007
   1.48494004312514       9.522953119462101E-005
   1.48494004312514       1.586299051501816E-005
   1.49783481420831       5.278440988936036E-006
   1.49783481420831       4.339333603501939E-005
   1.49783481420831       3.770835496763152E-008
   1.51073904629029       2.858047409726675E-007
   1.51073904629029       2.614844542035649E-006
   1.51073904629029       4.063265083317642E-009
   1.52365258576609       8.300965937070366E-008
   1.52365258576609       3.319682577142855E-007
   1.52365258576609       2.779285964487013E-014
   1.53657528404450       7.123954840810954E-008
   1.53657528404450       1.156356035136926E-007
   1.54950699730480       5.368353500047642E-010
   1.54950699730480       1.057894182521561E-009
   1.56244758626920       1.352977613671956E-010
   1.56244758626920       1.078257429010527E-010
   1.57539691598935       1.997351321204812E-017
   1.57539691598935       2.137275197125935E-017
   1.45593896885112       1.184142572686758E-005
   1.45593896885112       4.830502797204535E-006
   1.46975831379809       4.810770909859382E-006
   1.46975831379809       2.062645631605411E-006
   1.48358896865069       2.562929496201259E-005
   1.48358896865069       2.854800207135177E-005
   1.49743072898521       3.454594187445637E-009
   1.49743072898521       1.806033715200236E-004
   1.49743072898521       6.084478117223604E-005
   1.51128339779236       7.971052279541516E-012
   1.51128339779236       1.815732845634134E-005
   1.51128339779236       2.431503918078196E-006
   1.52514678507840       3.066177303021610E-007
   1.52514678507840       9.618876842454896E-006
   1.52514678507840       2.497155753396462E-007
   1.53902070749432       1.684467420042941E-006
   1.53902070749432       1.237896748236858E-004
   1.53902070749432       2.112232980007975E-005
   1.55290498799097       1.432286225060109E-005
   1.55290498799097       1.379272141450923E-004
   1.55290498799097       3.850292212758038E-007
   1.56679945549757       6.614840445499923E-007
   1.56679945549757       9.029646121719046E-006
   1.56679945549757       3.021135938466492E-008
   1.58070394462190       5.625937303474372E-007
   1.58070394462190       1.709204856180130E-006
   1.58070394462190       2.259062404507672E-012
   1.59461829537026       3.895091345835849E-007
   1.59461829537026       7.004878278132528E-007
   1.60854235288553       4.375472448380583E-009
   1.60854235288553       9.248839067878761E-009
   1.62247596720212       2.988011256224900E-009
   1.62247596720212       2.493363947223786E-009
   1.63641899301612       5.828767558550182E-015
   1.63641899301612       6.237100203877534E-015
   1.48135350917999       6.166120219508450E-006
   1.48135350917999       7.747505221043016E-006
   1.49597949324608       2.007916835962078E-005
   1.49597949324608       8.631712365257958E-006
   1.51061768221452       7.787630733978730E-006
   1.51061768221452       3.719132999678275E-006
   1.52526785123965       2.698830908860003E-005
   1.52526785123965       2.994004850606888E-005
   1.53992978378493       5.475377315567480E-009
   1.53992978378493       1.844255204246568E-004
   1.53992978378493       6.944367160325007E-005
   1.55460327116763       9.037617625651528E-011
   1.55460327116763       4.195411608685875E-005
   1.55460327116763       5.621506315430330E-006
   1.56928811213617       4.040311772426683E-007
   1.56928811213617       1.411907835253118E-005
   1.56928811213617       4.357923135670936E-007
   1.58398411247751       4.429033236518408E-006
   1.58398411247751       1.016687035762825E-004
   1.58398411247751       1.611693473875666E-005
   1.59869108465171       1.877234095723754E-005
   1.59869108465171       2.149636669312833E-004
   1.59869108465171       1.367261608100929E-006
   1.61340884745147       8.779587672182801E-007
   1.61340884745147       1.567910873525268E-005
   1.61340884745147       7.953841666325297E-008
   1.62813722568449       1.925624801255898E-006
   1.62813722568449       5.421552740455780E-006
   1.62813722568449       3.932917439565205E-011
   1.64287604987690       9.161809995727185E-007
   1.64287604987690       1.845139604419976E-006
   1.65762515599577       1.762515906411486E-008
   1.65762515599577       3.516574203659752E-008
   1.67238438518950       1.949782933715660E-008
   1.67238438518950       1.717148829672358E-008
   1.68715358354445       2.743573497584944E-013
   1.68715358354445       2.935773754786062E-013
   1.51188573812427       4.583100420237280E-006
   1.51188573812427       5.758498564788502E-006
   1.52714861109580       2.092567700829448E-005
   1.52714861109580       9.446550224492591E-006
   1.54242422043251       8.154297759638572E-006
   1.54242422043251       4.176466883897739E-006
   1.55771233149784       2.057155061463939E-005
   1.55771233149784       2.181426800859979E-005
   1.57301271832615       5.228546392785660E-009
   1.57301271832615       1.413967131056593E-004
   1.57301271832615       5.730372465163041E-005
   1.58832516314760       3.638869736172108E-010
   1.58832516314760       5.413090675462167E-005
   1.58832516314760       7.470614342519624E-006
   1.60364945594713       4.993240958132214E-007
   1.60364945594713       1.443712921818284E-005
   1.60364945594713       5.101493813977196E-007
   1.61898539405468       6.320926366174674E-006
   1.61898539405468       7.107625185305509E-005
   1.61898539405468       9.146976835668852E-006
   1.63433278176388       1.609617517099035E-005
   1.63433278176388       2.170022479842153E-004
   1.63433278176388       2.381582450359412E-006
   1.64969142997673       9.023994139316034E-007
   1.64969142997673       1.725961899326734E-005
   1.64969142997673       1.082203217795714E-007
   1.66506115587221       3.424930400546094E-006
   1.66506115587221       9.775409459238781E-006
   1.66506115587221       2.199069884435212E-010
   1.68044178259667       1.251076207259396E-006
   1.68044178259667       2.791094341359271E-006
   1.69583313897439       4.370866740692445E-008
   1.69583313897439       7.766027909115335E-008
   1.71123505923656       5.384928327659263E-008
   1.71123505923656       5.010577800398372E-008
   1.72664738276736       3.246234559379823E-012
   1.72664738276736       3.473648593593660E-012
   1.53361637565433       2.700164415685562E-006
   1.53361637565433       3.392658132420603E-006
   1.54933254019446       1.593707386502681E-005
   1.54933254019446       7.485216791746491E-006
   1.56506181935668       6.295743223512206E-006
   1.56506181935668       3.364378699625203E-006
   1.58080397153594       1.320798378588678E-005
   1.58080397153594       1.294999097938716E-005
   1.59655876405567       3.668002052529417E-009
   1.59655876405567       8.972702149649054E-005
   1.59655876405567       3.806492322993751E-005
   1.61232597267849       6.768999365905390E-010
   1.61232597267849       4.720466694640182E-005
   1.61232597267849       6.709307525574029E-006
   1.62810538115210       5.094799530658029E-007
   1.62810538115210       1.169671106223710E-005
   1.62810538115210       4.577272181912202E-007
   1.64389678078736       5.941877605386313E-006
   1.64389678078736       4.665801715156357E-005
   1.64389678078736       4.510057358567776E-006
   1.65969997006560       1.067061077509085E-005
   1.65969997006560       1.641218734972628E-004
   1.65969997006560       2.530513408767206E-006
   1.67551475427284       7.967427016387439E-007
   1.67551475427284       1.398338975319445E-005
   1.67551475427284       9.611750108159126E-008
   1.69134094515844       3.737953181904281E-006
   1.69134094515844       1.101081513247773E-005
   1.69134094515844       5.172583448036597E-010
   1.70717836061639       1.167206898474112E-006
   1.70717836061639       2.809785581877516E-006
   1.72302682438722       6.710133372557353E-008
   1.72302682438722       1.093836068391024E-007
   1.73888616577896       7.921401141764895E-008
   1.73888616577896       7.728348134645825E-008
   1.75475621940568       1.300221157484985E-011
   1.75475621940568       1.391307779041480E-011
   1.54707911953211       1.329583830938146E-006
   1.54707911953211       1.670573603060374E-006
   1.56307611100527       9.304481975743383E-006
   1.56307611100527       4.489405874290783E-006
   1.57908645144134       3.713424576170700E-006
   1.57908645144134       2.031968892043876E-006
   1.59510989491812       7.163010744124274E-006
   1.59510989491812       6.495116449980137E-006
   1.61114620460143       2.015178950092395E-009
   1.61114620460143       4.733952662566627E-005
   1.61114620460143       2.061827937230760E-005
   1.62719515224705       6.706831492903008E-010
   1.62719515224705       2.978132156480555E-005
   1.62719515224705       4.320439405472041E-006
   1.64325651773856       3.716706824875807E-007
   1.64325651773856       7.377574621170351E-006
   1.64325651773856       3.084125401246250E-007
   1.65933008865780       3.937264166022040E-006
   1.65933008865780       2.657095681156460E-005
   1.65933008865780       2.006350761971910E-006
   1.67541565988525       5.710563998461556E-006
   1.67541565988525       9.597404226756224E-005
   1.67541565988525       1.795534067161333E-006
   1.69151303322764       5.500879257716084E-007
   1.69151303322764       8.606865931709077E-006
   1.69151303322764       6.093679749664603E-008
   1.70762201707054       2.708579981334827E-006
   1.70762201707054       8.192290062707301E-006
   1.70762201707054       5.942371523479271E-010
   1.72374242605395       7.782004944991460E-007
   1.72374242605395       1.962650487944827E-006
   1.73987408076888       6.189650047663264E-008
   1.73987408076888       9.653741981919947E-008
   1.75601680747333       6.891447423356710E-008
   1.75601680747333       6.951995317400134E-008
   1.77217043782613       2.092662337202273E-011
   1.77217043782613       2.239263199107164E-011
   1.55347428294191       4.788977481607304E-007
   1.55347428294191       6.017175585520414E-007
   1.56960467471910       3.661130427573267E-006
   1.56960467471910       1.791597034171237E-006
   1.58574852677738       1.468773441263209E-006
   1.58574852677738       8.126363530083447E-007
   1.60190559114376       2.749245120199629E-006
   1.60190559114376       2.373798171974638E-006
   1.61807562900909       7.669272024092473E-010
   1.61807562900909       1.776870411465671E-005
   1.61807562900909       7.837188777804864E-006
   1.63425841022579       3.409480502040522E-010
   1.63425841022579       1.215588805109556E-005
   1.63425841022579       1.782339236586048E-006
   1.65045371284188       1.644388784694081E-007
   1.65045371284188       3.052516843899513E-006
   1.65045371284188       1.319385340546793E-007
   1.66666132266783       1.648190924112421E-006
   1.66666132266783       1.053039224425628E-005
   1.66666132266783       6.902705908969845E-007
   1.68288103287360       2.151518722940027E-006
   1.68288103287360       3.785562171998548E-005
   1.68288103287360       7.759900351851720E-007
   1.69911264361317       2.400500043073129E-007
   1.69911264361317       3.495699219731013E-006
   1.69911264361317       2.489295020599245E-008
   1.71535596167423       1.184432761092681E-006
   1.71535596167423       3.636314375952182E-006
   1.71535596167423       3.255100509002993E-010
   1.73161080015105       3.279180931648333E-007
   1.73161080015105       8.457403871526354E-007
   1.74787697813851       3.069135012845466E-008
   1.74787697813851       4.700053811657800E-008
   1.76415432044578       3.299906880873006E-008
   1.76415432044578       3.389027901528535E-008
   1.78044265732786       1.361368632413651E-011
   1.78044265732786       1.456738922849013E-011
   1.55485450300765       1.047669515219524E-007
   1.55485450300765       1.316358544780031E-007
   1.57101368557010       8.260765316362161E-007
   1.57101368557010       4.062553492132512E-007
   1.58718635243860       3.319923843072921E-007
   1.58718635243860       1.843604864350322E-007
   1.60337225519756       6.163363568072878E-007
   1.60337225519756       5.224422928277176E-007
   1.61957115461158       1.709881925802200E-010
   1.61957115461158       3.946840435830774E-006
   1.61957115461158       1.748245188502518E-006
   1.63578282012232       8.395008803815301E-011
   1.63578282012232       2.776670808070506E-006
   1.63578282012232       4.086411759929329E-007
   1.65200702938160       3.865592739634539E-008
   1.65200702938160       7.020620059186967E-007
   1.65200702938160       3.069780755651438E-008
   1.66824356781762       3.798235397300121E-007
   1.66824356781762       2.388990029354416E-006
   1.66824356781762       1.488158113924520E-007
   1.68449222823117       4.782871656887470E-007
   1.68449222823117       8.550777250835461E-006
   1.68449222823117       1.807395114575704E-007
   1.70075281041952       5.628794965630382E-008
   1.70075281041952       7.981698475032878E-007
   1.70075281041952       5.686365258682386E-009
   1.71702512082551       2.770528285030783E-007
   1.71702512082551       8.552112120908013E-007
   1.71702512082551       8.227535071490064E-011
   1.73330897220978       7.578686284430887E-008
   1.73330897220978       1.969381232760134E-007
   1.74960418334436       7.503075231896429E-009
   1.74960418334436       1.142470847038545E-008
   1.76591057872568       7.964997763038672E-009
   1.76591057872568       8.232799157765813E-009
   1.78222798830581       3.657820282263882E-012
   1.78222798830581       3.914067836654328E-012
   1.55523074844739       1.253723156708332E-007
   1.55523074844739       1.575257431992569E-007
   1.57139777932471       1.001109037439049E-006
   1.57139777932471       4.933370961425527E-007
   1.58757830105722       4.026237323231549E-007
   1.58757830105722       2.239139320601683E-007
   1.60377206510872       7.452337341207371E-007
   1.60377206510872       6.268303983633811E-007
   1.61997883212759       2.061969091202104E-010
   1.61997883212759       4.753139145232739E-006
   1.61997883212759       2.109009473848360E-006
   1.63619837144351       1.054245391527178E-010
   1.63619837144351       3.381682706559342E-006
   1.63619837144351       4.984388336987827E-007
   1.65243046060033       4.764042149208658E-008
   1.65243046060033       8.577293815293907E-007
   1.65243046060033       3.768211003736536E-008
   1.66867488492200       4.642636655234651E-007
   1.66867488492200       2.902940916740231E-006
   1.66867488492200       1.770708579250245E-007
   1.68493143710870       5.761423091008695E-007
   1.68493143710870       1.036751990197184E-005
   1.68493143710870       2.218706325382759E-007
   1.70119991686046       6.932322494515565E-008
   1.70119991686046       9.721363324725364E-007
   1.70119991686046       6.925263809880093E-009
   1.71748013052610       3.407089965018204E-007
   1.71748013052610       1.054095308547687E-006
   1.71748013052610       1.044511013952760E-010
   1.73377189077534       9.275438829524669E-008
   1.73377189077534       2.417616616033938E-007
   1.75007501629218       9.396706745815910E-009
   1.75007501629218       1.427591202180542E-008
   1.76638933148781       9.922065589003361E-009
   1.76638933148781       1.028319173355025E-008
   1.78271466623170       4.764515202867454E-012
   1.78271466623170       5.098291953603620E-012
   1.55698527703295       3.158604293052285E-007
   1.55698527703295       3.968671122273750E-007
   1.57318890660709       2.585749690537000E-006
   1.57318890660709       1.279364785224915E-006
   1.58940605757683       1.041378374283305E-006
   1.58940605757683       5.808141048054746E-007
   1.60563648084334       1.917369951530978E-006
   1.60563648084334       1.587785201313740E-006
   1.62187993651315       5.273801815475582E-010
   1.62187993651315       1.212795699785967E-005
   1.62187993651315       5.399329255751691E-006
   1.63813619339375       2.919624098874580E-010
   1.63813619339375       8.818921138949890E-006
   1.63813619339375       1.303760677864114E-006
   1.65440502852540       1.271919038797372E-007
   1.65440502852540       2.251922400153764E-006
   1.65440502852540       9.985690099517390E-008
   1.67068622674609       1.219423964853997E-006
   1.67068622674609       7.542829758171761E-006
   1.67068622674609       4.413010777755832E-007
   1.68697958028669       1.470634095832889E-006
   1.68697958028669       2.680494519594978E-005
   1.68697958028669       5.876435413849695E-007
   1.70328488839380       1.849348581945198E-007
   1.70328488839380       2.536352912716339E-006
   1.70328488839380       1.805851998214887E-008
   1.71960195697787       9.056171777344771E-007
   1.71960195697787       2.814553981668678E-006
   1.71960195697787       2.955589165688355E-010
   1.73593059828453       2.442838136884021E-007
   1.73593059828453       6.404827280139577E-007
   1.75227063058731       2.589274798658013E-008
   1.75227063058731       3.916976519838465E-008
   1.76862187789994       2.705075908361685E-008
   1.76862187789994       2.818541446756028E-008
   1.78498416970671       1.418900284267526E-011
   1.78498416970671       1.518300938129730E-011
   1.56074041302054       5.427846218674430E-007
   1.56074041302054       6.819890858623424E-007
   1.57702237308451       4.675917810872837E-006
   1.57702237308451       2.332667132730505E-006
   1.59331791990830       1.888389594869162E-006
   1.59331791990830       1.059241769604334E-006
   1.60962680318890       3.447457838628663E-006
   1.60962680318890       2.761785474982654E-006
   1.62594878187316       9.344421243655241E-010
   1.62594878187316       2.140659179831436E-005
   1.62594878187316       9.594491395303927E-006
   1.64228362365096       6.071440116260813E-010
   1.64228362365096       1.625587227100011E-005
   1.64228362365096       2.417948232876276E-006
   1.65863110448474       2.460068756929266E-007
   1.65863110448474       4.216437153941139E-006
   1.65863110448474       1.905274853149241E-007
   1.67499100817237       2.280844698286137E-006
   1.67499100817237       1.384200891746417E-005
   1.67499100817237       7.429073807250308E-007
   1.69136312594033       2.596754599302390E-006
   1.69136312594033       4.858196242915892E-005
   1.69136312594033       1.117475359666972E-006
   1.70774725606476       3.578429251620091E-007
   1.70774725606476       4.686058149678689E-006
   1.70774725606476       3.327505850455860E-008
   1.72414320351785       1.734962339074058E-006
   1.72414320351785       5.443135633250065E-006
   1.72414320351785       6.419892803966654E-010
   1.74055077963761       4.597214258370690E-007
   1.74055077963761       1.219448994511268E-006
   1.75696980181906       5.336948400856784E-008
   1.75696980181906       8.009281298469100E-008
   1.77340009322520       5.454984142534239E-008
   1.77340009322520       5.746667623225395E-008
   1.78984148251605       3.419582507431422E-011
   1.78984148251605       3.659140382599450E-011
   1.56698543677522       7.610426255248098E-007
   1.56698543677522       9.562223091329509E-007
   1.58339766529588       7.138225823298062E-006
   1.58339766529588       3.610281625260265E-006
   1.59982358928109       2.895367422827134E-006
   1.59982358928109       1.638727435226592E-006
   1.61626295642523       5.246888916682972E-006
   1.61626295642523       3.964461842825303E-006
   1.63271552374653       1.377773157813096E-009
   1.63271552374653       3.145368468957056E-005
   1.63271552374653       1.425166049398328E-005
   1.64918105707622       1.159164934476702E-009
   1.64918105707622       2.557944290085738E-005
   1.64918105707622       3.843221015381266E-006
   1.66565933058426       4.192065756901582E-007
   1.66565933058426       6.844940014006189E-006
   1.66565933058426       3.189632110746133E-007
   1.68215012633871       3.676959144071994E-006
   1.68215012633871       2.179784134844371E-005
   1.68215012633871       1.011825529631385E-006
   1.69865323389573       3.813976941142902E-006
   1.69865323389573       7.448599823227836E-005
   1.69865323389573       1.848883184914022E-006
   1.71516844991750       6.135361245853605E-007
   1.71516844991750       7.431890314534800E-006
   1.71516844991750       5.230300944444766E-008
   1.73169557781583       2.907177994435936E-006
   1.73169557781583       9.268478953158672E-006
   1.73169557781583       1.315581099885693E-009
   1.74823442741928       7.500690648190545E-007
   1.74823442741928       2.025812415839779E-006
   1.76478481466191       1.007789649706531E-007
   1.76478481466191       1.495573522798194E-007
   1.78134656129186       9.934991535636911E-008
   1.78134656129186       1.066106012489186E-007
   1.79791949459830       8.305673630824558E-011
   1.79791949459830       8.887525223092172E-011
   1.57617014614563       9.204596701234974E-007
   1.57617014614563       1.156524012859713E-006
   1.59277396367566       9.811305859321511E-006
   1.59277396367566       5.065417531510973E-006
   1.60939163654499       4.002824302193673E-006
   1.60939163654499       2.293663620399225E-006
   1.62602290950265       7.282735944332242E-006
   1.62602290950265       5.009342101225264E-006
   1.64266753673044       1.794214889056624E-009
   1.64266753673044       4.101329739757129E-005
   1.64266753673044       1.887556715942462E-005
   1.65932528132600       2.183134796401130E-009
   1.65932528132600       3.666232506064365E-005
   1.65932528132600       5.590143023310388E-006
   1.67599591482304       6.755385731553553E-007
   1.67599591482304       1.038652498320294E-005
   1.67599591482304       5.060327141603900E-007
   1.69267921674560       5.463035115238082E-006
   1.69267921674560       3.178631033107723E-005
   1.69267921674560       1.188360998510697E-006
   1.70937497419320       4.961067685253203E-006
   1.70937497419320       1.031639099836518E-004
   1.70937497419320       2.846229736738712E-006
   1.72608298145434       1.008160915082398E-006
   1.72608298145434       1.087685092156635E-005
   1.72608298145434       7.478166008059619E-008
   1.74280303964595       4.564526876871988E-006
   1.74280303964595       1.491749819903163E-005
   1.74280303964595       2.742922394440990E-009
   1.75953495637663       1.139562028166903E-006
   1.75953495637663       3.151121449396145E-006
   1.77627854543173       1.880431752819364E-007
   1.77627854543173       2.756175106222992E-007
   1.79303362647854       1.759204967279616E-007
   1.79303362647854       1.940985528249681E-007
   1.80980002479010       2.216343738918746E-010
   1.80980002479010       2.371609066070086E-010
   1.58874476780135       9.699949271659485E-007
   1.58874476780135       1.218763257133269E-006
   1.60561088642436       1.240261627964627E-005
   1.60561088642436       6.591710437008146E-006
   1.62249107926827       5.093651079234520E-006
   1.62249107926827       2.963993319372908E-006
   1.63938508704979       9.581783098824971E-006
   1.63938508704979       5.727640450760118E-006
   1.65629266006737       2.093576953537050E-009
   1.65629266006737       4.852993212836909E-005
   1.65629266006737       2.280961645400135E-005
   1.67321355767613       4.149418332512556E-009
   1.67321355767613       4.884959817970163E-005
   1.67321355767613       7.599214141735660E-006
   1.69014754780057       1.055472663510702E-006
   1.69014754780057       1.525128192225544E-005
   1.69014754780057       7.887923764956519E-007
   1.70709440648173       7.653820731047907E-006
   1.70709440648173       4.450058687860908E-005
   1.70709440648173       1.244898551269726E-006
   1.72405391745579       5.839807977636148E-006
   1.72405391745579       1.320897936364281E-004
   1.72405391745579       4.166811547222572E-006
   1.74102587176151       1.643325514549618E-006
   1.74102587176151       1.519353759147681E-005
   1.74102587176151       9.923427357189535E-008
   1.75801006737395       6.880056937834911E-006
   1.75801006737395       2.331294524692204E-005
   1.75801006737395       5.965593058822749E-009
   1.77500630886234       1.663100227636587E-006
   1.77500630886234       4.717734647558394E-006
   1.79201440707031       3.565596256674574E-007
   1.79201440707031       5.172470453257819E-007
   1.80903417881632       3.115929430049077E-007
   1.80903417881632       3.575905185393948E-007
   1.82606544661312       6.722337476618946E-010
   1.82606544661312       7.193268907155144E-010
   1.60518741245183       8.769955096763183E-007
   1.60518741245183       1.101912880088186E-006
   1.62239651743109       1.442353394773567E-005
   1.62239651743109       7.973171708986883E-006
   1.63961998284210       5.958184248210691E-006
   1.63961998284210       3.528722699429270E-006
   1.65685754412879       1.224201210467447E-005
   1.65685754412879       6.045149378670713E-006
   1.67410894651174       2.166819364146255E-009
   1.67410894651174       5.227680280750244E-005
   1.67410894651174       2.525545052189113E-005
   1.69137394445237       7.928728292039289E-009
   1.69137394445237       6.037448752762522E-005
   1.69137394445237       9.637469839443370E-006
   1.70865230115572       1.599371111092697E-006
   1.70865230115572       2.199049595065570E-005
   1.70865230115572       1.227440283842132E-006
   1.72594378810844       1.012060909971179E-005
   1.72594378810844       6.071561534209238E-005
   1.72594378810844       1.214875363166525E-006
   1.74324818464883       6.260418398620114E-006
   1.74324818464883       1.567952990840868E-004
   1.74324818464883       5.792978407292401E-006
   1.76056527756623       2.680992285962551E-006
   1.76056527756623       2.064403443002739E-005
   1.76056527756623       1.222053678228198E-007
   1.77789486072735       9.975259174212246E-006
   1.77789486072735       3.556985394047341E-005
   1.77789486072735       1.348465875489223E-008
   1.79523673472721       2.370004126127728E-006
   1.79523673472721       6.851175887053255E-006
   1.81259070656274       6.883510707953958E-007
   1.81259070656274       9.943448196914230E-007
   1.82995658932730       5.553834139622146E-007
   1.82995658932730       6.723305421443159E-007
   1.84733420192427       2.325112695542355E-009
   1.84733420192427       2.487997800861459E-009
   1.62602783121979       6.561066377704821E-007
   1.62602783121979       8.243740667925236E-007
   1.64367165819469       1.522677460906164E-005
   1.64367165819469       8.864366807881134E-006
   1.66133020836254       6.302510139397865E-006
   1.66133020836254       3.801421638322262E-006
   1.67900321048428       1.536209287244118E-005
   1.67900321048428       6.076902859385643E-006
   1.69669040334446       1.931228571549331E-009
   1.69669040334446       5.086141242593727E-005
   1.69669040334446       2.546761708606681E-005
   1.71439153520191       1.489688983655173E-008
   1.71439153520191       6.797806750297998E-005
   1.71439153520191       1.119898939342265E-005
   1.73210636327995       2.309646774280350E-006
   1.73210636327995       3.109279473008980E-005
   1.73210636327995       1.907587424939854E-006
   1.74983465329273       1.245387314079938E-005
   1.74983465329273       8.048096267733606E-005
   1.74983465329273       1.199423898070567E-006
   1.76757617900436       6.172618032985246E-006
   1.76757617900436       1.708789417642271E-004
   1.76757617900436       7.514260788661057E-006
   1.78533072181825       4.324762150247488E-006
   1.78533072181825       2.760050926472941E-005
   1.78533072181825       1.388632628760649E-007
   1.80309807039393       1.373507578727942E-005
   1.80309807039393       5.254727184716413E-005
   1.80309807039393       3.090783081047772E-008
   1.82087802028922       3.347381520574235E-006
   1.82087802028922       9.628947666744353E-006
   1.83867037362559       1.330376307643790E-006
   1.83867037362559       1.932917492071457E-006
   1.85647493877489       9.878813263686778E-007
   1.85647493877489       1.282532250471745E-006
   1.87429153006579       8.977623839623733E-009
   1.87429153006579       9.606548711710981E-009
   1.65187107856516       3.836547473984115E-007
   1.65187107856516       4.820482009324306E-007
   1.67005398434578       1.424558189773204E-005
   1.67005398434578       8.860891029846081E-006
   1.68825206316286       5.859559811602599E-006
   1.68825206316286       3.590079058918483E-006
   1.70646503549008       1.876523845889437E-005
   1.70646503549008       6.122087963619926E-006
   1.72469263213097       1.410602921792334E-009
   1.72469263213097       4.405340132320264E-005
   1.72469263213097       2.312179747131583E-005
   1.74293459365280       2.654431671691662E-008
   1.74293459365280       6.755688979139660E-005
   1.74293459365280       1.154016212178622E-005
   1.76119066986127       3.076580490853620E-006
   1.76119066986127       4.234752052733001E-005
   1.76119066986127       2.919017046614430E-006
   1.77946061931227       1.388372510948088E-005
   1.77946061931227       1.014961771278025E-004
   1.77946061931227       1.313848962841210E-006
   1.79774420885766       5.853010848652071E-006
   1.79774420885766       1.678953237123352E-004
   1.79774420885766       8.807575107630410E-006
   1.81604121322196       6.692775374395823E-006
   1.81604121322196       3.639912657418960E-005
   1.81604121322196       1.481924826664566E-007
   1.83435141460755       1.752056343393138E-005
   1.83435141460755       7.374620736936847E-005
   1.83435141460755       6.895004820773163E-008
   1.85267460232584       4.795688954718405E-006
   1.85267460232584       1.305404071213408E-005
   1.87101057245242       2.494938950263804E-006
   1.87101057245242       3.695536518854800E-006
   1.88935912750428       1.719984890058903E-006
   1.88935912750428       2.438975132946027E-006
   1.90772007613720       3.701795082530645E-008
   1.90772007613720       3.961123278984837E-008
   1.68342326186513       1.620884289177726E-007
   1.68342326186513       2.036582007172107E-007
   1.70226433235173       1.142126203398624E-005
   1.70226433235173       7.707815095758047E-006
   1.72112112509159       4.616796079702873E-006
   1.72112112509159       2.845742756393413E-006
   1.73999335044039       2.153888917391195E-005
   1.73999335044039       6.411006573862343E-006
   1.75888072945758       7.854089802220534E-010
   1.75888072945758       3.341753776529283E-005
   1.75888072945758       1.864089708126685E-005
   1.77778299331979       4.277598003319970E-008
   1.77778299331979       5.671891502865041E-005
   1.77778299331979       1.005287523378643E-005
   1.79669988277644       3.606284498450131E-006
   1.79669988277644       5.370213068840477E-005
   1.79669988277644       4.278084677121813E-006
   1.81563114764391       1.347704742590257E-005
   1.81563114764391       1.173713875308521E-004
   1.81563114764391       1.573189109061884E-006
   1.83457654633481       5.960787805918663E-006
   1.83457654633481       1.457001657259364E-004
   1.83457654633481       8.900315518106243E-006
   1.85353584541939       9.505970717830834E-006
   1.85353584541939       4.664036789486605E-005
   1.85353584541939       1.651784679605033E-007
   1.87250881921644       1.997879109266710E-005
   1.87250881921644       9.553405521530861E-005
   1.87250881921644       1.420084745012703E-007
   1.89149524941109       7.173723204488656E-006
   1.89149524941109       1.722318294417371E-005
   1.91049492469751       4.352996032119003E-006
   1.91049492469751       6.686625043768270E-006
   1.92950764044441       2.846922110335748E-006
   1.92950764044441       4.489257297729844E-006
   1.94853319838150       1.524886704516549E-007
   1.94853319838150       1.631712206756105E-007
   1.72152117081273       4.480788778565878E-008
   1.72152117081273       5.629947717609940E-008
   1.74115694697161       7.511322085947982E-006
   1.74115694697161       5.574308156329241E-006
   1.76080910853948       2.989854260787763E-006
   1.76080910853948       1.806939677063092E-006
   1.78047735365499       2.192332492815667E-005
   1.78047735365499       6.698986279130280E-006
   1.80016139161203       3.024081479278480E-010
   1.80016139161203       2.191702007845941E-005
   1.80016139161203       1.311447359154118E-005
   1.81986094224841       5.877410362777426E-008
   1.81986094224841       3.827375387085490E-005
   1.81986094224841       6.957240183668103E-006
   1.83957573537852       3.490842476097125E-006
   1.83957573537852       6.050402654802481E-005
   1.83957573537852       5.775586555200864E-006
   1.85930551026612       1.079679052684957E-005
   1.85930551026612       1.183841048695903E-004
   1.85930551026612       1.806945061394185E-006
   1.87905001513381       7.132860410943434E-006
   1.87905001513381       1.109719665476875E-004
   1.87905001513381       7.269810473631336E-006
   1.89880900670592       1.172455856000016E-005
   1.89880900670592       5.574685762472496E-005
   1.89880900670592       2.302535363232435E-007
   1.91858224978211       1.945898268335345E-005
   1.91858224978211       1.099055622619523E-004
   1.91858224978211       2.540459768966881E-007
   1.93836951683912       1.124725163327526E-005
   1.93836951683912       2.283251981822614E-005
   1.95817058765837       6.716496327523378E-006
   1.95817058765837       1.093897653023515E-005
   1.97798524897732       4.305076457544824E-006
   1.97798524897732       7.655921216292634E-006
   1.99781329416276       5.761323720396139E-007
   1.99781329416276       6.164931606918507E-007
   1.76716761073852       7.210469423550542E-009
   1.76716761073852       9.059691915896857E-009
   1.78775555161537       3.820493395730910E-006
   1.78775555161537       3.140726191263023E-006
   1.80836067245134       1.611814492661812E-006
   1.80836067245134       9.051589604952413E-007
   1.82898265674740       1.843423100402589E-005
   1.82898265674740       6.251425194831789E-006
   1.84962119970075       7.137703212945907E-011
   1.84962119970075       1.240910181247991E-005
   1.84962119970075       7.803458553472240E-006
   1.87027600756374       6.390439275863364E-008
   1.87027600756374       2.019899679814943E-005
   1.87027600756374       3.606143209365736E-006
   1.89094679704911       2.562441765904390E-006
   1.89094679704911       5.735411367705852E-005
   1.89094679704911       6.834690164716964E-006
   1.91163329477718       6.673941422532617E-006
   1.91163329477718       9.795785538406871E-005
   1.91163329477718       1.741047292278880E-006
   1.93233523676152       9.051874719250032E-006
   1.93233523676152       7.761155785515229E-005
   1.93233523676152       4.415347508307229E-006
   1.95305236792971       1.175758045233104E-005
   1.95305236792971       5.821495154029332E-005
   1.95305236792971       3.808165369113559E-007
   1.97378444167624       1.540479070240890E-005
   1.97378444167624       1.069097929838792E-004
   1.97378444167624       3.681156537934944E-007
   1.99453121944494       1.744222513835005E-005
   1.99453121944494       3.128580644946805E-005
   2.01529247033854       8.638342826445017E-006
   2.01529247033854       1.537828682094287E-005
   2.03606797075312       5.641042854322093E-006
   2.03606797075312       1.138877302930277E-005
   2.05685750403556       1.817076893098708E-006
   2.05685750403556       1.944371695485160E-006
   1.82157473359255       5.906734277891351E-010
   1.82157473359255       7.421596243370857E-010
   1.84329758319114       1.378820084743758E-006
   1.84329758319114       1.252499577667893E-006
   1.86503855979282       7.814703122587870E-007
   1.86503855979282       3.883079993745127E-007
   1.88679732945159       1.183266761638363E-005
   1.88679732945159       4.607700644326860E-006
   1.90857357056241       8.992934641624293E-012
   1.90857357056241       6.301030081732379E-006
   1.90857357056241       3.735134797343548E-006
   1.93036697318482       4.973772024800831E-008
   1.93036697318482       9.021399497603037E-006
   1.93036697318482       1.468018596433915E-006
   1.95217723841535       1.271766169477746E-006
   1.95217723841535       4.325584852820888E-005
   1.95217723841535       6.650934404835378E-006
   1.97400407780431       2.994789383151638E-006
   1.97400407780431       6.234672732276055E-005
   1.97400407780431       1.271996742671846E-006
   1.99584721281303       9.883229470204425E-006
   1.99584721281303       5.517390561997485E-005
   1.99584721281303       1.838845570017421E-006
   2.01770637430824       8.877875517615116E-006
   2.01770637430824       4.899971416545497E-005
   2.01770637430824       5.632359795936053E-007
   2.03958130209031       9.658004402226762E-006
   2.03958130209031       8.292978874105912E-005
   2.03958130209031       3.963911558715727E-007
   2.06147174445269       2.397523966417406E-005
   2.06147174445269       4.208264930051622E-005
   2.08337745776991       8.641063479511197E-006
   2.08337745776991       1.756146034960191E-005
   2.10529820611190       5.969553387409837E-006
   2.10529820611190       1.365425470816848E-005
   2.12723376088256       4.371307814290357E-006
   2.12723376088256       4.677538533806866E-006
   1.88621774867303       2.109370932957038E-011
   1.88621774867303       2.650347663429729E-011
   1.90928902321612       3.098236293549164E-007
   1.90928902321612       3.069755914914339E-007
   1.93237954997852       3.320658400519136E-007
   1.93237954997852       1.546200901438758E-007
   1.95548897428488       5.272006071160961E-006
   1.95548897428488       2.366432526442770E-006
   1.97861695456683       5.180235396986720E-013
   1.97861695456683       3.206350487591940E-006
   1.97861695456683       1.410085406733158E-006
   2.00176316164465       2.403429038781360E-008
   2.00176316164465       4.131407330730893E-006
   2.00176316164465       6.680320367117829E-007
   2.02492727806075       3.679748667014857E-007
   2.02492727806075       2.449130169543980E-005
   2.02492727806075       4.869477503920305E-006
   2.04810899746017       1.064054181658691E-006
   2.04810899746017       2.994413884206750E-005
   2.04810899746017       6.650344989353974E-007
   2.07130802401424       7.761670359927933E-006
   2.07130802401424       3.919596849105238E-005
   2.07130802401424       5.709185758117407E-007
   2.09452407188348       4.637370868922643E-006
   2.09452407188348       3.045236545565480E-005
   2.09452407188348       5.977236788308884E-007
   2.11775686471665       5.212019325202472E-006
   2.11775686471665       4.836225544908971E-005
   2.11775686471665       2.819966540202058E-007
   2.14100613518275       2.574671257391650E-005
   2.14100613518275       4.788507205477835E-005
   2.16427162453348       6.203061464408827E-006
   2.16427162453348       1.527575656225718E-005
   2.18755308219365       4.636768179172432E-006
   2.18755308219365       1.189838863182536E-005
   2.21085026537727       7.357713056051797E-006
   2.21085026537727       7.873155541201185E-006
   1.96290310500701       2.747024165752977E-013
   1.96290310500701       3.451535699736832E-013
   1.98757400245179       3.771822562162791E-008
   1.98757400245179       4.004020104314914E-008
   2.01226548694856       1.095595543877675E-007
   2.01226548694856       5.473921879057360E-008
   2.03697717923091       1.618497424768380E-006
   2.03697717923091       8.310145068307253E-007
   2.06170871404818       1.150057044248037E-014
   2.06170871404818       2.274827100389168E-006
   2.06170871404818       6.372293074722372E-007
   2.08645973939731       6.508869494132429E-009
   2.08645973939731       2.462374109335719E-006
   2.08645973939731       5.544077792686728E-007
   2.11122991581011       5.521088172554043E-008
   2.11122991581011       1.186455321960305E-005
   2.11122991581011       3.015219991640599E-006
   2.13601891569085       7.536357206761875E-007
   2.13601891569085       1.862782993025130E-005
   2.13601891569085       3.903113102633922E-007
   2.16082642269985       4.750130328729487E-006
   2.16082642269985       3.103184061809406E-005
   2.16082642269985       3.298931857084556E-007
   2.18565213117928       1.844236694507152E-006
   2.18565213117928       1.575085140236046E-005
   2.18565213117928       5.203856535643978E-007
   2.21049574561734       4.633942685441371E-006
   2.21049574561734       2.839777358431122E-005
   2.21049574561734       1.322109987069816E-007
   2.23535698014793       2.866753230298982E-005
   2.23535698014793       6.020783501455932E-005
   2.26023555808270       3.865616866520414E-006
   2.26023555808270       1.355497736730238E-005
   2.28513121147309       2.976698395546160E-006
   2.28513121147309       8.588617839380561E-006
   2.31004368069980       1.349916882637363E-005
   2.31004368069980       1.444484924015303E-005
