    0.0000000  354.6232517  181.0294238   58.0807600   39.8700309    0.0000000    0.0000000  393.0450427  394.5992937  395.8074261  396.1437971  401.5707880  401.5707880
    0.1018031  354.6232517  181.0294238   58.0807600   39.8700309    0.0000000    0.0000000  392.9207189  394.4571375  395.6582775  395.9937729  401.4152341  401.3998935
    0.2879426  354.6232517  181.0294238   58.0807600   39.8700309    0.0000000    0.0000000  392.7119118  394.2294308  395.4231599  395.7577274  401.1733280  401.1417286
    0.5289844  354.6232517  181.0294238   58.0807600   39.8700309    0.0000000    0.0000000  392.4484714  393.9466659  395.1328174  395.4664361  400.8760443  400.8278207
    0.8144247  354.6232517  181.0294238   58.0807600   39.8700309    0.0000000    0.0000000  392.1409341  393.6195228  394.7979865  395.1306426  400.5341713  400.4690814
    1.1381932  354.6232517  181.0294238   58.0807600   39.8700309    0.0000000    0.0000000  391.7953709  393.2541421  394.4248349  394.7565180  400.1539014  400.0717631
    1.4961938  354.6232517  181.0294238   58.0807600   39.8700309    0.0000000    0.0000000  391.4158709  392.8546541  394.0175092  394.3482109  399.7393962  399.6400628
    1.8854197  354.6232517  181.0294238   58.0807600   39.8700309    0.0000000    0.0000000  391.0054319  392.4240843  393.5790456  393.9087589  399.2937018  399.1770505
    2.3035410  354.6232517  181.0294238   58.0807600   39.8700309    0.0000000    0.0000000  390.5663747  391.9647731  393.1117924  393.4405113  398.8191736  398.6850984
    2.7486835  354.6232517  181.0294238   58.0807600   39.8700309    0.0000000    0.0000000  390.1005650  391.4786012  392.6176360  392.9453551  398.3177033  398.1661111
    3.2192965  354.6232517  181.0294238   58.0807600   39.8700309    0.0000000    0.0000000  389.6095452  390.9671225  392.0981350  392.4248496  397.7908536  397.6216612
    3.7140693  354.6232517  181.0294238   58.0807600   39.8700309    0.0000000    0.0000000  389.0946185  390.4316494  391.5546053  391.8803111  397.2399439  397.0530763
    4.2318751  354.6232517  181.0294238   58.0807600   39.8700309    0.0000000    0.0000000  388.5569046  389.8733096  390.9881776  391.3128707  396.6661076  396.4614960
    4.7717315  354.6232517  181.0294238   58.0807600   39.8700309    0.0000000    0.0000000  387.9973795  389.2930852  390.3998366  390.7235134  396.0703316  395.8479131
    5.3327721  354.6232517  181.0294238   58.0807600   39.8700309    0.0000000    0.0000000  387.4169038  388.6918423  389.7904504  390.1131075  395.4534860  395.2132021
    5.9142252  354.6232517  181.0294238   58.0807600   39.8700309    0.0000000    0.0000000  386.8162434  388.0703515  389.1607915  389.4824259  394.8163450  394.5581413
    6.5153979  354.6232517  181.0294238   58.0807600   39.8700309    0.0000000    0.0000000  386.1960862  387.4293046  388.5115533  388.8321621  394.1596035  393.8834291
    7.1356634  354.6232517  181.0294238   58.0807600   39.8700309    0.0000000    0.0000000  385.5570541  386.7693273  387.8433629  388.1629433  393.4838898  393.1896967
    7.7744510  354.6232517  181.0294238   58.0807600   39.8700309    0.0000000    0.0000000  384.8997133  386.0909887  387.1567906  387.4753400  392.7897753  392.4775185
    8.4312385  354.6232517  181.0294238   58.0807600   39.8700309    0.0000000    0.0000000  384.2245818  385.3948096  386.4523584  386.7698744  392.0777830  391.7474197
    9.1055454  354.6232517  181.0294238   58.0807600   39.8700309    0.0000000    0.0000000  383.5321360  384.6812691  385.7305462  386.0470265  391.3483939  390.9998834
    9.7969279  354.6232517  181.0294238   58.0807600   39.8700309    0.0000000    0.0000000  382.8228161  383.9508096  384.9917974  385.3072397  390.6020518  390.2353556
   10.5049742  354.6232517  181.0294238   58.0807600   39.8700309    0.0000000    0.0000000  382.0970302  383.2038412  384.2365229  384.5509252  389.8391688  389.4542499
   11.2293010  354.6232517  181.0294238   58.0807600   39.8700309    0.0000000    0.0000000  381.3551584  382.4407458  383.4651053  383.7784656  389.0601280  388.6569511
   11.9695503  354.6232517  181.0294238   58.0807600   39.8700309    0.0000000    0.0000000  380.5975554  381.6618801  382.6779019  382.9902183  388.2652872  387.8438186
   12.7253866  354.6232517  181.0294238   58.0807600   39.8700309    0.0000000    0.0000000  379.8245537  380.8675778  381.8752473  382.1865178  387.4549816  387.0151888
   13.4831040  354.6232517  181.0294238   58.0807600   39.8700309    0.0000000    0.0000000  379.0501468  380.0722014  381.0716482  381.3818892  386.6438505  386.1860182
   14.2825784  354.6232517  181.0294238   58.0807600   39.8700309    0.0000000    0.0000000  378.2335846  379.2339001  380.2248226  380.5339962  385.7892164  385.3126826
   15.0833573  354.6232517  181.0294238   58.0807600   39.8700309    0.0000000    0.0000000  377.4161885  378.3950985  379.3776274  379.6857500  384.9343326  384.4393844
   15.8985665  354.6232517  181.0294238   58.0807600   39.8700309    0.0000000    0.0000000  376.5845395  377.5420115  378.5161341  378.8232042  384.0651390  383.5517483
   16.7279550  354.6232517  181.0294238   58.0807600   39.8700309    0.0000000    0.0000000  375.7388864  376.6748889  377.6405928  377.9466087  383.1818861  382.6500258
   17.5712845  354.6232517  181.0294238   58.0807600   39.8700309    0.0000000    0.0000000  374.8794652  375.7939677  376.7512410  377.0562013  382.2848117  381.7344556
   18.4283282  354.6232517  181.0294238   58.0807600   39.8700309    0.0000000    0.0000000  374.0065004  374.8994734  375.8483046  376.1522078  381.3741421  380.8052648
   19.2988700  354.6232517  181.0294238   58.0807600   39.8700309    0.0000000    0.0000000  373.1202060  373.9916208  374.9319987  375.2348434  380.4500926  379.8626696
   20.1827038  354.6232517  181.0294238   58.0807600   39.8700309    0.0000000    0.0000000  372.2207861  373.0706150  374.0025285  374.3043134  379.5128690  378.9068762
   21.0796326  354.6232517  181.0294238   58.0807600   39.8700309    0.0000000    0.0000000  371.3084357  372.1366516  373.0600901  373.3608139  378.5626675  377.9380817
   21.9894680  354.6232517  181.0294238   58.0807600   39.8700309    0.0000000    0.0000000  370.3833413  371.1899179  372.1048713  372.4045325  377.5996760  376.9564746
   22.9120293  354.6232517  181.0294238   58.0807600   39.8700309    0.0000000    0.0000000  369.4456817  370.2305935  371.1370516  371.4356491  376.6240745  375.9622355
   23.8471435  354.6232517  181.0294238   58.0807600   39.8700309    0.0000000    0.0000000  368.4956283  369.2588503  370.1568034  370.4543360  375.6360355  374.9555375
   24.7946442  354.6232517  181.0294238   58.0807600   39.8700309    0.0000000    0.0000000  367.5333457  368.2748536  369.1642921  369.4607586  374.6357248  373.9365468
   25.7543716  354.6232517  181.0294238   58.0807600   39.8700309    0.0000000    0.0000000  366.5589922  367.2787623  368.1596769  368.4550761  373.6233016  372.9054233
   26.7261718  354.6232517  181.0294238   58.0807600   39.8700309    0.0000000    0.0000000  365.5727198  366.2707290  367.1431108  367.4374415  372.5989192  371.8623206
   27.7098967  354.6232517  181.0294238   58.0807600   39.8700309    0.0000000    0.0000000  364.5746754  365.2509010  366.1147410  366.4080023  371.5627250  370.8073867
   28.7054034  354.6232517  181.0294238   58.0807600   39.8700309    0.0000000    0.0000000  363.5650001  364.2194202  365.0747097  365.3669003  370.5148614  369.7407644
   29.7125541  354.6232517  181.0294238   58.0807600   39.8700309    0.0000000    0.0000000  362.5438304  363.1764233  364.0231540  364.3142729  369.4554655  368.6625913
   30.7312157  354.6232517  181.0294238   58.0807600   39.8700309    0.0000000    0.0000000  361.5112979  362.1220426  362.9602061  363.2502523  368.3846699  367.5730003
   31.7612597  354.6232517  181.0294238   58.0807600   39.8700309    0.0000000    0.0000000  360.4675300  361.0564057  361.8859939  362.1749664  367.3026027  366.4721199
   32.8025614  354.6232517  181.0294238   58.0807600   39.8700309    0.0000000    0.0000000  359.4126497  359.9796363  360.8006412  361.0885390  366.2093876  365.3600743
   33.8550007  354.6232517  181.0294238   58.0807600   39.8700309    0.0000000    0.0000000  358.3467761  358.8918537  359.7042677  359.9910898  365.1051446  364.2369836
   34.9184607  354.6232517  181.0294238   58.0807600   39.8700309    0.0000000    0.0000000  357.2700247  357.7931738  358.5969892  358.8827346  363.9899897  363.1029643
   35.9928285  354.6232517  181.0294238   58.0807600   39.8700309    0.0000000    0.0000000  356.1825072  356.6837089  357.4789182  357.7635860  362.8640353  361.9581293
   37.0779944  354.6232517  181.0294238   58.0807600   39.8700309    0.0000000    0.0000000  355.0843321  355.5635677  356.3501636  356.6337529  361.7273907  360.8025878
   38.1738521  354.6232517  181.0294238   58.0807600   39.8700309    0.0000000    0.0000000  353.9756047  354.4328557  355.2108311  355.4933410  360.5801616  359.6364461
   39.2802981  354.6232517  181.0294238   58.0807600   39.8700309    0.0000000    0.0000000  352.8564270  353.2916756  354.0610233  354.3424530  359.4224508  358.4598073
   40.3972322  354.6232517  181.0294238   58.0807600   39.8700309    0.0000000    0.0000000  351.7268985  352.1401270  352.9008401  353.1811886  358.2543581  357.2727714
   41.5245567  353.4786324  181.0294238   58.0807600   39.8700309    0.0000000    0.0000000  350.5812670  350.9783066  351.7303783  352.0096448  357.0759807  356.0754358
   42.6621768  352.3238488  181.0294238   58.0807600   39.8700309    0.0000000    0.0000000  349.4257079  349.8063085  350.5497322  350.8279159  355.8874129  354.8678951
   43.8100001  351.1589923  181.0294238   58.0807600   39.8700309    0.0000000    0.0000000  348.2603105  348.6242245  349.3589936  349.6360935  354.6887464  353.6502414
   44.9679367  349.9841519  181.0294238   58.0807600   39.8700309    0.0000000    0.0000000  347.0851621  347.4321437  348.1582517  348.4342672  353.4800708  352.4225643
   46.1358991  348.7994142  181.0294238   58.0807600   39.8700309    0.0000000    0.0000000  345.9003473  346.2301530  346.9475935  347.2225237  352.2614731  351.1849512
   47.3138018  347.6048636  181.0294238   58.0807600   39.8700309    0.0000000    0.0000000  344.7059488  345.0183369  345.7271038  346.0009479  351.0330381  349.9374871
   48.5015618  347.6048636  181.0294238   58.0807600   39.8700309    0.0000000    0.0000000  343.5106051  343.7967781  344.4968651  344.7696224  349.7948485  348.6802550
   49.6990978  346.4005825  181.0294238   58.0807600   39.8700309    0.0000000    0.0000000  342.2969774  342.5655570  343.2569581  343.5286278  348.5469851  347.4133356
   50.9063307  345.1866511  181.0294238   58.0807600   39.8700309    0.0000000    0.0000000  341.0740014  341.3247520  342.0074612  342.2780426  347.2895264  346.1368079
   52.1231833  343.9631478  181.0294238   58.0807600   39.8700309    0.0000000    0.0000000  339.8417519  340.0744399  340.7484514  341.0179437  346.0225492  344.8507490
   53.3495801  342.7301491  181.0294238   58.0807600   39.8700309    0.0000000    0.0000000  338.6003017  338.8146954  339.4800034  339.7484059  344.7461287  343.5552339
   54.5854474  341.4877294  181.0294238   58.0807600   39.8700309    0.0000000    0.0000000  337.3497224  337.5455917  338.2021905  338.4695025  343.4603379  342.2503361
   55.8307131  340.2359619  181.0294238   58.0807600   39.8700309    0.0000000    0.0000000  336.0900836  336.2672001  336.9150841  337.1813049  342.1652486  340.9361274
   57.0853068  338.9749177  181.0294238   58.0807600   39.8700309    0.0000000    0.0000000  334.8214535  334.9795905  335.6187541  335.8838830  340.8609306  339.6126780
   58.3491598  337.7046664  181.0294238   58.0807600   39.8700309    0.0000000    0.0000000  333.5438986  333.6828311  334.3132688  334.5773052  339.5474523  338.2800563
   59.6222046  336.4252762  181.0294238   58.0807600   39.8700309    0.0000000    0.0000000  332.2574842  332.3769886  332.9986952  333.2616383  338.2248808  336.9383294
   60.9043754  335.1368137  181.0294238   58.0807600   39.8700309    0.0000000    0.0000000  330.9622740  331.0621285  331.6750985  331.9369477  336.8932813  335.5875631
   62.1956077  333.8393441  181.0294238   58.0807600   39.8700309    0.0000000    0.0000000  329.6583304  329.7383146  330.3425429  330.6032975  335.5527181  334.2278214
   63.4958382  332.5329312  181.0294238   58.0807600   39.8700309    0.0000000    0.0000000  328.3457146  328.4056096  329.0010909  329.2607503  334.2032538  332.8591674
   64.8050053  331.2176373  181.0294238   58.0807600   39.8700309    0.0000000    0.0000000  327.0244863  327.0640746  327.6508040  327.9093675  332.8449498  331.4816626
   66.1230482  329.8617406  181.0294238   58.0807600   39.8700309    0.0000000    0.0000000  325.6632388  325.7137699  326.2917422  326.5492092  331.4778665  330.0953672
   67.4499076  328.4972706  181.0294238   58.0807600   39.8700309    0.0000000    0.0000000  324.2936795  324.3547543  324.9239645  325.1803344  330.1020626  328.7003405
   68.7855253  328.4972706  181.0294238   58.0807600   39.8700309    0.0000000    0.0000000  322.9604713  322.9870853  323.5475287  323.8028008  328.7175961  327.2966404
   70.1298443  328.4972706  181.0294238   58.0807600   39.8700309    0.0000000    0.0000000  321.6187576  321.6108196  322.1624912  322.4166651  327.3245236  325.8843236
   71.4828086  328.4972706  181.0294238   58.0807600   39.8700309    0.0000000    0.0000000  320.2685932  320.2260127  320.7689077  321.0219826  325.9229006  324.4634459
   72.8443632  328.4972706  181.0294238   58.0807600   39.8700309    0.0000000    0.0000000  318.9100318  318.8327189  319.3668327  319.6188080  324.5127817  323.0340619
   74.2144544  328.4972706  181.0294238   58.0807600   39.8700309    0.0000000    0.0000000  317.5431261  317.4309916  317.9563194  318.2071947  323.0942204  321.5962252
   75.5930293  328.4972706  181.0294238   58.0807600   39.8700309    0.0000000    0.0000000  316.1679280  316.0208832  316.5374204  316.7871950  321.6672691  320.1499885
   76.9800359  328.4972706  181.0294238   58.0807600   39.8700309    0.0000000    0.0000000  314.7844883  314.6024450  315.1101872  315.3588605  320.2319794  318.6954032
   78.3754234  328.4972706  181.0294238   58.0807600   39.8700309    0.0000000    0.0000000  313.3928567  313.1757277  313.6746702  313.9222417  318.7884018  317.2325203
   79.7791416  328.4972706  181.0294238   58.0807600   39.8700309    0.0000000    0.0000000  311.9930824  311.7407807  312.2309192  312.4773883  317.3365861  315.7613893
   81.1911415  328.4972706  181.0294238   58.0807600   39.8700309    0.0000000    0.0000000  310.5852135  310.2976528  310.7789828  311.0243489  315.8765809  314.2820594
   82.6113748  328.4972706  181.0294238   58.0807600   39.8700309    0.0000000    0.0000000  309.1692971  308.8463918  309.3189089  309.5631716  314.4084343  312.7945784
   84.0397939  328.4972706  181.0294238   58.0807600   39.8700309    0.0000000    0.0000000  307.7453799  307.3870447  307.8507446  308.0939033  312.9321934  311.2989936
   85.4763524  328.4972706  181.0294238   58.0807600   39.8700309    0.0000000    0.0000000  306.3135074  305.9196578  306.3745363  306.6165904  311.4479044  309.7953514
   86.9210042  328.4972706  181.0294238   58.0807600   39.8700309    0.0000000    0.0000000  304.8737245  304.4442764  304.8903292  305.1312782  309.9556130  308.2836975
   88.3737043  328.4972706  181.0294238   58.0807600   39.8700309    0.0000000    0.0000000  303.4260755  302.9609452  303.3981682  303.6380117  308.4553637  306.7640766
   89.8344083  328.4972706  181.0294238   58.0807600   39.8700309    0.0000000    0.0000000  301.9706037  301.4697082  301.8980973  302.1368346  306.9472007  305.2365330
   91.3030727  328.4972706  181.0294238   58.0807600   39.8700309    0.0000000    0.0000000  300.5073518  299.9706086  300.3901596  300.6277902  305.4311672  303.7011098
   92.7796545  328.4972706  181.0294238   58.0807600   39.8700309    0.0000000    0.0000000  299.0363618  298.4636888  298.8743977  299.1109212  303.9073059  302.1578500
   94.2641116  328.4972706  181.0294238   58.0807600   39.8700309    0.0000000    0.0000000  297.5576751  296.9489907  297.3508535  297.5862694  302.3756585  300.6067954
   95.7564022  328.4972706  181.0294238   58.0807600   39.8700309    0.0000000    0.0000000  296.0713323  295.4265554  295.8195683  296.0538760  300.8362665  299.0479873
   97.2564856  328.4972706  181.0294238   58.0807600   39.8700309    0.0000000    0.0000000  294.5773735  293.8964236  294.2805825  294.5137816  299.2891703  297.4814666
   98.7643214  328.4972706  181.0294238   58.0807600   39.8700309    0.0000000    0.0000000  293.0758381  292.3586350  292.7339360  292.9660260  297.7344099  295.9072731
  100.2798701  328.4972706  181.0294238   58.0807600   39.8700309    0.0000000    0.0000000  291.5667650  290.8132289  291.1796683  291.4106487  296.1720247  294.3254463
  101.8030925  328.4972706  181.0294238   58.0807600   39.8700309    0.0000000    0.0000000  290.0501924  289.2602441  289.6178179  289.8476883  294.6020534  292.7360252
  103.3339501  328.4972706  181.0294238   58.0807600   39.8700309    0.0000000    0.0000000  288.5261578  287.6997186  288.0484231  288.2771829  293.0245342  291.1390478
  104.8724052  328.4972706  181.0294238   58.0807600   39.8700309    0.0000000    0.0000000  286.9946985  286.1316899  286.4715214  286.6991702  291.4395046  289.5345519
  106.4184203  328.4972706  181.0294238   58.0807600   39.8700309    0.0000000    0.0000000  285.4558509  284.5561950  284.8871498  285.1136871  289.8470018  287.9225746
  107.9719586  328.4972706  181.0294238   58.0807600   39.8700309    0.0000000    0.0000000  283.9096511  282.9732703  283.2953448  283.5207702  288.2470622  286.3031524
  109.5329840  328.4972706  181.0294238   58.0807600   39.8700309    0.0000000    0.0000000  282.3561346  281.3829518  281.6961423  281.9204553  286.6397218  284.6763215
  111.1014606  328.4972706  181.0294238   58.0807600   39.8700309    0.0000000    0.0000000  280.7953362  279.7852748  280.0895777  280.3127778  285.0250160  283.0421173
  112.6773533  328.4972706  181.0294238   58.0807600   39.8700309    0.0000000    0.0000000  279.2272906  278.1802743  278.4756860  278.6977728  283.4029798  281.4005749
  114.2606273  328.4972706  181.0294238   58.0807600   39.8700309    0.0000000    0.0000000  277.6520317  276.5679845  276.8545015  277.0754746  281.7736476  279.7517288
  115.8512483  328.4972706  181.0294238   58.0807600   39.8700309    0.0000000    0.0000000  276.0695931  274.9484395  275.2260582  275.4459172  280.1370535  278.0956129
  117.4491826  328.4972706  181.0294238   58.0807600   39.8700309    0.0000000    0.0000000  274.4800077  273.3216726  273.5903897  273.8091341  278.4932308  276.4322610
  119.0543968  328.4972706  181.0294238   58.0807600   39.8700309    0.0000000    0.0000000  272.8833083  271.6877170  271.9475289  272.1651582  276.8422127  274.7617061
  120.6668581  328.4972706  181.0294238   58.0807600   39.8700309    0.0000000    0.0000000  271.2795269  270.0466050  270.2975084  270.5140222  275.1840318  273.0839808
  122.2865340  328.4972706  181.0294238   58.0807600   39.8700309    0.0000000    0.0000000  269.6686954  268.3983688  268.6403602  268.8557582  273.5187202  271.3991175
  123.9133926  328.4972706  181.0294238   58.0807600   39.8700309    0.0000000    0.0000000  268.0508450  266.7430401  266.9761163  267.1903979  271.8463097  269.7071478
  125.5474023  328.4972706  181.0294238   58.0807600   39.8700309    0.0000000    0.0000000  266.4260066  265.0806501  265.3048077  265.5179726  270.1668315  268.0081032
  127.1885319  328.4972706  181.0294238   58.0807600   39.8700309    0.0000000    0.0000000  264.7942107  263.4112297  263.6264654  263.8385132  268.4803166  266.3020147
  128.8367507  328.4972706  181.0294238   58.0807600   39.8700309    0.0000000    0.0000000  263.1554874  261.7348094  261.9411199  262.1520501  266.7867955  264.5889127
  130.4920283  328.4972706  181.0294238   58.0807600   39.8700309    0.0000000    0.0000000  261.5098665  260.0514191  260.2488012  260.4586135  265.0862982  262.8688275
  132.1543347  328.4972706  181.0294238   58.0807600   39.8700309    0.0000000    0.0000000  259.8573772  258.3610887  258.5495390  258.7582330  263.3788545  261.1417888
  133.8236404  328.4972706  181.0294238   58.0807600   39.8700309    0.0000000    0.0000000  258.1980486  256.6638472  256.8433628  257.0509380  261.6644937  259.4078260
  135.4999161  328.4972706  181.0294238   58.0807600   39.8700309    0.0000000    0.0000000  256.5319092  254.9597238  255.1303013  255.3367574  259.9432449  257.6669682
  137.1831329  328.4972706  181.0294238   58.0807600   39.8700309    0.0000000    0.0000000  254.8589873  253.2487469  253.4103833  253.6157198  258.2151366  255.9192440
  138.8732623  328.4972706  181.0294238   58.0807600   39.8700309    0.0000000    0.0000000  253.1793107  251.5309448  251.6836369  251.8878534  256.4801971  254.1646818
  140.5702763  328.4972706  181.0294238   58.0807600   39.8700309    0.0000000    0.0000000  251.4929070  249.8063453  249.9500900  250.1531863  254.7384544  252.4033096
  142.2741469  328.4972706  181.0294238   58.0807600   39.8700309    0.0000000    0.0000000  249.7998035  248.0749760  248.2097703  248.4117459  252.9899359  250.6351549
  143.9848467  328.4972706  181.0294238   58.0807600   39.8700309    0.0000000    0.0000000  248.1000271  246.3368641  246.4627049  246.6635594  251.2346689  248.8602450
  145.7023485  328.4972706  181.0294238   58.0807600   39.8700309    0.0000000    0.0000000  246.3936042  244.5920364  244.7089208  244.9086537  249.4726805  247.0786070
  147.4266256  328.4972706  181.0294238   58.0807600   39.8700309    0.0000000    0.0000000  244.6805612  242.8405196  242.9484444  243.1470555  247.7039971  245.2902675
  149.1576513  328.4972706  181.0294238   58.0807600   39.8700309    0.0000000    0.0000000  242.9609240  241.0823398  241.1813021  241.3787911  245.9286450  243.4952527
  150.8953995  328.4972706  181.0294238   58.0807600   39.8700309    0.0000000    0.0000000  241.2347182  239.3175230  239.4075199  239.6038862  244.1466503  241.6935889
  152.6398442  328.4972706  181.0294238   58.0807600   39.8700309    0.0000000    0.0000000  239.5019693  237.5460949  237.6271234  237.8223668  242.3580386  239.8853016
  154.3909599  328.4972706  181.0294238   58.0807600   39.8700309    0.0000000    0.0000000  237.7627022  235.7680807  235.8401379  236.0342580  240.5628353  238.0704163
  156.1487213  328.4972706  181.0294238   58.0807600   39.8700309    0.0000000    0.0000000  236.0169417  233.9835055  234.0465886  234.2395850  238.7610654  236.2489582
  157.9131033  328.4972706  181.0294238   58.0807600   39.8700309    0.0000000    0.0000000  234.2647124  232.1923942  232.2465002  232.4383726  236.9527539  234.4209521
  159.6840811  328.4972706  181.0294238   58.0807600   39.8700309    0.0000000    0.0000000  232.5060384  230.3947712  230.4398973  230.6306453  235.1379253  232.5864225
  161.4616303  328.4972706  181.0294238   58.0807600   39.8700309    0.0000000    0.0000000  230.7409437  228.5906607  228.6268041  228.8164273  233.3166037  230.7453939
  163.2457267  328.4972706  181.0294238   58.0807600   39.8700309    0.0000000    0.0000000  228.9694520  226.7800867  226.8072445  226.9957426  231.4888132  228.8978902
  165.0363463  328.4972706  181.0294238   58.0807600   39.8700309    0.0000000    0.0000000  227.1915866  224.9630728  224.9812423  225.1686150  229.6545776  227.0439351
  166.8334655  328.4972706  181.0294238   58.0807600   39.8700309    0.0000000    0.0000000  225.4073708  223.1396425  223.1488210  223.3350678  227.8139202  225.1835523
  168.6370608  328.4972706  181.0294238   58.0807600   39.8700309    0.0000000    0.0000000  223.6168275  221.3098190  221.3100036  221.4951243  225.9668643  223.3167650
  170.4471091  328.4972706  181.0294238   58.0807600   39.8700309    0.0000000    0.0000000  221.8199793  219.4736252  219.4648132  219.6488074  224.1134329  221.4435961
  172.2635874  328.4972706  181.0294238   58.0807600   39.8700309    0.0000000    0.0000000  220.0168487  217.6310838  217.6132725  217.7961399  222.2536487  219.5640684
  174.0864731  328.4972706  181.0294238   58.0807600   39.8700309    0.0000000    0.0000000  218.2074579  215.7822172  215.7554039  215.9371441  220.3875341  217.6782045
  175.9157438  328.4972706  181.0294238   58.0807600   39.8700309    0.0000000    0.0000000  216.3918288  213.9270476  213.8912297  214.0718424  218.5151114  215.7860266
  177.7513771  328.4972706  181.0294238   58.0807600   39.8700309    0.0000000    0.0000000  214.5699831  212.0655971  212.0207718  212.2002567  216.6364027  213.8875568
  179.5933512  328.4972706  181.0294238   58.0807600   39.8700309    0.0000000    0.0000000  212.7419424  210.1978873  210.1440520  210.3224087  214.7514296  211.9828169
  181.4416442  328.4972706  181.0294238   58.0807600   39.8700309    0.0000000    0.0000000  210.9077280  208.3239397  208.2610919  208.4383201  212.8602137  210.0718284
  183.2962347  328.4972706  181.0294238   58.0807600   39.8700309    0.0000000    0.0000000  209.0673608  206.4437758  206.3719127  206.5480121  210.9627765  208.1546128
  185.1571014  328.4972706  181.0294238   58.0807600   39.8700309    0.0000000    0.0000000  207.2208617  204.5574165  204.4765356  204.6515059  209.0591389  206.2311912
  187.0242231  328.4972706  181.0294238   58.0807600   39.8700309    0.0000000    0.0000000  205.3682515  202.6648827  202.5749815  202.7488223  207.1493220  204.3015846
  188.8975789  328.4972706  181.0294238   58.0807600   39.8700309    0.0000000    0.0000000  203.5095504  200.7661952  200.6672710  200.8399820  205.2333463  202.3658137
  190.7771482  328.4972706  181.0294238   58.0807600   39.8700309    0.0000000    0.0000000  201.6447788  198.8613743  198.7534246  198.9250055  203.3112325  200.4238989
  192.6629106  328.4972706  181.0294238   58.0807600   39.8700309    0.0000000    0.0000000  199.7739567  196.9504403  196.8334626  197.0039131  201.3830007  198.4758607
  194.5548456  328.4972706  181.0294238   58.0807600   39.8700309    0.0000000    0.0000000  197.8971039  195.0334133  194.9074051  195.0767249  199.4486710  196.5217192
  196.4529334  328.4972706  181.0294238   58.0807600   39.8700309    0.0000000    0.0000000  196.0142400  193.1103131  192.9752719  193.1434606  197.5082634  194.5614942
  198.3571539  328.4972706  181.0294238   58.0807600   39.8700309    0.0000000    0.0000000  194.1253845  191.1811594  191.0370827  191.2041401  195.5617976  192.5952055
  200.2674875  328.4972706  181.0294238   58.0807600   39.8700309    0.0000000    0.0000000  192.2305567  189.2459716  189.0928570  189.2587827  193.6092930  190.6228727
  202.1839147  328.4972706  181.0294238   58.0807600   39.8700309    0.0000000    0.0000000  190.3297756  187.3047692  187.1426141  187.3074079  191.6507689  188.6445151
  204.1064162  328.4972706  181.0294238   58.0807600   39.8700309    0.0000000    0.0000000  188.4230601  185.3575711  185.1863732  185.3500347  189.6862446  186.6601518
  206.0349728  328.4972706  181.0294238   58.0807600   39.8700309    0.0000000    0.0000000  186.5104289  183.4043963  183.2241531  183.3866820  187.7157389  184.6698019
  207.9695656  328.4972706  181.0294238   58.0807600   39.8700309    0.0000000    0.0000000  184.5919007  181.4452635  181.2559727  181.4173687  185.7392707  182.6734841
  209.9101759  328.4972706  181.0294238   58.0807600   39.8700309    0.0000000    0.0000000  182.6674936  179.4801913  179.2818505  179.4421133  183.7568585  180.6712171
  211.8567849  328.4972706  181.0294238   58.0807600   39.8700309    0.0000000    0.0000000  180.7372260  177.5091982  177.3018049  177.4609343  181.7685207  178.6630194
  213.8093744  328.4972706  181.0294238   58.0807600   39.8700309    0.0000000    0.0000000  178.8011159  175.5323023  175.3158543  175.4738498  179.7742757  176.6489092
  215.7679260  328.4972706  181.0294238   58.0807600   39.8700309    0.0000000    0.0000000  176.8591811  173.5495217  173.3240165  173.4808780  177.7741415  174.6289046
  217.7324216  328.4972706  179.0924335   58.0807600   39.8700309    0.0000000    0.0000000  174.9114393  171.6018055  171.3263097  171.4820368  175.7681360  172.6030237
  219.7028433  328.4972706  177.1496376   58.0807600   39.8700309    0.0000000    0.0000000  172.9579081  169.6484367  169.3227514  169.4773439  173.7562770  170.5712842
  221.6791733  328.4972706  175.2010535   58.0807600   39.8700309    0.0000000    0.0000000  170.9986048  167.6894322  167.3133594  167.4668170  171.7385821  168.5337037
  223.6613941  328.4972706  173.2466985   58.0807600   39.8700309    0.0000000    0.0000000  169.0335467  165.7248089  165.2981511  165.4504734  169.7150688  166.4902997
  225.6494882  328.4972706  171.2865900   58.0807600   39.8700309    0.0000000    0.0000000  167.0627508  163.7545835  163.2771436  163.4283304  167.6857543  164.4410895
  227.6434382  328.4972706  169.3207450   58.0807600   39.8700309    0.0000000    0.0000000  165.0862341  161.7787725  161.2503542  161.4004052  165.6506557  162.3860903
  229.6432270  328.4972706  167.3491805   58.0807600   39.8700309    0.0000000    0.0000000  163.1040134  159.7973924  159.2177998  159.3667147  163.6097901  160.3253191
  231.6488377  328.4972706  165.3719130   58.0807600   39.8700309    0.0000000    0.0000000  161.1161052  157.8104593  157.1794973  157.3272758  161.5631743  158.2587928
  233.6602533  328.4972706  163.3889594   58.0807600   39.8700309    0.0000000    0.0000000  159.1225261  155.8179896  155.1354633  155.2821052  159.5108250  156.1865281
  235.6774572  328.4972706  161.4003361   58.0807600   39.8700309    0.0000000    0.0000000  157.1232924  153.8199990  153.0857143  153.2312193  157.4527587  154.1085415
  237.7004328  328.4972706  161.4003361   58.0807600   39.8700309    0.0000000    0.0000000  155.1184202  151.7772368  151.0302668  151.1746346  155.3889918  152.0248495
  239.7291636  328.4972706  159.4060593   58.0807600   39.8700309    0.0000000    0.0000000  153.1079257  149.7678807  148.9691370  149.1123673  153.3195406  149.9354684
  241.7636335  328.4972706  157.4061454   58.0807600   39.8700309    0.0000000    0.0000000  151.0918248  147.7530503  146.9023410  147.0444336  151.2444212  147.8404143
  243.8038263  328.4972706  155.4006102   58.0807600   39.8700309    0.0000000    0.0000000  149.0701332  145.7327612  144.8298948  144.9708494  149.1636497  145.7397033
  245.8497258  328.4972706  153.3894699   58.0807600   39.8700309    0.0000000    0.0000000  147.0428667  143.7070286  142.7518143  142.8916306  147.0772418  143.6333512
  247.9013164  328.4972706  151.3727401   58.0807600   39.8700309    0.0000000    0.0000000  145.0100407  141.6758676  140.6681151  140.8067928  144.9852132  141.5213737
  249.9585822  328.4972706  149.3504365   58.0807600   39.8700309    0.0000000    0.0000000  142.9716707  139.6392935  138.5788128  138.7163517  142.8875797  139.4037866
  252.0215076  328.4972706  147.3225747   58.0807600   39.8700309    0.0000000    0.0000000  140.9277719  137.5973210  136.4839229  136.6203227  140.7843566  137.2806052
  254.0900772  328.4972706  145.2891699   58.0807600   39.8700309    0.0000000    0.0000000  138.8783594  135.5499651  134.3834607  134.5187212  138.6755593  135.1518449
  256.1642755  328.4972706  143.2502375   58.0807600   39.8700309    0.0000000    0.0000000  136.8234483  133.4972403  132.2774415  132.4115623  136.5612029  133.0175210
  258.2440874  328.4972706  141.2057927   58.0807600   39.8700309    0.0000000    0.0000000  134.7630535  131.4391614  130.1658802  130.2988612  134.4413026  130.8776486
  260.3294977  328.4972706  139.1558503   58.0807600   39.8700309    0.0000000    0.0000000  132.6971898  129.3757426  128.0487918  128.1806327  132.3158733  128.7322426
  262.4204915  328.4972706  137.1004254   58.0807600   39.8700309    0.0000000    0.0000000  130.6258718  127.3069985  125.9261912  126.0568917  130.1849299  126.5813180
  264.5170538  328.4972706  135.0395327   58.0807600   39.8700309    0.0000000    0.0000000  128.5491141  125.2329431  123.7980931  123.9276529  128.0484872  124.4248894
  266.6191700  328.4972706  132.9731869   58.0807600   39.8700309    0.0000000    0.0000000  126.4669310  123.1535907  121.6645121  121.7929310  125.9065596  122.2629715
  268.7268254  328.4972706  130.9014024   58.0807600   39.8700309    0.0000000    0.0000000  124.3793370  121.0689551  119.5254627  119.6527404  123.7591617  120.0955789
  270.8400054  328.4972706  128.8241937   58.0807600   39.8700309    0.0000000    0.0000000  122.2863461  118.9790504  117.3809592  117.5070955  121.6063079  117.9227259
  272.9586957  328.4972706  126.7415752   58.0807600   39.8700309    0.0000000    0.0000000  120.1879726  116.8838902  115.2310159  115.3560105  119.4480124  115.7444268
  275.0828819  328.4972706  124.6535610   58.0807600   39.8700309    0.0000000    0.0000000  118.0842303  114.7834883  113.0756469  113.1994996  117.2842894  113.5606958
  277.2125499  328.4972706  122.5601652   58.0807600   39.8700309    0.0000000    0.0000000  115.9751331  112.6778702  110.9148663  111.0375768  115.1151530  111.3715469
  279.3476857  328.4972706  120.4614017   58.0807600   39.8700309    0.0000000    0.0000000  113.8606949  110.5672262  108.7486880  108.8702560  112.9406170  109.1769942
  281.4882752  328.4972706  118.3572845   58.0807600   39.8700309    0.0000000    0.0000000  111.7409293  108.4513818  106.5771258  106.6975511  110.7606953  106.9770514
  283.6343046  328.4972706  116.2478273   58.0807600   39.8700309    0.0000000    0.0000000  109.6158497  106.3303504  104.4001934  104.5194759  108.5754017  104.7717323
  285.7857601  328.4972706  114.1330437   58.0807600   39.8700309    0.0000000    0.0000000  107.4854698  104.2041450  102.2179045  102.3360438  106.3847497  102.5610505
  287.9426281  328.4972706  112.0129473   58.0807600   39.8700309    0.0000000    0.0000000  105.3498027  102.0727787  100.0302725  100.1472684  104.1887529  100.3450196
  290.1048950  328.4972706  109.8875516   58.0807600   39.8700309    0.0000000    0.0000000  103.2088619   99.9362645   97.8373108   97.9531631  101.9874246   98.1236531
  292.2725474  328.4972706  107.7568699   58.0807600   39.8700309    0.0000000    0.0000000  101.0626603   97.7946152   95.6390329   95.7537412   99.7807782   95.8969641
  294.4455720  328.4972706  105.6209154   58.0807600   39.8700309    0.0000000    0.0000000   98.9112112   95.6478437   93.4354518   93.5490160   97.5688270   93.6649661
  296.6239554  328.4972706  103.4797012   58.0807600   39.8700309    0.0000000    0.0000000   96.7545274   93.4959624   91.2265806   91.3390005   95.3515839   91.4276721
  298.8076846  328.4972706  101.3332405   58.0807600   39.8700309    0.0000000    0.0000000   94.5926217   91.3389841   89.0124325   89.1237077   93.1290621   89.1850951
  300.9967465  328.4972706   99.1815462   58.0807600   39.8700309    0.0000000    0.0000000   92.4255071   89.1769212   86.7930203   86.9031506   90.9012745   86.9372482
  303.1911281  328.4972706   97.0246311   58.0807600   39.8700309    0.0000000    0.0000000   90.2531960   87.0097861   84.5683567   84.6773420   88.6682338   84.6841441
  305.3908165  328.4972706   94.8625080   58.0807600   39.8700309    0.0000000    0.0000000   88.0757012   84.8375910   82.3384547   82.4462946   86.4299529   82.4257956
  307.5957991  328.4972706   92.6951896   58.0807600   39.8700309    0.0000000    0.0000000   85.8930351   82.6603483   80.1033267   80.2100211   84.1864444   80.1622153
  309.8060630  328.4972706   90.5226884   58.0807600   39.8700309    0.0000000    0.0000000   83.7052101   80.4780700   77.8629854   77.9685339   81.9377207   77.8934159
  312.0215958  328.4972706   88.3450170   58.0807600   39.8700309    0.0000000    0.0000000   81.5122385   78.2907682   75.6174431   75.7218457   79.6837945   75.6194099
  314.2423849  328.4972706   86.1621876   58.0807600   39.8700309    0.0000000    0.0000000   79.3141325   76.0984547   73.3667123   73.4699686   77.4246781   73.3402095
  316.4684178  328.4972706   83.9742127   58.0807600   39.8700309    0.0000000    0.0000000   77.1109043   73.9011416   71.1108053   71.2129151   75.1603837   71.0558272
  318.6996824  328.4972706   81.7811045   58.0807600   39.8700309    0.0000000    0.0000000   74.9025660   71.6988405   68.8497341   68.9506972   72.8909235   68.7662752
  320.9361663  328.4972706   81.7811045   58.0807600   39.8700309    0.0000000    0.0000000   72.6891295   69.4580435   66.5835111   66.6833272   70.6163097   66.4715655
  323.1778575  328.4972706   79.5828750   58.0807600   39.8700309    0.0000000    0.0000000   70.4706066   67.2454555   64.3121480   64.4108170   68.3365544   64.1717102
  325.4247437  328.4972706   77.3795363   58.0807600   39.8700309    0.0000000    0.0000000   68.2470092   65.0279137   62.0356570   62.1331786   66.0516693   61.8667213
  327.6768131  328.4972706   75.1711005   58.0807600   39.8700309    0.0000000    0.0000000   66.0183490   62.8054296   59.7540498   59.8504238   63.7616665   59.5566107
  329.9340537  328.4972706   72.9575793   58.0807600   39.8700309    0.0000000    0.0000000   63.7846377   60.5780146   57.4673383   57.5625644   61.4665577   57.2413902
  332.1964537  328.4972706   70.7389846   58.0807600   39.8700309    0.0000000    0.0000000   61.5458867   58.3456800   55.1755341   55.2696121   59.1663546   54.9210714
  334.4640014  328.4972706   68.5153281   58.0807600   39.8700309    0.0000000    0.0000000   59.3021077   56.1084369   52.8786488   52.9715786   56.8610687   52.5956660
  336.7366851  328.4972706   66.2866213   58.0807600   39.8700309    0.0000000    0.0000000   57.0533119   53.8662966   50.5766940   50.6684752   54.5507118   50.2651857
  339.0144933  328.4972706   64.0528760   58.0807600   39.8700309    0.0000000    0.0000000   54.7995107   51.6192701   48.2696811   48.3603136   52.2352951   47.9296418
  341.2974144  328.4972706   61.8141035   58.0807600   39.8700309    0.0000000    0.0000000   52.5407154   49.3673684   45.9576215   46.0471051   49.9148302   45.5890457
  343.5854370  328.4972706   59.5703152   55.8218242   39.8700309    0.0000000    0.0000000   50.2769371   47.1106025   43.6819883   43.7288609   47.5893282   43.2434089
  345.8785498  328.4972706   57.3215225   53.5578933   39.8700309    0.0000000    0.0000000   48.0081869   44.8489831   41.4014986   41.4055924   45.2588005   40.8927425
  348.1767415  328.4972706   55.0677366   51.2889785   39.8700309    0.0000000    0.0000000   45.7344758   42.5825211   39.1161633   39.0773107   42.9232582   38.5370577
  350.4800008  328.4972706   52.8089687   49.0150908   39.8700309    0.0000000    0.0000000   43.4558149   40.3112271   36.8259932   36.7440268   40.5827124   36.1763656
  352.7883167  328.4972706   50.5452299   46.7362412   39.8700309    0.0000000    0.0000000   41.1722149   38.0351119   34.5309988   34.4057517   38.2371741   33.8106772
  355.1016782  328.4972706   48.2765311   44.4524408   39.8700309    0.0000000    0.0000000   38.8836867   35.7541859   32.2311907   32.0624964   35.8866543   31.4400036
  357.4200741  328.4972706   46.0028834   42.1637005   39.8700309    0.0000000    0.0000000   36.5902411   33.4684596   29.9265794   29.7142718   33.5311637   29.0643555
  359.7434937  328.4972706   43.7242976   39.8700309   39.8700309    0.0000000    0.0000000   34.2918886   31.1779436   27.6171755   27.3610887   31.1707133   26.6837439
  362.0719260  328.4972706   43.7242976   37.5714429   37.5714429    0.0000000    0.0000000   31.9886399   28.8512547   25.3029892   25.0457515   28.8053136   24.2981793
  364.4053604  328.4972706   43.7242976   35.2679472   35.2679472    0.0000000    0.0000000   29.6805055   26.5196758   22.9840309   22.7256421   26.4349755   21.9076726
  366.7437861  328.4972706   43.7242976   32.9595543   32.9595543    0.0000000    0.0000000   27.3674959   24.1832174   20.6603108   20.4007707   24.0597095   19.5122343
  369.0871924  328.4972706   43.7242976   30.6462747   30.6462747    0.0000000    0.0000000   25.0496215   21.8418899   18.3318390   18.0711474   21.6795261   17.1118750
  371.4355689  328.4972706   43.7242976   28.3281191   28.3281191    0.0000000    0.0000000   22.7268925   19.4957037   15.9986258   15.7367825   19.2944357   14.7066050
  373.7889050  328.4972706   43.7242976   26.0050976   26.0050976    0.0000000    0.0000000   20.3993194   17.1446691   13.6606811   13.3976859   16.9044488   12.2964349
  376.1471903  328.4972706   43.7242976   23.6772207   23.6772207    0.0000000    0.0000000   18.0669122   14.7887963   11.3180149   11.0538676   14.5095756    9.8813750
  378.5104144  328.4972706   43.7242976   21.3444987   21.3444987    0.0000000    0.0000000   15.7296810   12.4280953    8.9706372    8.7053375   12.1098265    7.4614355
  380.8785670  328.4972706   43.7242976   19.0069417   19.0069417    0.0000000    0.0000000   13.3876361   10.0625764    6.6185577    6.3521055    9.7052116    5.0366266
  383.2516380  328.4972706   43.7242976   16.6645599   16.6645599    0.0000000    0.0000000   11.0407873    7.6922495    4.2617864    3.9941814    7.2957410    2.6069585
  385.6296170  328.4972706   43.7242976   14.3173633   14.3173633    0.0000000    0.0000000    8.6891447    5.3171246    1.9003329    1.6315750    4.8814249    0.1724413
  388.0124941  328.4972706   43.7242976   11.9653621   11.9653621    0.0000000    0.0000000    6.3327181    2.9372116   -0.4657931   -0.7357042    2.4622732   -2.2669150
  390.4002591  328.4972706   43.7242976    9.6085660    9.6085660    0.0000000    0.0000000    3.9715173    0.5525203   -2.8365820   -3.1076464    0.0382958   -4.7111005
  392.7929021  328.4972706   43.7242976    7.2469850    7.2469850    0.0000000    0.0000000    1.6055521   -1.8369395   -5.2120242   -5.4842422   -2.3904973   -7.1601053
  395.1904131  328.4972706   43.7242976    4.8806290    4.8806290    0.0000000    0.0000000   -0.7651679   -4.2311580   -7.5921103   -7.8654820   -4.8240963   -9.6139194
  397.5927824  328.4972706   43.7242976    2.5095077    2.5095077    0.0000000    0.0000000   -3.1406328   -6.6301256   -9.9768307  -10.2513563   -7.2624915  -12.0725332
  400.0000000  328.4972706   43.7242976    0.1336307    0.1336307    0.0000000    0.0000000   -5.5208333   -9.0338327  -12.3661761  -12.6418559   -9.7056732  -14.5359370
