   0.0000000  40.3972322 213.8093744 336.7366851 355.1016782 400.0000000 400.0000000
   0.1018031  40.3972322 213.8093744 336.7366851 355.1016782 400.0000000 400.0000000
   0.2879426  40.3972322 213.8093744 336.7366851 355.1016782 400.0000000 400.0000000
   0.5289844  40.3972322 213.8093744 336.7366851 355.1016782 400.0000000 400.0000000
   0.8144247  40.3972322 213.8093744 336.7366851 355.1016782 400.0000000 400.0000000
   1.1381932  40.3972322 213.8093744 336.7366851 355.1016782 400.0000000 400.0000000
   1.4961938  40.3972322 213.8093744 336.7366851 355.1016782 400.0000000 400.0000000
   1.8854197  40.3972322 213.8093744 336.7366851 355.1016782 400.0000000 400.0000000
   2.3035410  40.3972322 213.8093744 336.7366851 355.1016782 400.0000000 400.0000000
   2.7486835  40.3972322 213.8093744 336.7366851 355.1016782 400.0000000 400.0000000
   3.2192965  40.3972322 213.8093744 336.7366851 355.1016782 400.0000000 400.0000000
   3.7140693  40.3972322 213.8093744 336.7366851 355.1016782 400.0000000 400.0000000
   4.2318751  40.3972322 213.8093744 336.7366851 355.1016782 400.0000000 400.0000000
   4.7717315  40.3972322 213.8093744 336.7366851 355.1016782 400.0000000 400.0000000
   5.3327721  40.3972322 213.8093744 336.7366851 355.1016782 400.0000000 400.0000000
   5.9142252  40.3972322 213.8093744 336.7366851 355.1016782 400.0000000 400.0000000
   6.5153979  40.3972322 213.8093744 336.7366851 355.1016782 400.0000000 400.0000000
   7.1356634  40.3972322 213.8093744 336.7366851 355.1016782 400.0000000 400.0000000
   7.7744510  40.3972322 213.8093744 336.7366851 355.1016782 400.0000000 400.0000000
   8.4312385  40.3972322 213.8093744 336.7366851 355.1016782 400.0000000 400.0000000
   9.1055454  40.3972322 213.8093744 336.7366851 355.1016782 400.0000000 400.0000000
   9.7969279  40.3972322 213.8093744 336.7366851 355.1016782 400.0000000 400.0000000
  10.5049742  40.3972322 213.8093744 336.7366851 355.1016782 400.0000000 400.0000000
  11.2293010  40.3972322 213.8093744 336.7366851 355.1016782 400.0000000 400.0000000
  11.9695503  40.3972322 213.8093744 336.7366851 355.1016782 400.0000000 400.0000000
  12.7253866  40.3972322 213.8093744 336.7366851 355.1016782 400.0000000 400.0000000
  13.4831040  40.3972322 213.8093744 336.7366851 355.1016782 400.0000000 400.0000000
  14.2825784  40.3972322 213.8093744 336.7366851 355.1016782 400.0000000 400.0000000
  15.0833573  40.3972322 213.8093744 336.7366851 355.1016782 400.0000000 400.0000000
  15.8985665  40.3972322 213.8093744 336.7366851 355.1016782 400.0000000 400.0000000
  16.7279550  40.3972322 213.8093744 336.7366851 355.1016782 400.0000000 400.0000000
  17.5712845  40.3972322 213.8093744 336.7366851 355.1016782 400.0000000 400.0000000
  18.4283282  40.3972322 213.8093744 336.7366851 355.1016782 400.0000000 400.0000000
  19.2988700  40.3972322 213.8093744 336.7366851 355.1016782 400.0000000 400.0000000
  20.1827038  40.3972322 213.8093744 336.7366851 355.1016782 400.0000000 400.0000000
  21.0796326  40.3972322 213.8093744 336.7366851 355.1016782 400.0000000 400.0000000
  21.9894680  40.3972322 213.8093744 336.7366851 355.1016782 400.0000000 400.0000000
  22.9120293  40.3972322 213.8093744 336.7366851 355.1016782 400.0000000 400.0000000
  23.8471435  40.3972322 213.8093744 336.7366851 355.1016782 400.0000000 400.0000000
  24.7946442  40.3972322 213.8093744 336.7366851 355.1016782 400.0000000 400.0000000
  25.7543716  40.3972322 213.8093744 336.7366851 355.1016782 400.0000000 400.0000000
  26.7261718  40.3972322 213.8093744 336.7366851 355.1016782 400.0000000 400.0000000
  27.7098967  40.3972322 213.8093744 336.7366851 355.1016782 400.0000000 400.0000000
  28.7054034  40.3972322 213.8093744 336.7366851 355.1016782 400.0000000 400.0000000
  29.7125541  40.3972322 213.8093744 336.7366851 355.1016782 400.0000000 400.0000000
  30.7312157  40.3972322 213.8093744 336.7366851 355.1016782 400.0000000 400.0000000
  31.7612597  40.3972322 213.8093744 336.7366851 355.1016782 400.0000000 400.0000000
  32.8025614  40.3972322 213.8093744 336.7366851 355.1016782 400.0000000 400.0000000
  33.8550007  40.3972322 213.8093744 336.7366851 355.1016782 400.0000000 400.0000000
  34.9184607  40.3972322 213.8093744 336.7366851 355.1016782 400.0000000 400.0000000
  35.9928285  40.3972322 213.8093744 336.7366851 355.1016782 400.0000000 400.0000000
  37.0779944  40.3972322 213.8093744 336.7366851 355.1016782 400.0000000 400.0000000
  38.1738521  40.3972322 213.8093744 336.7366851 355.1016782 400.0000000 400.0000000
  39.2802981  40.3972322 213.8093744 336.7366851 355.1016782 400.0000000 400.0000000
  40.3972322  40.3972322 213.8093744 336.7366851 355.1016782 400.0000000 400.0000000
  41.5245567  41.5245567 213.8093744 336.7366851 355.1016782 400.0000000 400.0000000
  42.6621768  42.6621768 213.8093744 336.7366851 355.1016782 400.0000000 400.0000000
  43.8100001  43.8100001 213.8093744 336.7366851 355.1016782 400.0000000 400.0000000
  44.9679367  44.9679367 213.8093744 336.7366851 355.1016782 400.0000000 400.0000000
  46.1358991  46.1358991 213.8093744 336.7366851 355.1016782 400.0000000 400.0000000
  47.3138018  47.3138018 213.8093744 336.7366851 355.1016782 400.0000000 400.0000000
  48.5015618  47.3138018 213.8093744 336.7366851 355.1016782 400.0000000 400.0000000
  49.6990978  48.5015618 213.8093744 336.7366851 355.1016782 400.0000000 400.0000000
  50.9063307  49.6990978 213.8093744 336.7366851 355.1016782 400.0000000 400.0000000
  52.1231833  50.9063307 213.8093744 336.7366851 355.1016782 400.0000000 400.0000000
  53.3495801  52.1231833 213.8093744 336.7366851 355.1016782 400.0000000 400.0000000
  54.5854474  53.3495801 213.8093744 336.7366851 355.1016782 400.0000000 400.0000000
  55.8307131  54.5854474 213.8093744 336.7366851 355.1016782 400.0000000 400.0000000
  57.0853068  55.8307131 213.8093744 336.7366851 355.1016782 400.0000000 400.0000000
  58.3491598  57.0853068 213.8093744 336.7366851 355.1016782 400.0000000 400.0000000
  59.6222046  58.3491598 213.8093744 336.7366851 355.1016782 400.0000000 400.0000000
  60.9043754  59.6222046 213.8093744 336.7366851 355.1016782 400.0000000 400.0000000
  62.1956077  60.9043754 213.8093744 336.7366851 355.1016782 400.0000000 400.0000000
  63.4958382  62.1956077 213.8093744 336.7366851 355.1016782 400.0000000 400.0000000
  64.8050053  63.4958382 213.8093744 336.7366851 355.1016782 400.0000000 400.0000000
  66.1230482  64.8050053 213.8093744 336.7366851 355.1016782 400.0000000 400.0000000
  67.4499076  66.1230482 213.8093744 336.7366851 355.1016782 400.0000000 400.0000000
  68.7855253  66.1230482 213.8093744 336.7366851 355.1016782 400.0000000 400.0000000
  70.1298443  66.1230482 213.8093744 336.7366851 355.1016782 400.0000000 400.0000000
  71.4828086  66.1230482 213.8093744 336.7366851 355.1016782 400.0000000 400.0000000
  72.8443632  66.1230482 213.8093744 336.7366851 355.1016782 400.0000000 400.0000000
  74.2144544  66.1230482 213.8093744 336.7366851 355.1016782 400.0000000 400.0000000
  75.5930293  66.1230482 213.8093744 336.7366851 355.1016782 400.0000000 400.0000000
  76.9800359  66.1230482 213.8093744 336.7366851 355.1016782 400.0000000 400.0000000
  78.3754234  66.1230482 213.8093744 336.7366851 355.1016782 400.0000000 400.0000000
  79.7791416  66.1230482 213.8093744 336.7366851 355.1016782 400.0000000 400.0000000
  81.1911415  66.1230482 213.8093744 336.7366851 355.1016782 400.0000000 400.0000000
  82.6113748  66.1230482 213.8093744 336.7366851 355.1016782 400.0000000 400.0000000
  84.0397939  66.1230482 213.8093744 336.7366851 355.1016782 400.0000000 400.0000000
  85.4763524  66.1230482 213.8093744 336.7366851 355.1016782 400.0000000 400.0000000
  86.9210042  66.1230482 213.8093744 336.7366851 355.1016782 400.0000000 400.0000000
  88.3737043  66.1230482 213.8093744 336.7366851 355.1016782 400.0000000 400.0000000
  89.8344083  66.1230482 213.8093744 336.7366851 355.1016782 400.0000000 400.0000000
  91.3030727  66.1230482 213.8093744 336.7366851 355.1016782 400.0000000 400.0000000
  92.7796545  66.1230482 213.8093744 336.7366851 355.1016782 400.0000000 400.0000000
  94.2641116  66.1230482 213.8093744 336.7366851 355.1016782 400.0000000 400.0000000
  95.7564022  66.1230482 213.8093744 336.7366851 355.1016782 400.0000000 400.0000000
  97.2564856  66.1230482 213.8093744 336.7366851 355.1016782 400.0000000 400.0000000
  98.7643214  66.1230482 213.8093744 336.7366851 355.1016782 400.0000000 400.0000000
 100.2798701  66.1230482 213.8093744 336.7366851 355.1016782 400.0000000 400.0000000
 101.8030925  66.1230482 213.8093744 336.7366851 355.1016782 400.0000000 400.0000000
 103.3339501  66.1230482 213.8093744 336.7366851 355.1016782 400.0000000 400.0000000
 104.8724052  66.1230482 213.8093744 336.7366851 355.1016782 400.0000000 400.0000000
 106.4184203  66.1230482 213.8093744 336.7366851 355.1016782 400.0000000 400.0000000
 107.9719586  66.1230482 213.8093744 336.7366851 355.1016782 400.0000000 400.0000000
 109.5329840  66.1230482 213.8093744 336.7366851 355.1016782 400.0000000 400.0000000
 111.1014606  66.1230482 213.8093744 336.7366851 355.1016782 400.0000000 400.0000000
 112.6773533  66.1230482 213.8093744 336.7366851 355.1016782 400.0000000 400.0000000
 114.2606273  66.1230482 213.8093744 336.7366851 355.1016782 400.0000000 400.0000000
 115.8512483  66.1230482 213.8093744 336.7366851 355.1016782 400.0000000 400.0000000
 117.4491826  66.1230482 213.8093744 336.7366851 355.1016782 400.0000000 400.0000000
 119.0543968  66.1230482 213.8093744 336.7366851 355.1016782 400.0000000 400.0000000
 120.6668581  66.1230482 213.8093744 336.7366851 355.1016782 400.0000000 400.0000000
 122.2865340  66.1230482 213.8093744 336.7366851 355.1016782 400.0000000 400.0000000
 123.9133926  66.1230482 213.8093744 336.7366851 355.1016782 400.0000000 400.0000000
 125.5474023  66.1230482 213.8093744 336.7366851 355.1016782 400.0000000 400.0000000
 127.1885319  66.1230482 213.8093744 336.7366851 355.1016782 400.0000000 400.0000000
 128.8367507  66.1230482 213.8093744 336.7366851 355.1016782 400.0000000 400.0000000
 130.4920283  66.1230482 213.8093744 336.7366851 355.1016782 400.0000000 400.0000000
 132.1543347  66.1230482 213.8093744 336.7366851 355.1016782 400.0000000 400.0000000
 133.8236404  66.1230482 213.8093744 336.7366851 355.1016782 400.0000000 400.0000000
 135.4999161  66.1230482 213.8093744 336.7366851 355.1016782 400.0000000 400.0000000
 137.1831329  66.1230482 213.8093744 336.7366851 355.1016782 400.0000000 400.0000000
 138.8732623  66.1230482 213.8093744 336.7366851 355.1016782 400.0000000 400.0000000
 140.5702763  66.1230482 213.8093744 336.7366851 355.1016782 400.0000000 400.0000000
 142.2741469  66.1230482 213.8093744 336.7366851 355.1016782 400.0000000 400.0000000
 143.9848467  66.1230482 213.8093744 336.7366851 355.1016782 400.0000000 400.0000000
 145.7023485  66.1230482 213.8093744 336.7366851 355.1016782 400.0000000 400.0000000
 147.4266256  66.1230482 213.8093744 336.7366851 355.1016782 400.0000000 400.0000000
 149.1576513  66.1230482 213.8093744 336.7366851 355.1016782 400.0000000 400.0000000
 150.8953995  66.1230482 213.8093744 336.7366851 355.1016782 400.0000000 400.0000000
 152.6398442  66.1230482 213.8093744 336.7366851 355.1016782 400.0000000 400.0000000
 154.3909599  66.1230482 213.8093744 336.7366851 355.1016782 400.0000000 400.0000000
 156.1487213  66.1230482 213.8093744 336.7366851 355.1016782 400.0000000 400.0000000
 157.9131033  66.1230482 213.8093744 336.7366851 355.1016782 400.0000000 400.0000000
 159.6840811  66.1230482 213.8093744 336.7366851 355.1016782 400.0000000 400.0000000
 161.4616303  66.1230482 213.8093744 336.7366851 355.1016782 400.0000000 400.0000000
 163.2457267  66.1230482 213.8093744 336.7366851 355.1016782 400.0000000 400.0000000
 165.0363463  66.1230482 213.8093744 336.7366851 355.1016782 400.0000000 400.0000000
 166.8334655  66.1230482 213.8093744 336.7366851 355.1016782 400.0000000 400.0000000
 168.6370608  66.1230482 213.8093744 336.7366851 355.1016782 400.0000000 400.0000000
 170.4471091  66.1230482 213.8093744 336.7366851 355.1016782 400.0000000 400.0000000
 172.2635874  66.1230482 213.8093744 336.7366851 355.1016782 400.0000000 400.0000000
 174.0864731  66.1230482 213.8093744 336.7366851 355.1016782 400.0000000 400.0000000
 175.9157438  66.1230482 213.8093744 336.7366851 355.1016782 400.0000000 400.0000000
 177.7513771  66.1230482 213.8093744 336.7366851 355.1016782 400.0000000 400.0000000
 179.5933512  66.1230482 213.8093744 336.7366851 355.1016782 400.0000000 400.0000000
 181.4416442  66.1230482 213.8093744 336.7366851 355.1016782 400.0000000 400.0000000
 183.2962347  66.1230482 213.8093744 336.7366851 355.1016782 400.0000000 400.0000000
 185.1571014  66.1230482 213.8093744 336.7366851 355.1016782 400.0000000 400.0000000
 187.0242231  66.1230482 213.8093744 336.7366851 355.1016782 400.0000000 400.0000000
 188.8975789  66.1230482 213.8093744 336.7366851 355.1016782 400.0000000 400.0000000
 190.7771482  66.1230482 213.8093744 336.7366851 355.1016782 400.0000000 400.0000000
 192.6629106  66.1230482 213.8093744 336.7366851 355.1016782 400.0000000 400.0000000
 194.5548456  66.1230482 213.8093744 336.7366851 355.1016782 400.0000000 400.0000000
 196.4529334  66.1230482 213.8093744 336.7366851 355.1016782 400.0000000 400.0000000
 198.3571539  66.1230482 213.8093744 336.7366851 355.1016782 400.0000000 400.0000000
 200.2674875  66.1230482 213.8093744 336.7366851 355.1016782 400.0000000 400.0000000
 202.1839147  66.1230482 213.8093744 336.7366851 355.1016782 400.0000000 400.0000000
 204.1064162  66.1230482 213.8093744 336.7366851 355.1016782 400.0000000 400.0000000
 206.0349728  66.1230482 213.8093744 336.7366851 355.1016782 400.0000000 400.0000000
 207.9695656  66.1230482 213.8093744 336.7366851 355.1016782 400.0000000 400.0000000
 209.9101759  66.1230482 213.8093744 336.7366851 355.1016782 400.0000000 400.0000000
 211.8567849  66.1230482 213.8093744 336.7366851 355.1016782 400.0000000 400.0000000
 213.8093744  66.1230482 213.8093744 336.7366851 355.1016782 400.0000000 400.0000000
 215.7679260  66.1230482 213.8093744 336.7366851 355.1016782 400.0000000 400.0000000
 217.7324216  66.1230482 215.7679260 336.7366851 355.1016782 400.0000000 400.0000000
 219.7028433  66.1230482 217.7324216 336.7366851 355.1016782 400.0000000 400.0000000
 221.6791733  66.1230482 219.7028433 336.7366851 355.1016782 400.0000000 400.0000000
 223.6613941  66.1230482 221.6791733 336.7366851 355.1016782 400.0000000 400.0000000
 225.6494882  66.1230482 223.6613941 336.7366851 355.1016782 400.0000000 400.0000000
 227.6434382  66.1230482 225.6494882 336.7366851 355.1016782 400.0000000 400.0000000
 229.6432270  66.1230482 227.6434382 336.7366851 355.1016782 400.0000000 400.0000000
 231.6488377  66.1230482 229.6432270 336.7366851 355.1016782 400.0000000 400.0000000
 233.6602533  66.1230482 231.6488377 336.7366851 355.1016782 400.0000000 400.0000000
 235.6774572  66.1230482 233.6602533 336.7366851 355.1016782 400.0000000 400.0000000
 237.7004328  66.1230482 233.6602533 336.7366851 355.1016782 400.0000000 400.0000000
 239.7291636  66.1230482 235.6774572 336.7366851 355.1016782 400.0000000 400.0000000
 241.7636335  66.1230482 237.7004328 336.7366851 355.1016782 400.0000000 400.0000000
 243.8038263  66.1230482 239.7291636 336.7366851 355.1016782 400.0000000 400.0000000
 245.8497258  66.1230482 241.7636335 336.7366851 355.1016782 400.0000000 400.0000000
 247.9013164  66.1230482 243.8038263 336.7366851 355.1016782 400.0000000 400.0000000
 249.9585822  66.1230482 245.8497258 336.7366851 355.1016782 400.0000000 400.0000000
 252.0215076  66.1230482 247.9013164 336.7366851 355.1016782 400.0000000 400.0000000
 254.0900772  66.1230482 249.9585822 336.7366851 355.1016782 400.0000000 400.0000000
 256.1642755  66.1230482 252.0215076 336.7366851 355.1016782 400.0000000 400.0000000
 258.2440874  66.1230482 254.0900772 336.7366851 355.1016782 400.0000000 400.0000000
 260.3294977  66.1230482 256.1642755 336.7366851 355.1016782 400.0000000 400.0000000
 262.4204915  66.1230482 258.2440874 336.7366851 355.1016782 400.0000000 400.0000000
 264.5170538  66.1230482 260.3294977 336.7366851 355.1016782 400.0000000 400.0000000
 266.6191700  66.1230482 262.4204915 336.7366851 355.1016782 400.0000000 400.0000000
 268.7268254  66.1230482 264.5170538 336.7366851 355.1016782 400.0000000 400.0000000
 270.8400054  66.1230482 266.6191700 336.7366851 355.1016782 400.0000000 400.0000000
 272.9586957  66.1230482 268.7268254 336.7366851 355.1016782 400.0000000 400.0000000
 275.0828819  66.1230482 270.8400054 336.7366851 355.1016782 400.0000000 400.0000000
 277.2125499  66.1230482 272.9586957 336.7366851 355.1016782 400.0000000 400.0000000
 279.3476857  66.1230482 275.0828819 336.7366851 355.1016782 400.0000000 400.0000000
 281.4882752  66.1230482 277.2125499 336.7366851 355.1016782 400.0000000 400.0000000
 283.6343046  66.1230482 279.3476857 336.7366851 355.1016782 400.0000000 400.0000000
 285.7857601  66.1230482 281.4882752 336.7366851 355.1016782 400.0000000 400.0000000
 287.9426281  66.1230482 283.6343046 336.7366851 355.1016782 400.0000000 400.0000000
 290.1048950  66.1230482 285.7857601 336.7366851 355.1016782 400.0000000 400.0000000
 292.2725474  66.1230482 287.9426281 336.7366851 355.1016782 400.0000000 400.0000000
 294.4455720  66.1230482 290.1048950 336.7366851 355.1016782 400.0000000 400.0000000
 296.6239554  66.1230482 292.2725474 336.7366851 355.1016782 400.0000000 400.0000000
 298.8076846  66.1230482 294.4455720 336.7366851 355.1016782 400.0000000 400.0000000
 300.9967465  66.1230482 296.6239554 336.7366851 355.1016782 400.0000000 400.0000000
 303.1911281  66.1230482 298.8076846 336.7366851 355.1016782 400.0000000 400.0000000
 305.3908165  66.1230482 300.9967465 336.7366851 355.1016782 400.0000000 400.0000000
 307.5957991  66.1230482 303.1911281 336.7366851 355.1016782 400.0000000 400.0000000
 309.8060630  66.1230482 305.3908165 336.7366851 355.1016782 400.0000000 400.0000000
 312.0215958  66.1230482 307.5957991 336.7366851 355.1016782 400.0000000 400.0000000
 314.2423849  66.1230482 309.8060630 336.7366851 355.1016782 400.0000000 400.0000000
 316.4684178  66.1230482 312.0215958 336.7366851 355.1016782 400.0000000 400.0000000
 318.6996824  66.1230482 314.2423849 336.7366851 355.1016782 400.0000000 400.0000000
 320.9361663  66.1230482 314.2423849 336.7366851 355.1016782 400.0000000 400.0000000
 323.1778575  66.1230482 316.4684178 336.7366851 355.1016782 400.0000000 400.0000000
 325.4247437  66.1230482 318.6996824 336.7366851 355.1016782 400.0000000 400.0000000
 327.6768131  66.1230482 320.9361663 336.7366851 355.1016782 400.0000000 400.0000000
 329.9340537  66.1230482 323.1778575 336.7366851 355.1016782 400.0000000 400.0000000
 332.1964537  66.1230482 325.4247437 336.7366851 355.1016782 400.0000000 400.0000000
 334.4640014  66.1230482 327.6768131 336.7366851 355.1016782 400.0000000 400.0000000
 336.7366851  66.1230482 329.9340537 336.7366851 355.1016782 400.0000000 400.0000000
 339.0144933  66.1230482 332.1964537 336.7366851 355.1016782 400.0000000 400.0000000
 341.2974144  66.1230482 334.4640014 336.7366851 355.1016782 400.0000000 400.0000000
 343.5854370  66.1230482 336.7366851 339.0144933 355.1016782 400.0000000 400.0000000
 345.8785498  66.1230482 339.0144933 341.2974144 355.1016782 400.0000000 400.0000000
 348.1767415  66.1230482 341.2974144 343.5854370 355.1016782 400.0000000 400.0000000
 350.4800008  66.1230482 343.5854370 345.8785498 355.1016782 400.0000000 400.0000000
 352.7883167  66.1230482 345.8785498 348.1767415 355.1016782 400.0000000 400.0000000
 355.1016782  66.1230482 348.1767415 350.4800008 355.1016782 400.0000000 400.0000000
 357.4200741  66.1230482 350.4800008 352.7883167 355.1016782 400.0000000 400.0000000
 359.7434937  66.1230482 352.7883167 355.1016782 355.1016782 400.0000000 400.0000000
 362.0719260  66.1230482 352.7883167 357.4200741 357.4200741 400.0000000 400.0000000
 364.4053604  66.1230482 352.7883167 359.7434937 359.7434937 400.0000000 400.0000000
 366.7437861  66.1230482 352.7883167 362.0719260 362.0719260 400.0000000 400.0000000
 369.0871924  66.1230482 352.7883167 364.4053604 364.4053604 400.0000000 400.0000000
 371.4355689  66.1230482 352.7883167 366.7437861 366.7437861 400.0000000 400.0000000
 373.7889050  66.1230482 352.7883167 369.0871924 369.0871924 400.0000000 400.0000000
 376.1471903  66.1230482 352.7883167 371.4355689 371.4355689 400.0000000 400.0000000
 378.5104144  66.1230482 352.7883167 373.7889050 373.7889050 400.0000000 400.0000000
 380.8785670  66.1230482 352.7883167 376.1471903 376.1471903 400.0000000 400.0000000
 383.2516380  66.1230482 352.7883167 378.5104144 378.5104144 400.0000000 400.0000000
 385.6296170  66.1230482 352.7883167 380.8785670 380.8785670 400.0000000 400.0000000
 388.0124941  66.1230482 352.7883167 383.2516380 383.2516380 400.0000000 400.0000000
 390.4002591  66.1230482 352.7883167 385.6296170 385.6296170 400.0000000 400.0000000
 392.7929021  66.1230482 352.7883167 388.0124941 388.0124941 400.0000000 400.0000000
 395.1904131  66.1230482 352.7883167 390.4002591 390.4002591 400.0000000 400.0000000
 397.5927824  66.1230482 352.7883167 392.7929021 392.7929021 400.0000000 400.0000000
 400.0000000  66.1230482 352.7883167 395.1904131 395.1904131 400.0000000 400.0000000
