 t r r1 w w1
   1.0000000   0.0101010   0.0101010   1.2920997   1.2920997
   2.0000000   0.0101010   0.0101010   1.2795565   1.2785055
   3.0000000   0.0090336   0.0119989   1.2791527   1.2789860
   4.0000000   0.0093335   0.0116876   1.2789583   1.2791481
   5.0000000   0.0094975   0.0111905   1.2790934   1.2796964
   6.0000000   0.0096231   0.0102235   1.2794265   1.2803112
   7.0000000   0.0097431   0.0100343   1.2797557   1.2807141
   8.0000000   0.0098508   0.0098164   1.2802501   1.2812211
   9.0000000   0.0099328   0.0100549   1.2807063   1.2817441
  10.0000000   0.0100041   0.0100612   1.2811793   1.2821169
  11.0000000   0.0100517   0.0101309   1.2817010   1.2823652
  12.0000000   0.0100878   0.0093991   1.2821735   1.2831792
  13.0000000   0.0101047   0.0094437   1.2826411   1.2836334
  14.0000000   0.0101251   0.0098565   1.2830978   1.2840570
  15.0000000   0.0101425   0.0098099   1.2835575   1.2844481
  16.0000000   0.0101519   0.0101574   1.2839970   1.2849000
  17.0000000   0.0101578   0.0101557   1.2844295   1.2853346
  18.0000000   0.0101685   0.0102903   1.2848634   1.2857958
  19.0000000   0.0101692   0.0104837   1.2852847   1.2862883
  20.0000000   0.0101750   0.0105388   1.2857038   1.2867719
  21.0000000   0.0101785   0.0102425   1.2861181   1.2872349
  22.0000000   0.0101760   0.0104950   1.2865302   1.2876913
  23.0000000   0.0101796   0.0104039   1.2869361   1.2881479
  24.0000000   0.0101814   0.0107823   1.2873360   1.2880764
  25.0000000   0.0101838   0.0098971   1.2876951   1.2883378
  26.0000000   0.0101851   0.0103234   1.2880364   1.2886696
  27.0000000   0.0101859   0.0105757   1.2883765   1.2889931
  28.0000000   0.0101850   0.0106885   1.2887143   1.2892410
  29.0000000   0.0101846   0.0106533   1.2890413   1.2895691
  30.0000000   0.0101849   0.0109081   1.2893484   1.2899186
  31.0000000   0.0101862   0.0107178   1.2896501   1.2902552
  32.0000000   0.0101858   0.0113528   1.2899361   1.2904745
  33.0000000   0.0101890   0.0109871   1.2902008   1.2907364
  34.0000000   0.0101894   0.0106843   1.2904496   1.2909798
  35.0000000   0.0101839   0.0101845   1.2906835   1.2909866
  36.0000000   0.0101812   0.0104540   1.2908827   1.2911193
  37.0000000   0.0101780   0.0105486   1.2910721   1.2912543
  38.0000000   0.0101772   0.0105924   1.2912575   1.2914044
  39.0000000   0.0101765   0.0107087   1.2914377   1.2915546
  40.0000000   0.0101759   0.0106358   1.2916127   1.2916905
  41.0000000   0.0101741   0.0104984   1.2917792   1.2917908
  42.0000000   0.0101717   0.0105112   1.2919361   1.2918792
  43.0000000   0.0101683   0.0103713   1.2920759   1.2919486
  44.0000000   0.0101677   0.0105940   1.2922028   1.2920070
  45.0000000   0.0101657   0.0105416   1.2923157   1.2920420
  46.0000000   0.0101657   0.0105246   1.2924168   1.2920531
  47.0000000   0.0101640   0.0104913   1.2925038   1.2920413
  48.0000000   0.0101601   0.0105349   1.2925773   1.2920068
  49.0000000   0.0101583   0.0102208   1.2926317   1.2919592
  50.0000000   0.0101526   0.0102469   1.2926803   1.2918958
  51.0000000   0.0101487   0.0099704   1.2927205   1.2918244
  52.0000000   0.0101446   0.0100598   1.2927517   1.2917562
  53.0000000   0.0101406   0.0100121   1.2927750   1.2916883
  54.0000000   0.0101377   0.0100115   1.2927923   1.2916219
  55.0000000   0.0101336   0.0100918   1.2928022   1.2915572
  56.0000000   0.0101314   0.0099619   1.2928072   1.2914913
  57.0000000   0.0101279   0.0099154   1.2928052   1.2914290
  58.0000000   0.0101257   0.0099616   1.2927996   1.2913724
  59.0000000   0.0101228   0.0099880   1.2927859   1.2913192
  60.0000000   0.0101199   0.0099512   1.2927693   1.2912687
  61.0000000   0.0101164   0.0099277   1.2927479   1.2912209
  62.0000000   0.0101141   0.0099277   1.2927243   1.2911778
  63.0000000   0.0101122   0.0100162   1.2926980   1.2911413
  64.0000000   0.0101102   0.0101227   1.2926700   1.2911065
  65.0000000   0.0101089   0.0100309   1.2926398   1.2910709
  66.0000000   0.0101070   0.0100975   1.2926086   1.2910359
  67.0000000   0.0101061   0.0097780   1.2925770   1.2909999
  68.0000000   0.0101039   0.0099656   1.2925436   1.2909800
  69.0000000   0.0101021   0.0099635   1.2925090   1.2909639
  70.0000000   0.0101007   0.0100827   1.2924751   1.2909517
  71.0000000   0.0101001   0.0099796   1.2924419   1.2910866
  72.0000000   0.0100990   0.0102180   1.2924128   1.2911374
  73.0000000   0.0100978   0.0101780   1.2923849   1.2911711
  74.0000000   0.0100978   0.0100875   1.2923557   1.2911916
  75.0000000   0.0100975   0.0101201   1.2923290   1.2912065
  76.0000000   0.0100971   0.0101304   1.2923043   1.2912147
  77.0000000   0.0100969   0.0100674   1.2922812   1.2912190
  78.0000000   0.0100972   0.0101464   1.2922612   1.2912202
  79.0000000   0.0100962   0.0099659   1.2922422   1.2913333
  80.0000000   0.0100964   0.0103406   1.2922234   1.2913834
  81.0000000   0.0100965   0.0100155   1.2922083   1.2914114
  82.0000000   0.0100960   0.0099521   1.2921917   1.2914358
  83.0000000   0.0100953   0.0097289   1.2921770   1.2914617
  84.0000000   0.0100948   0.0098299   1.2921629   1.2915049
  85.0000000   0.0100938   0.0102358   1.2921484   1.2915840
  86.0000000   0.0100947   0.0101642   1.2921394   1.2916492
  87.0000000   0.0100954   0.0102909   1.2921320   1.2917152
  88.0000000   0.0100950   0.0101447   1.2921248   1.2917774
  89.0000000   0.0100952   0.0101015   1.2921196   1.2918443
  90.0000000   0.0100945   0.0100889   1.2921172   1.2919189
  91.0000000   0.0100945   0.0099988   1.2921152   1.2920079
  92.0000000   0.0100959   0.0100238   1.2921156   1.2921110
  93.0000000   0.0100959   0.0102354   1.2921191   1.2921039
  94.0000000   0.0100957   0.0101974   1.2921190   1.2921685
  95.0000000   0.0100955   0.0105520   1.2921224   1.2922387
  96.0000000   0.0100977   0.0103810   1.2921260   1.2922999
  97.0000000   0.0100980   0.0105092   1.2921285   1.2923578
  98.0000000   0.0101003   0.0103273   1.2921367   1.2923997
  99.0000000   0.0101009   0.0106585   1.2921449   1.2924369
 100.0000000   0.0101030   0.0102721   1.2921513   1.2924546
 101.0000000   0.0101040   0.0101305   1.2921640   1.2924631
 102.0000000   0.0101038   0.0100312   1.2921748   1.2924734
 103.0000000   0.0101021   0.0103230   1.2921845   1.2924896
 104.0000000   0.0101019   0.0099586   1.2921918   1.2924801
 105.0000000   0.0101007   0.0101253   1.2921931   1.2924848
 106.0000000   0.0101006   0.0101430   1.2921984   1.2924827
 107.0000000   0.0101002   0.0102648   1.2922022   1.2924757
 108.0000000   0.0101011   0.0101844   1.2922068   1.2924554
 109.0000000   0.0101022   0.0102539   1.2922107   1.2924249
 110.0000000   0.0101025   0.0102620   1.2922139   1.2923779
 111.0000000   0.0101021   0.0102187   1.2922141   1.2923161
 112.0000000   0.0101027   0.0101160   1.2922146   1.2922422
 113.0000000   0.0101020   0.0099485   1.2922144   1.2921672
 114.0000000   0.0101011   0.0098907   1.2922423   1.2921880
 115.0000000   0.0101019   0.0098557   1.2922661   1.2921507
 116.0000000   0.0100988   0.0098820   1.2922747   1.2921223
 117.0000000   0.0100978   0.0100035   1.2922787   1.2920977
 118.0000000   0.0100980   0.0099773   1.2922790   1.2920735
 119.0000000   0.0100959   0.0097747   1.2922761   1.2920510
 120.0000000   0.0101010   0.0101010   1.2920997   1.2920997
