   1.27955649802440     
   1.27915268327417     
   1.27895827216727     
   1.27909344219794     
   1.27942651145839     
   1.27975574913851     
   1.28025006489389     
   1.28070632839342     
   1.28117933605219     
   1.28170096624824     
   1.28217352328337     
   1.28264110572151     
   1.28309777799054     
   1.28355754559353     
   1.28399698557449     
   1.28442953936231     
   1.28486335106441     
   1.28528468470562     
   1.28570376280778     
   1.28611809746089     
   1.28653021226981     
   1.28693613632090     
   1.28733604059658     
   1.28769514080091     
   1.28803641581387     
   1.28837648115317     
   1.28871430097366     
   1.28904127320278     
   1.28934844733718     
   1.28965005658695     
   1.28993614026962     
   1.29020076939772     
   1.29044963134558     
   1.29068345370843     
   1.29088266845040     
   1.29107205749883     
   1.29125745973502     
   1.29143765273471     
   1.29161272936152     
   1.29177921509617     
   1.29193612377382     
   1.29207586290777     
   1.29220283982730     
   1.29231572152031     
   1.29241682114394     
   1.29250382592228     
   1.29257729897160     
   1.29263174991005     
   1.29268032029246     
   1.29272053498311     
   1.29275174393208     
   1.29277497334411     
   1.29279232247550     
   1.29280220476655     
   1.29280715660390     
   1.29280520923762     
   1.29279957506449     
   1.29278587701073     
   1.29276932367812     
   1.29274789544174     
   1.29272431239580     
   1.29269798641714     
   1.29266996368096     
   1.29263975657315     
   1.29260855237922     
   1.29257698430326     
   1.29254357522365     
   1.29250901558351     
   1.29247512408272     
   1.29244190404222     
   1.29241275653725     
   1.29238494248723     
   1.29235572897790     
   1.29232901572041     
   1.29230434539831     
   1.29228117591009     
   1.29226124414368     
   1.29224223597837     
   1.29222342028770     
   1.29220826912321     
   1.29219165116942     
   1.29217699003920     
   1.29216289639113     
   1.29214837350226     
   1.29213942178166     
   1.29213200436988     
   1.29212480125373     
   1.29211957780329     
   1.29211716741917     
   1.29211524265934     
   1.29211563747304     
   1.29211907473561     
   1.29211903780259     
   1.29212237047833     
   1.29212604082568     
   1.29212849362570     
   1.29213673916261     
   1.29214490570696     
   1.29215125067978     
   1.29216395335001     
   1.29217484739075     
   1.29218451454626     
   1.29219181945550     
   1.29219305877393     
   1.29219843625401     
   1.29220219409180     
   1.29220675985674     
   1.29221065391700     
   1.29221385416699     
   1.29221410373001     
   1.29221457443590     
   1.29221438272612     
   1.29224226455635     
   1.29226609942095     
   1.29227468218287     
   1.29227874921735     
   1.29227901122957     
   1.29227613063207     
