  9.033619001694805E-003
  9.333523463525751E-003
  9.497537038177311E-003
  9.623101596631376E-003
  9.743132932163924E-003
  9.850841975611447E-003
  9.932752134379892E-003
  1.000411881448550E-002
  1.005173609474784E-002
  1.008778698248159E-002
  1.010474884898289E-002
  1.012514194978826E-002
  1.014245903356887E-002
  1.015193799813677E-002
  1.015777790553191E-002
  1.016848243084951E-002
  1.016916766000997E-002
  1.017501808750245E-002
  1.017847714470629E-002
  1.017598522610283E-002
  1.017957675670035E-002
  1.018135147797548E-002
  1.018382014406759E-002
  1.018513469536170E-002
  1.018588279950590E-002
  1.018502549777051E-002
  1.018459603652059E-002
  1.018491872919138E-002
  1.018617098486671E-002
  1.018575783689092E-002
  1.018897672368948E-002
  1.018941077722616E-002
  1.018387923837941E-002
  1.018117732522095E-002
  1.017798209411395E-002
  1.017718792292147E-002
  1.017647103616728E-002
  1.017591713073744E-002
  1.017407070750709E-002
  1.017167874975082E-002
  1.016834852936362E-002
  1.016770995141129E-002
  1.016565700450401E-002
  1.016566886483780E-002
  1.016401488942466E-002
  1.016014137975992E-002
  1.015831068209205E-002
  1.015255029019400E-002
  1.014865922089800E-002
  1.014457084962249E-002
  1.014061453508129E-002
  1.013772916830310E-002
  1.013359687138954E-002
  1.013144729675131E-002
  1.012794569183283E-002
  1.012566729203996E-002
  1.012280108339573E-002
  1.011992155606132E-002
  1.011636729566587E-002
  1.011406523014050E-002
  1.011215153603928E-002
  1.011017535095734E-002
  1.010891890544557E-002
  1.010701920479800E-002
  1.010610827019443E-002
  1.010389192965386E-002
  1.010208689309372E-002
  1.010068788572348E-002
  1.010008262681979E-002
  1.009901175901206E-002
  1.009779480039228E-002
  1.009779892502798E-002
  1.009746674768185E-002
  1.009707111941594E-002
  1.009687198214106E-002
  1.009716855575761E-002
  1.009620474789649E-002
  1.009643866152449E-002
  1.009653954476941E-002
  1.009601664450927E-002
  1.009533185349054E-002
  1.009484218747243E-002
  1.009375434707767E-002
  1.009466483164239E-002
  1.009540642876756E-002
  1.009499444320908E-002
  1.009517447050025E-002
  1.009445268087233E-002
  1.009454307986634E-002
  1.009587589088218E-002
  1.009588671341797E-002
  1.009570423363111E-002
  1.009548458312266E-002
  1.009770712935558E-002
  1.009801911875350E-002
  1.010032044320544E-002
  1.010088235159145E-002
  1.010299196871411E-002
  1.010402689337486E-002
  1.010377769988843E-002
  1.010209100443680E-002
  1.010187487226633E-002
  1.010073070150291E-002
  1.010060089752962E-002
  1.010023543024425E-002
  1.010105824263123E-002
  1.010216838236608E-002
  1.010247906522844E-002
  1.010210174462034E-002
  1.010270943236696E-002
  1.010203875664368E-002
  1.010105294771055E-002
  1.010187641281375E-002
  1.009884448221965E-002
  1.009783895193444E-002
  1.009804318847012E-002
  1.009588675041684E-002
