 date d_e_o v_e cost mass
   1.0000000   0.0000000  -0.1419719   3.1729855   0.0065415
   1.0000000   0.0000000  -0.1419719   3.1729855   0.0249417
   1.0000000   0.0000000  -0.1419719   3.1729855   0.0619137
   1.0000000   0.0000000  -0.1419719   3.1729855   0.1087603
   1.0000000   0.0000000  -0.1419719   3.1729855   0.1445049
   1.0000000   0.0000000  -0.1419719   3.1729855   0.1531307
   1.0000000   0.0000000  -0.1419719   3.1729855   0.1354822
   1.0000000   0.0000000  -0.1419719   3.1729855   0.1045608
   1.0000000   0.0000000  -0.1419719   3.1729855   0.0733753
   1.0000000   0.0000000  -0.0262609   3.1729855   0.0483990
   1.0000000   0.0000000   0.4449773   3.1729855   0.0306037
   1.0000000   0.0000000   1.1033416   3.1729855   0.0186298
   1.0000000   0.0000000   1.7674145   3.1729855   0.0107142
   1.0000000   0.0000000   2.2679526   3.1729855   0.0054531
   1.0000000   0.0000000   3.1162640   3.1729855   0.0020246
   1.0000000   1.0000000   3.1817925   3.1729855   0.0004519
   1.0000000   1.0000000   3.2004107   3.1729855   0.0005587
   1.0000000   1.0000000   3.2879396   3.1729855   0.0014229
   1.0000000   1.0000000   3.4791762   3.1729855   0.0025042
   1.0000000   1.0000000   3.8089117   3.1729855   0.0036724
   1.0000000   1.0000000   4.3200510   3.1729855   0.0048036
   1.0000000   1.0000000   5.0692352   3.1729855   0.0057715
   1.0000000   1.0000000   6.1317630   3.1729855   0.0064553
   1.0000000   1.0000000   7.6056892   3.1729855   0.0067582
   1.0000000   1.0000000   9.6143001   3.1729855   0.0066298
   1.0000000   1.0000000  12.3050886   3.1729855   0.0060858
   1.0000000   1.0000000  15.8399944   3.1729855   0.0052109
   1.0000000   1.0000000  20.3625624   3.1729855   0.0041414
   1.0000000   1.0000000  25.9085655   3.1729855   0.0030257
   1.0000000   1.0000000  32.2085167   3.1729855   0.0019726
   1.0000000   1.0000000  38.4444494   3.1729855   0.0014995
   1.0000000   0.0000000  -0.1419719   3.1729855   0.0000661
   1.0000000   0.0000000  -0.1419719   3.1729855   0.0002519
   1.0000000   0.0000000  -0.1419719   3.1729855   0.0006254
   1.0000000   0.0000000  -0.1419719   3.1729855   0.0010986
   1.0000000   0.0000000  -0.1419719   3.1729855   0.0014596
   1.0000000   0.0000000  -0.1419719   3.1729855   0.0015468
   1.0000000   0.0000000  -0.1419719   3.1729855   0.0013685
   1.0000000   0.0000000  -0.1419719   3.1729855   0.0010562
   1.0000000   0.0000000  -0.1419719   3.1729855   0.0007412
   1.0000000   0.0000000  -0.1419719   3.1729855   0.0004889
   1.0000000   0.0000000  -0.1419719   3.1729855   0.0003091
   1.0000000   0.0000000  -0.1419719   3.1729855   0.0001882
   1.0000000   0.0000000  -0.1419719   3.1729855   0.0001082
   1.0000000   0.0000000  -0.1419719   3.1729855   0.0000551
   1.0000000   0.0000000  -0.1419719   3.1729855   0.0000205
   1.0000000   0.0000000  -0.1419719   3.1729855   0.0000046
   1.0000000   0.0000000  -0.1419719   3.1729855   0.0000056
   1.0000000   0.0000000  -0.1419719   3.1729855   0.0000144
   1.0000000   0.0000000  -0.1419719   3.1729855   0.0000253
   1.0000000   0.0000000  -0.1419719   3.1729855   0.0000371
   1.0000000   0.0000000  -0.1419719   3.1729855   0.0000485
   1.0000000   0.0000000  -0.1419719   3.1729855   0.0000583
   1.0000000   0.0000000  -0.1419719   3.1729855   0.0000652
   1.0000000   0.0000000  -0.1419719   3.1729855   0.0000683
   1.0000000   0.0000000  -0.1419719   3.1729855   0.0000670
   1.0000000   0.0000000  -0.1419719   3.1729855   0.0000615
   1.0000000   0.0000000  -0.1419719   3.1729855   0.0000526
   1.0000000   0.0000000  -0.1419719   3.1729855   0.0000418
   1.0000000   0.0000000  -0.1419719   3.1729855   0.0000306
   1.0000000   0.0000000  -0.1419719   3.1729855   0.0000199
   1.0000000   0.0000000  -0.1419719   3.1729855   0.0000151
