 t avg_prod_f avg_k_f avg_a_f avg_l_f avg_prod_ex avg_k_ex avg_a_ex avg_l_ex
   1.0000000   1.3909003  40.2714919 -50.4683888************   1.2992861  12.3366168 -16.8505967************
   2.0000000   1.3903048  40.3846135 -50.6170989************   1.3072344  11.3521260 -15.2218441************
   3.0000000   1.3901813  40.4742251 -50.9148273************   1.2996740  11.7497038 -16.0469971************
   4.0000000   1.3902395  40.4972918 -51.0948324************   1.3115597  11.7881065 -16.0913011************
   5.0000000   1.3898981  40.5219899 -51.2798870************   1.3072067  12.9008972 -17.9546624************
   6.0000000   1.3895860  40.3708391 -51.2228216************   1.3021539  12.5507059 -17.4118879************
   7.0000000   1.3895404  40.2719471 -51.2222846************   1.3017998  12.4813812 -17.3343936************
   8.0000000   1.3895850  40.1783626 -51.2118772************   1.3047297  12.6000428 -17.5590577************
   9.0000000   1.3895281  40.0671668 -51.1624755************   1.3014647  12.4546286 -17.3542583************
  10.0000000   1.3896052  39.9815543 -51.1387971************   1.3010913  12.3681062 -17.2297678************
  11.0000000   1.3897001  39.9124906 -51.1248492************   1.3011824  12.2846654 -17.1524080************
  12.0000000   1.3900329  39.8116370 -51.0573734************   1.2990921  12.3030243 -17.1892292************
  13.0000000   1.3903830  39.7147376 -50.9778222************   1.2997211  12.2236253 -17.0774389************
  14.0000000   1.3906892  39.6357509 -50.9030312************   1.3004891  12.1239962 -16.9259910************
  15.0000000   1.3909595  39.5744133 -50.8406431************   1.3012255  12.0429462 -16.8131826************
  16.0000000   1.3911960  39.5293690 -50.7867576************   1.3022826  12.0662851 -16.8566763************
  17.0000000   1.3913571  39.4848680 -50.7243403************   1.3015629  12.0559691 -16.8388758************
  18.0000000   1.3915204  39.4456771 -50.6616268************   1.3005896  12.0500469 -16.8274423************
  19.0000000   1.3916942  39.4110177 -50.5983403************   1.2989397  12.0828347 -16.8698855************
  20.0000000   1.3918884  39.3753062 -50.5286925************   1.2981098  12.0661091 -16.8328595************
  21.0000000   1.3920897  39.3446879 -50.4614375************   1.2983138  12.0315842 -16.7694442************
  22.0000000   1.3922692  39.3223138 -50.3979556************   1.2983197  12.0125772 -16.7314401************
  23.0000000   1.3924317  39.3052358 -50.3374789************   1.2983342  12.0015566 -16.6995788************
  24.0000000   1.3923491  39.3376451 -50.3379620************   1.2981966  11.9914707 -16.6704472************
  25.0000000   1.3922870  39.3740799 -50.3400784************   1.2979994  11.9939834 -16.6610528************
  26.0000000   1.3922428  39.4146432 -50.3398832************   1.2976825  12.0528727 -16.7366202************
  27.0000000   1.3921997  39.4505723 -50.3289726************   1.2982529  12.0585259 -16.7290793************
  28.0000000   1.3921437  39.4876770 -50.3177348************   1.2961967  11.9674437 -16.5491146************
  29.0000000   1.3922080  39.5394674 -50.3261186************   1.2975206  12.1319485 -16.7929058************
  30.0000000   1.3921750  39.5709979 -50.3062908************   1.2972589  12.1698373 -16.8328781************
  31.0000000   1.3921441  39.5981973 -50.2821725************   1.2970133  12.2025178 -16.8681314************
  32.0000000   1.3920634  39.6324834 -50.2673997************   1.2961573  12.2122879 -16.8604069************
  33.0000000   1.3920200  39.6643302 -50.2555552************   1.2961562  12.2189557 -16.8542231************
  34.0000000   1.3919825  39.6948103 -50.2458418************   1.2962495  12.2414831 -16.8766601************
  35.0000000   1.3918767  39.7343414 -50.2504845************   1.2960166  12.1850508 -16.7723897************
  36.0000000   1.3918150  39.7835950 -50.2647740************   1.2971654  12.1817818 -16.7539812************
  37.0000000   1.3917309  39.8337641 -50.2810069************   1.2984267  12.2086261 -16.7873177************
  38.0000000   1.3916104  39.8802429 -50.2940960************   1.2985197  12.2695946 -16.8698516************
  39.0000000   1.3914840  39.9187677 -50.2985933************   1.2980422  12.3085275 -16.9162341************
  40.0000000   1.3913767  39.9517039 -50.2993590************   1.2978701  12.3297625 -16.9361773************
  41.0000000   1.3912815  39.9814692 -50.2988408************   1.2977535  12.3439869 -16.9460837************
  42.0000000   1.3911972  40.0090080 -50.2978036************   1.2976930  12.3549653 -16.9517610************
  43.0000000   1.3911220  40.0347873 -50.2969030************   1.2976463  12.3641918 -16.9560958************
  44.0000000   1.3910549  40.0591549 -50.2960050************   1.2976359  12.3717581 -16.9589043************
  45.0000000   1.3909944  40.0811826 -50.2965303************   1.2976550  12.3776699 -16.9599080************
  46.0000000   1.3909395  40.1010444 -50.2987378************   1.2977137  12.3828441 -16.9586930************
  47.0000000   1.3908882  40.1185367 -50.3040488************   1.2977577  12.3870646 -16.9624424************
  48.0000000   1.3908410  40.1336005 -50.3117995************   1.2978076  12.3907006 -16.9649916************
  49.0000000   1.3907973  40.1458410 -50.3247737************   1.2978648  12.3934700 -16.9685850************
  50.0000000   1.3907565  40.1565099 -50.3375504************   1.2979236  12.3960396 -16.9723210************
  51.0000000   1.3907184  40.1653614 -50.3477854************   1.2979980  12.3983716 -16.9731118************
  52.0000000   1.3906820  40.1735189 -50.3572489************   1.2980335  12.4002835 -16.9778514************
  53.0000000   1.3906486  40.1806987 -50.3660299************   1.2981334  12.4026950 -16.9810137************
  54.0000000   1.3906153  40.1870094 -50.3747726************   1.2981351  12.4038894 -16.9834993************
  55.0000000   1.3905860  40.1926595 -50.3834612************   1.2981912  12.4055393 -16.9860062************
  56.0000000   1.3905581  40.1972572 -50.3937403************   1.2982331  12.4068249 -16.9868152************
  57.0000000   1.3905320  40.2013850 -50.4058268************   1.2982514  12.4079041 -16.9920666************
  58.0000000   1.3905085  40.2053468 -50.4167597************   1.2983280  12.4096308 -16.9962330************
  59.0000000   1.3904849  40.2089265 -50.4293565************   1.2983217  12.4104806 -16.9986653************
  60.0000000   1.3904645  40.2121318 -50.4445595************   1.2983551  12.4117463 -17.0029956************
  61.0000000   1.3904454  40.2151243 -50.4549923************   1.2983731  12.4128529 -17.0060167************
  62.0000000   1.3904281  40.2180493 -50.4630811************   1.2984233  12.4142987 -17.0076249************
  63.0000000   1.3904110  40.2209035 -50.4697955************   1.2984107  12.4152016 -17.0101667************
  64.0000000   1.3903966  40.2234938 -50.4757059************   1.2984470  12.4165409 -17.0099477************
  65.0000000   1.3903827  40.2253011 -50.4818298************   1.2984426  12.4171119 -17.0132811************
  66.0000000   1.3903708  40.2268159 -50.4871867************   1.2984510  12.4180735 -17.0151167************
  67.0000000   1.3903603  40.2277225 -50.4924963************   1.2984439  12.4186388 -17.0165477************
  68.0000000   1.3903515  40.2293169 -50.4967535************   1.2984304  12.4187993 -17.0158001************
  69.0000000   1.3903448  40.2311762 -50.5007954************   1.2984714  12.4201941 -17.0159311************
  70.0000000   1.3903379  40.2332265 -50.5038272************   1.2984428  12.4206676 -17.0156006************
  71.0000000   1.3903988  40.2222550 -50.4900138************   1.2984287  12.4211836 -17.0153100************
  72.0000000   1.3904526  40.2112652 -50.4759412************   1.2984434  12.4188512 -17.0100771************
  73.0000000   1.3904998  40.2002569 -50.4622876************   1.2984593  12.4006387 -16.9801647************
  74.0000000   1.3905460  40.1913337 -50.4520540************   1.2986372  12.3800643 -16.9475457************
  75.0000000   1.3905875  40.1849872 -50.4448482************   1.2988126  12.3673371 -16.9266040************
  76.0000000   1.3906229  40.1801817 -50.4398565************   1.2989071  12.3600151 -16.9145992************
  77.0000000   1.3906541  40.1761001 -50.4363077************   1.2989612  12.3549719 -16.9064171************
  78.0000000   1.3906822  40.1727599 -50.4336567************   1.2989964  12.3513473 -16.9005849************
  79.0000000   1.3907604  40.1593381 -50.4180695************   1.2990151  12.3486778 -16.8971395************
  80.0000000   1.3908294  40.1464305 -50.4025132************   1.2990363  12.3437784 -16.8891573************
  81.0000000   1.3908908  40.1333170 -50.3886851************   1.2990580  12.3259201 -16.8617455************
  82.0000000   1.3909495  40.1228918 -50.3773101************   1.2991990  12.3072861 -16.8332120************
  83.0000000   1.3910027  40.1155242 -50.3681117************   1.2993286  12.2952668 -16.8145840************
  84.0000000   1.3910498  40.1113610 -50.3590882************   1.2993955  12.2882561 -16.8024461************
  85.0000000   1.3910924  40.1094691 -50.3497892************   1.2994319  12.2839096 -16.7931133************
  86.0000000   1.3911313  40.1083294 -50.3414248************   1.2993887  12.2787360 -16.7830013************
  87.0000000   1.3911701  40.1080328 -50.3339284************   1.2992877  12.2715334 -16.7700380************
  88.0000000   1.3912117  40.1084430 -50.3281290************   1.2992276  12.2677869 -16.7623956************
  89.0000000   1.3912540  40.1096991 -50.3228639************   1.2991706  12.2650695 -16.7565163************
  90.0000000   1.3912965  40.1118864 -50.3176518************   1.2991489  12.2640571 -16.7525685************
  91.0000000   1.3913379  40.1149937 -50.3121759************   1.2991508  12.2642787 -16.7502700************
  92.0000000   1.3913770  40.1194192 -50.3058301************   1.2991680  12.2654658 -16.7485246************
  93.0000000   1.3913611  40.1354570 -50.3120388************   1.2991949  12.2673209 -16.7471844************
  94.0000000   1.3913491  40.1521446 -50.3178959************   1.2992154  12.2721361 -16.7502151************
  95.0000000   1.3913399  40.1687359 -50.3232843************   1.2992349  12.2894480 -16.7721990************
  96.0000000   1.3913292  40.1822240 -50.3274419************   1.2991202  12.3085140 -16.7987428************
  97.0000000   1.3913199  40.1929022 -50.3292251************   1.2990149  12.3208074 -16.8144171************
  98.0000000   1.3913133  40.2010494 -50.3306973************   1.2989693  12.3285428 -16.8241040************
  99.0000000   1.3913080  40.2078269 -50.3317372************   1.2990011  12.3360905 -16.8336788************
 100.0000000   1.3913009  40.2117854 -50.3339639************   1.2990589  12.3422537 -16.8420884************
 101.0000000   1.3912913  40.2144747 -50.3359683************   1.2990933  12.3463682 -16.8480035************
 102.0000000   1.3912805  40.2166881 -50.3373870************   1.2991688  12.3513741 -16.8545875************
 103.0000000   1.3912665  40.2187744 -50.3375655************   1.2992872  12.3578669 -16.8624252************
 104.0000000   1.3912476  40.2194732 -50.3377163************   1.2993374  12.3614034 -16.8668171************
 105.0000000   1.3912268  40.2202870 -50.3367993************   1.2993745  12.3646273 -16.8701729************
 106.0000000   1.3912048  40.2208012 -50.3355091************   1.2993577  12.3666645 -16.8721925************
 107.0000000   1.3911835  40.2209407 -50.3341246************   1.2993302  12.3671700 -16.8720267************
 108.0000000   1.3911639  40.2203332 -50.3335494************   1.2992956  12.3663668 -16.8705758************
 109.0000000   1.3911463  40.2193484 -50.3337085************   1.2992633  12.3650790 -16.8691404************
 110.0000000   1.3911307  40.2176133 -50.3349884************   1.2992374  12.3634427 -16.8677269************
 111.0000000   1.3911169  40.2149403 -50.3375324************   1.2992119  12.3617090 -16.8670347************
 112.0000000   1.3911048  40.2113255 -50.3412065************   1.2991932  12.3596395 -16.8663705************
 113.0000000   1.3910941  40.2070245 -50.3456172************   1.2992035  12.3575901 -16.8631959************
 114.0000000   1.3911363  40.1925004 -50.3364358************   1.2991512  12.3553331 -16.8667556************
 115.0000000   1.3911741  40.1780543 -50.3270777************   1.2991654  12.3507917 -16.8603842************
 116.0000000   1.3912064  40.1647785 -50.3174077************   1.2991859  12.3338829 -16.8341879************
 117.0000000   1.3912376  40.1541258 -50.3094624************   1.2993048  12.3149927 -16.8083106************
 118.0000000   1.3912659  40.1459605 -50.3040176************   1.2994291  12.3028581 -16.7914864************
 119.0000000   1.3912899  40.1395261 -50.3003216************   1.2994751  12.2952210 -16.7834687************
 120.0000000   1.3909002  40.2715048 -50.4684049************   1.2992855  12.3366331 -16.8506244************
