    0.0000000    0.0000000    0.0000000    0.0000000    0.0000000    0.0000000    0.0000000    0.0000000    0.0000000    0.0000000    0.0000000    0.0000000    0.0000000    0.0000000    0.0000000    0.0000000    0.0000000    0.0000000    0.0000000    0.0000000    0.0000000    0.0000000    0.0000000    0.0000000    0.0000000
    0.0773665    0.0000000  351.8897174  343.2768971  343.2768971  343.2768971  343.2768971    0.0000000    0.0000000    0.0000000    0.0000000    0.0000000    0.0000000    0.0000000  348.7752867  351.8841733  351.8822717  351.8697727  351.8308762    0.0000000    0.0000000    0.0000000    0.0000000    0.0000000    0.0000000
    0.2188256    0.0000000  343.7359591  343.7359591  343.7359591  343.7359591  343.7359591    0.0000000    0.0000000    0.0000000    0.0000000    0.0000000    0.0000000    0.0000000  343.2540608  343.2262348  343.2225617  343.1984196  343.1232898    0.0000000    0.0000000    0.0000000    0.0000000    0.0000000    0.0000000
    0.4020084  338.6647123  340.4640107  340.4640107  340.4640107  340.4640107  342.0021860    0.0000000    0.0000000    0.0000000    0.0000000    0.0000000    0.0000000  335.6802128  338.5959025  338.5550054  338.5496069  338.5141242  343.7359591    0.0000000    0.0000000    0.0000000    0.0000000    0.0000000    0.0000000
    0.6189324  338.2532790  342.0021860  342.0021860  342.0021860  340.7581701  340.7581701    0.0000000    0.0000000    0.0000000    0.0000000    0.0000000    0.0000000  336.0482736  339.6481602  339.5944133  339.5873187  340.4494696  340.3043538    0.0000000    0.0000000    0.0000000    0.0000000    0.0000000    0.0000000
    0.8649843  339.3964981  340.7581701  338.0301418  338.0301418  338.0301418  340.9945483    0.0000000    0.0000000    0.0000000    0.0000000    0.0000000    0.0000000  336.9885618  338.1987574  336.8704758  336.8617065  336.8040673  342.0021860    0.0000000    0.0000000    0.0000000    0.0000000    0.0000000    0.0000000
    1.1370514  337.8775689  340.9945483  340.9945483  340.9945483  340.0262128  338.4425905    0.0000000    0.0000000    0.0000000    0.0000000    0.0000000    0.0000000  335.3874934  339.3964981  339.3175040  339.3070767  338.8810253  340.7581701    0.0000000    0.0000000    0.0000000    0.0000000    0.0000000    0.0000000
    1.4328485  336.5641070  340.0262128  338.4425905  338.4425905  338.4425905  336.9723875    0.0000000    0.0000000    0.0000000    0.0000000    0.0000000    0.0000000  334.0325110  337.5677936  337.8606130  337.8485417  337.7691999  337.9580616    0.0000000    0.0000000    0.0000000    0.0000000    0.0000000    0.0000000
    1.7506051  336.1286174  338.4425905  336.9723875  336.9723875  336.9723875  339.9291679    0.0000000    0.0000000    0.0000000    0.0000000    0.0000000    0.0000000  333.2511828  336.4172240  335.9806092  335.9669057  335.8768357  340.0388653    0.0000000    0.0000000    0.0000000    0.0000000    0.0000000    0.0000000
    1.8808858  337.7897706  336.9723875  336.9723875  336.9723875  339.9291679  339.0271606    0.0000000    0.0000000    0.0000000    0.0000000    0.0000000    0.0000000  335.6186096  335.5114651  335.4028241  335.3884834  339.4867834  339.9405816    0.0000000    0.0000000    0.0000000    0.0000000    0.0000000    0.0000000
    2.4465450  336.5889389  339.0271606  339.0271606  339.0271606  337.5340590  336.2500934    0.0000000    0.0000000    0.0000000    0.0000000    0.0000000    0.0000000  333.9911480  337.6616937  337.5333734  337.5164351  337.0364564  338.4425905    0.0000000    0.0000000    0.0000000    0.0000000    0.0000000    0.0000000
    2.8225539  335.7270450  337.5340590  336.8670959  336.8670959  336.8670959  335.3454486    0.0000000    0.0000000    0.0000000    0.0000000    0.0000000    0.0000000  333.1296774  336.0507228  336.2459654  336.2274222  336.1055422  336.8616624    0.0000000    0.0000000    0.0000000    0.0000000    0.0000000    0.0000000
    3.2160669  334.8912703  336.8670959  336.2500934  336.2500934  335.3454486  337.4679139    0.0000000    0.0000000    0.0000000    0.0000000    0.0000000    0.0000000  332.2971761  335.2928929  335.4446355  335.4244949  335.4863651  339.9291679    0.0000000    0.0000000    0.0000000    0.0000000    0.0000000    0.0000000
    3.6263376  337.5145555  336.2500934  335.3454486  335.3454486  338.4204626  336.7121175    0.0000000    0.0000000    0.0000000    0.0000000    0.0000000    0.0000000  334.8912703  334.6086479  334.4049894  334.3832579  338.2884300  338.6406757    0.0000000    0.0000000    0.0000000    0.0000000    0.0000000    0.0000000
    4.0527075  336.7310228  338.4204626  337.4679139  337.4679139  336.7121175  334.6406136    0.0000000    0.0000000    0.0000000    0.0000000    0.0000000    0.0000000  334.1141105  337.5145555  337.3344879  337.3111718  337.4829857  337.5340590    0.0000000    0.0000000    0.0000000    0.0000000    0.0000000    0.0000000
    4.4945902  335.8431586  337.4679139  336.7121175  336.7121175  335.7460234  333.7878300    0.0000000    0.0000000    0.0000000    0.0000000    0.0000000    0.0000000  333.2347417  336.4957882  336.4502221  336.4253270  336.3120308  336.2493625    0.0000000    0.0000000    0.0000000    0.0000000    0.0000000    0.0000000
    4.9514589  335.0763300  336.7121175  335.7460234  335.7460234  334.6406136  332.2928340    0.0000000    0.0000000    0.0000000    0.0000000    0.0000000    0.0000000  332.4759945  335.6891991  335.3868734  335.3604046  335.0476533  335.7059098    0.0000000    0.0000000    0.0000000    0.0000000    0.0000000    0.0000000
    5.4228375  334.0947488  335.7460234  333.7878300  333.7878300  333.1928732  330.9710629    0.0000000    0.0000000    0.0000000    0.0000000    0.0000000    0.0000000  331.5052420  334.6874777  334.2791524  334.2511148  334.4871765  335.3454486    0.0000000    0.0000000    0.0000000    0.0000000    0.0000000    0.0000000
    5.9082922  333.2665100  334.6406136  333.1928732  333.1928732  332.2928340  331.6274393    0.0000000    0.0000000    0.0000000    0.0000000    0.0000000    0.0000000  330.6867596  333.5577975  333.5909951  333.5613934  333.4439155  335.6181115    0.0000000    0.0000000    0.0000000    0.0000000    0.0000000    0.0000000
    6.4074262  332.5052699  333.1928732  332.2928340  332.2928340  330.9710629  332.5336286    0.0000000    0.0000000    0.0000000    0.0000000    0.0000000    0.0000000  329.9349669  332.8866185  332.6206039  332.5894425  333.0245423  337.4679139    0.0000000    0.0000000    0.0000000    0.0000000    0.0000000    0.0000000
    6.9198742  331.8288025  332.2928340  331.6152017  330.9710629  331.6274393  331.8939454    0.0000000    0.0000000    0.0000000    0.0000000    0.0000000    0.0000000  329.2673871  331.9621618  331.8859385  332.1251963  333.5394054  336.5167575    0.0000000    0.0000000    0.0000000    0.0000000    0.0000000    0.0000000
    7.4452991  334.4137101  331.6152017  331.6274393  331.6274393  333.3297465  330.0738027    0.0000000    0.0000000    0.0000000    0.0000000    0.0000000    0.0000000  331.8288025  331.2659112  332.7358069  332.7015381  335.1140792  335.6768006    0.0000000    0.0000000    0.0000000    0.0000000    0.0000000    0.0000000
    7.9833879  333.6431783  330.9710629  333.3297465  333.3297465  331.8939454  329.0845566    0.0000000    0.0000000    0.0000000    0.0000000    0.0000000    0.0000000  331.0685269  330.6092350  334.3634003  334.3275836  334.5920758  334.4267444    0.0000000    0.0000000    0.0000000    0.0000000    0.0000000    0.0000000
    8.5338492  333.0370018  331.6274393  332.5336286  332.5336286  330.8691716  327.3846444    0.0000000    0.0000000    0.0000000    0.0000000    0.0000000    0.0000000  330.4711264  331.2452416  333.5290737  333.4917124  333.4799770  333.7183912    0.0000000    0.0000000    0.0000000    0.0000000    0.0000000    0.0000000
    9.0964109  332.2928340  333.3297465  331.8939454  330.8691716  330.0738027  325.7371148    0.0000000    0.0000000    0.0000000    0.0000000    0.0000000    0.0000000  329.7372550  332.9209202  332.8590200  332.7052703  332.6121431  333.0786207    0.0000000    0.0000000    0.0000000    0.0000000    0.0000000    0.0000000
    9.6708183  332.2928340  331.8939454  330.0738027  330.0738027  328.1089759  324.8478471    0.0000000    0.0000000    0.0000000    0.0000000    0.0000000    0.0000000  329.1415792  332.2928340  331.9168063  331.8763660  331.5837922  331.9642869    0.0000000    0.0000000    0.0000000    0.0000000    0.0000000    0.0000000
   10.2568317  331.6152017  330.8691716  329.0845566  329.0845566  327.3846444  323.3182740    0.0000000    0.0000000    0.0000000    0.0000000    0.0000000    0.0000000  328.4633925  331.2726237  330.9063165  330.8643414  330.7968988  331.4568545    0.0000000    0.0000000    0.0000000    0.0000000    0.0000000    0.0000000
   10.8542259  330.9710629  330.0738027  328.1089759  328.1089759  326.4548518  322.4842389    0.0000000    0.0000000    0.0000000    0.0000000    0.0000000    0.0000000  327.8185705  330.4831610  329.9167013  329.8731944  329.8192259  330.4304502    0.0000000    0.0000000    0.0000000    0.0000000    0.0000000    0.0000000
   11.4627879  329.9941376  329.0845566  327.3846444  326.4548518  324.8478471  320.9859867    0.0000000    0.0000000    0.0000000    0.0000000    0.0000000    0.0000000  326.8444916  329.5047879  329.1819769  329.1232458  329.1666593  329.9709161    0.0000000    0.0000000    0.0000000    0.0000000    0.0000000    0.0000000
   12.0823164  329.2157099  328.1089759  325.7371148  325.7371148  324.0173078  321.7424574    0.0000000    0.0000000    0.0000000    0.0000000    0.0000000    0.0000000  326.0671227  328.5424746  328.4396655  328.3931034  328.2963388  330.5474433    0.0000000    0.0000000    0.0000000    0.0000000    0.0000000    0.0000000
   12.7126207  328.2460855  327.3846444  324.8478471  324.8478471  323.3182740  322.4064605    0.0000000    0.0000000    0.0000000    0.0000000    0.0000000    0.0000000  325.1006628  327.8310207  327.5470868  327.4990011  327.5658115  332.2463872    0.0000000    0.0000000    0.0000000    0.0000000    0.0000000    0.0000000
   13.3535196  327.7231184  326.4548518  324.0173078  324.0173078  321.8261532  320.9505496    0.0000000    0.0000000    0.0000000    0.0000000    0.0000000    0.0000000  324.5765832  326.9179454  326.7176259  326.6680191  327.0509842  331.8641348    0.0000000    0.0000000    0.0000000    0.0000000    0.0000000    0.0000000
   14.0048408  326.8219567  325.7371148  323.3182740  322.4842389  320.9859867  320.0938684    0.0000000    0.0000000    0.0000000    0.0000000    0.0000000    0.0000000  323.6782772  326.2163096  326.0226014  326.0686708  326.1887998  330.8691716    0.0000000    0.0000000    0.0000000    0.0000000    0.0000000    0.0000000
   14.6664200  325.9152645  324.0173078  321.8261532  321.8261532  321.7424574  318.2018490    0.0000000    0.0000000    0.0000000    0.0000000    0.0000000    0.0000000  322.7746788  325.3592653  325.4665458  325.4139042  326.9147750  330.0738027    0.0000000    0.0000000    0.0000000    0.0000000    0.0000000    0.0000000
   15.3381007  325.3182422  323.3182740  320.9859867  320.9859867  322.4064605  317.2878097    0.0000000    0.0000000    0.0000000    0.0000000    0.0000000    0.0000000  322.1778332  324.6811473  324.6371108  324.5829554  328.5599703  329.0439415    0.0000000    0.0000000    0.0000000    0.0000000    0.0000000    0.0000000
   16.0197331  324.6196980  322.4842389  321.7424574  321.7424574  321.8138573  315.2355752    0.0000000    0.0000000    0.0000000    0.0000000    0.0000000    0.0000000  321.4806576  323.8707541  325.3918619  325.3361949  327.9576912  328.1089759    0.0000000    0.0000000    0.0000000    0.0000000    0.0000000    0.0000000
   16.7111740  324.6196980  321.8261532  320.2686728  322.4064605  320.9505496  314.3537579    0.0000000    0.0000000    0.0000000    0.0000000    0.0000000    0.0000000  320.8091150  323.2357236  323.9416993  326.9448849  327.0933716  327.1304212    0.0000000    0.0000000    0.0000000    0.0000000    0.0000000    0.0000000
   17.4122861  324.6488836  320.9859867  322.4064605  321.8138573  319.0342119  312.5440687    0.0000000    0.0000000    0.0000000    0.0000000    0.0000000    0.0000000  320.8227041  322.4214335  326.0696256  326.3678583  326.2103189  326.4548518    0.0000000    0.0000000    0.0000000    0.0000000    0.0000000    0.0000000
   18.1229380  326.1520555  321.7424574  320.9505496  320.9505496  318.2018490  311.6233579    0.0000000    0.0000000    0.0000000    0.0000000    0.0000000    0.0000000  322.2958512  323.1886669  325.5859596  325.5257704  325.3834119  325.4551739    0.0000000    0.0000000    0.0000000    0.0000000    0.0000000    0.0000000
   18.8430031  325.5812930  320.2686728  320.0938684  320.0938684  317.2878097  309.8629642    0.0000000    0.0000000    0.0000000    0.0000000    0.0000000    0.0000000  321.7161049  321.7486739  324.7544945  324.6928018  324.4804588  324.8478471    0.0000000    0.0000000    0.0000000    0.0000000    0.0000000    0.0000000
   19.5723600  324.7699657  322.4064605  319.0342119  319.0342119  316.2507364  308.9377571    0.0000000    0.0000000    0.0000000    0.0000000    0.0000000    0.0000000  320.8984919  323.8847553  323.7243153  323.6611213  323.4599332  323.8594227    0.0000000    0.0000000    0.0000000    0.0000000    0.0000000    0.0000000
   20.3108919  324.0173078  321.8138573  318.2018490  317.2878097  314.3537579  306.9252763    0.0000000    0.0000000    0.0000000    0.0000000    0.0000000    0.0000000  320.1392456  323.3182740  322.9211064  322.9203583  322.6248806  323.0220591    0.0000000    0.0000000    0.0000000    0.0000000    0.0000000    0.0000000
   21.0584860  323.3182740  320.9505496  317.2878097  316.2507364  313.5309789  306.2631617    0.0000000    0.0000000    0.0000000    0.0000000    0.0000000    0.0000000  319.4333632  322.4842389  322.0387420  321.9161472  321.8225618  322.3083975    0.0000000    0.0000000    0.0000000    0.0000000    0.0000000    0.0000000
   21.8150339  322.4842389  320.0938684  316.2507364  315.2355752  312.5440687  304.1428997    0.0000000    0.0000000    0.0000000    0.0000000    0.0000000    0.0000000  318.5940981  321.6571378  321.0360645  320.9355297  320.8612385  321.3838921    0.0000000    0.0000000    0.0000000    0.0000000    0.0000000    0.0000000
   22.5804308  321.8261532  319.0342119  314.3537579  314.3537579  310.7905526  303.5153210    0.0000000    0.0000000    0.0000000    0.0000000    0.0000000    0.0000000  317.9292847  320.6294043  320.1577734  320.0885921  320.1954990  320.7175341    0.0000000    0.0000000    0.0000000    0.0000000    0.0000000    0.0000000
   23.3545756  320.9859867  318.2018490  313.5309789  313.5309789  309.8629642  301.2741345    0.0000000    0.0000000    0.0000000    0.0000000    0.0000000    0.0000000  317.0844664  319.8269522  319.3722431  319.3015694  319.2986765  319.6928624    0.0000000    0.0000000    0.0000000    0.0000000    0.0000000    0.0000000
   24.1373705  320.9859867  317.2878097  312.5440687  312.5440687  308.9377571  300.0572894    0.0000000    0.0000000    0.0000000    0.0000000    0.0000000    0.0000000  316.3428362  318.9438551  318.4255101  318.3533456  318.4071090  318.4552290    0.0000000    0.0000000    0.0000000    0.0000000    0.0000000    0.0000000
   24.9287209  320.3937296  316.2507364  311.6233579  310.7905526  308.0722209  299.8952511    0.0000000    0.0000000    0.0000000    0.0000000    0.0000000    0.0000000  315.7352323  317.9391293  317.5454450  317.6474060  317.5771951  319.5084156    0.0000000    0.0000000    0.0000000    0.0000000    0.0000000    0.0000000
   25.7285354  319.1179933  315.2355752  310.7905526  309.8629642  306.2631617  302.2459323    0.0000000    0.0000000    0.0000000    0.0000000    0.0000000    0.0000000  314.4513394  316.9562366  316.7533983  316.7628598  316.8866023  321.8138573    0.0000000    0.0000000    0.0000000    0.0000000    0.0000000    0.0000000
   26.5367253  318.5585391  314.3537579  309.8629642  308.9377571  305.0969697  299.3797397    0.0000000    0.0000000    0.0000000    0.0000000    0.0000000    0.0000000  313.8769107  316.1054642  315.8683859  315.8817835  315.7644179  320.2093587    0.0000000    0.0000000    0.0000000    0.0000000    0.0000000    0.0000000
   27.3532047  318.5585391  313.5309789  308.9377571  308.0722209  304.1428997  299.1274760    0.0000000    0.0000000    0.0000000    0.0000000    0.0000000    0.0000000  313.1075278  315.3132229  314.9864919  315.0607613  314.8544029  319.9483496    0.0000000    0.0000000    0.0000000    0.0000000    0.0000000    0.0000000
   28.1778902  317.6593680  312.5440687  308.0722209  306.9252763  303.5153210  296.6269519    0.0000000    0.0000000    0.0000000    0.0000000    0.0000000    0.0000000  312.1888730  314.3585517  314.1643370  313.9620067  314.2695527  318.7251951    0.0000000    0.0000000    0.0000000    0.0000000    0.0000000    0.0000000
   29.0107011  316.8411477  311.6233579  306.2631617  306.2631617  302.2419101  295.9837682    0.0000000    0.0000000    0.0000000    0.0000000    0.0000000    0.0000000  311.3507912  313.4694577  313.4250672  313.3439910  313.0470619  318.0869760    0.0000000    0.0000000    0.0000000    0.0000000    0.0000000    0.0000000
   29.8515587  315.9900232  310.7905526  305.0969697  305.0969697  300.0572894  293.5271393    0.0000000    0.0000000    0.0000000    0.0000000    0.0000000    0.0000000  310.4805533  312.6674122  312.3101585  312.2276022  312.0184739  316.9264989    0.0000000    0.0000000    0.0000000    0.0000000    0.0000000    0.0000000
   30.7003869  315.9900232  309.8629642  304.1428997  304.1428997  301.3252873  292.5332941    0.0000000    0.0000000    0.0000000    0.0000000    0.0000000    0.0000000  309.6832066  311.7715379  311.4058294  311.3217944  313.3169795  315.9503415    0.0000000    0.0000000    0.0000000    0.0000000    0.0000000    0.0000000
   31.5571114  315.3902696  308.9377571  303.5153210  302.2419101  299.8952511  290.4941045    0.0000000    0.0000000    0.0000000    0.0000000    0.0000000    0.0000000  309.0542455  310.8780141  310.8252308  310.5212372  311.9459031  315.2222266    0.0000000    0.0000000    0.0000000    0.0000000    0.0000000    0.0000000
   32.4216602  314.0553840  308.0722209  302.2419101  301.2741345  302.2459323  289.4568520    0.0000000    0.0000000    0.0000000    0.0000000    0.0000000    0.0000000  307.6979957  310.0435457  309.6056954  309.6066836  314.3190558  314.2117950    0.0000000    0.0000000    0.0000000    0.0000000    0.0000000    0.0000000
   33.2939630  314.0553840  306.9252763  301.2741345  300.0572894  299.3797397  287.4462831    0.0000000    0.0000000    0.0000000    0.0000000    0.0000000    0.0000000  306.8806765  308.9304537  308.6891164  308.4460527  312.6464071  313.5309789    0.0000000    0.0000000    0.0000000    0.0000000    0.0000000    0.0000000
   34.1739515  313.4380921  306.2631617  300.0572894  301.3252873  299.1274760  286.0380624    0.0000000    0.0000000    0.0000000    0.0000000    0.0000000    0.0000000  306.2275039  308.2973054  307.5262823  309.7458528  312.4474510  312.1615272    0.0000000    0.0000000    0.0000000    0.0000000    0.0000000    0.0000000
   35.0615593  312.5986211  305.0969697  301.3252873  299.8952511  298.1261155  285.0039214    0.0000000    0.0000000    0.0000000    0.0000000    0.0000000    0.0000000  305.3549288  307.1650744  308.8237181  308.3749768  311.5080129  311.1671449    0.0000000    0.0000000    0.0000000    0.0000000    0.0000000    0.0000000
   35.9567213  312.5986211  304.1428997  299.8952511  302.2459323  296.6269519  282.9603071    0.0000000    0.0000000    0.0000000    0.0000000    0.0000000    0.0000000  304.5175795  306.2427915  307.4503322  310.7473359  310.0767565  310.4755339    0.0000000    0.0000000    0.0000000    0.0000000    0.0000000    0.0000000
   36.8593745  311.5818999  303.5153210  302.2459323  300.8127766  295.9837682  281.5446164    0.0000000    0.0000000    0.0000000    0.0000000    0.0000000    0.0000000  303.4624240  305.6436765  309.8200496  309.3739738  309.4938217  309.1108440    0.0000000    0.0000000    0.0000000    0.0000000    0.0000000    0.0000000
   37.7694572  311.5818999  303.5153210  300.8127766  299.3797397  294.9405249  279.6669173    0.0000000    0.0000000    0.0000000    0.0000000    0.0000000    0.0000000  302.6126585  304.6770731  308.4439263  308.0009634  308.5156334  308.6021973    0.0000000    0.0000000    0.0000000    0.0000000    0.0000000    0.0000000
   38.6869091  310.6973319  302.2419101  299.3797397  299.1274760  292.5332941  278.2440412    0.0000000    0.0000000    0.0000000    0.0000000    0.0000000    0.0000000  301.6813984  303.4323882  307.0680469  307.7971140  307.3354134  307.2374914    0.0000000    0.0000000    0.0000000    0.0000000    0.0000000    0.0000000
   39.6116716  310.0824153  301.2741345  299.1274760  298.1261155  291.9003507  275.9607278    0.0000000    0.0000000    0.0000000    0.0000000    0.0000000    0.0000000  301.0177648  302.4902166  306.8612307  306.8518194  306.7679886  306.3458403    0.0000000    0.0000000    0.0000000    0.0000000    0.0000000    0.0000000
   40.5436873  310.0824153  300.0572894  298.1261155  296.6269519  290.4941045  275.0607131    0.0000000    0.0000000    0.0000000    0.0000000    0.0000000    0.0000000  300.1480112  301.3013990  305.9128809  305.4138283  305.4356799  305.5055665    0.0000000    0.0000000    0.0000000    0.0000000    0.0000000    0.0000000
   41.4829002  309.2010268  301.3252873  296.6269519  295.9837682  289.4568520  272.2812590    0.0000000    0.0000000    0.0000000    0.0000000    0.0000000    0.0000000  299.2138598  302.5725079  304.4717548  304.8233576  304.4692856  304.1411339    0.0000000    0.0000000    0.0000000    0.0000000    0.0000000    0.0000000
   42.4292557  309.2010268  299.8952511  295.9837682  294.9405249  288.3516380  271.6298243    0.0000000    0.0000000    0.0000000    0.0000000    0.0000000    0.0000000  298.3315918  301.1724940  303.8780768  303.8369024  303.4361520  303.5534816    0.0000000    0.0000000    0.0000000    0.0000000    0.0000000    0.0000000
   43.3827000  308.2962279  302.2459323  294.9405249  293.5271393  287.4462831  270.1821053    0.0000000    0.0000000    0.0000000    0.0000000    0.0000000    0.0000000  297.3677134  303.5153210  302.8883491  302.4840571  302.6013588  302.1806050    0.0000000    0.0000000    0.0000000    0.0000000    0.0000000    0.0000000
   44.3431811  307.9462930  300.8127766  293.5271393  292.5332941  286.0380624  267.9079761    0.0000000    0.0000000    0.0000000    0.0000000    0.0000000    0.0000000  296.9539121  302.1120798  301.5321726  301.5465866  301.2691515  301.3378668    0.0000000    0.0000000    0.0000000    0.0000000    0.0000000    0.0000000
   45.3106475  307.9462930  300.8127766  292.5332941  291.9003507  283.8667179  266.8739876    0.0000000    0.0000000    0.0000000    0.0000000    0.0000000    0.0000000  296.0519457  301.1008184  300.5913180  300.9664194  300.3646703  300.3806241    0.0000000    0.0000000    0.0000000    0.0000000    0.0000000    0.0000000
   46.2850494  307.0860892  299.3797397  291.9003507  290.4941045  282.9603071  264.5594103    0.0000000    0.0000000    0.0000000    0.0000000    0.0000000    0.0000000  295.1266322  299.6914282  300.0077192  299.6206757  299.5336360  299.5159370    0.0000000    0.0000000    0.0000000    0.0000000    0.0000000    0.0000000
   47.2663377  307.0860892  299.1274760  290.4941045  289.4568520  281.5446164  263.2970336    0.0000000    0.0000000    0.0000000    0.0000000    0.0000000    0.0000000  294.2122319  299.4509550  298.6585012  298.6402133  298.1987677  298.3384242    0.0000000    0.0000000    0.0000000    0.0000000    0.0000000    0.0000000
   48.2544643  308.9377571  298.1261155  289.4568520  288.3516380  280.5530697  262.0183243    0.0000000    0.0000000    0.0000000    0.0000000    0.0000000    0.0000000  295.9654734  298.4688282  297.6745263  297.5924324  297.2841093  297.1471832    0.0000000    0.0000000    0.0000000    0.0000000    0.0000000    0.0000000
   49.2493824  308.9377571  298.1261155  288.3516380  287.4462831  279.6669173  259.4340537    0.0000000    0.0000000    0.0000000    0.0000000    0.0000000    0.0000000  295.0386682  297.4364880  296.6231989  296.7424625  296.4740569  296.0366376    0.0000000    0.0000000    0.0000000    0.0000000    0.0000000    0.0000000
   50.2510457  308.0722209  296.6269519  287.4462831  286.0380624  278.2440412  261.5414428    0.0000000    0.0000000    0.0000000    0.0000000    0.0000000    0.0000000  294.0958229  295.9552749  295.7696522  295.3945944  295.1328750  298.2030972    0.0000000    0.0000000    0.0000000    0.0000000    0.0000000    0.0000000
   51.2594093  308.0722209  295.9837682  286.0380624  285.0039214  277.1772287  260.4967078    0.0000000    0.0000000    0.0000000    0.0000000    0.0000000    0.0000000  293.1566610  295.3214633  294.4181804  294.4169937  294.1443878  298.6344731    0.0000000    0.0000000    0.0000000    0.0000000    0.0000000    0.0000000
   52.2744289  308.0722209  294.9405249  285.0039214  283.8667179  275.9607278  260.9083813    0.0000000    0.0000000    0.0000000    0.0000000    0.0000000    0.0000000  292.2119498  294.2915752  293.4369525  293.3372801  293.0078682  299.1274760    0.0000000    0.0000000    0.0000000    0.0000000    0.0000000    0.0000000
   53.2960611  306.6907553  294.9405249  283.8667179  282.9603071  275.0607131  259.3879782    0.0000000    0.0000000    0.0000000    0.0000000    0.0000000    0.0000000  290.7456730  293.2376031  292.3535908  292.4859617  292.1847994  297.7096622    0.0000000    0.0000000    0.0000000    0.0000000    0.0000000    0.0000000
   54.3242633  306.2631617  293.5271393  282.9603071  281.5446164  272.2812590  256.3388843    0.0000000    0.0000000    0.0000000    0.0000000    0.0000000    0.0000000  290.2246898  291.8350694  291.4986063  291.1303590  290.7287012  296.1775576    0.0000000    0.0000000    0.0000000    0.0000000    0.0000000    0.0000000
   55.3589940  306.2631617  292.5332941  281.5446164  280.5530697  271.6298243  254.7570160    0.0000000    0.0000000    0.0000000    0.0000000    0.0000000    0.0000000  289.2610149  290.8478959  290.1393221  290.1945548  290.1559564  294.7039050    0.0000000    0.0000000    0.0000000    0.0000000    0.0000000    0.0000000
   56.4002121  306.2631617  291.9003507  280.5530697  279.6669173  270.1821053  253.4768705    0.0000000    0.0000000    0.0000000    0.0000000    0.0000000    0.0000000  288.2917559  290.2180310  289.1998229  289.3629808  288.7949834  294.9405249    0.0000000    0.0000000    0.0000000    0.0000000    0.0000000    0.0000000
   57.4478775  305.0969697  291.9003507  279.6669173  278.2440412  269.1466201  251.9509465    0.0000000    0.0000000    0.0000000    0.0000000    0.0000000    0.0000000  287.0273513  289.1421304  288.3645428  287.9999345  287.8421906  293.5271393    0.0000000    0.0000000    0.0000000    0.0000000    0.0000000    0.0000000
   58.5019507  305.0969697  290.4941045  278.2440412  277.1772287  267.9079761  250.3503843    0.0000000    0.0000000    0.0000000    0.0000000    0.0000000    0.0000000  286.0459540  287.7405785  286.9977810  286.9892704  286.6883169  292.0414098    0.0000000    0.0000000    0.0000000    0.0000000    0.0000000    0.0000000
   59.5623930  304.1428997  289.4568520  277.1772287  275.9607278  266.8739876  247.8692254    0.0000000    0.0000000    0.0000000    0.0000000    0.0000000    0.0000000  284.9861071  286.7043797  285.9833940  285.8302896  285.7370776  291.1095488    0.0000000    0.0000000    0.0000000    0.0000000    0.0000000    0.0000000
   60.6291664  304.1428997  289.4568520  275.9607278  275.0607131  265.6066167  246.2802484    0.0000000    0.0000000    0.0000000    0.0000000    0.0000000    0.0000000  283.9926693  285.6125263  284.8206844  284.9845011  284.5547960  289.6399395    0.0000000    0.0000000    0.0000000    0.0000000    0.0000000    0.0000000
   61.7022336  304.1428997  288.3516380  275.9607278  273.7379807  264.5594103  245.9894427    0.0000000    0.0000000    0.0000000    0.0000000    0.0000000    0.0000000  282.9936204  284.5030004  283.6814013  283.7200895  283.5904661  289.4568520    0.0000000    0.0000000    0.0000000    0.0000000    0.0000000    0.0000000
   62.7815578  303.5153210  287.4462831  275.0607131  272.2812590  263.2970336  242.9104855    0.0000000    0.0000000    0.0000000    0.0000000    0.0000000    0.0000000  282.2453419  283.5914180  282.8266073  282.3228929  282.4130899  287.9535351    0.0000000    0.0000000    0.0000000    0.0000000    0.0000000    0.0000000
   63.8671030  303.5153210  287.4462831  273.7379807  272.2812590  262.0183243  241.3660931    0.0000000    0.0000000    0.0000000    0.0000000    0.0000000    0.0000000  281.2343715  282.4834833  281.5531900  281.1684548  281.2195019  286.5338473    0.0000000    0.0000000    0.0000000    0.0000000    0.0000000    0.0000000
   64.9588337  303.5153210  286.0380624  272.2812590  271.6298243  260.9210755  240.3365037    0.0000000    0.0000000    0.0000000    0.0000000    0.0000000    0.0000000  280.2177887  281.0681011  280.1469900  280.5631741  280.2055036  285.6249607    0.0000000    0.0000000    0.0000000    0.0000000    0.0000000    0.0000000
   66.0567151  302.2419101  285.0039214  271.6298243  270.1821053  259.4340537  237.2291135    0.0000000    0.0000000    0.0000000    0.0000000    0.0000000    0.0000000  278.8187997  280.0231737  279.5378901  279.1694328  278.8055609  284.1136996    0.0000000    0.0000000    0.0000000    0.0000000    0.0000000    0.0000000
   67.1607129  302.2419101  283.8667179  270.1821053  269.1466201  261.5414428  235.7105595    0.0000000    0.0000000    0.0000000    0.0000000    0.0000000    0.0000000  277.7904298  278.8763295  278.1403344  278.1836628  280.9640042  282.7250136    0.0000000    0.0000000    0.0000000    0.0000000    0.0000000    0.0000000
   68.2707934  301.2741345  283.8667179  270.1821053  267.9079761  260.0305593  235.3577938    0.0000000    0.0000000    0.0000000    0.0000000    0.0000000    0.0000000  276.6890672  277.7490392  276.9722457  276.9966247  279.5402662  282.4914430    0.0000000    0.0000000    0.0000000    0.0000000    0.0000000    0.0000000
   69.3869234  301.2741345  282.9603071  269.1466201  266.8739876  260.4967078  232.3385420    0.0000000    0.0000000    0.0000000    0.0000000    0.0000000    0.0000000  275.6490218  276.8243431  275.9773550  276.0120540  280.0736883  281.0874821    0.0000000    0.0000000    0.0000000    0.0000000    0.0000000    0.0000000
   70.5090705  301.2741345  281.5446164  267.9079761  265.6066167  260.9083813  230.7692242    0.0000000    0.0000000    0.0000000    0.0000000    0.0000000    0.0000000  274.6034126  275.3956003  274.7812128  274.7962927  280.5530697  279.6536468    0.0000000    0.0000000    0.0000000    0.0000000    0.0000000    0.0000000
   71.6372023  301.2741345  280.5530697  266.8739876  265.6066167  259.3879782  229.6312423    0.0000000    0.0000000    0.0000000    0.0000000    0.0000000    0.0000000  273.5522354  274.3868994  273.7875557  273.6082976  279.1195763  278.6476789    0.0000000    0.0000000    0.0000000    0.0000000    0.0000000    0.0000000
   72.7712874  300.0541762  279.6669173  265.6066167  264.5594103  257.8648288  226.4839388    0.0000000    0.0000000    0.0000000    0.0000000    0.0000000    0.0000000  272.1843898  273.4826769  272.5627268  272.6051408  277.6832374  277.1368281    0.0000000    0.0000000    0.0000000    0.0000000    0.0000000    0.0000000
   73.9112948  300.0541762  278.2440412  265.6066167  263.2970336  256.3388843  224.9452275    0.0000000    0.0000000    0.0000000    0.0000000    0.0000000    0.0000000  271.1217199  272.0472349  271.3705599  271.3888323  276.2439977  275.7381237    0.0000000    0.0000000    0.0000000    0.0000000    0.0000000    0.0000000
   75.0571937  300.0541762  277.1772287  264.5594103  262.0183243  254.7570160  223.3626799    0.0000000    0.0000000    0.0000000    0.0000000    0.0000000    0.0000000  270.0535198  270.9647094  270.3582593  270.1562221  274.7492533  274.2967435    0.0000000    0.0000000    0.0000000    0.0000000    0.0000000    0.0000000
   76.2089540  299.4509550  275.9607278  263.2970336  260.9210755  254.9997439  221.7767460    0.0000000    0.0000000    0.0000000    0.0000000    0.0000000    0.0000000  269.2857733  269.7343776  269.1328326  269.1031260  275.0607131  272.8526753    0.0000000    0.0000000    0.0000000    0.0000000    0.0000000    0.0000000
   77.3665461  299.4509550  275.0607131  262.0183243  260.9210755  253.4768705  220.0797635    0.0000000    0.0000000    0.0000000    0.0000000    0.0000000    0.0000000  268.2062334  268.8175060  267.8911302  267.8914217  273.6240761  272.8005613    0.0000000    0.0000000    0.0000000    0.0000000    0.0000000    0.0000000
   78.5299407  299.4509550  273.7379807  262.0183243  259.4340537  251.9509465  218.4772118    0.0000000    0.0000000    0.0000000    0.0000000    0.0000000    0.0000000  267.1212077  267.4822817  266.6799017  266.4471015  272.1842627  271.3438560    0.0000000    0.0000000    0.0000000    0.0000000    0.0000000    0.0000000
   79.6991091  299.4509550  272.2812590  260.9210755  261.5414428  250.3503843  216.8713454    0.0000000    0.0000000    0.0000000    0.0000000    0.0000000    0.0000000  266.0307026  266.0145445  265.6124389  268.5611306  270.6703964  269.8844326    0.0000000    0.0000000    0.0000000    0.0000000    0.0000000    0.0000000
   80.8740228  299.4509550  271.6298243  259.4340537  260.0305593  248.8182317  214.1749616    0.0000000    0.0000000    0.0000000    0.0000000    0.0000000    0.0000000  264.9347258  265.3441771  264.1590129  267.0929534  269.2240908  268.8624607    0.0000000    0.0000000    0.0000000    0.0000000    0.0000000    0.0000000
   82.0546539  299.4509550  270.1821053  261.5414428  260.0305593  247.8692254  212.5663315    0.0000000    0.0000000    0.0000000    0.0000000    0.0000000    0.0000000  263.8332863  263.8856227  266.2639669  265.8624772  268.3549312  267.4040131    0.0000000    0.0000000    0.0000000    0.0000000    0.0000000    0.0000000
   83.2409748  299.4509550  269.1466201  261.5414428  260.4967078  246.2802484  210.9543213    0.0000000    0.0000000    0.0000000    0.0000000    0.0000000    0.0000000  262.7263946  262.8353133  265.0335025  266.3462381  266.8520286  265.9426937    0.0000000    0.0000000    0.0000000    0.0000000    0.0000000    0.0000000
   84.4329584  299.4509550  267.9079761  260.0305593  260.9083813  245.9894427  209.4344363    0.0000000    0.0000000    0.0000000    0.0000000    0.0000000    0.0000000  261.6140622  261.5840092  263.5510067  266.7759696  266.6341404  264.5730104    0.0000000    0.0000000    0.0000000    0.0000000    0.0000000    0.0000000
   85.6305780  298.7985393  266.8739876  260.4967078  259.3879782  245.9894427  206.2315734    0.0000000    0.0000000    0.0000000    0.0000000    0.0000000    0.0000000  260.7592161  260.5354456  264.0257060  265.2928474  265.3550258  263.0721979    0.0000000    0.0000000    0.0000000    0.0000000    0.0000000    0.0000000
   86.8338070  298.7985393  265.6066167  260.4967078  259.3879782  244.4515947  204.6048236    0.0000000    0.0000000    0.0000000    0.0000000    0.0000000    0.0000000  259.6359224  259.2559638  262.7811774  264.0434322  263.8977542  261.6003011    0.0000000    0.0000000    0.0000000    0.0000000    0.0000000    0.0000000
   88.0426196  298.7985393  264.5594103  260.9083813  257.8648288  242.9104855  202.9746706    0.0000000    0.0000000    0.0000000    0.0000000    0.0000000    0.0000000  258.5072475  258.1945746  263.1966254  262.5523099  262.4370723  260.1253931    0.0000000    0.0000000    0.0000000    0.0000000    0.0000000    0.0000000
   89.2569899  298.7985393  263.2970336  259.3879782  256.3388843  241.3660931  201.3529659    0.0000000    0.0000000    0.0000000    0.0000000    0.0000000    0.0000000  257.3732053  256.9202953  261.6992721  261.0583417  260.9729567  260.2091427    0.0000000    0.0000000    0.0000000    0.0000000    0.0000000    0.0000000
   90.4768927  298.7985393  262.0183243  259.3879782  256.3388843  240.3365037  199.6982881    0.0000000    0.0000000    0.0000000    0.0000000    0.0000000    0.0000000  256.2338104  255.6299745  260.4405935  259.7950719  260.0183118  258.7134576    0.0000000    0.0000000    0.0000000    0.0000000    0.0000000    0.0000000
   91.7023030  298.7985393  260.9210755  257.8648288  254.7570160  238.7844169  198.1760320    0.0000000    0.0000000    0.0000000    0.0000000    0.0000000    0.0000000  255.0890781  254.5194265  258.9352463  258.2404937  258.5462088  257.3491620    0.0000000    0.0000000    0.0000000    0.0000000    0.0000000    0.0000000
   92.9331962  297.7834142  259.4340537  256.3388843  254.9997439  237.2291135  196.5138062    0.0000000    0.0000000    0.0000000    0.0000000    0.0000000    0.0000000  253.8494383  253.0231292  257.4271081  258.4922067  257.0707352  255.8465566    0.0000000    0.0000000    0.0000000    0.0000000    0.0000000    0.0000000
   94.1695480  297.7834142  261.5414428  256.3388843  254.9997439  235.7105595  193.6855721    0.0000000    0.0000000    0.0000000    0.0000000    0.0000000    0.0000000  252.6940382  255.0854237  256.1542284  257.2149990  255.6314564  254.7580656    0.0000000    0.0000000    0.0000000    0.0000000    0.0000000    0.0000000
   95.4113343  297.7834142  260.0305593  254.7570160  253.4768705  235.7105595  193.0275040    0.0000000    0.0000000    0.0000000    0.0000000    0.0000000    0.0000000  251.5333633  253.5657526  254.5855024  255.7135644  254.3172928  254.2529783    0.0000000    0.0000000    0.0000000    0.0000000    0.0000000    0.0000000
   96.6585315  297.7834142  260.4967078  254.7570160  251.9509465  235.3577938  193.3530151    0.0000000    0.0000000    0.0000000    0.0000000    0.0000000    0.0000000  250.3674301  254.0034664  253.3035848  254.2090708  254.0272867  254.7218395    0.0000000    0.0000000    0.0000000    0.0000000    0.0000000    0.0000000
   97.9111162  297.7834142  260.9083813  254.9997439  251.9509465  233.7958856  191.6836445    0.0000000    0.0000000    0.0000000    0.0000000    0.0000000    0.0000000  249.1962553  254.3873727  253.5360211  252.9178749  252.5400462  253.2159456    0.0000000    0.0000000    0.0000000    0.0000000    0.0000000    0.0000000
   99.1690653  297.7834142  259.3879782  254.9997439  250.3503843  232.3385420  192.0050340    0.0000000    0.0000000    0.0000000    0.0000000    0.0000000    0.0000000  248.0198559  252.8586450  252.2450117  251.3343354  251.1561412  253.6810566    0.0000000    0.0000000    0.0000000    0.0000000    0.0000000    0.0000000
  100.4323560  297.7834142  257.8648288  253.4768705  250.3503843  230.7692242  190.6461758    0.0000000    0.0000000    0.0000000    0.0000000    0.0000000    0.0000000  246.8382494  251.3273192  250.7243525  250.0342307  249.6611987  254.0724528    0.0000000    0.0000000    0.0000000    0.0000000    0.0000000    0.0000000
  101.7009660  297.7834142  256.3388843  251.9509465  248.8182317  230.7692242  190.9629478    0.0000000    0.0000000    0.0000000    0.0000000    0.0000000    0.0000000  245.6514534  249.7933465  249.2007117  248.5132954  248.3255194  254.5362858    0.0000000    0.0000000    0.0000000    0.0000000    0.0000000    0.0000000
  102.9748728  297.7834142  254.7570160  251.9509465  247.8692254  229.6312423  191.2792317    0.0000000    0.0000000    0.0000000    0.0000000    0.0000000    0.0000000  244.4594859  248.2041286  247.8954204  247.5696757  247.2527376  254.9997439    0.0000000    0.0000000    0.0000000    0.0000000    0.0000000    0.0000000
  104.2540547  298.7985393  254.9997439  250.3503843  247.8692254  228.0592683  189.5890327    0.0000000    0.0000000    0.0000000    0.0000000    0.0000000    0.0000000  243.3518884  248.4213798  246.2927984  246.2555232  245.7501285  253.4768705    0.0000000    0.0000000    0.0000000    0.0000000    0.0000000    0.0000000
  105.5384900  298.7985393  253.4768705  250.3503843  246.2802484  226.4839388  187.8956856    0.0000000    0.0000000    0.0000000    0.0000000    0.0000000    0.0000000  242.1495758  246.8908034  244.9783633  244.6732662  244.2440229  251.9509465    0.0000000    0.0000000    0.0000000    0.0000000    0.0000000    0.0000000
  106.8281571  298.7985393  251.9509465  248.8182317  246.2802484  224.9452275  184.4994915    0.0000000    0.0000000    0.0000000    0.0000000    0.0000000    0.0000000  240.9421386  245.3573243  243.4384195  243.3501299  242.7739957  250.3503843    0.0000000    0.0000000    0.0000000    0.0000000    0.0000000    0.0000000
  108.1230351  298.7985393  250.3503843  248.8182317  245.9894427  224.9452275  182.7966178    0.0000000    0.0000000    0.0000000    0.0000000    0.0000000    0.0000000  239.7295959  243.7500697  242.1148200  243.0480338  241.4165801  248.8182317    0.0000000    0.0000000    0.0000000    0.0000000    0.0000000    0.0000000
  109.4231031  299.4509550  250.3503843  247.8692254  245.9894427  223.3626799  181.0905431    0.0000000    0.0000000    0.0000000    0.0000000    0.0000000    0.0000000  238.2489525  242.4749891  241.1471869  241.7158845  239.8983121  247.2829408    0.0000000    0.0000000    0.0000000    0.0000000    0.0000000    0.0000000
  110.7283403  299.4509550  248.8182317  247.8692254  244.4515947  221.7767460  179.3812555    0.0000000    0.0000000    0.0000000    0.0000000    0.0000000    0.0000000  237.0261589  240.9300457  239.8144098  240.1742272  238.3765288  245.7444821    0.0000000    0.0000000    0.0000000    0.0000000    0.0000000    0.0000000
  112.0387264  299.4509550  247.8692254  246.2802484  244.4515947  221.5548647  177.6687439    0.0000000    0.0000000    0.0000000    0.0000000    0.0000000    0.0000000  235.7983116  239.9625472  238.2082460  238.8330439  238.2049956  244.2028281    0.0000000    0.0000000    0.0000000    0.0000000    0.0000000    0.0000000
  113.3542413  299.4509550  246.2802484  245.9894427  242.9104855  221.5548647  175.9529975    0.0000000    0.0000000    0.0000000    0.0000000    0.0000000    0.0000000  234.5654299  238.3616070  237.8873896  237.2832097  236.8303935  242.6579523    0.0000000    0.0000000    0.0000000    0.0000000    0.0000000    0.0000000
  114.6748649  299.4509550  245.9894427  244.4515947  242.9104855  220.0797635  172.5117600    0.0000000    0.0000000    0.0000000    0.0000000    0.0000000    0.0000000  233.3275333  238.0459847  236.3320786  235.9329788  235.4133534  241.0407407    0.0000000    0.0000000    0.0000000    0.0000000    0.0000000    0.0000000
  116.0005778  299.4509550  244.4515947  242.9104855  241.3660931  218.4772118  171.2031893    0.0000000    0.0000000    0.0000000    0.0000000    0.0000000    0.0000000  232.0846411  236.4959180  234.7736556  234.3749875  233.8699880  239.9020820    0.0000000    0.0000000    0.0000000    0.0000000    0.0000000    0.0000000
  117.3313603  299.4509550  242.9104855  241.3660931  241.3660931  216.8713454  171.4836356    0.0000000    0.0000000    0.0000000    0.0000000    0.0000000    0.0000000  230.8367727  234.9427495  233.2120980  233.0157018  232.3231928  240.3365037    0.0000000    0.0000000    0.0000000    0.0000000    0.0000000    0.0000000
  118.6671932  299.4509550  241.3660931  240.3365037  240.3365037  216.8713454  169.7575681    0.0000000    0.0000000    0.0000000    0.0000000    0.0000000    0.0000000  229.5839474  233.3864563  232.1603106  231.9625016  230.9313296  238.7844169    0.0000000    0.0000000    0.0000000    0.0000000    0.0000000    0.0000000
  120.0080576  299.4509550  240.3365037  238.7844169  238.7844169  215.2621511  168.0283252    0.0000000    0.0000000    0.0000000    0.0000000    0.0000000    0.0000000  228.3261842  232.3399432  230.5913651  230.3921439  229.3764535  237.2291135    0.0000000    0.0000000    0.0000000    0.0000000    0.0000000    0.0000000
  121.3539345  300.0541762  238.7844169  237.2291135  237.2291135  214.1749616  166.3362885    0.0000000    0.0000000    0.0000000    0.0000000    0.0000000    0.0000000  226.7574957  230.7762817  229.0193493  228.8187163  228.3382275  235.7105595    0.0000000    0.0000000    0.0000000    0.0000000    0.0000000    0.0000000
  122.7048055  300.0541762  237.2291135  235.7105595  235.7105595  214.1749616  164.6001949    0.0000000    0.0000000    0.0000000    0.0000000    0.0000000    0.0000000  225.4897710  229.2095593  227.4838285  227.2817843  226.9336980  234.1482928    0.0000000    0.0000000    0.0000000    0.0000000    0.0000000    0.0000000
  124.0606521  300.0541762  235.7105595  235.3577938  235.3577938  212.5663315  161.1184144    0.0000000    0.0000000    0.0000000    0.0000000    0.0000000    0.0000000  224.2171628  227.6793413  227.1025506  226.8990957  225.3744863  232.5217902    0.0000000    0.0000000    0.0000000    0.0000000    0.0000000    0.0000000
  125.4214561  300.0541762  235.3577938  233.7958856  233.7958856  210.9543213  159.3727084    0.0000000    0.0000000    0.0000000    0.0000000    0.0000000    0.0000000  222.9396903  227.3033754  225.5243338  225.3194687  223.8118078  230.9530373    0.0000000    0.0000000    0.0000000    0.0000000    0.0000000    0.0000000
  126.7871995  301.2741345  233.7958856  232.3385420  232.3385420  210.9543213  157.6632590    0.0000000    0.0000000    0.0000000    0.0000000    0.0000000    0.0000000  221.9681001  225.7304797  224.0497472  223.8434724  222.3945696  229.4200622    0.0000000    0.0000000    0.0000000    0.0000000    0.0000000    0.0000000
  128.1578646  301.2741345  232.3385420  230.7692242  230.7692242  209.4344363  155.9106665    0.0000000    0.0000000    0.0000000    0.0000000    0.0000000    0.0000000  220.6807959  224.2612230  222.4644169  222.2567330  220.9183666  227.8442494    0.0000000    0.0000000    0.0000000    0.0000000    0.0000000    0.0000000
  129.5334336  301.2741345  230.7692242  229.6312423  229.6312423  209.4344363  154.1548462    0.0000000    0.0000000    0.0000000    0.0000000    0.0000000    0.0000000  219.3886820  222.6812315  221.3062194  221.0971268  219.4929972  226.2651057    0.0000000    0.0000000    0.0000000    0.0000000    0.0000000    0.0000000
  130.9138893  301.2741345  229.6312423  228.0592683  228.0592683  207.8549290  152.3957902    0.0000000    0.0000000    0.0000000    0.0000000    0.0000000    0.0000000  218.0917770  221.5283814  219.7184792  219.5079785  217.9530602  224.6826142    0.0000000    0.0000000    0.0000000    0.0000000    0.0000000    0.0000000
  132.2992143  301.2741345  228.0592683  226.4839388  226.4839388  206.2315734  150.6725332    0.0000000    0.0000000    0.0000000    0.0000000    0.0000000    0.0000000  216.7900994  219.9459971  218.1275261  217.9156177  216.3696211  223.1354111    0.0000000    0.0000000    0.0000000    0.0000000    0.0000000    0.0000000
  133.6893916  303.5153210  226.4839388  224.9452275  224.9452275  206.2315734  148.9065715    0.0000000    0.0000000    0.0000000    0.0000000    0.0000000    0.0000000  215.9270569  218.3604083  216.5729334  216.3596179  214.9314872  221.5457697    0.0000000    0.0000000    0.0000000    0.0000000    0.0000000    0.0000000
  135.0844044  303.5153210  224.9452275  223.3626799  223.3626799  204.6048236  145.3649011    0.0000000    0.0000000    0.0000000    0.0000000    0.0000000    0.0000000  214.6155401  216.8111882  214.9750507  214.7603285  213.3400167  219.8936786    0.0000000    0.0000000    0.0000000    0.0000000    0.0000000    0.0000000
  136.4842358  303.5153210  223.3626799  221.7767460  221.7767460  202.9746706  143.6277958    0.0000000    0.0000000    0.0000000    0.0000000    0.0000000    0.0000000  213.2993041  215.2186862  213.3739229  213.1577945  211.7450998  218.3355616    0.0000000    0.0000000    0.0000000    0.0000000    0.0000000    0.0000000
  137.8888695  303.5153210  221.7767460  221.5548647  221.5548647  202.9746706  141.8484163    0.0000000    0.0000000    0.0000000    0.0000000    0.0000000    0.0000000  211.9783670  213.6229471  213.1233139  212.9057798  210.2942028  216.7354186    0.0000000    0.0000000    0.0000000    0.0000000    0.0000000    0.0000000
  139.2982890  303.5153210  221.5548647  220.0797635  220.0797635  202.8672595  140.0657753    0.0000000    0.0000000    0.0000000    0.0000000    0.0000000    0.0000000  210.6527467  213.3777346  211.6321234  211.4131841  210.2021679  215.1318651    0.0000000    0.0000000    0.0000000    0.0000000    0.0000000    0.0000000
  140.7124781  304.1428997  220.0797635  218.4772118  218.4772118  202.8672595  138.2798670    0.0000000    0.0000000    0.0000000    0.0000000    0.0000000    0.0000000  209.0653797  211.8919485  210.0148626  209.7945185  208.7430642  213.5248891    0.0000000    0.0000000    0.0000000    0.0000000    0.0000000    0.0000000
  142.1314208  304.1428997  218.4772118  216.8713454  216.8713454  201.3529659  136.5288879    0.0000000    0.0000000    0.0000000    0.0000000    0.0000000    0.0000000  207.7302628  210.2800997  208.3944254  208.1726771  207.2536096  211.9522990    0.0000000    0.0000000    0.0000000    0.0000000    0.0000000    0.0000000
  143.5551012  305.0969697  216.8713454  215.2621511  215.2621511  201.3529659  134.7360566    0.0000000    0.0000000    0.0000000    0.0000000    0.0000000    0.0000000  206.4631286  208.6650821  206.7707984  206.5476462  205.7862809  210.3380754    0.0000000    0.0000000    0.0000000    0.0000000    0.0000000    0.0000000
  144.9835037  305.0969697  215.2621511  214.1749616  214.1749616  199.6982881  132.9399524    0.0000000    0.0000000    0.0000000    0.0000000    0.0000000    0.0000000  205.1185813  207.0468820  205.6640601  205.4395047  204.1532676  208.7204061    0.0000000    0.0000000    0.0000000    0.0000000    0.0000000    0.0000000
  146.4166126  305.0969697  214.1749616  212.5663315  212.5663315  199.6982881  131.8697208    0.0000000    0.0000000    0.0000000    0.0000000    0.0000000    0.0000000  203.7694385  205.9455781  204.0411993  203.8152410  202.6777007  207.8211403    0.0000000    0.0000000    0.0000000    0.0000000    0.0000000    0.0000000
  147.8544126  306.2631617  212.5663315  210.9543213  210.9543213  198.1760320  130.1248146    0.0000000    0.0000000    0.0000000    0.0000000    0.0000000    0.0000000  202.7046355  204.3281588  202.4150953  202.1877346  201.1712349  206.2537311    0.0000000    0.0000000    0.0000000    0.0000000    0.0000000    0.0000000
  149.2968883  306.2631617  210.9543213  209.4344363  209.4344363  198.1760320  130.3197864    0.0000000    0.0000000    0.0000000    0.0000000    0.0000000    0.0000000  201.3461634  202.7075034  200.8802979  200.6515353  199.6874209  206.6065811    0.0000000    0.0000000    0.0000000    0.0000000    0.0000000    0.0000000
  150.7440247  306.2631617  210.9543213  209.4344363  207.8549290  196.5138062  128.5678599    0.0000000    0.0000000    0.0000000    0.0000000    0.0000000    0.0000000  199.9831472  201.3109126  199.4345048  199.0564124  198.0378649  205.0317773    0.0000000    0.0000000    0.0000000    0.0000000    0.0000000    0.0000000
  152.1958069  306.2631617  209.4344363  207.8549290  206.2315734  194.9835777  126.7526695    0.0000000    0.0000000    0.0000000    0.0000000    0.0000000    0.0000000  198.6156034  199.7771934  197.8356321  197.4179818  196.5189795  203.3941137    0.0000000    0.0000000    0.0000000    0.0000000    0.0000000    0.0000000
  153.6522199  306.2631617  209.4344363  206.2315734  204.6048236  194.9835777  124.9937206    0.0000000    0.0000000    0.0000000    0.0000000    0.0000000    0.0000000  197.2435483  198.3724453  196.1934614  195.7762928  195.0224301  201.8118967    0.0000000    0.0000000    0.0000000    0.0000000    0.0000000    0.0000000
  155.1132492  306.6907553  207.8549290  204.6048236  202.9746706  194.9835777  123.1717228    0.0000000    0.0000000    0.0000000    0.0000000    0.0000000    0.0000000  195.4306560  196.7754669  194.5480419  194.1313356  193.5221107  200.1670252    0.0000000    0.0000000    0.0000000    0.0000000    0.0000000    0.0000000
  156.5788802  308.0722209  207.8549290  202.9746706  202.9746706  193.6855721  121.4057509    0.0000000    0.0000000    0.0000000    0.0000000    0.0000000    0.0000000  194.5641745  195.3625766  192.8993638  192.6635982  192.2241832  198.5773798    0.0000000    0.0000000    0.0000000    0.0000000    0.0000000    0.0000000
  158.0490985  308.0722209  206.2315734  202.8672595  202.8672595  193.6855721  119.5769519    0.0000000    0.0000000    0.0000000    0.0000000    0.0000000    0.0000000  193.1783052  193.7179902  192.7583103  192.5211454  190.7156125  196.9252926    0.0000000    0.0000000    0.0000000    0.0000000    0.0000000    0.0000000
  159.5238897  308.0722209  206.2315734  201.3529659  201.3529659  193.0275040  117.8039580    0.0000000    0.0000000    0.0000000    0.0000000    0.0000000    0.0000000  191.7879907  192.2969749  191.2245527  190.9859889  190.0467947  195.3282068    0.0000000    0.0000000    0.0000000    0.0000000    0.0000000    0.0000000
  161.0032399  308.0722209  204.6048236  199.6982881  199.6982881  193.0275040  115.9683644    0.0000000    0.0000000    0.0000000    0.0000000    0.0000000    0.0000000  190.3932467  190.6448648  189.5519237  189.3119616  188.5299776  193.6688985    0.0000000    0.0000000    0.0000000    0.0000000    0.0000000    0.0000000
  162.4871349  308.9377571  204.6048236  198.1760320  198.1760320  193.3530151  114.1883509    0.0000000    0.0000000    0.0000000    0.0000000    0.0000000    0.0000000  189.0042704  189.2157434  188.0105006  187.7691405  188.8305064  192.0643631    0.0000000    0.0000000    0.0000000    0.0000000    0.0000000    0.0000000
  163.9755609  308.9377571  202.9746706  196.5138062  196.5138062  193.3530151  112.3459703    0.0000000    0.0000000    0.0000000    0.0000000    0.0000000    0.0000000  187.6005258  187.5561348  186.3306153  186.0878577  187.3054504  190.3978304    0.0000000    0.0000000    0.0000000    0.0000000    0.0000000    0.0000000
  165.4685042  307.0860892  202.9746706  194.9835777  194.9835777  191.6836445  110.5589406    0.0000000    0.0000000    0.0000000    0.0000000    0.0000000    0.0000000  183.5191879  186.1189277  184.7815147  184.5373600  185.6266809  188.7858388    0.0000000    0.0000000    0.0000000    0.0000000    0.0000000    0.0000000
  166.9659510  307.0860892  202.8672595  193.6855721  193.6855721  191.6836445  108.7097813    0.0000000    0.0000000    0.0000000    0.0000000    0.0000000    0.0000000  182.1065062  185.9627386  183.4624216  183.2168702  184.0933958  187.1120806    0.0000000    0.0000000    0.0000000    0.0000000    0.0000000    0.0000000
  168.4678880  307.0860892  202.8672595  193.0275040  193.0275040  192.0050340  106.9157401    0.0000000    0.0000000    0.0000000    0.0000000    0.0000000    0.0000000  180.6894734  184.5174676  182.7769728  182.5300251  184.3811454  185.4926288    0.0000000    0.0000000    0.0000000    0.0000000    0.0000000    0.0000000
  169.9743017  307.0860892  201.3529659  193.3530151  193.3530151  192.0050340  105.0598109    0.0000000    0.0000000    0.0000000    0.0000000    0.0000000    0.0000000  179.2681040  182.9644037  183.0653733  182.8170297  182.8396431  183.8116455    0.0000000    0.0000000    0.0000000    0.0000000    0.0000000    0.0000000
  171.4851789  307.0860892  201.3529659  191.6836445  191.6836445  192.0050340  103.2587639    0.0000000    0.0000000    0.0000000    0.0000000    0.0000000    0.0000000  177.8424126  181.5110916  181.3789460  181.1292070  181.2943055  182.1847315    0.0000000    0.0000000    0.0000000    0.0000000    0.0000000    0.0000000
  173.0005064  307.0860892  199.6982881  192.0050340  192.0050340  192.3259415  101.3960743    0.0000000    0.0000000    0.0000000    0.0000000    0.0000000    0.0000000  176.4124135  179.8150200  181.6634759  181.4123419  181.5729084  180.4965255    0.0000000    0.0000000    0.0000000    0.0000000    0.0000000    0.0000000
  174.5202712  307.9462930  199.6982881  192.3259415  192.3259415  190.6461758   99.5880283    0.0000000    0.0000000    0.0000000    0.0000000    0.0000000    0.0000000  174.9956137  178.3536908  181.9476329  181.6951043  179.8709429  178.8621495    0.0000000    0.0000000    0.0000000    0.0000000    0.0000000    0.0000000
  176.0444604  307.9462930  198.1760320  190.6461758  190.6461758  190.9629478   97.7185881    0.0000000    0.0000000    0.0000000    0.0000000    0.0000000    0.0000000  173.5568617  176.7847222  180.2512270  179.9973042  180.1456476  177.1667245    0.0000000    0.0000000    0.0000000    0.0000000    0.0000000    0.0000000
  177.5730611  307.9462930  198.1760320  190.9629478  190.9629478  191.2792317   96.3205603    0.0000000    0.0000000    0.0000000    0.0000000    0.0000000    0.0000000  172.1138457  175.3154010  180.5314967  180.2761801  180.4199664  175.9377279    0.0000000    0.0000000    0.0000000    0.0000000    0.0000000    0.0000000
  179.1060606  308.2962279  198.1760320  191.2792317  191.2792317  189.5890327   96.4661405    0.0000000    0.0000000    0.0000000    0.0000000    0.0000000    0.0000000  170.1854693  173.8422877  180.8113859  180.5546759  178.7079642  176.2366320    0.0000000    0.0000000    0.0000000    0.0000000    0.0000000    0.0000000
  180.6434465  309.2010268  196.5138062  189.5890327  189.5890327  187.8956856   96.6114543    0.0000000    0.0000000    0.0000000    0.0000000    0.0000000    0.0000000  168.8089694  172.1266133  179.1049593  178.8468563  176.9929419  176.5350004    0.0000000    0.0000000    0.0000000    0.0000000    0.0000000    0.0000000
  182.1852062  309.2010268  196.5138062  187.8956856  187.8956856  186.1991764   94.7477726    0.0000000    0.0000000    0.0000000    0.0000000    0.0000000    0.0000000  167.3528912  170.6455385  177.3955179  177.1360223  175.2748853  174.8441900    0.0000000    0.0000000    0.0000000    0.0000000    0.0000000    0.0000000
  183.7313272  309.2010268  194.9835777  186.1991764  186.1991764  184.4994915   94.8893619    0.0000000    0.0000000    0.0000000    0.0000000    0.0000000    0.0000000  165.8926066  169.0566341  175.6830472  175.4221594  173.5537804  175.1383239    0.0000000    0.0000000    0.0000000    0.0000000    0.0000000    0.0000000
  185.2817975  309.2010268  194.9835777  184.4994915  184.4994915  182.7966178   95.0306907    0.0000000    0.0000000    0.0000000    0.0000000    0.0000000    0.0000000  164.4281288  167.5676249  173.9675333  173.7052537  171.8296142  175.4319250    0.0000000    0.0000000    0.0000000    0.0000000    0.0000000    0.0000000
  186.8366047  309.2010268  193.6855721  182.7966178  182.7966178  181.0905431   93.1572101    0.0000000    0.0000000    0.0000000    0.0000000    0.0000000    0.0000000  162.9594709  166.2047457  172.2489631  171.9852920  170.1023738  173.7305895    0.0000000    0.0000000    0.0000000    0.0000000    0.0000000    0.0000000
  188.3957369  309.2010268  193.6855721  181.0905431  181.0905431  179.3812555   93.2948260    0.0000000    0.0000000    0.0000000    0.0000000    0.0000000    0.0000000  161.4866459  164.7078299  170.5273237  170.2622616  168.3720474  174.0199633    0.0000000    0.0000000    0.0000000    0.0000000    0.0000000    0.0000000
  189.9591820  310.0824153  193.6855721  179.3812555  179.3812555  177.6687439   93.2948260    0.0000000    0.0000000    0.0000000    0.0000000    0.0000000    0.0000000  160.0678325  163.2071366  168.8026030  168.5361503  166.6386234  172.3525663    0.0000000    0.0000000    0.0000000    0.0000000    0.0000000    0.0000000
  191.5269283  310.0824153  193.0275040  177.6687439  177.6687439  177.6687439   93.4321872    0.0000000    0.0000000    0.0000000    0.0000000    0.0000000    0.0000000  158.5865431  162.4698506  167.0747896  166.8069466  165.0464778  172.6377510    0.0000000    0.0000000    0.0000000    0.0000000    0.0000000    0.0000000
  193.0989638  310.0824153  193.0275040  175.9529975  175.9529975  175.9529975   91.5489029    0.0000000    0.0000000    0.0000000    0.0000000    0.0000000    0.0000000  157.1011264  160.9612863  165.3438723  165.0746394  163.3050353  170.9222204    0.0000000    0.0000000    0.0000000    0.0000000    0.0000000    0.0000000
  194.6752771  310.0824153  193.3530151  174.2340061  174.2340061  174.2340061   91.6825640    0.0000000    0.0000000    0.0000000    0.0000000    0.0000000    0.0000000  155.6115948  161.1939522  163.6098406  163.3392182  161.5604812  171.2031893    0.0000000    0.0000000    0.0000000    0.0000000    0.0000000    0.0000000
  196.2558564  310.0824153  193.3530151  172.5117600  172.5117600  172.5117600   91.8159767    0.0000000    0.0000000    0.0000000    0.0000000    0.0000000    0.0000000  154.1179608  159.6775459  161.8726845  161.6006730  159.8128056  171.4836356    0.0000000    0.0000000    0.0000000    0.0000000    0.0000000    0.0000000
  197.8406903  310.6973319  191.6836445  171.2031893  171.2031893  171.2031893   89.9228873    0.0000000    0.0000000    0.0000000    0.0000000    0.0000000    0.0000000  152.4210216  157.9315178  160.5451644  160.2717641  158.4747689  169.7575681    0.0000000    0.0000000    0.0000000    0.0000000    0.0000000    0.0000000
  199.4297674  310.6973319  191.6836445  171.4836356  171.4836356  171.4836356   88.0268699    0.0000000    0.0000000    0.0000000    0.0000000    0.0000000    0.0000000  150.9190575  156.4072989  160.7908679  160.5160793  158.7099586  168.0283252    0.0000000    0.0000000    0.0000000    0.0000000    0.0000000    0.0000000
  201.0230764  310.6973319  191.6836445  169.7575681  169.7575681  169.7575681   88.0268699    0.0000000    0.0000000    0.0000000    0.0000000    0.0000000    0.0000000  149.4130287  154.8793261  159.0502194  158.7740427  156.9587990  166.3362885    0.0000000    0.0000000    0.0000000    0.0000000    0.0000000    0.0000000
  202.6206062  311.5818999  192.0050340  168.0283252  168.0283252  168.0283252   86.1279135    0.0000000    0.0000000    0.0000000    0.0000000    0.0000000    0.0000000  147.9775188  155.0963904  157.3065231  157.0289588  155.2045945  164.6001949    0.0000000    0.0000000    0.0000000    0.0000000    0.0000000    0.0000000
  204.2223455  311.5818999  192.0050340  166.3362885  166.3362885  166.3362885   84.2260076    0.0000000    0.0000000    0.0000000    0.0000000    0.0000000    0.0000000  146.4632386  153.5606438  155.5997567  155.3208052  153.4873227  162.8609068    0.0000000    0.0000000    0.0000000    0.0000000    0.0000000    0.0000000
  205.8282833  311.5818999  192.0050340  164.6001949  164.6001949  164.6001949   82.3211421    0.0000000    0.0000000    0.0000000    0.0000000    0.0000000    0.0000000  144.9449308  152.0211530  153.8494692  153.5691308  151.7265325  161.1184144    0.0000000    0.0000000    0.0000000    0.0000000    0.0000000    0.0000000
  207.4384088  311.5818999  192.3259415  162.8609068  162.8609068  162.8609068   80.4133073    0.0000000    0.0000000    0.0000000    0.0000000    0.0000000    0.0000000  143.4226069  152.2300599  152.0961140  151.8143890  149.9626773  159.3727084    0.0000000    0.0000000    0.0000000    0.0000000    0.0000000    0.0000000
  209.0527109  311.5818999  192.3259415  161.1184144  161.1184144  161.1184144   80.4133073    0.0000000    0.0000000    0.0000000    0.0000000    0.0000000    0.0000000  141.8962783  150.6828354  150.3396810  150.0565698  148.1957471  157.6632590    0.0000000    0.0000000    0.0000000    0.0000000    0.0000000    0.0000000
  210.6711791  311.5818999  192.3259415  159.3727084  159.3727084  159.3727084   78.5024939    0.0000000    0.0000000    0.0000000    0.0000000    0.0000000    0.0000000  140.3659564  149.1318776  148.5802049  148.2957080  146.4257766  155.9106665    0.0000000    0.0000000    0.0000000    0.0000000    0.0000000    0.0000000
  212.2938025  311.5818999  190.6461758  157.6632590  157.6632590  157.6632590   76.5886931    0.0000000    0.0000000    0.0000000    0.0000000    0.0000000    0.0000000  138.8316524  147.3525164  146.8574139  146.5715315  144.6924938  154.1548462    0.0000000    0.0000000    0.0000000    0.0000000    0.0000000    0.0000000
  213.9205705  311.5818999  190.6461758  155.9106665  155.9106665  155.9106665   74.6718965    0.0000000    0.0000000    0.0000000    0.0000000    0.0000000    0.0000000  137.2933775  145.7938659  145.0920084  144.8047408  142.9165991  152.3957902    0.0000000    0.0000000    0.0000000    0.0000000    0.0000000    0.0000000
  215.5514726  311.5818999  190.6461758  154.1548462  154.1548462  154.1548462   74.6718965    0.0000000    0.0000000    0.0000000    0.0000000    0.0000000    0.0000000  135.7511428  144.2314942  143.3235040  143.0348517  141.1376083  150.6725332    0.0000000    0.0000000    0.0000000    0.0000000    0.0000000    0.0000000
  217.1864984  311.5818999  190.9629478  152.3957902  152.3957902  152.3957902   72.7520958    0.0000000    0.0000000    0.0000000    0.0000000    0.0000000    0.0000000  134.2049592  144.4211814  141.5518925  141.2618558  139.3555131  148.9065715    0.0000000    0.0000000    0.0000000    0.0000000    0.0000000    0.0000000
  218.8256375  311.5818999  190.9629478  150.6725332  150.6725332  150.6725332   70.8292836    0.0000000    0.0000000    0.0000000    0.0000000    0.0000000    0.0000000  132.6548376  142.8511587  139.8158181  139.5243974  137.6089576  147.1373630    0.0000000    0.0000000    0.0000000    0.0000000    0.0000000    0.0000000
  220.4688796  312.5986211  190.9629478  148.9065715  148.9065715  148.9065715   68.9034522    0.0000000    0.0000000    0.0000000    0.0000000    0.0000000    0.0000000  131.3119041  141.2774280  138.0375616  137.7447572  135.8202226  145.3649011    0.0000000    0.0000000    0.0000000    0.0000000    0.0000000    0.0000000
  222.1162144  312.5986211  191.2792317  147.1373630  147.1373630  147.1373630   68.9034522    0.0000000    0.0000000    0.0000000    0.0000000    0.0000000    0.0000000  129.7537961  141.4591842  136.2561860  135.9619981  134.0283711  143.6277958    0.0000000    0.0000000    0.0000000    0.0000000    0.0000000    0.0000000
  223.7676318  312.5986211  191.2792317  145.3649011  145.3649011  145.3649011   66.9745948    0.0000000    0.0000000    0.0000000    0.0000000    0.0000000    0.0000000  128.1917833  139.8778448  134.4716842  134.1761134  132.2333961  141.8484163    0.0000000    0.0000000    0.0000000    0.0000000    0.0000000    0.0000000
  225.4231219  312.5986211  191.2792317  143.6277958  143.6277958  143.6277958   65.0427046    0.0000000    0.0000000    0.0000000    0.0000000    0.0000000    0.0000000  126.6258764  138.2928113  132.7222799  132.4253264  130.4735212  140.0657753    0.0000000    0.0000000    0.0000000    0.0000000    0.0000000    0.0000000
  227.0826744  312.5986211  189.5890327  141.8484163  141.8484163  141.8484163   63.1077752    0.0000000    0.0000000    0.0000000    0.0000000    0.0000000    0.0000000  125.0560857  136.4807766  130.9311184  130.6327826  128.6718916  138.2798670    0.0000000    0.0000000    0.0000000    0.0000000    0.0000000    0.0000000
  228.7462797  313.4380921  189.5890327  140.0657753  140.0657753  140.0657753   63.1077752    0.0000000    0.0000000    0.0000000    0.0000000    0.0000000    0.0000000  123.5247927  134.8881772  129.1368215  128.8371037  126.8671292  136.5288879    0.0000000    0.0000000    0.0000000    0.0000000    0.0000000    0.0000000
  230.4139277  313.4380921  189.5890327  140.0657753  138.2798670  138.2798670   61.1698006    0.0000000    0.0000000    0.0000000    0.0000000    0.0000000    0.0000000  121.9471291  133.2918983  127.5137927  127.0382840  125.0592282  134.7360566    0.0000000    0.0000000    0.0000000    0.0000000    0.0000000    0.0000000
  232.0856087  313.4380921  189.5890327  138.2798670  136.5288879  136.5288879   59.2287750    0.0000000    0.0000000    0.0000000    0.0000000    0.0000000    0.0000000  120.3656136  131.6919430  125.7117815  125.2741376  123.2860027  132.9399524    0.0000000    0.0000000    0.0000000    0.0000000    0.0000000    0.0000000
  233.7613130  313.4380921  187.8956856  136.5288879  134.7360566  134.7360566   57.2846929    0.0000000    0.0000000    0.0000000    0.0000000    0.0000000    0.0000000  118.7802564  129.8656460  123.9444487  123.4686505  121.4714387  131.1405706    0.0000000    0.0000000    0.0000000    0.0000000    0.0000000    0.0000000
  235.4410310  313.4380921  187.8956856  134.7360566  132.9399524  132.9399524   57.2846929    0.0000000    0.0000000    0.0000000    0.0000000    0.0000000    0.0000000  117.1910672  128.2581799  122.1357804  121.6600159  119.6537293  129.3757061    0.0000000    0.0000000    0.0000000    0.0000000    0.0000000    0.0000000
  237.1247531  314.0553840  187.8956856  132.9399524  132.9399524  131.8697208   55.3375491    0.0000000    0.0000000    0.0000000    0.0000000    0.0000000    0.0000000  115.4273012  126.6470529  120.3239696  120.0173468  118.5547283  127.5694014    0.0000000    0.0000000    0.0000000    0.0000000    0.0000000    0.0000000
  238.8124699  314.0553840  186.1991764  131.8697208  131.8697208  130.1248146   53.3873387    0.0000000    0.0000000    0.0000000    0.0000000    0.0000000    0.0000000  113.8303480  124.8104259  119.2308700  118.9228673  116.7878935  125.7598155    0.0000000    0.0000000    0.0000000    0.0000000    0.0000000    0.0000000
  240.5041718  314.0553840  186.1991764  130.1248146  130.1248146  130.3197864   53.3873387    0.0000000    0.0000000    0.0000000    0.0000000    0.0000000    0.0000000  112.2295935  123.1918316  117.4699396  117.1605572  116.9416318  123.9847002    0.0000000    0.0000000    0.0000000    0.0000000    0.0000000    0.0000000
  242.1998495  314.0553840  186.1991764  130.3197864  130.3197864  128.5678599   51.4340571    0.0000000    0.0000000    0.0000000    0.0000000    0.0000000    0.0000000  110.6250473  121.5695924  117.6295850  117.3188232  115.1680341  122.1681947    0.0000000    0.0000000    0.0000000    0.0000000    0.0000000    0.0000000
  243.8994937  314.0553840  186.1991764  128.5678599  128.5678599  126.7526695   49.4776997    0.0000000    0.0000000    0.0000000    0.0000000    0.0000000    0.0000000  109.0167191  119.9437120  115.8618973  115.5497565  113.3318983  120.3484060    0.0000000    0.0000000    0.0000000    0.0000000    0.0000000    0.0000000
  245.6030951  314.0553840  184.4994915  126.7526695  126.7526695  124.9937206   49.4776997    0.0000000    0.0000000    0.0000000    0.0000000    0.0000000    0.0000000  107.4046181  118.0930291  114.0316741  113.7181546  111.5515343  118.5630295    0.0000000    0.0000000    0.0000000    0.0000000    0.0000000    0.0000000
  247.3106447  315.3902696  184.4994915  124.9937206  124.9937206  123.1717228   47.5182626    0.0000000    0.0000000    0.0000000    0.0000000    0.0000000    0.0000000  106.3352238  116.4597373  112.2572254  111.9423275  109.7088443  116.7363269    0.0000000    0.0000000    0.0000000    0.0000000    0.0000000    0.0000000
  249.0221333  315.3902696  184.4994915  123.1717228  123.1717228  121.4057509   45.5557416    0.0000000    0.0000000    0.0000000    0.0000000    0.0000000    0.0000000  104.7154831  114.8228211  110.4204534  110.1041774  107.9217121  114.9063401    0.0000000    0.0000000    0.0000000    0.0000000    0.0000000    0.0000000
  250.7375518  315.3902696  184.4994915  121.4057509  121.4057509  119.5769519   45.5557416    0.0000000    0.0000000    0.0000000    0.0000000    0.0000000    0.0000000  103.0919988  113.1822845  108.6392417  108.3215880  106.0724726  113.1106974    0.0000000    0.0000000    0.0000000    0.0000000    0.0000000    0.0000000
  252.4568913  315.3902696  182.7966178  119.5769519  119.5769519  117.8039580   43.5901332    0.0000000    0.0000000    0.0000000    0.0000000    0.0000000    0.0000000  101.4647800  111.3176637  106.7959254  106.4768943  104.2785717  111.2738047    0.0000000    0.0000000    0.0000000    0.0000000    0.0000000    0.0000000
  254.1801428  315.3902696  182.7966178  117.8039580  117.8039580  115.9683644   41.6214340    0.0000000    0.0000000    0.0000000    0.0000000    0.0000000    0.0000000   99.8338360  109.6697719  105.0079503  104.6875420  102.4227882  109.4336280    0.0000000    0.0000000    0.0000000    0.0000000    0.0000000    0.0000000
  255.9072975  315.3902696  182.7966178  115.9683644  115.9683644  114.1883509   41.6214340    0.0000000    0.0000000    0.0000000    0.0000000    0.0000000    0.0000000   98.1991757  108.0182767  103.1580950  102.8363100  100.6221197  107.6277186    0.0000000    0.0000000    0.0000000    0.0000000    0.0000000    0.0000000
  257.6383466  315.3902696  182.7966178  114.1883509  114.1883509  112.3459703   39.6496405    0.0000000    0.0000000    0.0000000    0.0000000    0.0000000    0.0000000   96.5608081  106.3631826  101.3633571  101.0401956   98.7597983  105.7806460    0.0000000    0.0000000    0.0000000    0.0000000    0.0000000    0.0000000
  259.3732813  315.3902696  182.7966178  112.3459703  112.3459703  110.5589406   37.6747499    0.0000000    0.0000000    0.0000000    0.0000000    0.0000000    0.0000000   94.9187420  104.7044940   99.5069689   99.1824312   96.9523643  103.9302905    0.0000000    0.0000000    0.0000000    0.0000000    0.0000000    0.0000000
  261.1120930  315.3902696  181.0905431  110.5589406  110.5589406  108.7097813   37.6747499    0.0000000    0.0000000    0.0000000    0.0000000    0.0000000    0.0000000   93.2729862  102.8223466   97.7054705   97.3795569   95.0835120  102.1141179    0.0000000    0.0000000    0.0000000    0.0000000    0.0000000    0.0000000
  262.8547730  315.3902696  181.0905431  108.7097813  108.7097813  106.9157401   35.6967593    0.0000000    0.0000000    0.0000000    0.0000000    0.0000000    0.0000000   91.6235496  101.1563719   95.8425560   95.5152669   93.2693159  100.2568784    0.0000000    0.0000000    0.0000000    0.0000000    0.0000000    0.0000000
  264.6013128  315.3902696  181.0905431  106.9157401  106.9157401  105.0598109   35.6967593    0.0000000    0.0000000    0.0000000    0.0000000    0.0000000    0.0000000   89.9704407   99.4868202   94.0343003   93.7056359   91.3939401   98.4340440    0.0000000    0.0000000    0.0000000    0.0000000    0.0000000    0.0000000
  266.3517039  315.3902696  181.0905431  105.0598109  105.0598109  103.2587639   33.7156660    0.0000000    0.0000000    0.0000000    0.0000000    0.0000000    0.0000000   88.3136682   97.8136962   92.1648670   91.8348277   89.5729865   96.5699296    0.0000000    0.0000000    0.0000000    0.0000000    0.0000000    0.0000000
  268.1059377  315.3902696  181.0905431  103.2587639  103.2587639  101.3960743   31.7314677    0.0000000    0.0000000    0.0000000    0.0000000    0.0000000    0.0000000   86.6532407   96.1370046   90.3498583   90.0184444   87.6910953   94.7025387    0.0000000    0.0000000    0.0000000    0.0000000    0.0000000    0.0000000
  269.8640059  315.3902696  179.3812555  101.3960743  101.3960743   99.5880283   31.7314677    0.0000000    0.0000000    0.0000000    0.0000000    0.0000000    0.0000000   84.9891667   94.2375196   88.4739142   88.1411259   85.8633896   92.8694475    0.0000000    0.0000000    0.0000000    0.0000000    0.0000000    0.0000000
  271.6259002  315.3902696  179.3812555   99.5880283   99.5880283   97.7185881   29.7441621    0.0000000    0.0000000    0.0000000    0.0000000    0.0000000    0.0000000   83.3214545   92.5536110   86.6521578   86.3179955   83.9749916   90.9951960    0.0000000    0.0000000    0.0000000    0.0000000    0.0000000    0.0000000
  273.3916123  315.3902696  179.3812555   99.5880283   97.7185881   96.3205603   29.7441621    0.0000000    0.0000000    0.0000000    0.0000000    0.0000000    0.0000000   81.6501126   90.8661527   84.9456617   84.4341752   82.5533796   89.1554376    0.0000000    0.0000000    0.0000000    0.0000000    0.0000000    0.0000000
  275.1611339  315.9900232  179.3812555   97.7185881   96.3205603   96.4661405   27.7537471    0.0000000    0.0000000    0.0000000    0.0000000    0.0000000    0.0000000   79.7996489   89.1751495   83.0596336   83.0171434   82.6600269   87.2743363    0.0000000    0.0000000    0.0000000    0.0000000    0.0000000    0.0000000
  276.9344568  315.9900232  179.3812555   97.7185881   96.4661405   96.6114543   27.7537471    0.0000000    0.0000000    0.0000000    0.0000000    0.0000000    0.0000000   78.1209668   87.4806064   81.3462494   83.1283734   82.7664978   85.4279077    0.0000000    0.0000000    0.0000000    0.0000000    0.0000000    0.0000000
  278.7115729  315.9900232  177.6687439   97.7185881   96.6114543   96.6114543   25.7602208    0.0000000    0.0000000    0.0000000    0.0000000    0.0000000    0.0000000   76.4386806   85.5639676   79.6295578   83.2394292   81.0069536   83.5399680    0.0000000    0.0000000    0.0000000    0.0000000    0.0000000    0.0000000
  280.4924742  315.9900232  177.6687439   96.3205603   94.7477726   94.7477726   25.7602208    0.0000000    0.0000000    0.0000000    0.0000000    0.0000000    0.0000000   74.7527985   83.8622761   78.2031946   81.3616686   79.1201715   81.6868672    0.0000000    0.0000000    0.0000000    0.0000000    0.0000000    0.0000000
  282.2771525  315.9900232  177.6687439   96.3205603   94.8893619   94.8893619   23.7635815    0.0000000    0.0000000    0.0000000    0.0000000    0.0000000    0.0000000   73.0633286   82.1570627   76.4796379   81.4692151   79.2186984   79.7921010    0.0000000    0.0000000    0.0000000    0.0000000    0.0000000    0.0000000
  284.0656000  316.8411477  177.6687439   96.4661405   95.0306907   95.0306907   23.7635815    0.0000000    0.0000000    0.0000000    0.0000000    0.0000000    0.0000000   71.4508343   80.4483325   76.5780097   81.5765923   79.3170579   77.9323276    0.0000000    0.0000000    0.0000000    0.0000000    0.0000000    0.0000000
  285.8578087  316.8411477  177.6687439   96.4661405   93.1572101   93.1572101   21.7638276    0.0000000    0.0000000    0.0000000    0.0000000    0.0000000    0.0000000   69.7541119   78.7360905   74.8476065   79.6893966   77.4208464   76.0307473    0.0000000    0.0000000    0.0000000    0.0000000    0.0000000    0.0000000
  287.6537707  316.8411477  177.6687439   96.6114543   93.2948260   93.2948260   21.7638276    0.0000000    0.0000000    0.0000000    0.0000000    0.0000000    0.0000000   68.0538265   77.0203420   74.9422981   79.7932742   77.5157101   74.1643019    0.0000000    0.0000000    0.0000000    0.0000000    0.0000000    0.0000000
  289.4534783  316.8411477  175.9529975   96.6114543   93.4321872   93.4321872   19.7609577    0.0000000    0.0000000    0.0000000    0.0000000    0.0000000    0.0000000   66.3499858   75.0831540   73.2050671   79.8969875   77.6104113   72.2559203    0.0000000    0.0000000    0.0000000    0.0000000    0.0000000    0.0000000
  291.2569235  317.6593680  175.9529975   96.6114543   91.5489029   91.5489029   19.7609577    0.0000000    0.0000000    0.0000000    0.0000000    0.0000000    0.0000000   64.6979752   73.3603379   71.4645446   78.0003489   75.7047627   70.3828044    0.0000000    0.0000000    0.0000000    0.0000000    0.0000000    0.0000000
  293.0640987  317.6593680  175.9529975   94.7477726   91.5489029   91.6825640   17.7549707    0.0000000    0.0000000    0.0000000    0.0000000    0.0000000    0.0000000   62.9869504   71.6340334   69.5634166   76.2535035   75.7959789   68.4676349    0.0000000    0.0000000    0.0000000    0.0000000    0.0000000    0.0000000
  294.8749962  317.6593680  175.9529975   94.7477726   91.6825640   91.8159767   17.7549707    0.0000000    0.0000000    0.0000000    0.0000000    0.0000000    0.0000000   61.2723944   69.9042456   67.8160911   76.3502294   75.8870378   66.5878512    0.0000000    0.0000000    0.0000000    0.0000000    0.0000000    0.0000000
  296.6896084  317.6593680  175.9529975   94.8893619   91.6825640   89.9228873   15.7458653    0.0000000    0.0000000    0.0000000    0.0000000    0.0000000    0.0000000   59.5543148   68.1709797   67.8968179   74.5966384   73.9719480   64.6659073    0.0000000    0.0000000    0.0000000    0.0000000    0.0000000    0.0000000
  298.5079277  317.6593680  175.9529975   94.8893619   91.8159767   88.0268699   15.7458653    0.0000000    0.0000000    0.0000000    0.0000000    0.0000000    0.0000000   57.8327191   66.4342410   66.1427088   74.6897261   72.0540475   62.7794594    0.0000000    0.0000000    0.0000000    0.0000000    0.0000000    0.0000000
  300.3299465  317.6593680  174.2340061   94.8893619   91.8159767   86.1279135   13.7336407    0.0000000    0.0000000    0.0000000    0.0000000    0.0000000    0.0000000   56.1076148   64.4767621   64.3853210   72.9294070   70.1333251   60.8507552    0.0000000    0.0000000    0.0000000    0.0000000    0.0000000    0.0000000
  302.1556573  317.6593680  174.2340061   95.0306907   91.8159767   84.2260076   13.7336407    0.0000000    0.0000000    0.0000000    0.0000000    0.0000000    0.0000000   54.3790093   62.7330357   64.4589604   71.1658460   68.2097701   58.9576474    0.0000000    0.0000000    0.0000000    0.0000000    0.0000000    0.0000000
  303.9850528  317.6593680  174.2340061   95.0306907   89.9228873   82.3211421   11.7182960    0.0000000    0.0000000    0.0000000    0.0000000    0.0000000    0.0000000   52.6469101   60.9858547   62.6948148   69.2458553   66.2833722   57.0221972    0.0000000    0.0000000    0.0000000    0.0000000    0.0000000    0.0000000
  305.8181254  317.6593680  174.2340061   93.1572101   89.9228873   80.4133073   11.7182960    0.0000000    0.0000000    0.0000000    0.0000000    0.0000000    0.0000000   50.9113246   59.2352242   60.7704816   67.4755893   64.3541215   55.1224350    0.0000000    0.0000000    0.0000000    0.0000000    0.0000000    0.0000000
  307.6548678  317.6593680  174.2340061   93.1572101   88.0268699   78.5024939    9.6998306    0.0000000    0.0000000    0.0000000    0.0000000    0.0000000    0.0000000   49.1722600   57.4811496   58.9995977   65.5493585   62.4220086   53.1802534    0.0000000    0.0000000    0.0000000    0.0000000    0.0000000    0.0000000
  309.4952728  317.6593680  174.2340061   93.1572101   88.0268699   76.5886931    9.6998306    0.0000000    0.0000000    0.0000000    0.0000000    0.0000000    0.0000000   47.4297236   55.7236362   57.2254495   63.7724057   60.4870245   51.2738425    0.0000000    0.0000000    0.0000000    0.0000000    0.0000000    0.0000000
  311.3393330  317.6593680  174.2340061   93.2948260   86.1279135   74.6718965    7.6782438    0.0000000    0.0000000    0.0000000    0.0000000    0.0000000    0.0000000   45.6837226   53.9626894   57.2853554   61.8399427   58.5491605   49.3249444    0.0000000    0.0000000    0.0000000    0.0000000    0.0000000    0.0000000
  313.1870411  317.6593680  174.2340061   93.2948260   86.1279135   72.7520958    7.6782438    0.0000000    0.0000000    0.0000000    0.0000000    0.0000000    0.0000000   43.9342642   52.1983144   55.5044956   60.0563212   56.6084082   47.4118916    0.0000000    0.0000000    0.0000000    0.0000000    0.0000000    0.0000000
  315.0383901  317.6593680  174.2340061   93.2948260   86.1279135   70.8292836    5.6535354    0.0000000    0.0000000    0.0000000    0.0000000    0.0000000    0.0000000   42.1813555   50.4305166   53.7203798   58.2694754   54.6647599   45.4562920    0.0000000    0.0000000    0.0000000    0.0000000    0.0000000    0.0000000
  316.8933728  317.6593680  174.2340061   93.4321872   84.2260076   68.9034522    5.6535354    0.0000000    0.0000000    0.0000000    0.0000000    0.0000000    0.0000000   40.4250036   48.6593015   53.7733375   56.3273625   52.7182078   43.5366048    0.0000000    0.0000000    0.0000000    0.0000000    0.0000000    0.0000000
  318.7519820  317.6593680  172.5117600   93.4321872   84.2260076   66.9745948    3.6257049    0.0000000    0.0000000    0.0000000    0.0000000    0.0000000    0.0000000   38.6652155   46.6679221   51.9825372   54.5338725   50.7687448   41.5743191    0.0000000    0.0000000    0.0000000    0.0000000    0.0000000    0.0000000
  320.6142107  317.6593680  172.5117600   93.4321872   84.2260076   65.0427046    3.6257049    0.0000000    0.0000000    0.0000000    0.0000000    0.0000000    0.0000000   36.9019982   44.8898483   50.1884898   52.7371652   48.8163640   39.6480052    0.0000000    0.0000000    0.0000000    0.0000000    0.0000000    0.0000000
  322.4800518  318.5585391  172.5117600   91.5489029   82.3211421   63.1077752    3.6257049    0.0000000    0.0000000    0.0000000    0.0000000    0.0000000    0.0000000   35.2772227   43.1083750   48.2343619   50.7854408   46.8610587   37.7185435    0.0000000    0.0000000    0.0000000    0.0000000    0.0000000    0.0000000
  324.3494985  318.5585391  172.5117600   91.5489029   82.3211421   61.1698006    1.5947523    0.0000000    0.0000000    0.0000000    0.0000000    0.0000000    0.0000000   33.5070847   41.3235077   46.4336574   48.9821144   44.9028228   35.7461169    0.0000000    0.0000000    0.0000000    0.0000000    0.0000000    0.0000000
  326.2225437  318.5585391  172.5117600   91.5489029   80.4133073   59.2287750    1.5947523    0.0000000    0.0000000    0.0000000    0.0000000    0.0000000    0.0000000   31.7335389   39.5352517   44.6297150   47.0242077   42.9416502   33.8100370    0.0000000    0.0000000    0.0000000    0.0000000    0.0000000    0.0000000
  328.0991806  318.5585391  172.5117600   91.6825640   80.4133073   57.2846929    0.0000000    0.0000000    0.0000000    0.0000000    0.0000000    0.0000000    0.0000000   29.9565922   37.7436124   44.6657660   45.2142809   40.9775352   32.2658941    0.0000000    0.0000000    0.0000000    0.0000000    0.0000000    0.0000000
  329.9794023  318.5585391  172.5117600   91.6825640   80.4133073   55.3375491    0.0000000    0.0000000    0.0000000    0.0000000    0.0000000    0.0000000    0.0000000   28.1762511   35.9485951   42.8551942   43.4011512   39.0104724   30.3232054    0.0000000    0.0000000    0.0000000    0.0000000    0.0000000    0.0000000
  331.8632020  318.5585391  172.5117600   91.8159767   78.5024939   53.3873387    0.0000000    0.0000000    0.0000000    0.0000000    0.0000000    0.0000000    0.0000000   26.3925226   34.1502053   42.8878317   41.4336922   37.0404568   28.3773664    0.0000000    0.0000000    0.0000000    0.0000000    0.0000000    0.0000000
  333.7505728  319.1179933  172.5117600   91.8159767   78.5024939   51.4340571    0.0000000    0.0000000    0.0000000    0.0000000    0.0000000    0.0000000    0.0000000   24.4184331   32.3484483   41.0706507   39.6139877   35.0674833   28.4050409    0.0000000    0.0000000    0.0000000    0.0000000    0.0000000    0.0000000
  335.6415081  319.1179933  172.5117600   91.8159767   78.5024939   49.4776997    0.0000000    0.0000000    0.0000000    0.0000000    0.0000000    0.0000000    0.0000000   22.6278709   30.5433296   39.2502492   37.7910888   33.0915475   26.4526039    0.0000000    0.0000000    0.0000000    0.0000000    0.0000000    0.0000000
  337.5360011  319.1179933  171.2031893   91.8159767   76.5886931   47.5182626    0.0000000    0.0000000    0.0000000    0.0000000    0.0000000    0.0000000    0.0000000   20.8339419   28.9315126   37.4266295   35.8141160   31.1126449   26.4767648    0.0000000    0.0000000    0.0000000    0.0000000    0.0000000    0.0000000
  339.4340452  319.1179933  171.2031893   89.9228873   76.5886931   45.5557416    0.0000000    0.0000000    0.0000000    0.0000000    0.0000000    0.0000000    0.0000000   19.0366524   27.1196603   35.4431485   33.9846681   29.1307714   24.5177407    0.0000000    0.0000000    0.0000000    0.0000000    0.0000000    0.0000000
  341.3356338  319.1179933  171.2031893   89.9228873   76.5886931   43.5901332    0.0000000    0.0000000    0.0000000    0.0000000    0.0000000    0.0000000    0.0000000   17.2360090   25.3044638   33.6129554   32.1520346   27.1459232   22.5555665    0.0000000    0.0000000    0.0000000    0.0000000    0.0000000    0.0000000
  343.2407601  319.1179933  171.2031893   89.9228873   74.6718965   41.6214340    0.0000000    0.0000000    0.0000000    0.0000000    0.0000000    0.0000000    0.0000000   15.4320181   23.4859285   31.7795544   30.1655864   25.1580964   22.5728037    0.0000000    0.0000000    0.0000000    0.0000000    0.0000000    0.0000000
  345.1494178  319.1179933  171.2031893   88.0268699   74.6718965   39.6496405    0.0000000    0.0000000    0.0000000    0.0000000    0.0000000    0.0000000    0.0000000   13.6246863   21.6640596   29.7867218   28.3264302   23.1672878   20.6040553    0.0000000    0.0000000    0.0000000    0.0000000    0.0000000    0.0000000
  347.0616002  319.1179933  171.2031893   88.0268699   74.6718965   37.6747499    0.0000000    0.0000000    0.0000000    0.0000000    0.0000000    0.0000000    0.0000000   11.8140198   19.8388626   27.9467756   26.4840975   21.1734940   20.6178202    0.0000000    0.0000000    0.0000000    0.0000000    0.0000000    0.0000000
  348.9773009  319.1179933  171.2031893   88.0268699   72.7520958   35.6967593    0.0000000    0.0000000    0.0000000    0.0000000    0.0000000    0.0000000    0.0000000   10.0000251   18.0103428   26.1036321   24.4882119   19.1767119   18.6425093    0.0000000    0.0000000    0.0000000    0.0000000    0.0000000    0.0000000
  350.8965135  319.1179933  171.2031893   86.1279135   72.7520958   33.7156660    0.0000000    0.0000000    0.0000000    0.0000000    0.0000000    0.0000000    0.0000000    8.1827085   16.1785056   24.1014838   22.6393830   17.1769389   16.6640510    0.0000000    0.0000000    0.0000000    0.0000000    0.0000000    0.0000000
  352.8192314  319.1179933  171.2031893   86.1279135   72.7520958   31.7314677    0.0000000    0.0000000    0.0000000    0.0000000    0.0000000    0.0000000    0.0000000    6.3620762   14.3433563   22.2518233   20.7873869   15.1741721   14.6824442    0.0000000    0.0000000    0.0000000    0.0000000    0.0000000    0.0000000
  354.7454484  319.1179933  171.2031893   86.1279135   70.8292836   29.7441621    0.0000000    0.0000000    0.0000000    0.0000000    0.0000000    0.0000000    0.0000000    4.5381344   12.5049001   20.3989763   18.7821022   13.1684092   14.6859504    0.0000000    0.0000000    0.0000000    0.0000000    0.0000000    0.0000000
  356.6751581  319.1179933  171.2031893   86.1279135   70.8292836   27.7537471    0.0000000    0.0000000    0.0000000    0.0000000    0.0000000    0.0000000    0.0000000    2.7108895   10.6631426   18.5429453   16.9236365   11.1596479   12.6977987    0.0000000    0.0000000    0.0000000    0.0000000    0.0000000    0.0000000
  358.6083542  319.1179933  171.2031893   84.2260076   70.8292836   25.7602208    0.0000000    0.0000000    0.0000000    0.0000000    0.0000000    0.0000000    0.0000000    0.8803475    8.8180889   16.5282126   15.0620135    9.1478860   10.7065005    0.0000000    0.0000000    0.0000000    0.0000000    0.0000000    0.0000000
  360.5450304  319.1179933  171.2031893   84.2260076   68.9034522   23.7635815    0.0000000    0.0000000    0.0000000    0.0000000    0.0000000    0.0000000    0.0000000   -0.9534854    6.9697444   14.6657013   13.0473675    7.1331217    8.7120553    0.0000000    0.0000000    0.0000000    0.0000000    0.0000000    0.0000000
  362.4851804  319.1179933  171.2031893   84.2260076   68.9034522   21.7638276    0.0000000    0.0000000    0.0000000    0.0000000    0.0000000    0.0000000    0.0000000   -2.7906031    5.1181144   12.8000171   11.1793016    5.1153531    8.7053729    0.0000000    0.0000000    0.0000000    0.0000000    0.0000000    0.0000000
  364.4287981  319.1179933  171.2031893   82.3211421   68.9034522   19.7609577    0.0000000    0.0000000    0.0000000    0.0000000    0.0000000    0.0000000    0.0000000   -4.6309995    3.2632043   10.7760576    9.3080883    3.0945786    6.7044022    0.0000000    0.0000000    0.0000000    0.0000000    0.0000000    0.0000000
  366.3758772  319.1179933  171.2031893   82.3211421   66.9745948   17.7549707    0.0000000    0.0000000    0.0000000    0.0000000    0.0000000    0.0000000    0.0000000   -6.4746687    1.4050192    8.9039216    7.2841188    1.0707968    4.7002876    0.0000000    0.0000000    0.0000000    0.0000000    0.0000000    0.0000000
  368.3264118  319.1179933  171.2031893   82.3211421   66.9745948   15.7458653    0.0000000    0.0000000    0.0000000    0.0000000    0.0000000    0.0000000    0.0000000   -8.3216045   -0.4564355    7.0286239    5.4064893   -0.9559936    4.6868516    0.0000000    0.0000000    0.0000000    0.0000000    0.0000000    0.0000000
  370.2803955  319.1179933  171.2031893   82.3211421   66.9745948   13.7336407    0.0000000    0.0000000    0.0000000    0.0000000    0.0000000    0.0000000    0.0000000  -10.1718012   -2.3211546    5.1501675    3.5257227   -2.9857938    2.6762288    0.0000000    0.0000000    0.0000000    0.0000000    0.0000000    0.0000000
  372.2378224  319.1179933  171.2031893   80.4133073   66.9745948   11.7182960    0.0000000    0.0000000    0.0000000    0.0000000    0.0000000    0.0000000    0.0000000  -12.0252526   -4.1891327    3.1137516    1.6418215   -5.0186049    0.6624658    0.0000000    0.0000000    0.0000000    0.0000000    0.0000000    0.0000000
  374.1986863  320.3937296  171.2031893   80.4133073   65.0427046    9.6998306    0.0000000    0.0000000    0.0000000    0.0000000    0.0000000    0.0000000    0.0000000  -13.3532768   -6.0603646    1.2288800   -0.3946887   -7.0544276   -1.3544375    0.0000000    0.0000000    0.0000000    0.0000000    0.0000000    0.0000000
  376.1629814  320.3937296  171.2031893   80.4133073   65.0427046    7.6782438    0.0000000    0.0000000    0.0000000    0.0000000    0.0000000    0.0000000    0.0000000  -15.2132860   -7.9348451   -0.6591388   -2.2849714   -9.0932628   -1.3779374    0.0000000    0.0000000    0.0000000    0.0000000    0.0000000    0.0000000
  378.1307016  320.9859867  171.2031893   80.4133073   65.0427046    5.6535354    0.0000000    0.0000000    0.0000000    0.0000000    0.0000000    0.0000000    0.0000000  -17.2164861   -9.8125690   -2.5503019   -4.1783782  -11.1351112   -3.4013264    0.0000000    0.0000000    0.0000000    0.0000000    0.0000000    0.0000000
  380.1018409  320.9859867  171.2031893   78.5024939   63.1077752    3.6257049    0.0000000    0.0000000    0.0000000    0.0000000    0.0000000    0.0000000    0.0000000  -19.0830272  -11.6935309   -4.5991000   -6.2241209  -13.1799731   -5.4278511    0.0000000    0.0000000    0.0000000    0.0000000    0.0000000    0.0000000
  382.0763935  320.9859867  171.2031893   78.5024939   63.1077752    1.5947523    0.0000000    0.0000000    0.0000000    0.0000000    0.0000000    0.0000000    0.0000000  -20.9527928  -13.5777258   -6.4966414   -8.1238822  -15.2278490   -7.4575110    0.0000000    0.0000000    0.0000000    0.0000000    0.0000000    0.0000000
  384.0543534  320.9859867  171.2031893   78.5024939   63.1077752    0.0000000    0.0000000    0.0000000    0.0000000    0.0000000    0.0000000    0.0000000    0.0000000  -22.8257775  -15.4651484   -8.3973155  -10.0267570  -16.8438098   -7.4910032    0.0000000    0.0000000    0.0000000    0.0000000    0.0000000    0.0000000
  386.0357147  320.9859867  171.2031893   78.5024939   63.1077752    0.0000000    0.0000000    0.0000000    0.0000000    0.0000000    0.0000000    0.0000000    0.0000000  -24.7019753  -17.3557936  -10.3011190  -11.9327426  -16.8808893   -9.5271252    0.0000000    0.0000000    0.0000000    0.0000000    0.0000000    0.0000000
  388.0204718  320.9859867  171.2031893   76.5886931   61.1698006    0.0000000    0.0000000    0.0000000    0.0000000    0.0000000    0.0000000    0.0000000    0.0000000  -26.5813808  -19.2496560  -12.3622262  -13.9908977  -16.9173576  -11.5663771    0.0000000    0.0000000    0.0000000    0.0000000    0.0000000    0.0000000
  390.0086187  320.9859867  171.2031893   76.5886931   61.1698006    0.0000000    0.0000000    0.0000000    0.0000000    0.0000000    0.0000000    0.0000000    0.0000000  -28.4639882  -21.1467307  -14.2723714  -15.9032029  -16.9533755  -11.6064763    0.0000000    0.0000000    0.0000000    0.0000000    0.0000000    0.0000000
  392.0001496  320.9859867  171.2031893   76.5886931   61.1698006    0.0000000    0.0000000    0.0000000    0.0000000    0.0000000    0.0000000    0.0000000    0.0000000  -30.3497920  -23.0470124  -16.1856344  -17.8186080  -16.9893143  -13.6521707    0.0000000    0.0000000    0.0000000    0.0000000    0.0000000    0.0000000
  393.9950590  320.9859867  171.2031893   76.5886931   61.1698006    0.0000000    0.0000000    0.0000000    0.0000000    0.0000000    0.0000000    0.0000000    0.0000000  -32.2387866  -24.9504960  -18.1020118  -19.7371102  -17.0251744  -15.7009892    0.0000000    0.0000000    0.0000000    0.0000000    0.0000000    0.0000000
  395.9933409  320.9859867  171.2031893   74.6718965   59.2287750    0.0000000    0.0000000    0.0000000    0.0000000    0.0000000    0.0000000    0.0000000    0.0000000  -34.1309664  -26.8571764  -20.1753557  -21.8076040  -17.0609558  -17.7529308    0.0000000    0.0000000    0.0000000    0.0000000    0.0000000    0.0000000
  397.9949898  320.9859867  171.2031893   74.6718965   59.2287750    0.0000000    0.0000000    0.0000000    0.0000000    0.0000000    0.0000000    0.0000000    0.0000000  -36.0263260  -28.7670485  -22.0980383  -23.7323909  -17.0966589  -19.8079945    0.0000000    0.0000000    0.0000000    0.0000000    0.0000000    0.0000000
  400.0000000  320.9859867  171.2031893   74.6718965   59.2287750    0.0000000    0.0000000    0.0000000    0.0000000    0.0000000    0.0000000    0.0000000    0.0000000  -37.9248599  -30.6801072  -24.0238236  -25.6602638  -17.1322837  -19.8612556    0.0000000    0.0000000    0.0000000    0.0000000    0.0000000    0.0000000
