 t z psi theta tau_a f_e f_o tau_x tau_l C H B r w div entry mass rgdp rinv firm
 s_constrained exit exit_b
 avg_firm_size labor_share std_dev_growth_emp std_dev_growth_sales debt capital 
 ngdp ninv exdem psi_c collat_binding
 spread
   1.0000000   1.0000000   0.7887785   0.0000000   0.0032343   1.0000000   0.3509004   0.0000000   0.0000000   1.6398372   0.9978847 -18.9656056   0.0101010   1.2920997   0.5278795   0.0136253   0.3620061   2.0316699   0.3844158  -1.0000000   0.0136252   0.0000000   2.6565534   0.6346339   0.0000000   0.0000000  -3.7866758  15.1272346   2.0316699   0.3844158   0.0074169   1.0000000   0.0027869   0.0075260
   2.0000000   0.9683469   0.7887785   0.0000000   0.0032343   1.0000000   0.3509004   0.0000000   0.0000000   1.6117737   0.9751975 -18.9657166   0.0101010   1.2795565   0.5113219   0.0125217   0.3620061   1.9496551   0.3378813  -1.0000000   0.0150660   0.0000000   2.6037035   0.6400475   0.0000000   0.0000000  -3.7866758  15.1251589   1.9494980   0.3377243   0.0000000   1.0000000   0.0028869   0.0075039
   3.0000000   0.9716343   0.7887785   0.0000000   0.0032343   1.0000000   0.3509004   0.0000000   0.0000000   1.6148021   0.9779965 -18.9760390   0.0090336   1.2791527   0.5240430   0.0130814   0.3594618   1.9559573   0.3411552  -1.0000000   0.0143337   0.0000000   2.6252548   0.6396593   0.0000000   0.0000000  -3.7710664  15.0783974   1.9557879   0.3409858   0.0000000   1.0000000   0.0027167   0.0079407
   4.0000000   0.9745802   0.7887785   0.0000000   0.0032343   1.0000000   0.3509004   0.0000000   0.0000000   1.6173386   0.9797326 -18.9791385   0.0093335   1.2789583   0.5232854   0.0130814   0.3582095   1.9606396   0.3433011  -1.0000000   0.0142734   0.0000000   2.6388732   0.6391893   0.0000000   0.0000000  -3.7587882  15.0362753   1.9604677   0.3431291   0.0000000   1.0000000   0.0030479   0.0076051
   5.0000000   0.9772202   0.7887785   0.0000000   0.0032343   1.0000000   0.3509004   0.0000000   0.0000000   1.6190831   0.9817453 -18.9866651   0.0094975   1.2790934   0.5228242   0.0130814   0.3570175   1.9652684   0.3461853  -1.0000000   0.0128013   0.0000000   2.6528462   0.6390691   0.0000000   0.0000000  -3.7471981  14.9971429   1.9650982   0.3460151   0.0000000   1.0000000   0.0029082   0.0074625
   6.0000000   0.9795860   0.7887785   0.0000000   0.0032343   1.0000000   0.3509004   0.0000000   0.0000000   1.6192794   0.9836194 -18.9961533   0.0096231   1.2794265   0.5223226   0.0133994   0.3572975   1.9696238   0.3503443  -1.0000000   0.0132034   0.0000000   2.6536429   0.6390444   0.0000000   0.0000000  -3.7369162  14.9653467   1.9694539   0.3501745   0.0000000   1.0000000   0.0027526   0.0072756
   7.0000000   0.9817061   0.7887785   0.0000000   0.0032343   1.0000000   0.3509004   0.0000000   0.0000000   1.6191725   0.9849365 -19.0059752   0.0097431   1.2797557   0.5227450   0.0133994   0.3574936   1.9730617   0.3538892  -1.0000000   0.0132650   0.0000000   2.6557974   0.6389493   0.0000000   0.0000000  -3.7279398  14.9365825   1.9728962   0.3537238   0.0000000   1.0000000   0.0027223   0.0074063
   8.0000000   0.9836060   0.7887785   0.0000000   0.0032343   1.0000000   0.3509004   0.0000000   0.0000000   1.6187163   0.9862047 -19.0153815   0.0098508   1.2802501   0.5225219   0.0135243   0.3576279   1.9762756   0.3575593  -1.0000000   0.0130967   0.0000000   2.6578592   0.6390967   0.0000000   0.0000000  -3.7205795  14.9122888   1.9761153   0.3573990   0.0000000   1.0000000   0.0027511   0.0075020
   9.0000000   0.9853086   0.7887785   0.0000000   0.0032343   1.0000000   0.3509004   0.0000000   0.0000000   1.6186424   0.9873390 -19.0240786   0.0099328   1.2807063   0.5207479   0.0136253   0.3580556   1.9791965   0.3605541  -1.0000000   0.0132582   0.0000000   2.6568330   0.6390416   0.0000000   0.0000000  -3.7138568  14.8921985   1.9790412   0.3603988   0.0000000   1.0000000   0.0027699   0.0075303
  10.0000000   0.9868344   0.7887785   0.0000000   0.0032343   1.0000000   0.3509004   0.0000000   0.0000000   1.6185786   0.9881030 -19.0340243   0.0100041   1.2811793   0.5211851   0.0136253   0.3584226   1.9814632   0.3628845  -1.0000000   0.0133472   0.0000000   2.6562055   0.6390239   0.0000000   0.0000000  -3.7072088  14.8750544   1.9813144   0.3627357   0.0000000   1.0000000   0.0027800   0.0075597
  11.0000000   0.9882017   0.7887785   0.0000000   0.0032343   1.0000000   0.3509004   0.0000000   0.0000000   1.6186265   0.9885822 -19.0430228   0.0100517   1.2817010   0.5222383   0.0136253   0.3587007   1.9832181   0.3645915  -1.0000000   0.0134356   0.0000000   2.6576964   0.6395522   0.0000000   0.0000000  -3.7005118  14.8604579   1.9830764   0.3644499   0.0000000   1.0000000   0.0028088   0.0075756
  12.0000000   0.9894270   0.7887785   0.0000000   0.0032343   1.0000000   0.3509004   0.0000000   0.0000000   1.6175018   0.9898635 -19.0506592   0.0100878   1.2821735   0.5223584   0.0140778   0.3588904   1.9858991   0.3683973  -1.0000000   0.0134038   0.0000000   2.6552596   0.6394388   0.0000000   0.0000000  -3.6931725  14.8484746   1.9857594   0.3682576   0.0000000   1.0000000   0.0027573   0.0076011
  13.0000000   0.9905251   0.7887785   0.0000000   0.0032343   1.0000000   0.3509004   0.0000000   0.0000000   1.6164493   0.9905570 -19.0553267   0.0101047   1.2826411   0.5234633   0.0140778   0.3595644   1.9877514   0.3713022  -1.0000000   0.0134972   0.0000000   2.6521064   0.6394683   0.0000000   0.0000000  -3.6862511  14.8391027   1.9876183   0.3711690   0.0000000   1.0000000   0.0027919   0.0075880
  14.0000000   0.9915091   0.7887785   0.0000000   0.0032343   1.0000000   0.3509004   0.0000000   0.0000000   1.6160580   0.9911635 -19.0569011   0.0101251   1.2830978   0.5236476   0.0140778   0.3601450   1.9894830   0.3734250  -1.0000000   0.0136160   0.0000000   2.6494964   0.6395004   0.0000000   0.0000000  -3.6800296  14.8326028   1.9893562   0.3732983   0.0000000   1.0000000   0.0028193   0.0075844
  15.0000000   0.9923909   0.7887785   0.0000000   0.0032343   1.0000000   0.3509004   0.0000000   0.0000000   1.6155922   0.9916860 -19.0570100   0.0101425   1.2835575   0.5241338   0.0140778   0.3606068   1.9911057   0.3755134  -1.0000000   0.0137152   0.0000000   2.6477840   0.6395812   0.0000000   0.0000000  -3.6750139  14.8279246   1.9909854   0.3753932   0.0000000   1.0000000   0.0028563   0.0075703
  16.0000000   0.9931812   0.7887785   0.0000000   0.0032343   1.0000000   0.3509004   0.0000000   0.0000000   1.6156824   0.9922838 -19.0552134   0.0101519   1.2839970   0.5244781   0.0140778   0.3609694   1.9928424   0.3771600  -1.0000000   0.0136784   0.0000000   2.6467529   0.6396100   0.0000000   0.0000000  -3.6707327  14.8253800   1.9927284   0.3770460   0.0000000   1.0000000   0.0028796   0.0075624
  17.0000000   0.9938894   0.7887785   0.0000000   0.0032343   1.0000000   0.3509004   0.0000000   0.0000000   1.6157699   0.9928436 -19.0520477   0.0101578   1.2844295   0.5244536   0.0140778   0.3613688   1.9944929   0.3787230  -1.0000000   0.0136925   0.0000000   2.6453778   0.6396423   0.0000000   0.0000000  -3.6673051  14.8244595   1.9943849   0.3786150   0.0000000   1.0000000   0.0028843   0.0075524
  18.0000000   0.9945240   0.7887785   0.0000000   0.0032343   1.0000000   0.3509004   0.0000000   0.0000000   1.6160727   0.9934235 -19.0480127   0.0101685   1.2848634   0.5243573   0.0140778   0.3617541   1.9962014   0.3801287  -1.0000000   0.0137034   0.0000000   2.6441529   0.6396685   0.0000000   0.0000000  -3.6649255  14.8249433   1.9960995   0.3800268   0.0000000   1.0000000   0.0028596   0.0075471
  19.0000000   0.9950927   0.7887785   0.0000000   0.0032343   1.0000000   0.3509004   0.0000000   0.0000000   1.6166850   0.9940504 -19.0431682   0.0101692   1.2852847   0.5243391   0.0140778   0.3621285   1.9979699   0.3812848  -1.0000000   0.0136659   0.0000000   2.6431401   0.6397016   0.0000000   0.0000000  -3.6639431  14.8266714   1.9978739   0.3811889   0.0000000   1.0000000   0.0028331   0.0075491
  20.0000000   0.9956023   0.7887785   0.0000000   0.0032343   1.0000000   0.3509004   0.0000000   0.0000000   1.6173857   0.9946522 -19.0377839   0.0101750   1.2857038   0.5243900   0.0140778   0.3625403   1.9996999   0.3823142  -1.0000000   0.0136934   0.0000000   2.6418307   0.6397375   0.0000000   0.0000000  -3.6642319  14.8294539   1.9996099   0.3822242   0.0000000   1.0000000   0.0028038   0.0075494
  21.0000000   0.9960591   0.7887785   0.0000000   0.0032343   1.0000000   0.3509004   0.0000000   0.0000000   1.6176123   0.9952156 -19.0318600   0.0101785   1.2861181   0.5244237   0.0140778   0.3629247   2.0013733   0.3837611  -1.0000000   0.0137420   0.0000000   2.6406821   0.6397810   0.0000000   0.0000000  -3.6654333  14.8330449   2.0012891   0.3836769   0.0000000   1.0000000   0.0028209   0.0075489
  22.0000000   0.9964683   0.7887785   0.0000000   0.0032343   1.0000000   0.3509004   0.0000000   0.0000000   1.6182432   0.9957734 -19.0248676   0.0101760   1.2865302   0.5242968   0.0140778   0.3632605   2.0030555   0.3848122  -1.0000000   0.0137715   0.0000000   2.6398097   0.6398049   0.0000000   0.0000000  -3.6678498  14.8378158   2.0029770   0.3847338   0.0000000   1.0000000   0.0028279   0.0075563
  23.0000000   0.9968351   0.7887785   0.0000000   0.0032343   1.0000000   0.3509004   0.0000000   0.0000000   1.6187285   0.9963248 -19.0174866   0.0101796   1.2869361   0.5244108   0.0140778   0.3635669   2.0047304   0.3860019  -1.0000000   0.0137920   0.0000000   2.6391748   0.6398354   0.0000000   0.0000000  -3.6713056  14.8434120   2.0046577   0.3859292   0.0000000   1.0000000   0.0028337   0.0075705
  24.0000000   0.9971638   0.7887785   0.0000000   0.0032343   1.0000000   0.3509004   0.0000000   0.0000000   1.6198203   0.9960557 -19.0092988   0.0101814   1.2873360   0.5257978   0.0136253   0.3638526   2.0053420   0.3855217  -1.0000000   0.0138124   0.0000000   2.6418532   0.6402030   0.0000000   0.0000000  -3.6758868  14.8490913   2.0052771   0.3854568   0.0000000   1.0000000   0.0028388   0.0075893
  25.0000000   0.9974584   0.7887785   0.0000000   0.0032343   1.0000000   0.3509004   0.0000000   0.0000000   1.6194934   0.9962967 -19.0007057   0.0101838   1.2876951   0.5257611   0.0136253   0.3636655   2.0066129   0.3871195  -1.0000000   0.0138161   0.0000000   2.6425602   0.6398284   0.0000000   0.0000000  -3.6813107  14.8554771   2.0065529   0.3870595   0.0000000   1.0000000   0.0028434   0.0076056
  26.0000000   0.9977223   0.7887785   0.0000000   0.0032343   1.0000000   0.3509004   0.0000000   0.0000000   1.6198499   0.9966439 -18.9910595   0.0101851   1.2880364   0.5257441   0.0136253   0.3634747   2.0080466   0.3881967  -1.0000000   0.0137464   0.0000000   2.6446794   0.6397287   0.0000000   0.0000000  -3.6881174  14.8632613   2.0079913   0.3881413   0.0000000   1.0000000   0.0028392   0.0076177
  27.0000000   0.9979589   0.7887785   0.0000000   0.0032343   1.0000000   0.3509004   0.0000000   0.0000000   1.6206112   0.9969767 -18.9808858   0.0101859   1.2883765   0.5257071   0.0136253   0.3633536   2.0094455   0.3888343  -1.0000000   0.0137462   0.0000000   2.6464419   0.6396714   0.0000000   0.0000000  -3.6959126  14.8720343   2.0093947   0.3887836   0.0000000   1.0000000   0.0028316   0.0076273
  28.0000000   0.9981709   0.7887785   0.0000000   0.0032343   1.0000000   0.3509004   0.0000000   0.0000000   1.6215537   0.9971943 -18.9705965   0.0101850   1.2887143   0.5258123   0.0136253   0.3632327   2.0106917   0.3891380  -1.0000000   0.0138915   0.0000000   2.6477466   0.6395511   0.0000000   0.0000000  -3.7040582  14.8812467   2.0106456   0.3890919   0.0000000   1.0000000   0.0028415   0.0076341
  29.0000000   0.9983608   0.7887785   0.0000000   0.0032343   1.0000000   0.3509004   0.0000000   0.0000000   1.6224404   0.9975368 -18.9603900   0.0101846   1.2890413   0.5258257   0.0136253   0.3629665   2.0120401   0.3895997  -1.0000000   0.0136807   0.0000000   2.6504503   0.6394841   0.0000000   0.0000000  -3.7122480  14.8902400   2.0119984   0.3895580   0.0000000   1.0000000   0.0027654   0.0076399
  30.0000000   0.9985311   0.7887785   0.0000000   0.0032343   1.0000000   0.3509004   0.0000000   0.0000000   1.6237368   0.9979118 -18.9501648   0.0101849   1.2893484   0.5258579   0.0136253   0.3629111   2.0134017   0.3896649  -1.0000000   0.0136412   0.0000000   2.6517993   0.6394338   0.0000000   0.0000000  -3.7207329  14.8999221   2.0133643   0.3896274   0.0000000   1.0000000   0.0027506   0.0076461
  31.0000000   0.9986836   0.7887785   0.0000000   0.0032343   1.0000000   0.3509004   0.0000000   0.0000000   1.6247283   0.9982643 -18.9403099   0.0101862   1.2896501   0.5258876   0.0136253   0.3628952   2.0146762   0.3899479  -1.0000000   0.0136087   0.0000000   2.6528778   0.6394103   0.0000000   0.0000000  -3.7293140  14.9095318   2.0146429   0.3899146   0.0000000   1.0000000   0.0027445   0.0076501
  32.0000000   0.9988203   0.7887785   0.0000000   0.0032343   1.0000000   0.3509004   0.0000000   0.0000000   1.6267419   0.9984362 -18.9305274   0.0101858   1.2899361   0.5261960   0.0135243   0.3629117   2.0156929   0.3889510  -1.0000000   0.0136078   0.0000000   2.6539128   0.6393342   0.0000000   0.0000000  -3.7378180  14.9190939   2.0156636   0.3889218   0.0000000   1.0000000   0.0027345   0.0076527
  33.0000000   0.9989428   0.7887785   0.0000000   0.0032343   1.0000000   0.3509004   0.0000000   0.0000000   1.6281689   0.9986675 -18.9218910   0.0101890   1.2902008   0.5261147   0.0135243   0.3628282   2.0167092   0.3885403  -1.0000000   0.0136068   0.0000000   2.6551379   0.6392951   0.0000000   0.0000000  -3.7453660  14.9277679   2.0166836   0.3885147   0.0000000   1.0000000   0.0027315   0.0076502
  34.0000000   0.9990526   0.7887785   0.0000000   0.0032343   1.0000000   0.3509004   0.0000000   0.0000000   1.6291091   0.9988693 -18.9141075   0.0101894   1.2904496   0.5260721   0.0135243   0.3627457   2.0176141   0.3885050  -1.0000000   0.0135839   0.0000000   2.6562412   0.6392560   0.0000000   0.0000000  -3.7522737  14.9359655   2.0175918   0.3884827   0.0000000   1.0000000   0.0027322   0.0076487
  35.0000000   0.9991510   0.7887785   0.0000000   0.0032343   1.0000000   0.3509004   0.0000000   0.0000000   1.6292439   0.9987159 -18.9065978   0.0101839   1.2906835   0.5264078   0.0133994   0.3626861   2.0179648   0.3887210  -1.0000000   0.0136637   0.0000000   2.6576937   0.6392957   0.0000000   0.0000000  -3.7590019  14.9435100   2.0179459   0.3887020   0.0000000   1.0000000   0.0027277   0.0076499
  36.0000000   0.9992392   0.7887785   0.0000000   0.0032343   1.0000000   0.3509004   0.0000000   0.0000000   1.6298133   0.9987627 -18.8987007   0.0101812   1.2908827   0.5263518   0.0133994   0.3624218   2.0186072   0.3887939  -1.0000000   0.0136738   0.0000000   2.6593052   0.6391282   0.0000000   0.0000000  -3.7655985  14.9515201   2.0185909   0.3887776   0.0000000   1.0000000   0.0027446   0.0076524
  37.0000000   0.9993182   0.7887785   0.0000000   0.0032343   1.0000000   0.3509004   0.0000000   0.0000000   1.6305355   0.9988193 -18.8910128   0.0101780   1.2910721   0.5262986   0.0133994   0.3621474   2.0192315   0.3886960  -1.0000000   0.0136421   0.0000000   2.6613324   0.6390437   0.0000000   0.0000000  -3.7718287  14.9594431   2.0192178   0.3886822   0.0000000   1.0000000   0.0027861   0.0076577
  38.0000000   0.9993890   0.7887785   0.0000000   0.0032343   1.0000000   0.3509004   0.0000000   0.0000000   1.6313288   0.9989008 -18.8837313   0.0101772   1.2912575   0.5263528   0.0133994   0.3619047   2.0198494   0.3885207  -1.0000000   0.0135710   0.0000000   2.6632210   0.6389794   0.0000000   0.0000000  -3.7776166  14.9672198   2.0198381   0.3885094   0.0000000   1.0000000   0.0027832   0.0076645
  39.0000000   0.9994525   0.7887785   0.0000000   0.0032343   1.0000000   0.3509004   0.0000000   0.0000000   1.6323102   0.9989838 -18.8767982   0.0101765   1.2914377   0.5262841   0.0133994   0.3617332   2.0204293   0.3881191  -1.0000000   0.0135297   0.0000000   2.6646296   0.6389301   0.0000000   0.0000000  -3.7829216  14.9748306   2.0204204   0.3881102   0.0000000   1.0000000   0.0027664   0.0076709
  40.0000000   0.9995093   0.7887785   0.0000000   0.0032343   1.0000000   0.3509004   0.0000000   0.0000000   1.6331744   0.9990460 -18.8705397   0.0101759   1.2916127   0.5262641   0.0133994   0.3616029   2.0209360   0.3877616  -1.0000000   0.0135097   0.0000000   2.6657046   0.6388916   0.0000000   0.0000000  -3.7875385  14.9819828   2.0209295   0.3877551   0.0000000   1.0000000   0.0027607   0.0076766
  41.0000000   0.9995603   0.7887785   0.0000000   0.0032343   1.0000000   0.3509004   0.0000000   0.0000000   1.6338169   0.9990566 -18.8648048   0.0101741   1.2917792   0.5262326   0.0133994   0.3614927   2.0212998   0.3874829  -1.0000000   0.0134981   0.0000000   2.6664901   0.6388586   0.0000000   0.0000000  -3.7917495  14.9887371   2.0212955   0.3874786   0.0000000   1.0000000   0.0027581   0.0076801
  42.0000000   0.9996060   0.7887785   0.0000000   0.0032343   1.0000000   0.3509004   0.0000000   0.0000000   1.6344804   0.9990534 -18.8594543   0.0101717   1.2919361   0.5261755   0.0133994   0.3613940   2.0216102   0.3871299  -1.0000000   0.0134901   0.0000000   2.6671753   0.6388334   0.0000000   0.0000000  -3.7952822  14.9951129   2.0216080   0.3871277   0.0000000   1.0000000   0.0027569   0.0076782
  43.0000000   0.9996469   0.7887785   0.0000000   0.0032343   1.0000000   0.3509004   0.0000000   0.0000000   1.6349177   0.9990275 -18.8545517   0.0101683   1.2920759   0.5261185   0.0133994   0.3613033   2.0218356   0.3869179  -1.0000000   0.0134837   0.0000000   2.6677353   0.6388101   0.0000000   0.0000000  -3.7981213  15.0011424   2.0218353   0.3869176   0.0000000   1.0000000   0.0027558   0.0076754
  44.0000000   0.9996836   0.7887785   0.0000000   0.0032343   1.0000000   0.3509004   0.0000000   0.0000000   1.6357156   0.9989860 -18.8499719   0.0101677   1.2922028   0.5259841   0.0133994   0.3612190   2.0220005   0.3862850  -1.0000000   0.0134788   0.0000000   2.6682021   0.6387883   0.0000000   0.0000000  -3.8003962  15.0068964   2.0220019   0.3862863   0.0000000   1.0000000   0.0027551   0.0076732
  45.0000000   0.9997164   0.7887785   0.0000000   0.0032343   1.0000000   0.3509004   0.0000000   0.0000000   1.6364290   0.9989123 -18.8461705   0.0101657   1.2923157   0.5258620   0.0133994   0.3611396   2.0220661   0.3856371  -1.0000000   0.0134756   0.0000000   2.6685380   0.6387679   0.0000000   0.0000000  -3.8018203  15.0119663   2.0220690   0.3856400   0.0000000   1.0000000   0.0027551   0.0076681
  46.0000000   0.9997459   0.7887785   0.0000000   0.0032343   1.0000000   0.3509004   0.0000000   0.0000000   1.6371154   0.9988015 -18.8431553   0.0101657   1.2924168   0.5252274   0.0133994   0.3610634   2.0220241   0.3849088  -1.0000000   0.0134725   0.0000000   2.6687616   0.6387542   0.0000000   0.0000000  -3.8023358  15.0163489   2.0220284   0.3849130   0.0000000   1.0000000   0.0027550   0.0076611
  47.0000000   0.9997723   0.7887785   0.0000000   0.0032343   1.0000000   0.3509004   0.0000000   0.0000000   1.6377479   0.9986586 -18.8414569   0.0101640   1.2925038   0.5248532   0.0133994   0.3609903   2.0218834   0.3841355  -1.0000000   0.0134701   0.0000000   2.6688600   0.6387402   0.0000000   0.0000000  -3.8019642  15.0199669   2.0218888   0.3841409   0.0000000   1.0000000   0.0027550   0.0076534
  48.0000000   0.9997959   0.7887785   0.0000000   0.0032343   1.0000000   0.3509004   0.0000000   0.0000000   1.6384514   0.9984884 -18.8407887   0.0101601   1.2925773   0.5236137   0.0133994   0.3609196   2.0216559   0.3832045  -1.0000000   0.0134676   0.0000000   2.6688725   0.6387305   0.0000000   0.0000000  -3.8007370  15.0227694   2.0216623   0.3832109   0.0000000   1.0000000   0.0027550   0.0076457
  49.0000000   0.9998171   0.7887785   0.0000000   0.0032343   1.0000000   0.3509004   0.0000000   0.0000000   1.6386458   0.9983015 -18.8421972   0.0101583   1.2926317   0.5238788   0.0133994   0.3608514   2.0213581   0.3827123  -1.0000000   0.0134655   0.0000000   2.6688371   0.6387263   0.0000000   0.0000000  -3.7986811  15.0246126   2.0213652   0.3827194   0.0000000   1.0000000   0.0027551   0.0076380
  50.0000000   0.9998361   0.7887785   0.0000000   0.0032343   1.0000000   0.3509004   0.0000000   0.0000000   1.6388824   0.9981017 -18.8436385   0.0101526   1.2926803   0.5251064   0.0133994   0.3607853   2.0210191   0.3821367  -1.0000000   0.0134632   0.0000000   2.6687272   0.6387182   0.0000000   0.0000000  -3.7961172  15.0259532   2.0210269   0.3821445   0.0000000   1.0000000   0.0027550   0.0076303
  51.0000000   0.9998531   0.7887785   0.0000000   0.0032343   1.0000000   0.3509004   0.0000000   0.0000000   1.6386705   0.9978971 -18.8442425   0.0101487   1.2927205   0.5252161   0.0133994   0.3607216   2.0206538   0.3819833  -1.0000000   0.0134606   0.0000000   2.6686027   0.6387148   0.0000000   0.0000000  -3.7931163  15.0267047   2.0206621   0.3819916   0.0000000   1.0000000   0.0027548   0.0076234
  52.0000000   0.9998684   0.7887785   0.0000000   0.0032343   1.0000000   0.3509004   0.0000000   0.0000000   1.6386036   0.9977057 -18.8446882   0.0101446   1.2927517   0.5254594   0.0133994   0.3606604   2.0203037   0.3817001  -1.0000000   0.0134586   0.0000000   2.6684818   0.6387073   0.0000000   0.0000000  -3.7900444  15.0272992   2.0203124   0.3817089   0.0000000   1.0000000   0.0027546   0.0076174
  53.0000000   0.9998820   0.7887785   0.0000000   0.0032343   1.0000000   0.3509004   0.0000000   0.0000000   1.6384593   0.9975227 -18.8449801   0.0101406   1.2927750   0.5253472   0.0133994   0.3606013   2.0199582   0.3814989  -1.0000000   0.0134554   0.0000000   2.6683641   0.6386988   0.0000000   0.0000000  -3.7868652  15.0276082   2.0199672   0.3815080   0.0000000   1.0000000   0.0027544   0.0076124
  54.0000000   0.9998943   0.7887785   0.0000000   0.0032343   1.0000000   0.3509004   0.0000000   0.0000000   1.6383141   0.9973475 -18.8454148   0.0101377   1.2927923   0.5252981   0.0133994   0.3605452   2.0196206   0.3813066  -1.0000000   0.0134540   0.0000000   2.6682514   0.6386913   0.0000000   0.0000000  -3.7836531  15.0277165   2.0196299   0.3813159   0.0000000   1.0000000   0.0027542   0.0076081
  55.0000000   0.9999053   0.7887785   0.0000000   0.0032343   1.0000000   0.3509004   0.0000000   0.0000000   1.6382992   0.9971833 -18.8459016   0.0101336   1.2928022   0.5247571   0.0133994   0.3604906   2.0192954   0.3809962  -1.0000000   0.0134517   0.0000000   2.6681474   0.6386809   0.0000000   0.0000000  -3.7804160  15.0276346   2.0193048   0.3810056   0.0000000   1.0000000   0.0027540   0.0076046
  56.0000000   0.9999151   0.7887785   0.0000000   0.0032343   1.0000000   0.3509004   0.0000000   0.0000000   1.6380735   0.9970213 -18.8471000   0.0101314   1.2928072   0.5239209   0.0133994   0.3604383   2.0189660   0.3808925  -1.0000000   0.0134496   0.0000000   2.6680515   0.6386752   0.0000000   0.0000000  -3.7770986  15.0272523   2.0189755   0.3809020   0.0000000   1.0000000   0.0027537   0.0076016
  57.0000000   0.9999239   0.7887785   0.0000000   0.0032343   1.0000000   0.3509004   0.0000000   0.0000000   1.6377726   0.9968720 -18.8490792   0.0101279   1.2928052   0.5241387   0.0133994   0.3603881   2.0186540   0.3808814  -1.0000000   0.0134478   0.0000000   2.6679640   0.6386663   0.0000000   0.0000000  -3.7738207  15.0267776   2.0186634   0.3808909   0.0000000   1.0000000   0.0027535   0.0075991
  58.0000000   0.9999318   0.7887785   0.0000000   0.0032343   1.0000000   0.3509004   0.0000000   0.0000000   1.6375466   0.9967360 -18.8507186   0.0101257   1.2927996   0.5233116   0.0133994   0.3603398   2.0183650   0.3808184  -1.0000000   0.0134450   0.0000000   2.6678840   0.6386531   0.0000000   0.0000000  -3.7708233  15.0263127   2.0183744   0.3808278   0.0000000   1.0000000   0.0027532   0.0075971
  59.0000000   0.9999389   0.7887785   0.0000000   0.0032343   1.0000000   0.3509004   0.0000000   0.0000000   1.6373634   0.9966109 -18.8531217   0.0101228   1.2927859   0.5222506   0.0133994   0.3602942   2.0180878   0.3807244  -1.0000000   0.0134436   0.0000000   2.6678447   0.6386469   0.0000000   0.0000000  -3.7677577  15.0258184   2.0180969   0.3807336   0.0000000   1.0000000   0.0027529   0.0075953
  60.0000000   0.9999453   0.7887785   0.0000000   0.0032343   1.0000000   0.3509004   0.0000000   0.0000000   1.6371205   0.9964956 -18.8565684   0.0101199   1.2927693   0.5238098   0.0133994   0.3602500   2.0178274   0.3807069  -1.0000000   0.0134415   0.0000000   2.6678112   0.6386376   0.0000000   0.0000000  -3.7649167  15.0252395   2.0178364   0.3807159   0.0000000   1.0000000   0.0027525   0.0075941
  61.0000000   0.9999509   0.7887785   0.0000000   0.0032343   1.0000000   0.3509004   0.0000000   0.0000000   1.6368397   0.9963914 -18.8583394   0.0101164   1.2927479   0.5244421   0.0133994   0.3602079   2.0175840   0.3807443  -1.0000000   0.0134396   0.0000000   2.6677970   0.6386289   0.0000000   0.0000000  -3.7622246  15.0246663   2.0175927   0.3807529   0.0000000   1.0000000   0.0027522   0.0075934
  62.0000000   0.9999560   0.7887785   0.0000000   0.0032343   1.0000000   0.3509004   0.0000000   0.0000000   1.6365589   0.9962991 -18.8593288   0.0101141   1.2927243   0.5246737   0.0133994   0.3601678   2.0173628   0.3808039  -1.0000000   0.0134372   0.0000000   2.6678013   0.6386197   0.0000000   0.0000000  -3.7597122  15.0241428   2.0173712   0.3808123   0.0000000   1.0000000   0.0027518   0.0075928
  63.0000000   0.9999606   0.7887785   0.0000000   0.0032343   1.0000000   0.3509004   0.0000000   0.0000000   1.6364215   0.9962209 -18.8599262   0.0101122   1.2926980   0.5248657   0.0133994   0.3601300   2.0171692   0.3807477  -1.0000000   0.0134358   0.0000000   2.6678126   0.6386061   0.0000000   0.0000000  -3.7575432  15.0236888   2.0171772   0.3807557   0.0000000   1.0000000   0.0027514   0.0075926
  64.0000000   0.9999647   0.7887785   0.0000000   0.0032343   1.0000000   0.3509004   0.0000000   0.0000000   1.6364567   0.9961490 -18.8602952   0.0101102   1.2926700   0.5248221   0.0133994   0.3600936   2.0169861   0.3805295  -1.0000000   0.0134336   0.0000000   2.6678557   0.6385985   0.0000000   0.0000000  -3.7555412  15.0231935   2.0169938   0.3805371   0.0000000   1.0000000   0.0027510   0.0075925
  65.0000000   0.9999684   0.7887785   0.0000000   0.0032343   1.0000000   0.3509004   0.0000000   0.0000000   1.6363431   0.9960784 -18.8608525   0.0101089   1.2926398   0.5250273   0.0133994   0.3600594   2.0168016   0.3804585  -1.0000000   0.0134324   0.0000000   2.6678948   0.6385930   0.0000000   0.0000000  -3.7535795  15.0224927   2.0168088   0.3804657   0.0000000   1.0000000   0.0027507   0.0075925
  66.0000000   0.9999716   0.7887785   0.0000000   0.0032343   1.0000000   0.3509004   0.0000000   0.0000000   1.6363375   0.9960126 -18.8611865   0.0101070   1.2926086   0.5250572   0.0133994   0.3600264   2.0166251   0.3802876  -1.0000000   0.0134306   0.0000000   2.6679275   0.6385851   0.0000000   0.0000000  -3.7517675  15.0217328   2.0166320   0.3802945   0.0000000   1.0000000   0.0027503   0.0075926
  67.0000000   0.9999746   0.7887785   0.0000000   0.0032343   1.0000000   0.3509004   0.0000000   0.0000000   1.6358142   0.9959470 -18.8615939   0.0101061   1.2925770   0.5249324   0.0133994   0.3599953   2.0164474   0.3806332  -1.0000000   0.0134291   0.0000000   2.6679507   0.6385782   0.0000000   0.0000000  -3.7500464  15.0208184   2.0164538   0.3806396   0.0000000   1.0000000   0.0027498   0.0075939
  68.0000000   0.9999772   0.7887785   0.0000000   0.0032343   1.0000000   0.3509004   0.0000000   0.0000000   1.6355950   0.9959105 -18.8616833   0.0101039   1.2925436   0.5248084   0.0133994   0.3599656   2.0163344   0.3807394  -1.0000000   0.0134284   0.0000000   2.6679787   0.6385535   0.0000000   0.0000000  -3.7487542  15.0202191   2.0163403   0.3807454   0.0000000   1.0000000   0.0027496   0.0075960
  69.0000000   0.9999796   0.7887785   0.0000000   0.0032343   1.0000000   0.3509004   0.0000000   0.0000000   1.6353724   0.9958837 -18.8617283   0.0101021   1.2925090   0.5249234   0.0133994   0.3599366   2.0162406   0.3808683  -1.0000000   0.0134268   0.0000000   2.6680893   0.6385432   0.0000000   0.0000000  -3.7476705  15.0197464   2.0162461   0.3808737   0.0000000   1.0000000   0.0027495   0.0075968
  70.0000000   0.9999817   0.7887785   0.0000000   0.0032343   1.0000000   0.3509004   0.0000000   0.0000000   1.6353428   0.9958653 -18.8614792   0.0101007   1.2924751   0.5248827   0.0133994   0.3599092   2.0161671   0.3808244  -1.0000000   0.0134260   0.0000000   2.6681980   0.6385291   0.0000000   0.0000000  -3.7468411  15.0194115   2.0161722   0.3808294   0.0000000   1.0000000   0.0027491   0.0075975
  71.0000000   0.9999836   0.7887785   0.0000000   0.0032343   1.0000000   0.3509004   0.0000000   0.0000000   1.6351462   0.9960754 -18.8612879   0.0101001   1.2924419   0.5244815   0.0135243   0.3598827   2.0163946   0.3812484  -1.0000000   0.0134250   0.0000000   2.6674381   0.6384270   0.0000000   0.0000000  -3.7461584  15.0192709   2.0163993   0.3812530   0.0000000   1.0000000   0.0027487   0.0075982
  72.0000000   0.9999853   0.7887785   0.0000000   0.0032343   1.0000000   0.3509004   0.0000000   0.0000000   1.6353357   0.9961576 -18.8610424   0.0100990   1.2924128   0.5245576   0.0135243   0.3599819   2.0164626   0.3811269  -1.0000000   0.0134278   0.0000000   2.6672733   0.6385215   0.0000000   0.0000000  -3.7455691  15.0191578   2.0164668   0.3811312   0.0000000   1.0000000   0.0027483   0.0075988
  73.0000000   0.9999868   0.7887785   0.0000000   0.0032343   1.0000000   0.3509004   0.0000000   0.0000000   1.6354603   0.9962160 -18.8608099   0.0100978   1.2923849   0.5245040   0.0135243   0.3600784   2.0164955   0.3810352  -1.0000000   0.0134505   0.0000000   2.6667809   0.6385444   0.0000000   0.0000000  -3.7450186  15.0189235   2.0164993   0.3810390   0.0000000   1.0000000   0.0027500   0.0075995
  74.0000000   0.9999882   0.7887785   0.0000000   0.0032343   1.0000000   0.3509004   0.0000000   0.0000000   1.6354385   0.9962540 -18.8607087   0.0100978   1.2923557   0.5245888   0.0135243   0.3601522   2.0164991   0.3810606  -1.0000000   0.0134756   0.0000000   2.6664121   0.6385667   0.0000000   0.0000000  -3.7444951  15.0185546   2.0165025   0.3810641   0.0000000   1.0000000   0.0027582   0.0076027
  75.0000000   0.9999894   0.7887785   0.0000000   0.0032343   1.0000000   0.3509004   0.0000000   0.0000000   1.6354694   0.9962839 -18.8604736   0.0100975   1.2923290   0.5245628   0.0135243   0.3602008   2.0165006   0.3810311  -1.0000000   0.0134913   0.0000000   2.6661481   0.6385731   0.0000000   0.0000000  -3.7441059  15.0181393   2.0165037   0.3810342   0.0000000   1.0000000   0.0027658   0.0076037
  76.0000000   0.9999905   0.7887785   0.0000000   0.0032343   1.0000000   0.3509004   0.0000000   0.0000000   1.6355171   0.9963043 -18.8602750   0.0100971   1.2923043   0.5244989   0.0135243   0.3602339   2.0164900   0.3809729  -1.0000000   0.0134999   0.0000000   2.6659753   0.6385795   0.0000000   0.0000000  -3.7438089  15.0176706   2.0164927   0.3809757   0.0000000   1.0000000   0.0027695   0.0076051
  77.0000000   0.9999915   0.7887785   0.0000000   0.0032343   1.0000000   0.3509004   0.0000000   0.0000000   1.6354627   0.9963191 -18.8601825   0.0100969   1.2922812   0.5244163   0.0135243   0.3602583   2.0164734   0.3810107  -1.0000000   0.0135058   0.0000000   2.6658393   0.6385825   0.0000000   0.0000000  -3.7435317  15.0171268   2.0164758   0.3810131   0.0000000   1.0000000   0.0027719   0.0076071
  78.0000000   0.9999924   0.7887785   0.0000000   0.0032343   1.0000000   0.3509004   0.0000000   0.0000000   1.6355361   0.9963284 -18.8601277   0.0100972   1.2922612   0.5244352   0.0135243   0.3602768   2.0164526   0.3809165  -1.0000000   0.0135099   0.0000000   2.6657273   0.6385842   0.0000000   0.0000000  -3.7433603  15.0166228   2.0164548   0.3809187   0.0000000   1.0000000   0.0027735   0.0076061
  79.0000000   0.9999932   0.7887785   0.0000000   0.0032343   1.0000000   0.3509004   0.0000000   0.0000000   1.6353174   0.9965124 -18.8601182   0.0100962   1.2922422   0.5241176   0.0136253   0.3602912   2.0166551   0.3813377  -1.0000000   0.0135124   0.0000000   2.6649095   0.6385119   0.0000000   0.0000000  -3.7430924  15.0162396   2.0166570   0.3813396   0.0000000   1.0000000   0.0027740   0.0076082
  80.0000000   0.9999939   0.7887785   0.0000000   0.0032343   1.0000000   0.3509004   0.0000000   0.0000000   1.6357053   0.9965988 -18.8599921   0.0100964   1.2922234   0.5240756   0.0136253   0.3604041   2.0167399   0.3810346  -1.0000000   0.0135183   0.0000000   2.6645944   0.6385931   0.0000000   0.0000000  -3.7430221  15.0159448   2.0167416   0.3810363   0.0000000   1.0000000   0.0027749   0.0076096
  81.0000000   0.9999945   0.7887785   0.0000000   0.0032343   1.0000000   0.3509004   0.0000000   0.0000000   1.6355669   0.9966508 -18.8602082   0.0100965   1.2922083   0.5240632   0.0136253   0.3605110   2.0167682   0.3812013  -1.0000000   0.0135402   0.0000000   2.6640517   0.6386292   0.0000000   0.0000000  -3.7426485  15.0153323   2.0167697   0.3812028   0.0000000   1.0000000   0.0027774   0.0076113
  82.0000000   0.9999951   0.7887785   0.0000000   0.0032343   1.0000000   0.3509004   0.0000000   0.0000000   1.6353259   0.9966984 -18.8602374   0.0100960   1.2921917   0.5240927   0.0136253   0.3605961   2.0168026   0.3814767  -1.0000000   0.0135630   0.0000000   2.6635943   0.6386457   0.0000000   0.0000000  -3.7424856  15.0148446   2.0168038   0.3814780   0.0000000   1.0000000   0.0027847   0.0076135
  83.0000000   0.9999956   0.7887785   0.0000000   0.0032343   1.0000000   0.3509004   0.0000000   0.0000000   1.6347234   0.9967495 -18.8599348   0.0100953   1.2921770   0.5240875   0.0136253   0.3606584   2.0168602   0.3821368  -1.0000000   0.0135777   0.0000000   2.6632646   0.6386475   0.0000000   0.0000000  -3.7426698  15.0145864   2.0168613   0.3821379   0.0000000   1.0000000   0.0027910   0.0076157
  84.0000000   0.9999961   0.7887785   0.0000000   0.0032343   1.0000000   0.3509004   0.0000000   0.0000000   1.6342846   0.9968283 -18.8589619   0.0100948   1.2921629   0.5240796   0.0136253   0.3607060   2.0169906   0.3827060  -1.0000000   0.0135867   0.0000000   2.6630565   0.6386306   0.0000000   0.0000000  -3.7435349  15.0149391   2.0169915   0.3827069   0.0000000   1.0000000   0.0027944   0.0076181
  85.0000000   0.9999965   0.7887785   0.0000000   0.0032343   1.0000000   0.3509004   0.0000000   0.0000000   1.6345028   0.9969647 -18.8574312   0.0100938   1.2921484   0.5241040   0.0136253   0.3607446   2.0172601   0.3827573  -1.0000000   0.0135931   0.0000000   2.6629978   0.6385900   0.0000000   0.0000000  -3.7446911  15.0157789   2.0172608   0.3827580   0.0000000   1.0000000   0.0027966   0.0076201
  86.0000000   0.9999968   0.7887785   0.0000000   0.0032343   1.0000000   0.3509004   0.0000000   0.0000000   1.6346050   0.9970780 -18.8559301   0.0100947   1.2921394   0.5240963   0.0136253   0.3607769   2.0174901   0.3828851  -1.0000000   0.0136002   0.0000000   2.6631097   0.6385946   0.0000000   0.0000000  -3.7460467  15.0166448   2.0174906   0.3828856   0.0000000   1.0000000   0.0027980   0.0076247
  87.0000000   0.9999972   0.7887785   0.0000000   0.0032343   1.0000000   0.3509004   0.0000000   0.0000000   1.6349123   0.9971909 -18.8543949   0.0100954   1.2921320   0.5240849   0.0136253   0.3608019   2.0177295   0.3828171  -1.0000000   0.0136097   0.0000000   2.6632320   0.6385873   0.0000000   0.0000000  -3.7475218  15.0175396   2.0177299   0.3828176   0.0000000   1.0000000   0.0027996   0.0076258
  88.0000000   0.9999975   0.7887785   0.0000000   0.0032343   1.0000000   0.3509004   0.0000000   0.0000000   1.6349830   0.9972988 -18.8530143   0.0100950   1.2921248   0.5240726   0.0136253   0.3608175   2.0179617   0.3829787  -1.0000000   0.0136150   0.0000000   2.6634155   0.6385808   0.0000000   0.0000000  -3.7488533  15.0183171   2.0179620   0.3829790   0.0000000   1.0000000   0.0028003   0.0076219
  89.0000000   0.9999977   0.7887785   0.0000000   0.0032343   1.0000000   0.3509004   0.0000000   0.0000000   1.6349839   0.9974136 -18.8515687   0.0100952   1.2921196   0.5240702   0.0136253   0.3608278   2.0182163   0.3832324  -1.0000000   0.0136189   0.0000000   2.6636190   0.6385640   0.0000000   0.0000000  -3.7502721  15.0192006   2.0182166   0.3832327   0.0000000   1.0000000   0.0027999   0.0076169
  90.0000000   0.9999980   0.7887785   0.0000000   0.0032343   1.0000000   0.3509004   0.0000000   0.0000000   1.6349643   0.9975417 -18.8499486   0.0100945   1.2921172   0.5240706   0.0136253   0.3608342   2.0185080   0.3835437  -1.0000000   0.0136210   0.0000000   2.6638709   0.6385419   0.0000000   0.0000000  -3.7518521  15.0202776   2.0185082   0.3835439   0.0000000   1.0000000   0.0027993   0.0076105
  91.0000000   1.0000000   0.7887785   0.0000000   0.0032343   1.0000000   0.3509004   0.0000000   0.0000000   1.6347989   0.9976919 -18.8481230   0.0100945   1.2921152   0.5240698   0.0136253   0.3608385   2.0188526   0.3840538  -1.0000000   0.0136217   0.0000000   2.6641964   0.6385173   0.0000000   0.0000000  -3.7536774  15.0216139   2.0188528   0.3840540   0.0000000   1.0000000   0.0027981   0.0076035
  92.0000000   1.0000000   0.7887785   0.0000000   0.0032343   1.0000000   0.3509004   0.0000000   0.0000000   1.6346739   0.9978612 -18.8459361   0.0100959   1.2921156   0.5240735   0.0136253   0.3608421   2.0192456   0.3845717  -1.0000000   0.0136218   0.0000000   2.6645598   0.6384864   0.0000000   0.0000000  -3.7559134  15.0234144   2.0192458   0.3845719   0.0000000   1.0000000   0.0027968   0.0075961
  93.0000000   1.0000000   0.7887785   0.0000000   0.0032343   1.0000000   0.3509004   0.0000000   0.0000000   1.6348915   0.9978605 -18.8433674   0.0100959   1.2921191   0.5243595   0.0135243   0.3608456   2.0194338   0.3845423  -1.0000000   0.0136213   0.0000000   2.6656985   0.6385352   0.0000000   0.0000000  -3.7585393  15.0255077   2.0194341   0.3845426   0.0000000   1.0000000   0.0027955   0.0075894
  94.0000000   1.0000000   0.7887785   0.0000000   0.0032343   1.0000000   0.3509004   0.0000000   0.0000000   1.6350475   0.9979706 -18.8406887   0.0100957   1.2921190   0.5243041   0.0135243   0.3607486   2.0197671   0.3847195  -1.0000000   0.0136172   0.0000000   2.6663990   0.6384321   0.0000000   0.0000000  -3.7613104  15.0278594   2.0197673   0.3847198   0.0000000   1.0000000   0.0027944   0.0075862
  95.0000000   1.0000000   0.7887785   0.0000000   0.0032343   1.0000000   0.3509004   0.0000000   0.0000000   1.6357776   0.9980899 -18.8380394   0.0100955   1.2921224   0.5243680   0.0135243   0.3606557   2.0201107   0.3843332  -1.0000000   0.0135976   0.0000000   2.6673426   0.6383924   0.0000000   0.0000000  -3.7641511  15.0303352   2.0201110   0.3843335   0.0000000   1.0000000   0.0027922   0.0075780
  96.0000000   1.0000000   0.7887785   0.0000000   0.0032343   1.0000000   0.3509004   0.0000000   0.0000000   1.6362311   0.9981911 -18.8359112   0.0100977   1.2921260   0.5244227   0.0135243   0.3605823   2.0203940   0.3841630  -1.0000000   0.0135751   0.0000000   2.6681871   0.6383817   0.0000000   0.0000000  -3.7664215  15.0324363   2.0203944   0.3841633   0.0000000   1.0000000   0.0027839   0.0075716
  97.0000000   1.0000000   0.7887785   0.0000000   0.0032343   1.0000000   0.3509004   0.0000000   0.0000000   1.6368923   0.9982864 -18.8340277   0.0100980   1.2921285   0.5244118   0.0135243   0.3605316   2.0206505   0.3837582  -1.0000000   0.0135613   0.0000000   2.6688254   0.6383679   0.0000000   0.0000000  -3.7684369  15.0343907   2.0206509   0.3837586   0.0000000   1.0000000   0.0027772   0.0075646
  98.0000000   1.0000000   0.7887785   0.0000000   0.0032343   1.0000000   0.3509004   0.0000000   0.0000000   1.6372591   0.9983524 -18.8327153   0.0101003   1.2921367   0.5244192   0.0135243   0.3604945   2.0208409   0.3835818  -1.0000000   0.0135529   0.0000000   2.6693216   0.6383673   0.0000000   0.0000000  -3.7699865  15.0359487   2.0208414   0.3835823   0.0000000   1.0000000   0.0027732   0.0075581
  99.0000000   1.0000000   0.7887785   0.0000000   0.0032343   1.0000000   0.3509004   0.0000000   0.0000000   1.6381626   0.9984102 -18.8316645   0.0101009   1.2921449   0.5244211   0.0135243   0.3604659   2.0210052   0.3828425  -1.0000000   0.0135447   0.0000000   2.6697067   0.6383626   0.0000000   0.0000000  -3.7712196  15.0373340   2.0210058   0.3828431   0.0000000   1.0000000   0.0027706   0.0075524
 100.0000000   1.0000000   0.7887785   0.0000000   0.0032343   1.0000000   0.3509004   0.0000000   0.0000000   1.6384401   0.9984336 -18.8314682   0.0101030   1.2921513   0.5244183   0.0135243   0.3604456   2.0210805   0.3826405  -1.0000000   0.0135377   0.0000000   2.6700149   0.6383809   0.0000000   0.0000000  -3.7716403  15.0379955   2.0210812   0.3826412   0.0000000   1.0000000   0.0027687   0.0075474
 101.0000000   1.0000000   0.7887785   0.0000000   0.0032343   1.0000000   0.3509004   0.0000000   0.0000000   1.6384879   0.9984408 -18.8315348   0.0101040   1.2921640   0.5244242   0.0135243   0.3604321   2.0211242   0.3826363  -1.0000000   0.0135331   0.0000000   2.6701622   0.6383855   0.0000000   0.0000000  -3.7717728  15.0384603   2.0211251   0.3826372   0.0000000   1.0000000   0.0027675   0.0075466
 102.0000000   1.0000000   0.7887785   0.0000000   0.0032343   1.0000000   0.3509004   0.0000000   0.0000000   1.6383747   0.9984511 -18.8316178   0.0101038   1.2921748   0.5244464   0.0135243   0.3604233   2.0211680   0.3827933  -1.0000000   0.0135277   0.0000000   2.6702537   0.6383840   0.0000000   0.0000000  -3.7717531  15.0389353   2.0211690   0.3827943   0.0000000   1.0000000   0.0027670   0.0075487
 103.0000000   1.0000000   0.7887785   0.0000000   0.0032343   1.0000000   0.3509004   0.0000000   0.0000000   1.6387349   0.9984740 -18.8315089   0.0101021   1.2921845   0.5244402   0.0135243   0.3604200   2.0212338   0.3824989  -1.0000000   0.0135210   0.0000000   2.6703025   0.6383738   0.0000000   0.0000000  -3.7717736  15.0395794   2.0212349   0.3825001   0.0000000   1.0000000   0.0027670   0.0075524
 104.0000000   1.0000000   0.7887785   0.0000000   0.0032343   1.0000000   0.3509004   0.0000000   0.0000000   1.6385039   0.9984576 -18.8317255   0.0101019   1.2921918   0.5244209   0.0135243   0.3604233   2.0212012   0.3826973  -1.0000000   0.0135174   0.0000000   2.6703534   0.6384055   0.0000000   0.0000000  -3.7716749  15.0399732   2.0212024   0.3826985   0.0000000   1.0000000   0.0027675   0.0075594
 105.0000000   1.0000000   0.7887785   0.0000000   0.0032343   1.0000000   0.3509004   0.0000000   0.0000000   1.6385433   0.9984654 -18.8317234   0.0101007   1.2921931   0.5244406   0.0135243   0.3604301   2.0212133   0.3826700  -1.0000000   0.0135145   0.0000000   2.6702799   0.6383964   0.0000000   0.0000000  -3.7716209  15.0405534   2.0212146   0.3826713   0.0000000   1.0000000   0.0027684   0.0075657
 106.0000000   1.0000000   0.7887785   0.0000000   0.0032343   1.0000000   0.3509004   0.0000000   0.0000000   1.6386114   0.9984630 -18.8317278   0.0101006   1.2921984   0.5244499   0.0135243   0.3604399   2.0212065   0.3825951  -1.0000000   0.0135128   0.0000000   2.6702093   0.6384009   0.0000000   0.0000000  -3.7714832  15.0411384   2.0212079   0.3825965   0.0000000   1.0000000   0.0027690   0.0075737
 107.0000000   1.0000000   0.7887785   0.0000000   0.0032343   1.0000000   0.3509004   0.0000000   0.0000000   1.6388772   0.9984537 -18.8317833   0.0101002   1.2922022   0.5244466   0.0135243   0.3604513   2.0211814   0.3823042  -1.0000000   0.0135129   0.0000000   2.6701354   0.6384127   0.0000000   0.0000000  -3.7712650  15.0416517   2.0211827   0.3823056   0.0000000   1.0000000   0.0027699   0.0075818
 108.0000000   1.0000000   0.7887785   0.0000000   0.0032343   1.0000000   0.3509004   0.0000000   0.0000000   1.6390124   0.9984222 -18.8321363   0.0101011   1.2922068   0.5244401   0.0135243   0.3604627   2.0211067   0.3820943  -1.0000000   0.0135143   0.0000000   2.6700197   0.6384302   0.0000000   0.0000000  -3.7707679  15.0418823   2.0211081   0.3820957   0.0000000   1.0000000   0.0027711   0.0075870
 109.0000000   1.0000000   0.7887785   0.0000000   0.0032343   1.0000000   0.3509004   0.0000000   0.0000000   1.6392606   0.9983727 -18.8326956   0.0101022   1.2922107   0.5244260   0.0135243   0.3604728   2.0209904   0.3817298  -1.0000000   0.0135158   0.0000000   2.6698580   0.6384473   0.0000000   0.0000000  -3.7701068  15.0419175   2.0209919   0.3817313   0.0000000   1.0000000   0.0027720   0.0075906
 110.0000000   1.0000000   0.7887785   0.0000000   0.0032343   1.0000000   0.3509004   0.0000000   0.0000000   1.6395219   0.9982972 -18.8335952   0.0101025   1.2922139   0.5244064   0.0135243   0.3604812   2.0208136   0.3812918  -1.0000000   0.0135175   0.0000000   2.6696622   0.6384724   0.0000000   0.0000000  -3.7690859  15.0416097   2.0208151   0.3812933   0.0000000   1.0000000   0.0027729   0.0075931
 111.0000000   1.0000000   0.7887785   0.0000000   0.0032343   1.0000000   0.3509004   0.0000000   0.0000000   1.6397130   0.9981995 -18.8348806   0.0101021   1.2922141   0.5244043   0.0135243   0.3604880   2.0205815   0.3808686  -1.0000000   0.0135189   0.0000000   2.6694211   0.6384998   0.0000000   0.0000000  -3.7676162  15.0408827   2.0205831   0.3808701   0.0000000   1.0000000   0.0027737   0.0075953
 112.0000000   1.0000000   0.7887785   0.0000000   0.0032343   1.0000000   0.3509004   0.0000000   0.0000000   1.6397373   0.9980821 -18.8365187   0.0101027   1.2922146   0.5243918   0.0135243   0.3604934   2.0203049   0.3805676  -1.0000000   0.0135204   0.0000000   2.6691085   0.6385219   0.0000000   0.0000000  -3.7657827  15.0397479   2.0203064   0.3805691   0.0000000   1.0000000   0.0027745   0.0075994
 113.0000000   1.0000000   0.7887785   0.0000000   0.0032343   1.0000000   0.3509004   0.0000000   0.0000000   1.6394896   0.9979641 -18.8383577   0.0101020   1.2922144   0.5243795   0.0135243   0.3604973   2.0200273   0.3805376  -1.0000000   0.0135219   0.0000000   2.6687751   0.6385364   0.0000000   0.0000000  -3.7637401  15.0382958   2.0200288   0.3805392   0.0000000   1.0000000   0.0027757   0.0076005
 114.0000000   1.0000000   0.7887785   0.0000000   0.0032343   1.0000000   0.3509004   0.0000000   0.0000000   1.6391483   0.9979961 -18.8401197   0.0101011   1.2922423   0.5241542   0.0136253   0.3604997   2.0199567   0.3808084  -1.0000000   0.0135235   0.0000000   2.6675909   0.6384654   0.0000000   0.0000000  -3.7617782  15.0370181   2.0199586   0.3808104   0.0000000   1.0000000   0.0027761   0.0076022
 115.0000000   1.0000000   0.7887785   0.0000000   0.0032343   1.0000000   0.3509004   0.0000000   0.0000000   1.6387503   0.9979367 -18.8417339   0.0101019   1.2922661   0.5241172   0.0136253   0.3606014   2.0197753   0.3810250  -1.0000000   0.0135280   0.0000000   2.6669658   0.6385585   0.0000000   0.0000000  -3.7598731  15.0357018   2.0197775   0.3810273   0.0000000   1.0000000   0.0027766   0.0076011
 116.0000000   1.0000000   0.7887785   0.0000000   0.0032343   1.0000000   0.3509004   0.0000000   0.0000000   1.6383950   0.9978972 -18.8430022   0.0100988   1.2922747   0.5241595   0.0136253   0.3606987   2.0196331   0.3812381  -1.0000000   0.0135481   0.0000000   2.6661678   0.6385824   0.0000000   0.0000000  -3.7581849  15.0346394   2.0196355   0.3812405   0.0000000   1.0000000   0.0027783   0.0076028
 117.0000000   1.0000000   0.7887785   0.0000000   0.0032343   1.0000000   0.3509004   0.0000000   0.0000000   1.6382370   0.9978654 -18.8439102   0.0100978   1.2922787   0.5242685   0.0136253   0.3607759   2.0195206   0.3812836  -1.0000000   0.0135710   0.0000000   2.6655344   0.6386000   0.0000000   0.0000000  -3.7568668  15.0337524   2.0195230   0.3812861   0.0000000   1.0000000   0.0027858   0.0076049
 118.0000000   1.0000000   0.7887785   0.0000000   0.0032343   1.0000000   0.3509004   0.0000000   0.0000000   1.6380363   0.9978339 -18.8446028   0.0100980   1.2922790   0.5241326   0.0136253   0.3608302   2.0194147   0.3813784  -1.0000000   0.0135851   0.0000000   2.6650668   0.6386142   0.0000000   0.0000000  -3.7556925  15.0328764   2.0194171   0.3813808   0.0000000   1.0000000   0.0027922   0.0076076
 119.0000000   1.0000000   0.7887785   0.0000000   0.0032343   1.0000000   0.3509004   0.0000000   0.0000000   1.6375072   0.9978092 -18.8452408   0.0100959   1.2922761   0.5241728   0.0136253   0.3608704   2.0193268   0.3814039  -1.0000000   0.0135939   0.0000000   2.6646944   0.6386199   0.0000000   0.0000000  -3.7546880  15.0320811   2.0193292   0.3814063   0.0004157   1.0000000   0.0027958   0.0076058
 120.0000000   1.0000000   0.7887785   0.0000000   0.0032343   1.0000000   0.3509004   0.0000000   0.0000000   1.6398375   0.9978844 -18.9656360   0.0101010   1.2920997   0.5278804   0.0136253   0.3620065   2.0316731   0.3844164  -1.0000000   0.0136252   0.0000000   2.6565491   0.6346327   0.0000000   0.0000000  -3.7866821  15.1272590   2.0316731   0.3844164   0.0074193   1.0000000   0.0027869   0.0075260
