   0.0000000  -0.5769735  -0.5769735  -0.5769735  -0.5769735  -0.5769735  -0.5769735************************************************************************
   0.0773665  -0.4853659  -0.4522184  -0.4339443  -0.4321722  -0.4211979  -0.3884298************************************************************************
   0.2188256  -0.3313698  -0.2666220  -0.4497524  -0.4462911  -0.6080373  -0.5440308************************************************************************
   0.4020084  -0.1365506  -0.4427697  -0.6068854  -0.6017647  -0.5700511  -0.4753585************************************************************************
   0.6189324   0.0913256  -0.6471854  -0.5774611  -0.5707000  -0.5288276  -0.4038024************************************************************************
   0.8649843   0.3477601  -0.6323969  -0.5459017  -0.5375143  -0.4855703  -0.6262695************************************************************************
   1.1370514   0.6297137  -0.6160275  -0.5128759  -0.5028734  -0.7586832  -0.5737182************************************************************************
   1.4328485   0.9349531  -0.5985036  -0.8170822  -0.8054738  -0.7335810  -0.5189189************************************************************************
   1.7506051   1.2617467  -0.5801069  -0.8015612  -0.7883547  -0.7065645  -0.8383588************************************************************************
   2.0888967   1.6087009  -0.9370425  -0.7844379  -0.7696401  -0.6779946  -0.7825512************************************************************************
   2.4465450   1.9746621  -0.9196243  -0.7506713  -0.7342881  -1.0584108  -0.7554547************************************************************************
   2.8225539   2.3586551  -0.9316639  -1.1727880  -1.1548249  -1.0435770  -1.1532883************************************************************************
   3.2007515   2.7442385  -0.9441100  -1.1851229  -1.1656448  -1.0450141  -1.1416957************************************************************************
   3.6263376   3.1774883  -0.9222427  -1.1614271  -1.1403185  -1.4809684  -1.5760850************************************************************************
   4.0527075   3.6109519  -0.9163464  -1.1538868  -1.1312118  -1.4762368  -1.5560667************************************************************************
   4.4945902   0.0069495  -1.3952444  -1.6444257  -1.6201881  -1.4700810  -1.5343295************************************************************************
   4.9514589   0.0284971  -1.4017843  -1.6482018  -1.6224051  -1.4626425  -2.0491267************************************************************************
   5.4228375  -0.4220618  -1.4074422  -1.6507928  -1.6234404  -1.9921317  -2.0367950************************************************************************
   5.9082922  -0.4159951  -1.4123022  -1.6523052  -1.6234002  -1.9948484  -2.5973086************************************************************************
   6.4074262  -0.4101640  -1.4164374  -1.6528317  -2.1849387  -1.9963282  -2.5935835************************************************************************
   6.9198742  -0.4045614  -1.4199115  -2.2268610  -2.1948594  -2.5826821  -2.5883056************************************************************************
   7.4452991   0.1262439  -1.4227807  -2.2372564  -2.2037106  -2.5933501  -3.2011134************************************************************************
   7.9833879   0.1440720  -2.0111081  -2.2466575  -2.2115699  -2.6028289  -3.2038244************************************************************************
   8.5338492   0.1613982  -2.0242916  -2.2551339  -2.2185069  -2.6111989  -3.2050986************************************************************************
   9.0964109   0.1782466  -2.0367908  -2.8930525  -2.8548883  -3.2594311  -3.8666042************************************************************************
   9.6708183   0.1946393  -2.0486525  -2.9104555  -2.8707565  -3.2762156  -3.8753645************************************************************************
  10.2568317   0.2105963  -2.0599193  -2.9269318  -2.8856999  -3.2919240  -4.5742221************************************************************************
  10.8542259   0.2261355  -2.0706298  -2.9425359  -2.8997732  -3.3066181  -4.5900399************************************************************************
  11.4627879   0.2412738  -2.0808191  -2.9573178  -3.5946586  -4.0117951  -4.6045234************************************************************************
  12.0823164   0.2560262  -2.0905191  -3.6627642  -3.6169457  -4.0342963  -5.3470969************************************************************************
  12.7126207   0.2704068  -2.0997594  -3.6857069  -3.6383631  -4.0558074  -5.3682834************************************************************************
  13.3535196   0.2844285  -2.8000078  -3.7078226  -3.6589553  -4.0763776  -6.1447580************************************************************************
  14.0048408   0.2981034  -2.8180788  -3.7291525  -3.6787633  -4.8345844  -6.1723313************************************************************************
  14.6664200   0.3114425  -2.8356331  -3.7497346  -4.4363571  -4.8624686  -6.1986546************************************************************************
  15.3381007   0.3244562  -2.8526975  -4.5171986  -4.4637706  -4.8894307  -7.0151316************************************************************************
  16.0197331   0.3371542  -2.8692963  -4.5453430  -4.4903979  -4.9155112  -7.0475752************************************************************************
  16.7111740   0.3495456  -2.8854526  -4.5727341  -4.5162733  -5.7235428  -7.0788299************************************************************************
  17.4122861   0.3616389  -2.9011876  -4.5994044  -4.5414294  -5.7565268  -7.9336277************************************************************************
  18.1229380   0.3734419  -2.9165214  -4.6253841  -5.3572467  -5.7886442  -7.9707666************************************************************************
  18.8430031   0.3849623  -2.9314726  -4.6507017  -5.3895169  -5.8199291  -8.8555976************************************************************************
  19.5723600   0.3962071  -2.9460586  -5.4835739  -5.4210645  -6.6750992  -8.8984019************************************************************************
  20.3108919   1.1365399  -2.9602960  -5.5159355  -5.4519172  -6.7129388  -8.9400778************************************************************************
  21.0584860   1.1564280  -2.9742000  -5.5476273  -5.4821015  -6.7499584  -9.8606527************************************************************************
  21.8150339   1.1759469  -3.7959752  -5.5786743  -5.5116421  -6.7861871  -9.9078051************************************************************************
  22.5804308   1.1951063  -3.8175449  -5.6090999  -6.3893907  -7.6862013  -9.9538744************************************************************************
  23.3545756   1.2139154  -3.8387392  -5.6389264  -6.4256095  -7.7286838 -10.9089776************************************************************************
  24.1373705   1.2323829  -3.8595726  -6.5327236  -6.4611793  -7.7703858 -10.9603519************************************************************************
  24.9287209   1.2505170  -3.8800590  -6.5691681  -6.4961220  -7.8113328 -11.0106830************************************************************************
  25.7285354   1.2683257  -3.9002117  -6.6050053  -6.5304585  -7.8515488 -11.9992152************************************************************************
  26.5367253   2.0771669  -3.9200431  -6.6402550  -6.5642086  -8.8011396 -12.0546949************************************************************************
  27.3532047   2.1028108  -3.9395651  -6.6749361  -7.5000443  -8.8473311 -12.1091673************************************************************************
  28.1778902   2.1280619  -3.9587889  -6.7090666  -7.5401067  -8.8927989 -13.1301275************************************************************************
  29.0107011   2.1529296  -3.9777253  -6.7426637  -7.5795766  -8.9375641 -13.1896048************************************************************************
  29.8515587   2.1774224  -3.9963845  -7.7005064  -7.6184717  -9.9280028 -14.2362340************************************************************************
  30.7003869   2.2015490  -4.0147762  -7.7403384  -7.6568091  -9.9785125 -14.3005792************************************************************************
  31.5571114   3.0581280  -4.0329097  -7.7796280  -7.6946051 -10.0283260 -14.3639543************************************************************************
  32.4216602   3.0895922  -4.0507938  -7.8183909  -7.7318752 -10.0774625 -15.4414037************************************************************************
  33.2939630   3.1206368  -4.0684371  -7.8566419  -8.7291155 -10.1259400 -15.5095247************************************************************************
  34.1739515   3.1512708  -4.0858477  -7.8943955  -8.7723636 -10.1737763 -15.5767045************************************************************************
  35.0615593   3.1815031  -4.1030332  -7.9316653  -8.8150787 -11.2159060 -15.6429660************************************************************************
  35.9567213   4.0758908  -4.1200012  -7.9684647  -8.8572752 -11.2692547 -16.7559965************************************************************************
  36.8593745   4.1130986  -4.1367587  -8.0048061  -8.8989667 -11.3219655 -16.8268943************************************************************************
  37.7694572   4.1498604  -4.1533125  -9.0356199  -8.9401663 -11.3740541 -16.8968984************************************************************************
  38.6869091   4.1861856  -4.1696692  -9.0778271  -8.9808868 -11.4255359 -18.0390964************************************************************************
  39.6116716   5.1096906  -4.1858351  -9.1195664  -9.0211402 -12.5111563 -18.1136307************************************************************************
  40.5436873   5.1527229  -4.2018161  -9.1608497  -9.0609384 -12.5679554 -18.1872942************************************************************************
  41.4829002   5.1952809  -4.2176181  -9.2016882 -10.1284948 -12.6241500 -19.3579872************************************************************************
  42.4292557   5.2373739  -4.2332467  -9.2420929 -10.1739443 -12.6797541 -19.4360817************************************************************************
  43.3827000   5.2790111  -4.2487072  -9.2820743 -10.2189303 -12.7347809 -19.5133266************************************************************************
  44.3431811   6.2376530  -3.2623413  -9.3216424 -10.2634637 -12.7892436 -20.7118865************************************************************************
  45.3106475   6.2857149  -3.2707807  -9.3608073 -10.3075550 -12.8431547 -20.7934693************************************************************************
  46.2850494   6.3332889  -3.2791110  -9.3995782 -10.3512144 -13.9820714 -20.8742222************************************************************************
  47.2663377   7.3123999  -3.2873362  -9.4379643 -10.3944517 -14.0411007 -22.1000605************************************************************************
  48.2544643   7.3662224  -3.2954598  -9.4759746 -10.4372765 -14.0995787 -22.1850639************************************************************************
  49.2493824   7.4195289  -3.3034852  -9.5136175 -10.4796979 -14.1575170 -22.2692558************************************************************************
  50.2510457   7.4723288  -3.3114159 -10.6364465 -10.5217249 -14.2149267 -23.5218198************************************************************************
  51.2594093   8.4780756  -3.3192550 -10.6795648 -10.5633660 -14.2718188 -23.6101798************************************************************************
  52.2744289   8.5369261  -3.3270058 -10.7223049 -10.6046296 -14.3282038 -23.6977454************************************************************************
  53.2960611   8.5952454  -3.3346712 -10.7646749 -10.6455238 -15.5181770 -23.7845311************************************************************************
  54.3242633   9.6205093  -3.3422541 -10.8066827 -10.6860564 -15.5795002 -25.0681706************************************************************************
  55.3589940   9.6847294  -2.2829840 -10.8483359 -10.7262350 -15.6403154 -25.1590482************************************************************************
  56.4002121   9.7483964  -2.2841166 -10.8896419 -11.8941989 -15.7006323 -25.2491612************************************************************************
  57.4478775  10.7928083  -2.2852117 -10.9306078 -11.9396447 -15.7604606 -26.5584259************************************************************************
  58.5019507  10.8622360  -2.2862711 -10.9712406 -11.9847270 -15.8198094 -26.6525570************************************************************************
  59.5623930  10.9310915  -2.2872967 -11.0115470 -12.0294529 -15.8786877 -26.7459380************************************************************************
  60.6291664  10.9993843  -2.2882903 -11.0515337 -12.0738294 -15.9371043 -26.8385815************************************************************************
  61.7022336  12.0687871  -2.2892536 -11.0912068 -12.1178634 -17.1813886 -28.1776970************************************************************************
  62.7815578  12.1426825  -1.1861904 -11.1305727 -12.1615615 -17.2445696 -28.2742896************************************************************************
  63.8671030  13.2243617  -1.1810154 -11.1696374 -12.2049301 -17.3072869 -28.3701577************************************************************************
  64.9588337  11.2671112  -1.1758481 -11.2084067 -12.2479756 -17.3695488 -28.4653130************************************************************************
  66.0567151  11.3327252  -1.1706895 -11.2468863 -12.2907039 -17.4313630 -29.8336736************************************************************************
  67.1607129  12.4325591  -1.1655406 -11.2850817 -12.3331211 -17.4927376 -29.9327121************************************************************************
  68.2707934  12.5036469  -1.1604022 -11.3229984 -12.3752329 -17.5536800 -30.0310494************************************************************************
  69.3869234  12.5741992  -0.0211902 -11.3606415 -12.4170450 -17.6141975 -30.1286964************************************************************************
  70.5090705  13.6918895  -0.0101534 -11.3980162 -12.4585628 -17.6742975 -31.5257317************************************************************************
  71.6372023  13.7678028   0.0008395 -11.4351276 -12.4997917 -17.7339870 -31.6271990************************************************************************
  72.7712874  13.8431656   0.0117884 -11.4719803 -12.5407368 -17.7932727 -31.7279866************************************************************************
  73.9112948  14.9784284   1.1744532 -11.5085792 -12.5814033 -17.8521614 -31.8281046************************************************************************
  75.0571937  15.0590454   1.1911448 -11.5449288 -12.6217961 -17.9106595 -33.2532758************************************************************************
  76.2089540  16.2058719   1.2077620 -11.5810337 -12.6619200 -19.2320642 -33.3571538************************************************************************
  77.3665461  16.2916628   1.2243052 -11.6168982 -12.7017797 -19.2951194 -33.4603719************************************************************************
  78.5299407  16.3768690   2.4099428 -10.4161748 -12.7413798 -19.3577804 -33.5629395************************************************************************
  79.6991091  17.5408233   2.4320836 -10.4461367 -12.7807248 -19.4200535 -35.0157370************************************************************************
  80.8740228  17.6311062   2.4541228 -10.4758945 -11.5672344 -19.4819448 -35.1220069************************************************************************
  82.0546539  18.8063388   3.6566922 -10.5054517 -11.6007177 -19.5434600 -35.2276352************************************************************************
  83.2409748  17.8098938   3.6842198 -10.5348119 -11.6339815 -19.6046051 -35.3326308************************************************************************
  84.4329584  17.8984150   3.7116203 -10.5639787 -11.6670295 -19.6653856 -36.8125714************************************************************************
  85.6305780  19.0903629   3.7388947 -10.5929555 -11.6998654 -19.7258071 -36.9212139************************************************************************
  86.8338070  19.1838323   3.7660438 -10.6217455 -11.7324929 -19.7858750 -37.0292318************************************************************************
  88.0426196  19.2767128   3.7930686 -10.6503521 -11.7649155 -19.8455945 -37.1366334************************************************************************
  89.2569899  20.4851423   3.8199699 -10.6787784 -11.7971366 -19.9049708 -37.2434269************************************************************************
  90.4768927  20.5828854   3.8467486 -10.7070276 -11.8291596 -19.9640090 -38.7542538************************************************************************
  91.7023030  21.8021776   3.8734055 -10.7351026 -11.8609877 -20.0227141 -38.8646405************************************************************************
  92.9331962  21.9047176   3.8999414 -10.7630064 -11.8926242 -20.0810907 -38.9744262************************************************************************
  94.1695480  23.1347756   3.9263572  -9.4906741 -11.9240723 -20.1391438 -39.0836187************************************************************************
  95.4113343  23.2420491   3.9526537  -9.5130749 -11.9553350 -20.1968778 -39.1922253************************************************************************
  96.6585315  23.3486934   3.9788315  -9.5353335 -10.6709004 -20.2542975 -40.7333624************************************************************************
  97.9111162  24.5947239   4.0048916  -9.5574524 -10.6966925 -20.3114071 -40.8455103************************************************************************
  99.1690653  24.7060255   4.0308347  -9.5794338 -10.7223277 -20.3682111 -40.9570789************************************************************************
 100.4323560  25.9625904   4.0566614  -9.6012803 -10.7478087 -20.4247138 -41.0680751************************************************************************
 101.7009660  26.0784903   4.0823726  -9.6229942 -10.7731380 -20.4809192 -41.1785060************************************************************************
 102.9748728  27.3455011   4.1079690  -8.3137951 -10.7983180 -20.5368316 -42.7494076************************************************************************
 104.2540547  27.4659421   4.1334513  -8.3301999 -10.8233513 -20.5924549 -42.8633297************************************************************************
 105.5384900  28.7433125   4.1588201  -8.3464978 -10.8482402 -20.6477931 -42.9766921************************************************************************
 106.8281571  28.8682391   4.1840762  -8.3626906  -9.5221160 -20.7028501 -43.0895014************************************************************************
 108.1230351  28.9924904   4.2092202  -8.3787803  -9.5417475 -20.7576295 -43.2017640************************************************************************
 109.4231031  30.2852432   4.2342528  -8.3947686  -9.5612596 -20.8121352 -44.8019124************************************************************************
 110.7283403  30.4139142   4.2591747  -7.0548109  -9.5806544 -20.8663708 -44.9176180************************************************************************
 112.0387264  31.7168200   4.2839865  -7.0656445  -9.5999339 -20.9203398 -45.0327820************************************************************************
 113.3542413  33.0247724   4.3086888  -7.0764001  -9.6190999 -20.9740458 -45.1474105************************************************************************
 114.6748649  33.1628382   4.3332823  -7.0870792  -8.2625853 -21.0274922 -45.2615097************************************************************************
 116.0005778  34.4808254   4.3577675  -7.0976832  -8.2766434 -19.6570019 -45.3750855************************************************************************
 117.3313603  34.6231701   4.3821451  -5.7326446  -8.2906109 -19.7052171 -45.4881435************************************************************************
 118.6671932  34.7647947   4.4064158  -5.7382162  -8.3044893 -19.7531982 -47.1248789************************************************************************
 120.0080576  36.0976911   4.4305799  -5.7437342  -8.3182802 -19.8009483 -47.2413303************************************************************************
 121.3539345  36.2435363   4.4546383  -5.7491998  -8.3319852 -19.8484703 -47.3572684************************************************************************
 122.7048055  37.5862794   4.4785914  -5.7546141  -6.9457741 -19.8957672 -47.4726985************************************************************************
 124.0606521  37.7362990   4.5024397  -4.3649656  -6.9545094 -19.9428418 -47.5876262************************************************************************
 125.4214561  37.8855872   4.5261839  -4.3654620  -6.9631795 -19.9896970 -47.7020568************************************************************************
 126.7871995  39.2429650   4.5498245  -4.3659271  -6.9717856 -20.0363355 -47.8159956************************************************************************
 128.1578646  40.6051858   4.5733620  -4.3663616  -5.5661399 -20.0827601 -49.4885800************************************************************************
 129.5334336  40.7634198   5.9674620  -2.9573471  -5.5698682 -20.1289734 -49.6058638************************************************************************
 130.9138893  42.1352748   5.9956990  -2.9529536  -5.5735521 -18.7047599 -49.7226591************************************************************************
 132.2992143  42.2975510   6.0238171  -2.9485482  -5.5771924 -18.7459857 -49.8389712************************************************************************
 133.6893916  43.6789725   6.0518170  -1.5251889  -4.1523879 -18.7870220 -49.9548050************************************************************************
 135.0844044  45.0651521   6.0796993  -1.5160240  -4.1512379 -18.8278715 -50.0701654************************************************************************
 136.4842358  45.2361708   6.1074648  -1.5068648  -4.1500627 -18.8685362 -50.1850571************************************************************************
 137.8888695  46.6318178   6.1351141  -1.4977119  -2.7110632 -18.9090187 -50.2994849************************************************************************
 139.2982890  48.0321742   6.1626479  -0.0554569  -2.7051642 -18.9493210 -50.4134535************************************************************************
 140.7124781  48.2118138   6.1900668  -0.0416268  -2.6992575 -18.9894455 -52.1287067************************************************************************
 142.1314208  49.6215416   6.2173714  -0.0278196  -2.6933436 -17.5274573 -52.2459691************************************************************************
 143.5551012  49.8050383   6.2445624   1.4284402  -1.2356409 -17.5627558 -52.3627748************************************************************************
 144.9835037  51.2240748   6.2716405   1.4468614  -1.2250835 -17.5978961 -52.4791283************************************************************************
 146.4166126  52.6477428   6.2986061   1.4652441  -1.2145353 -17.6328802 -52.5950342************************************************************************
 147.8544126  54.0760270   6.3254600   2.9353700   0.2570325 -17.6677100 -52.7104965************************************************************************
 149.2968883  54.2725607   6.3522027   2.9583058   0.2721628 -17.7023874 -52.8255198************************************************************************
 150.7440247  55.7100326   6.3788349   2.9811879   0.2872682 -16.2127251 -52.9401081************************************************************************
 152.1958069  55.9102898   6.4053570   4.4650456   1.7725668 -16.2426917 -53.0542656************************************************************************
 153.6522199  57.3568904   6.4317696   4.4924220   1.7921949 -16.2725240 -53.1679963************************************************************************
 155.1132492  58.8080337   6.4580734   5.9853614   1.8117833 -16.3022238 -53.2813044************************************************************************
 156.5788802  60.2637053   6.4842689   6.0171892   3.3106821 -16.3317927 -55.0456113************************************************************************
 158.0490985  60.4766940   6.5103567   6.0489350   3.3347357 -14.8194727 -55.1621584************************************************************************
 159.5238897  61.9413800   6.5363372   7.5553904   3.3587355 -14.8444231 -55.2782846************************************************************************
 161.0032399  63.4105523   6.5622110   7.5915320   4.8711075 -14.8692597 -55.3939938************************************************************************
 162.4871349  63.6316124   6.5879787   7.6275785   4.8995169 -14.8939839 -55.5092897************************************************************************
 163.9755609 163.0208322   6.6136408   7.6635303   4.9278589 -13.3637897 -55.6241761************************************************************************
 165.4685042 164.5033811   6.6391977   7.6993878   6.4535807 -13.3839683 -55.7386567************************************************************************
 166.9659510 165.9903619   6.6646501   7.7351514   6.4862785 -13.4040506 -55.8527353************************************************************************
 168.4678880 167.4817614   6.6899983   7.7708215   8.0208331 -13.4240378 -55.9664153************************************************************************
 169.9743017 168.9775664   6.7152430   7.8063986   8.0578475 -11.8761849 -56.0797005************************************************************************
 171.4851789 170.4777638   6.7403845   7.8418829   8.0947688 -11.8916964 -56.1925942************************************************************************
 173.0005064 171.9823406   6.7654235   7.8772749   8.1315975 -11.9071281 -56.3051000************************************************************************
 174.5202712 173.4912842   6.7903603   7.9125749   8.1683340 -11.9224812 -56.4172213************************************************************************
 176.0444604 175.0045817   6.8151954   7.9477834   8.2049787 -10.3571773 -56.5289614************************************************************************
 177.5730611 176.5222207   6.8399294   7.9829007   8.2415319 -10.3681217 -56.6403238************************************************************************
 179.1060606 178.0441885   6.8645626   8.0179271   8.2779939 -10.3790019 -56.7513116************************************************************************
 180.6434465 179.5704728   6.8890955   8.0528631   8.3143653 -10.3898189 -56.8619281************************************************************************
 182.1852062 181.1010614   6.9135286   8.0877091   8.3506462  -8.8072646 -56.9721766************************************************************************
 183.7313272 182.6359421   6.9378624   8.1224652   8.3868372  -8.8137373 -57.0820601************************************************************************
 185.2817975 184.1751027   6.9620972   8.1571320   8.4229384  -8.8201606 -57.1915818************************************************************************
 186.8366047 185.7185315   6.9862336   9.7421800   8.4589504  -7.2247961 -57.3007448************************************************************************
 188.3957369 187.2662163   7.0102718   9.7810060   8.4948734  -7.2269244 -57.4095521************************************************************************
 189.9591820 188.8181457   7.0342125   9.8197317   8.5307078  -7.2290167 -57.5180067************************************************************************
 191.5269283 190.3743077   7.0580559   9.8583573  10.1298990  -5.6209481 -57.6261116************************************************************************
 193.0989638 191.9346909   7.0818026   9.8968835  10.1698583  -5.6187935 -57.7338696************************************************************************
 194.6752771 193.4992838   7.1054529   9.9353105  10.2097182  -5.6166155 -57.8412838************************************************************************
 196.2558564 195.0680750   7.1290072   9.9736388  10.2494791  -3.9959465 -57.9483568************************************************************************
 197.8406903 196.6410533   7.1524659  10.0118689  10.2891416  -3.9895682 -58.0550917************************************************************************
 199.4297674 198.2182073   7.1758295  10.0500011  10.3287059  -2.3605555 -58.1614910************************************************************************
 201.0230764 199.7995260   7.1990984  10.0880358  10.3681725  -2.3500108 -58.2675576************************************************************************
 202.6206062 201.3849984   7.2222728  10.1259736  10.4075418  -2.3394664 -58.3732942************************************************************************
 204.2223455 202.9746135   7.2453533  10.1638147  10.4468142  -0.6980206 -58.4787035************************************************************************
 205.8282833 204.5683605   7.2683402  10.2015595  10.4859901  -0.6833542 -58.5837880************************************************************************
 207.4384088 206.1662285   7.2912338  10.2392085  10.5250699   0.9663261 -58.6885505************************************************************************
 209.0527109 207.7682070   7.3140346  10.2767621  10.5640541   0.9850820 -58.7929935************************************************************************
 210.6711791 209.3742854   7.3367429  10.3142206  10.6029429   2.6429543 -58.8971195************************************************************************
 212.2938025 210.9844530   7.3593592  10.3515845  10.6417368   2.6657679 -59.0009311************************************************************************
 213.9205705 212.5986995   9.0003518  10.3888540  10.6804361   4.3317903 -59.1044308************************************************************************
 215.5514726 214.2170144   9.0269401  10.4260296  10.7190412   4.3586303 -59.2076209************************************************************************
 217.1864984 215.8393876   9.0534268  10.4631116  10.7575526   6.0327616 -57.5070588************************************************************************
 218.8256375 217.4658088   9.0798123  10.5001004  10.7959705   6.0635973 -57.6059073************************************************************************
 220.4688796 219.0962679   9.1060971  10.5369964  10.8342953   6.0943794 -57.7044613************************************************************************
 222.1162144 220.7307549  10.7673072  10.5737999  10.8725274   7.7805980 -57.8027229************************************************************************
 223.7676318 222.3692597  10.7975050  10.6105113  10.9106671   7.8153357 -57.9006945************************************************************************
 225.4231219 224.0117724  12.4667320  10.6471309  10.9487149   9.5095628 -57.9983784************************************************************************
 227.0826744 225.6582833  12.5008136  10.6836592  10.9866710   9.5482267 -58.0957767************************************************************************
 228.7462797 227.3087825  12.5347761  10.7200963  11.0245357  11.2504230 -58.1928917************************************************************************
 230.4139277 228.9632605  14.2159549  10.7564427  11.0623095  11.2929842 -58.2897255************************************************************************
 232.0856087 230.6217075  14.2537636  10.7926987  11.0999927  13.0031112 -58.3862802************************************************************************
 233.7613130 232.2841140  15.9428623  10.8288647  11.1375856  13.0495413 -58.4825581************************************************************************
 235.4410310 233.9504705  15.9844892  10.8649409  11.1750885  13.0958799 -56.7381562************************************************************************
 237.1247531 235.6207677  16.0259799  10.9009277  11.2125018  13.1421274 -56.8302313************************************************************************
 238.8124699 237.2949962  17.7268875  10.9368255  11.2498257  13.1882843 -56.9220429************************************************************************
 240.5041718 238.9731466  17.7721603  10.9726345  11.2870608  13.2343507 -57.0135930************************************************************************
 242.1998495 240.6552099  17.8172889  11.0083551  11.3242071  13.2803271 -57.1048837************************************************************************
 243.8994937 242.3411768  19.5299222  11.0439875  11.3612651  13.3262137 -57.1959168************************************************************************
 245.6030951 244.0310382  19.5787978  11.0795322  11.3982351  13.3720109 -57.2866942************************************************************************
 247.3106447 245.7247852  21.2992027  11.1149893  11.4351173  13.4177190 -57.3772179************************************************************************
 249.0221333 247.4224088  21.3517991  11.1503593  11.4719122  13.4633383 -55.6016485************************************************************************
 250.7375518 249.1239001  21.4042356  11.1856424  11.5086200  13.5088691 -55.6880649************************************************************************
 252.4568913 250.8292502  23.1362312  11.2208390  11.5452409  13.5543118 -55.7742399************************************************************************
 254.1801428 252.5384504  23.1923547  11.2559492  11.5817754  13.5996666 -55.8601756************************************************************************
 255.9072975 254.2514920  23.2483113  11.2909735  11.6182237  13.6449338 -55.9458735************************************************************************
 257.6383466 255.9683662  24.9918187  11.3259121  11.6545860  13.6901138 -56.0313355************************************************************************
 259.3732813 257.6890646  25.0514294  11.3607653  11.6908628  13.7352068 -54.2327636************************************************************************
 261.1120930 259.4135785  26.8025683  11.3955334  11.7270542  13.7802131 -54.3141877************************************************************************
 262.8547730 261.1418995  26.8658084  11.4302167  11.7631606  13.8251331 -54.3953876************************************************************************
 264.6013128 262.8740191  28.6245450  11.4648155  11.7991823  13.8699670 -54.4763651************************************************************************
 266.3517039 264.6099291  28.6913902  11.4993300  11.8351195  13.9147152 -52.6626287************************************************************************
 268.1059377 266.3496209  28.7580469  11.5337605  11.8709725  13.9593778 -52.7396150************************************************************************
 269.8640059 268.0930865  30.5281175  11.5681074  11.9067416  14.0039552 -52.8163902************************************************************************
 271.6259002 269.8403176  30.5983482  11.6023708  11.9424271  14.0484477 -52.8929559************************************************************************
 273.3916123 271.5913060  32.3759338  11.6365510  11.9780292  14.0928555 -51.0641872************************************************************************
 275.1611339 273.3460436  32.4497151  11.6706484  12.0135482  14.1371789 -51.1368071************************************************************************
 276.9344568 275.1045225  32.5232947  13.4703753  12.0489844  14.1814183 -51.2092284************************************************************************
 278.7115729 276.8667345  34.3120923  13.5081172  12.0843381  14.2255738 -51.2814527************************************************************************
 280.4924742 278.6326717  34.3891926  13.5457689  12.1196094  14.2696457 -49.4377806************************************************************************
 282.2771525 280.4023263  36.1854250  13.5833306  12.1547988  14.3136343 -49.5061030************************************************************************
 284.0656000 282.1756904  36.2660236  13.6208027  13.9708076  14.3575399 -49.5742390************************************************************************
 285.8578087 283.9527562  36.3464081  13.6581855  14.0096107  14.4013627 -47.7194718************************************************************************
 287.6537707 285.7335159  38.1537342  13.6954792  14.0483246  14.4451030 -47.7837397************************************************************************
 289.4534783 287.5179619  39.9647428  13.7326842  14.0869496  14.4887611 -47.8478315************************************************************************
 291.2569235 289.3060864  40.0522715  13.7698007  14.1254860  14.5323371 -47.9117483************************************************************************
 293.0640987 291.0978820  40.1395731  13.8068292  14.1639340  14.5758315 -46.0422954************************************************************************
 294.8749962 292.8933410  41.9615835  13.8437697  14.2022940  14.6192443 -46.1023860************************************************************************
 296.6896084 294.6924559  42.0523114  13.8806228  14.2405663  14.6625759 -46.1623116************************************************************************
 298.5079277 296.4952193  43.8816188  13.9173886  14.2787510  14.7058265 -44.2819234************************************************************************
 300.3299465 298.3016237  43.9757519  13.9540674  14.3168487  14.7489963 -44.3380549************************************************************************
 302.1556573 300.1116618  45.8123266  13.9906595  14.3548594  14.7920857 -44.3940312************************************************************************
 303.9850528 301.9253262  45.9098441  14.0271653  14.3927836  14.8350948 -42.5027740************************************************************************
 305.8181254 303.7426096  47.7536569  14.0635849  14.4306214  14.8780238 -42.5549876************************************************************************
 307.6548678 305.5635049  47.8545382  14.0999187  14.4683732  14.9208731 -42.6070553************************************************************************
 309.4952728 307.3880048  49.7055603  14.1361669  14.5060393  14.9636429 -40.7049945************************************************************************
 311.3393330 309.2161021  49.8097852  14.1723298  14.5436199  15.0063333 -40.7533303************************************************************************
 313.1870411 311.0477898  51.6679879  14.2084077  14.5811152  15.0489447 -40.8015295************************************************************************
 315.0383901 312.8830607  51.7755365  14.2444009  14.6185256  15.0914772 -38.8887289************************************************************************
 316.8933728 314.7219079  53.6408916  14.2803095  14.6558514  15.1339311 -38.9332263************************************************************************
 318.7519820 316.5643243  53.7517442  14.3161340  14.6930927  15.1763066 -38.9775960************************************************************************
 320.6142107 318.4103031  55.6242238  14.3518745  14.7302499  15.2186040 -37.0541185************************************************************************
 322.4800518 320.2598372  55.7383610  14.3875313  14.7673232  17.1194326 -37.0948161************************************************************************
 324.3494985 322.1129199  57.6179376  14.4231046  14.8043129  17.1651938 -35.1642551************************************************************************
 326.2225437 323.9695442  57.7353404  14.4585948  14.8412192  17.2108705 -35.2013019************************************************************************
 328.0991806 325.8297035  59.6219866  14.4940021  14.8780424  17.2564629 -35.2382371************************************************************************
 329.9794023 327.6933910  59.7426360  14.5293266  14.9147827  17.3019713 -33.2971017************************************************************************
 331.8632020 329.5605998  61.6363250  14.5645688  14.9514405  17.3473960 -33.3304148************************************************************************
 333.7505728 331.4313235  61.7602025  14.5997288  14.9880159  17.3927372 -33.3636246************************************************************************
 335.6415081 333.3055554  63.6609076  14.6348068  15.0245091  17.4379952 -31.4119748************************************************************************
 337.5360011 335.1832887  63.7879947  14.6698032  15.0609206  17.4831701 -31.4415904************************************************************************
 339.4340452 337.0645171  65.6956896  14.7047181  15.0972503  17.5282624 -29.4829638************************************************************************
 341.3356338 338.9492339  65.8259683  14.7395519  15.1334988  17.5732721 -29.5090055************************************************************************
 343.2407601 340.8374327  67.7406269  14.7743046  15.1696660  17.6181996 -27.5434281************************************************************************
 345.1494178 342.7291071  69.6587577  14.8089767  15.2057524  17.6630451 -27.5659160************************************************************************
 347.0616002 344.6242505  69.7956759  14.8435682  15.2417581  17.7078088 -25.5934135************************************************************************
 348.9773009 346.5228567  71.7207319  14.8780796  15.2776834  17.7524910 -25.6123672************************************************************************
 350.8965135 348.4249193  71.8607935  14.9125109  15.3135285  17.7970920 -23.6329649************************************************************************
 352.8192314 350.3304320  73.7927494  14.9468624  15.3492936  17.8416118 -23.6484041************************************************************************
 354.7454484 352.2393884  73.9359371  14.9811343  15.3849790  17.8860509 -21.6621272************************************************************************
 356.6751581 354.1517824  75.8747678  15.0153269  15.4205849  17.9304093 -21.6740711************************************************************************
 358.6083542 356.0676078  77.8170266  15.0494404  15.4561115  17.9746874 -19.6809442************************************************************************
 360.5450304 357.9868583  77.9667454  15.0834751  15.4915590  18.0188854 -19.6894119************************************************************************
 362.4851804 359.9095279  79.9158419  15.1174310  15.5269277  18.0630034 -17.6894597************************************************************************
 364.4287981 361.8356104  80.0686407  15.1513086  15.5622178  18.1070418 -15.6861041************************************************************************
 366.3758772 363.7650998  82.0245506  15.1851079  15.5974296  18.1510008 -13.6793509************************************************************************
 368.3264118 365.6979900  82.1804129  15.2188292  15.6325631  18.1948805 -11.6692063************************************************************************
 370.2803955 367.6342750  84.1431121  15.2524727  15.6676187  18.2386812  -9.6556761************************************************************************
 372.2378224 369.5739488  86.1091969  15.2860386  15.7025965  18.2824031  -7.6387664************************************************************************
 374.1986863 371.5170054  86.2714862  15.3195272  15.7374968  18.3260464  -5.6184831************************************************************************
 376.1629814 373.4634391  88.2443246  15.3529386  15.7723198  18.3696114  -3.5948320************************************************************************
 378.1307016 375.4132438  88.4096333  15.3862731  15.8070657  18.4130982  -1.5678190************************************************************************
 380.1018409 377.3664137  90.3892017  15.4195309  15.8417347  18.4565071   0.4625500************************************************************************
 382.0763935 379.3229430  92.3721263  15.4527121  15.8763270  18.4998383   2.4962694************************************************************************
 384.0543534 381.2828259  92.5437893  15.4858170  15.9108428  18.5430920   4.5333333************************************************************************
 386.0357147 383.2460567  94.5334092  15.5188459  15.9452823  18.5862683   6.5737360************************************************************************
 388.0204718 385.2126295  94.7080488  15.5517988  15.9796458  18.6293676   8.6174718************************************************************************
 390.0086187 387.1825387  96.7043411  15.5846759  16.0139333  18.6723900  10.6645350************************************************************************
 392.0001496 389.1557787  98.7039610  15.6174776  16.0481452  18.7153357  12.7149200************************************************************************
 393.9950590 391.1323437  98.8848841  15.6502040  16.0822817  18.7582049  14.7686211************************************************************************
 395.9933409 393.1122282 100.8911424  15.6828552  16.1163428  18.8009978  16.8256328************************************************************************
 397.9949898 395.0954265 102.9007116  15.7154316  16.1503289  18.8437147  18.8859495************************************************************************
 400.0000000 397.0819331 103.0878752  15.7479332  16.1842401  18.8863556  20.9495657************************************************************************
