 t r r1 w w1
   1.0000000   0.0101010   0.0101010   2.0018584   2.0018584
   2.0000000   0.0101010   0.0101010   1.9968194   1.9959959
   3.0000000   0.0083851   0.0083657   1.9917138   1.9906620
   4.0000000   0.0089149   0.0092176   1.9865706   1.9852652
   5.0000000   0.0089202   0.0092713   1.9778690   1.9760928
   6.0000000   0.0092549   0.0095637   1.9783728   1.9767496
   7.0000000   0.0097808   0.0099729   1.9853000   1.9842637
   8.0000000   0.0100726   0.0101906   1.9899710   1.9894005
   9.0000000   0.0102929   0.0104127   1.9947423   1.9945275
  10.0000000   0.0102519   0.0102838   1.9953049   1.9952349
  11.0000000   0.0102002   0.0103340   1.9948194   1.9947705
  12.0000000   0.0102420   0.0103438   1.9957972   1.9958986
  13.0000000   0.0102261   0.0103300   1.9960724   1.9962799
  14.0000000   0.0099231   0.0100537   1.9911137   1.9909873
  15.0000000   0.0099450   0.0101062   1.9902790   1.9901798
  16.0000000   0.0097810   0.0099848   1.9865410   1.9862187
  17.0000000   0.0099404   0.0100342   1.9880383   1.9879175
  18.0000000   0.0099637   0.0100433   1.9883152   1.9882625
  19.0000000   0.0100373   0.0101963   1.9892872   1.9893685
  20.0000000   0.0098932   0.0099410   1.9868086   1.9867441
  21.0000000   0.0097688   0.0099066   1.9835745   1.9832797
  22.0000000   0.0099240   0.0099835   1.9849783   1.9848387
  23.0000000   0.0097596   0.0099626   1.9818034   1.9814498
  24.0000000   0.0098907   0.0100082   1.9826241   1.9823706
  25.0000000   0.0100271   0.0101844   1.9853627   1.9854363
  26.0000000   0.0096886   0.0096297   1.9791768   1.9790129
  27.0000000   0.0100150   0.0100749   1.9829597   1.9829433
  28.0000000   0.0102039   0.0102537   1.9867897   1.9871074
  29.0000000   0.0099653   0.0100670   1.9836449   1.9837094
  30.0000000   0.0102124   0.0101077   1.9872595   1.9876250
  31.0000000   0.0102221   0.0101999   1.9883806   1.9888332
  32.0000000   0.0102158   0.0101651   1.9889535   1.9894442
  33.0000000   0.0099780   0.0100249   1.9853343   1.9855303
  34.0000000   0.0100256   0.0100540   1.9853472   1.9855491
  35.0000000   0.0099504   0.0099447   1.9839335   1.9840264
  36.0000000   0.0099950   0.0100018   1.9841688   1.9842888
  37.0000000   0.0100948   0.0101011   1.9857721   1.9860068
  38.0000000   0.0100749   0.0100215   1.9857602   1.9860044
  39.0000000   0.0099767   0.0100338   1.9840481   1.9841651
  40.0000000   0.0100997   0.0101131   1.9855193   1.9856878
  41.0000000   0.0100856   0.0101445   1.9855751   1.9856836
  42.0000000   0.0101143   0.0100507   1.9861998   1.9863818
  43.0000000   0.0101167   0.0101240   1.9863701   1.9865508
  44.0000000   0.0101195   0.0101371   1.9866096   1.9867814
  45.0000000   0.0101320   0.0100800   1.9867915   1.9869635
  46.0000000   0.0101323   0.0101376   1.9869573   1.9871188
  47.0000000   0.0101328   0.0101402   1.9871128   1.9872527
  48.0000000   0.0101371   0.0101432   1.9872727   1.9873728
  49.0000000   0.0101348   0.0101379   1.9874232   1.9874739
  50.0000000   0.0101442   0.0101721   1.9876207   1.9875884
  51.0000000   0.0101330   0.0100944   1.9877563   1.9878250
  52.0000000   0.0101536   0.0101293   1.9879944   1.9879802
  53.0000000   0.0101479   0.0106315   1.9882224   1.9881355
  54.0000000   0.0101546   0.0096103   1.9884150   1.9882663
  55.0000000   0.0101505   0.0100960   1.9886349   1.9885871
  56.0000000   0.0101489   0.0101900   1.9887793   1.9887334
  57.0000000   0.0101551   0.0100851   1.9889610   1.9889432
  58.0000000   0.0101577   0.0106418   1.9891555   1.9889647
  59.0000000   0.0101702   0.0097187   1.9893279   1.9891815
  60.0000000   0.0101536   0.0102145   1.9894983   1.9893909
  61.0000000   0.0101632   0.0100511   1.9897147   1.9896464
  62.0000000   0.0101651   0.0101879   1.9899348   1.9899028
  63.0000000   0.0101655   0.0102209   1.9901218   1.9901126
  64.0000000   0.0101690   0.0102188   1.9902636   1.9901805
  65.0000000   0.0101668   0.0102090   1.9904101   1.9903393
  66.0000000   0.0101730   0.0102616   1.9906173   1.9905212
  67.0000000   0.0101694   0.0101332   1.9907718   1.9906818
  68.0000000   0.0101688   0.0102185   1.9909056   1.9908237
  69.0000000   0.0101718   0.0102086   1.9910531   1.9910556
  70.0000000   0.0101679   0.0105800   1.9910588   1.9913670
  71.0000000   0.0101764   0.0098030   1.9912537   1.9911125
  72.0000000   0.0101830   0.0103398   1.9914982   1.9913921
  73.0000000   0.0101793   0.0101642   1.9917104   1.9916244
  74.0000000   0.0101897   0.0102054   1.9919596   1.9918888
  75.0000000   0.0101819   0.0101973   1.9921832   1.9921138
  76.0000000   0.0101853   0.0102722   1.9924320   1.9923805
  77.0000000   0.0101879   0.0102058   1.9926732   1.9926355
  78.0000000   0.0101895   0.0103039   1.9929116   1.9928897
  79.0000000   0.0101923   0.0101030   1.9931503   1.9931262
  80.0000000   0.0101913   0.0102243   1.9933681   1.9933500
  81.0000000   0.0101915   0.0102165   1.9936011   1.9935879
  82.0000000   0.0101951   0.0102173   1.9938028   1.9937937
  83.0000000   0.0101912   0.0102099   1.9939847   1.9939672
  84.0000000   0.0101911   0.0102011   1.9941788   1.9941558
  85.0000000   0.0101992   0.0102009   1.9943975   1.9943698
  86.0000000   0.0101915   0.0101976   1.9945548   1.9945105
  87.0000000   0.0101960   0.0101457   1.9947563   1.9946868
  88.0000000   0.0101799   0.0116418   1.9951268   1.9946845
  89.0000000   0.0101940   0.0100044   1.9954659   1.9947474
  90.0000000   0.0101853   0.0082800   1.9955567   1.9949536
  91.0000000   0.0100412   0.0099532   1.9956104   1.9950655
  92.0000000   0.0103367   0.0104315   1.9965849   1.9961716
  93.0000000   0.0103164   0.0103077   1.9972085   1.9968882
  94.0000000   0.0102911   0.0103992   1.9977175   1.9974758
  95.0000000   0.0102777   0.0102552   1.9981059   1.9979227
  96.0000000   0.0102643   0.0102862   1.9984347   1.9982886
  97.0000000   0.0102586   0.0102301   1.9987203   1.9985876
  98.0000000   0.0102556   0.0101959   1.9990118   1.9989219
  99.0000000   0.0102544   0.0102578   1.9992042   1.9991021
 100.0000000   0.0102480   0.0101440   1.9994217   1.9993285
 101.0000000   0.0102436   0.0101659   1.9996282   1.9995438
 102.0000000   0.0102390   0.0102121   1.9998283   1.9997573
 103.0000000   0.0102366   0.0099700   2.0000257   1.9999575
 104.0000000   0.0102329   0.0104430   2.0001980   2.0001737
 105.0000000   0.0102267   0.0098686   2.0003256   2.0003415
 106.0000000   0.0102279   0.0103481   2.0004003   2.0003444
 107.0000000   0.0102202   0.0101695   2.0004953   2.0004292
 108.0000000   0.0102174   0.0100994   2.0005927   2.0005122
 109.0000000   0.0102141   0.0101121   2.0006940   2.0006032
 110.0000000   0.0102112   0.0102084   2.0007974   2.0006981
 111.0000000   0.0102091   0.0100592   2.0009029   2.0007942
 112.0000000   0.0102072   0.0101275   2.0010096   2.0008974
 113.0000000   0.0102064   0.0110793   2.0011138   2.0010056
 114.0000000   0.0102059   0.0083457   2.0012031   2.0010088
 115.0000000   0.0102019   0.0099081   2.0012867   2.0011552
 116.0000000   0.0101965   0.0115173   2.0013729   2.0013649
 117.0000000   0.0102019   0.0101573   2.0014819   2.0014783
 118.0000000   0.0102116   0.0094748   2.0016062   2.0015754
 119.0000000   0.0102799   0.0104541   2.0018015   2.0018021
 120.0000000   0.0101010   0.0101010   2.0018584   2.0018584
