 t z psi theta tau_a f_e f_o tau_x tau_l C H B r w div entry mass rgdp rinv firm
 s_constrained exit exit_b
 avg_firm_size labor_share std_dev_growth_emp std_dev_growth_sales debt capital 
 ngdp ninv exdem psi_c collat_binding
   1.0000000   1.0000000   0.7926370   0.4035441   0.0032343   1.0000000   0.7801890   0.0000000   0.0000000   2.5286658   0.9975510  -4.5981648   0.0101010   2.0018584   0.5590960   0.0106540   0.3604869   3.0906914   0.5532838  -1.0000000   0.0106539   0.0000000   2.6877956   0.6461194   0.0000000   0.0000000  -5.7495697  33.1899199   3.0906914   0.5532838   0.0087418   1.0000000   0.0000000
   2.0000000   0.9872034   0.7926370   0.3393233   0.0032343   1.0000000   0.7801890   0.0000000   0.0000000   2.5226254   0.9902507  -4.5981648   0.0101010   1.9968194   0.1641955   0.0092341   0.3604869   3.0428782   0.5202528  -1.0000000   0.0112860   0.0000000   0.0000000   0.0000000   0.0000000   0.0000000  -5.7495697  33.1707759   3.0428317   0.5202063   0.0000000   1.0000000   0.0000000
   3.0000000   0.9925981   0.7926370   0.3408295   0.0032343   1.0000000   0.7801890   0.0000000   0.0000000   2.5182916   0.9883204  -5.0041292   0.0083851   1.9917138   0.3261059   0.0098734   0.3584351   3.0329284   0.5146368  -1.0000000   0.0121250   0.0000000   0.0000000   0.0000000   0.0000000   0.0000000  -5.1710798  33.1503301   3.0328282   0.5145367   0.0000000   1.0000000   0.0000000
   4.0000000   0.9907776   0.7926370   0.3423003   0.0032343   1.0000000   0.7801890   0.0000000   0.0000000   2.5160892   0.9852814  -5.2582592   0.0089149   1.9865706   0.4006498   0.0098734   0.3561835   3.0172248   0.5011356  -1.0000000   0.0114015   0.0000000   0.0000000   0.0000000   0.0000000   0.0000000  -4.9676749  33.1151719   3.0170738   0.5009846   0.0000000   1.0000000   0.0000000
   5.0000000   0.9791528   0.7926370   0.3437367   0.0032343   1.0000000   0.7801890   0.0000000   0.0000000   2.5140224   0.9784844  -5.4487374   0.0089202   1.9778690   0.5123136   0.0098734   0.3546554   2.9785656   0.4645432  -1.0000000   0.0109242   0.0000000   0.0000000   0.0000000   0.0000000   0.0000000  -4.8864756  33.0670056   2.9783287   0.4643063   0.0000000   1.0000000   0.0000000
   6.0000000   0.9839517   0.7926370   0.3451394   0.0032343   1.0000000   0.7801890   0.0000000   0.0000000   2.5126850   0.9807774  -5.5503448   0.0092549   1.9783728   0.6367067   0.0103092   0.3536046   2.9893042   0.4766191  -1.0000000   0.0106627   0.0000000   0.0000000   0.0000000   0.0000000   0.0000000  -4.8493931  32.9883680   2.9890621   0.4763770   0.0000000   1.0000000   0.0000000
   7.0000000   0.9996259   0.7926370   0.3465092   0.0032343   1.0000000   0.7801890   0.0000000   0.0000000   2.5123665   0.9888748  -5.5238446   0.0097808   1.9853000   0.6139997   0.0103092   0.3532512   3.0328407   0.5204742  -1.0000000   0.0098387   0.0000000   0.0000000   0.0000000   0.0000000   0.0000000  -4.8354604  32.9160239   3.0326700   0.5203035   0.0000000   1.0000000   0.0000000
   8.0000000   1.0097822   0.7926370   0.3478469   0.0032343   1.0000000   0.7801890   0.0000000   0.0000000   2.5125894   0.9940572  -5.4981886   0.0100726   1.9899710   0.6302174   0.0103092   0.3537217   3.0616690   0.5490797  -1.0000000   0.0101514   0.0000000   0.0000000   0.0000000   0.0000000   0.0000000  -4.8352662  32.8889427   3.0615465   0.5489571   0.0000000   1.0000000   0.0000000
   9.0000000   1.0191300   0.7926370   0.3491532   0.0032343   1.0000000   0.7801890   0.0000000   0.0000000   2.5133648   0.9988080  -5.4421964   0.0102929   1.9947423   0.6197017   0.0103092   0.3538795   3.0891686   0.5758038  -1.0000000   0.0102329   0.0000000   0.0000000   0.0000000   0.0000000   0.0000000  -4.8432730  32.8908219   3.0890953   0.5757305   0.0000000   1.0000000   0.0000000
  10.0000000   1.0197379   0.7926370   0.3504288   0.0032343   1.0000000   0.7801890   0.0000000   0.0000000   2.5138196   0.9992181  -5.3824059   0.0102519   1.9953049   0.6525856   0.0103092   0.3539558   3.0925342   0.5787146  -1.0000000   0.0105272   0.0000000   0.0000000   0.0000000   0.0000000   0.0000000  -4.8570571  32.9195208   3.0924667   0.5786471   0.0000000   1.0000000   0.0000000
  11.0000000   1.0179880   0.7926370   0.3516745   0.0032343   1.0000000   0.7801890   0.0000000   0.0000000   2.5143993   0.9985569  -5.2875192   0.0102002   1.9948194   0.6199968   0.0103092   0.3537378   3.0894133   0.5750140  -1.0000000   0.0104505   0.0000000   0.0000000   0.0000000   0.0000000   0.0000000  -4.8743727  32.9507331   3.0893407   0.5749414   0.0000000   1.0000000   0.0000000
  12.0000000   1.0193953   0.7926370   0.3528911   0.0032343   1.0000000   0.7801890   0.0000000   0.0000000   2.5150037   0.9994076  -5.2271545   0.0102420   1.9957972   0.6052520   0.0103092   0.3535965   3.0951268   0.5801231  -1.0000000   0.0104707   0.0000000   0.0000000   0.0000000   0.0000000   0.0000000  -4.8914468  32.9777423   3.0950643   0.5800606   0.0000000   1.0000000   0.0000000
  13.0000000   1.0191106   0.7926370   0.3540791   0.0032343   1.0000000   0.7801890   0.0000000   0.0000000   2.5155738   0.9995420  -5.1788381   0.0102261   1.9960724   0.5991604   0.0103092   0.3534350   3.0963083   0.5807345  -1.0000000   0.0103622   0.0000000   0.0000000   0.0000000   0.0000000   0.0000000  -4.9088317  33.0096312   3.0962487   0.5806748   0.0000000   1.0000000   0.0000000
  14.0000000   1.0086657   0.7926370   0.3552392   0.0032343   1.0000000   0.7801890   0.0000000   0.0000000   2.5154561   0.9945992  -5.1346194   0.0099231   1.9911137   0.5956542   0.0103092   0.3533820   3.0680837   0.5526275  -1.0000000   0.0105086   0.0000000   0.0000000   0.0000000   0.0000000   0.0000000  -4.9237071  33.0417696   3.0679729   0.5525168   0.0000000   1.0000000   0.0000000
  15.0000000   1.0073442   0.7926370   0.3563721   0.0032343   1.0000000   0.7801890   0.0000000   0.0000000   2.5154691   0.9940997  -5.1083948   0.0099450   1.9902790   0.5906183   0.0103092   0.3531826   3.0651188   0.5496497  -1.0000000   0.0104463   0.0000000   0.0000000   0.0000000   0.0000000   0.0000000  -4.9374068  33.0451058   3.0649994   0.5495303   0.0000000   1.0000000   0.0000000
  16.0000000   1.0004663   0.7926370   0.3574784   0.0032343   1.0000000   0.7801890   0.0000000   0.0000000   2.5151798   0.9907743  -5.0879890   0.0097810   1.9865410   0.5924345   0.0103092   0.3530456   3.0457959   0.5306162  -1.0000000   0.0105067   0.0000000   0.0000000   0.0000000   0.0000000   0.0000000  -4.9483645  33.0455441   3.0456380   0.5304583   0.0000000   1.0000000   0.0000000
  17.0000000   1.0039746   0.7926370   0.3585588   0.0032343   1.0000000   0.7801890   0.0000000   0.0000000   2.5150134   0.9927855  -5.0764489   0.0099404   1.9880383   0.5827873   0.0103092   0.3528481   3.0561672   0.5411537  -1.0000000   0.0101470   0.0000000   0.0000000   0.0000000   0.0000000   0.0000000  -4.9583682  33.0268489   3.0560247   0.5410113   0.0000000   1.0000000   0.0000000
  18.0000000   1.0049990   0.7926370   0.3596139   0.0032343   1.0000000   0.7801890   0.0000000   0.0000000   2.5148699   0.9934000  -5.0689171   0.0099637   1.9883152   0.5819423   0.0103092   0.3530103   3.0594004   0.5445305  -1.0000000   0.0103605   0.0000000   0.0000000   0.0000000   0.0000000   0.0000000  -4.9685079  33.0188911   3.0592608   0.5443909   0.0000000   1.0000000   0.0000000
  19.0000000   1.0071231   0.7926370   0.3606442   0.0032343   1.0000000   0.7801890   0.0000000   0.0000000   2.5151072   0.9946310  -5.0608389   0.0100373   1.9892872   0.5771608   0.0103092   0.3529590   3.0660302   0.5509231  -1.0000000   0.0102663   0.0000000   0.0000000   0.0000000   0.0000000   0.0000000  -4.9797012  33.0145532   3.0659006   0.5507935   0.0000000   1.0000000   0.0000000
  20.0000000   1.0024690   0.7926370   0.3616504   0.0032343   1.0000000   0.7801890   0.0000000   0.0000000   2.5147088   0.9924167  -5.0535464   0.0098932   1.9868086   0.5776706   0.0103092   0.3530020   3.0532114   0.5385026  -1.0000000   0.0104514   0.0000000   0.0000000   0.0000000   0.0000000   0.0000000  -4.9897961  33.0165894   3.0530562   0.5383474   0.0000000   1.0000000   0.0000000
  21.0000000   0.9966947   0.7926370   0.3626329   0.0032343   1.0000000   0.7801890   0.0000000   0.0000000   2.5142248   0.9896095  -5.0515464   0.0097688   1.9835745   0.5771497   0.0103092   0.3528598   3.0367084   0.5224836  -1.0000000   0.0104463   0.0000000   0.0000000   0.0000000   0.0000000   0.0000000  -4.9983867  33.0061448   3.0365199   0.5222951   0.0000000   1.0000000   0.0000000
  22.0000000   1.0003418   0.7926370   0.3635924   0.0032343   1.0000000   0.7801890   0.0000000   0.0000000   2.5139323   0.9915134  -5.0591793   0.0099240   1.9849783   0.5733240   0.0103092   0.3527227   3.0469287   0.5329963  -1.0000000   0.0102866   0.0000000   0.0000000   0.0000000   0.0000000   0.0000000  -5.0063674  32.9797167   3.0467547   0.5328223   0.0000000   1.0000000   0.0000000
  23.0000000   0.9945951   0.7926370   0.3645294   0.0032343   1.0000000   0.7801890   0.0000000   0.0000000   2.5135880   0.9887987  -5.0643909   0.0097596   1.9818034   0.5763410   0.0103092   0.3527452   3.0304598   0.5168718  -1.0000000   0.0103062   0.0000000   0.0000000   0.0000000   0.0000000   0.0000000  -5.0128344  32.9642759   3.0302531   0.5166651   0.0000000   1.0000000   0.0000000
  24.0000000   0.9972284   0.7926370   0.3654445   0.0032343   1.0000000   0.7801890   0.0000000   0.0000000   2.5133571   0.9901302  -5.0755059   0.0098907   1.9826241   0.5743448   0.0103092   0.3527483   3.0374418   0.5240848  -1.0000000   0.0103197   0.0000000   0.0000000   0.0000000   0.0000000   0.0000000  -5.0200639  32.9328898   3.0372436   0.5238865   0.0000000   1.0000000   0.0000000
  25.0000000   1.0026970   0.7926370   0.3663380   0.0032343   1.0000000   0.7801890   0.0000000   0.0000000   2.5135646   0.9933402  -5.0856923   0.0100271   1.9853627   0.5673131   0.0105568   0.3527378   3.0537549   0.5401903  -1.0000000   0.0102426   0.0000000   0.0000000   0.0000000   0.0000000   0.0000000  -5.0269737  32.9125058   3.0535808   0.5400162   0.0000000   1.0000000   0.0000000
  26.0000000   0.9905271   0.7926370   0.3672106   0.0032343   1.0000000   0.7801890   0.0000000   0.0000000   2.5123917   0.9877296  -5.0923841   0.0096886   1.9791768   0.5733485   0.0105568   0.3530520   3.0195619   0.5071702  -1.0000000   0.0103276   0.0000000   0.0000000   0.0000000   0.0000000   0.0000000  -5.0346425  32.9049995   3.0193225   0.5069308   0.0000000   1.0000000   0.0000000
  27.0000000   0.9985400   0.7926370   0.3680628   0.0032343   1.0000000   0.7801890   0.0000000   0.0000000   2.5123269   0.9918259  -5.1109023   0.0100150   1.9829597   0.5715735   0.0105568   0.3532812   3.0418858   0.5295589  -1.0000000   0.0102730   0.0000000   0.0000000   0.0000000   0.0000000   0.0000000  -5.0433248  32.8643113   3.0416863   0.5293594   0.0000000   1.0000000   0.0000000
  28.0000000   1.0059236   0.7926370   0.3688949   0.0032343   1.0000000   0.7801890   0.0000000   0.0000000   2.5127066   0.9957928  -5.1202831   0.0102039   1.9867897   0.5698287   0.0105568   0.3535650   3.0634059   0.5506993  -1.0000000   0.0101582   0.0000000   0.0000000   0.0000000   0.0000000   0.0000000  -5.0524821  32.8467393   3.0632468   0.5505402   0.0000000   1.0000000   0.0000000
  29.0000000   0.9989939   0.7926370   0.3697076   0.0032343   1.0000000   0.7801890   0.0000000   0.0000000   2.5126220   0.9926568  -5.1188672   0.0099653   1.9836449   0.5735169   0.0105568   0.3539636   3.0443660   0.5317440  -1.0000000   0.0103202   0.0000000   0.0000000   0.0000000   0.0000000   0.0000000  -5.0616136  32.8506273   3.0441737   0.5315517   0.0000000   1.0000000   0.0000000
  30.0000000   1.0057898   0.7926370   0.3705012   0.0032343   1.0000000   0.7801890   0.0000000   0.0000000   2.5126388   0.9963597  -5.1242895   0.0102124   1.9872595   0.5707217   0.0105568   0.3542002   3.0644054   0.5517666  -1.0000000   0.0101505   0.0000000   0.0000000   0.0000000   0.0000000   0.0000000  -5.0726276  32.8353361   3.0642513   0.5516125   0.0000000   1.0000000   0.0000000
  31.0000000   1.0071829   0.7926370   0.3712761   0.0032343   1.0000000   0.7801890   0.0000000   0.0000000   2.5128847   0.9973323  -5.1215583   0.0102221   1.9883806   0.5711792   0.0105568   0.3546065   3.0694908   0.5566061  -1.0000000   0.0103157   0.0000000   0.0000000   0.0000000   0.0000000   0.0000000  -5.0850546  32.8402895   3.0693485   0.5564638   0.0000000   1.0000000   0.0000000
  32.0000000   1.0074819   0.7926370   0.3720329   0.0032343   1.0000000   0.7801890   0.0000000   0.0000000   2.5130442   0.9977184  -5.1154304   0.0102158   1.9889535   0.5703264   0.0105568   0.3548476   3.0714644   0.5584201  -1.0000000   0.0103887   0.0000000   0.0000000   0.0000000   0.0000000   0.0000000  -5.0975331  32.8500035   3.0713281   0.5582839   0.0000000   1.0000000   0.0000000
  33.0000000   0.9994890   0.7926370   0.3727720   0.0032343   1.0000000   0.7801890   0.0000000   0.0000000   2.5128549   0.9940387  -5.1076721   0.0099780   1.9853343   0.5704989   0.0105568   0.3550157   3.0496335   0.5367786  -1.0000000   0.0104060   0.0000000   0.0000000   0.0000000   0.0000000   0.0000000  -5.1082368  32.8614335   3.0494590   0.5366042   0.0000000   1.0000000   0.0000000
  34.0000000   0.9992980   0.7926370   0.3734937   0.0032343   1.0000000   0.7801890   0.0000000   0.0000000   2.5127381   0.9942059  -5.1107033   0.0100256   1.9853472   0.5678632   0.0105568   0.3551664   3.0495961   0.5368580  -1.0000000   0.0103254   0.0000000   0.0000000   0.0000000   0.0000000   0.0000000  -5.1186261  32.8509439   3.0494218   0.5366837   0.0000000   1.0000000   0.0000000
  35.0000000   0.9963977   0.7926370   0.3741985   0.0032343   1.0000000   0.7801890   0.0000000   0.0000000   2.5123493   0.9929776  -5.1155530   0.0099504   1.9839335   0.5700385   0.0105568   0.3553978   3.0415944   0.5292451  -1.0000000   0.0103824   0.0000000   0.0000000   0.0000000   0.0000000   0.0000000  -5.1269284  32.8406890   3.0414051   0.5290559   0.0000000   1.0000000   0.0000000
  36.0000000   0.9967653   0.7926370   0.3748867   0.0032343   1.0000000   0.7801890   0.0000000   0.0000000   2.5121026   0.9934488  -5.1219426   0.0099950   1.9841688   0.5686917   0.0105568   0.3555722   3.0429092   0.5308066  -1.0000000   0.0102390   0.0000000   0.0000000   0.0000000   0.0000000   0.0000000  -5.1346467  32.8229687   3.0427224   0.5306199   0.0000000   1.0000000   0.0000000
  37.0000000   1.0000629   0.7926370   0.3755588   0.0032343   1.0000000   0.7801890   0.0000000   0.0000000   2.5121027   0.9951818  -5.1288073   0.0100948   1.9857721   0.5698021   0.0105568   0.3558900   3.0523866   0.5402839  -1.0000000   0.0104384   0.0000000   0.0000000   0.0000000   0.0000000   0.0000000  -5.1428178  32.8069355   3.0522168   0.5401140   0.0000000   1.0000000   0.0000000
  38.0000000   0.9996680   0.7926370   0.3762152   0.0032343   1.0000000   0.7801890   0.0000000   0.0000000   2.5119050   0.9952310  -5.1294051   0.0100749   1.9857602   0.5687236   0.0105568   0.3560084   3.0518130   0.5399081  -1.0000000   0.0103278   0.0000000   0.0000000   0.0000000   0.0000000   0.0000000  -5.1514129  32.8006898   3.0516431   0.5397381   0.0000000   1.0000000   0.0000000
  39.0000000   0.9962958   0.7926370   0.3768562   0.0032343   1.0000000   0.7801890   0.0000000   0.0000000   2.5117380   0.9936329  -5.1302855   0.0099767   1.9840481   0.5714337   0.0105568   0.3562374   3.0423735   0.5306355  -1.0000000   0.0105629   0.0000000   0.0000000   0.0000000   0.0000000   0.0000000  -5.1599275  32.7940208   3.0421855   0.5304475   0.0000000   1.0000000   0.0000000
  40.0000000   0.9992962   0.7926370   0.3774821   0.0032343   1.0000000   0.7801890   0.0000000   0.0000000   2.5117681   0.9951611  -5.1337861   0.0100997   1.9855193   0.5711180   0.0105568   0.3562313   3.0509597   0.5391917  -1.0000000   0.0104950   0.0000000   0.0000000   0.0000000   0.0000000   0.0000000  -5.1695092  32.7781435   3.0507872   0.5390192   0.0000000   1.0000000   0.0000000
  41.0000000   0.9992469   0.7926370   0.3780933   0.0032343   1.0000000   0.7801890   0.0000000   0.0000000   2.5118763   0.9951872  -5.1330311   0.0100856   1.9855751   0.5710211   0.0105568   0.3562930   3.0509670   0.5390907  -1.0000000   0.0105001   0.0000000   0.0000000   0.0000000   0.0000000   0.0000000  -5.1778106  32.7711833   3.0507951   0.5389188   0.0000000   1.0000000   0.0000000
  42.0000000   1.0000000   0.7926370   0.3786902   0.0032343   1.0000000   0.7801890   0.0000000   0.0000000   2.5117513   0.9958611  -5.1324836   0.0101143   1.9861998   0.5686414   0.0106540   0.3563497   3.0537667   0.5420155  -1.0000000   0.0104085   0.0000000   0.0000000   0.0000000   0.0000000   0.0000000  -5.1866998  32.7655615   3.0535999   0.5418487   0.0000000   1.0000000   0.0000000
  43.0000000   1.0000000   0.7926370   0.3792731   0.0032343   1.0000000   0.7801890   0.0000000   0.0000000   2.5118085   0.9959996  -5.1322128   0.0101167   1.9863701   0.5687963   0.0106540   0.3565952   3.0541181   0.5423097  -1.0000000   0.0105038   0.0000000   0.0000000   0.0000000   0.0000000   0.0000000  -5.1951964  32.7614292   3.0539531   0.5421447   0.0000000   1.0000000   0.0000000
  44.0000000   1.0000000   0.7926370   0.3798424   0.0032343   1.0000000   0.7801890   0.0000000   0.0000000   2.5118982   0.9961944  -5.1313770   0.0101195   1.9866096   0.5684568   0.0106540   0.3567454   3.0546098   0.5427116  -1.0000000   0.0104420   0.0000000   0.0000000   0.0000000   0.0000000   0.0000000  -5.2039037  32.7576638   3.0544474   0.5425492   0.0000000   1.0000000   0.0000000
  45.0000000   1.0000000   0.7926370   0.3803983   0.0032343   1.0000000   0.7801890   0.0000000   0.0000000   2.5118460   0.9963159  -5.1303655   0.0101320   1.9867915   0.5696426   0.0106540   0.3569574   3.0550149   0.5431690  -1.0000000   0.0105363   0.0000000   0.0000000   0.0000000   0.0000000   0.0000000  -5.2138789  32.7543122   3.0548544   0.5430084   0.0000000   1.0000000   0.0000000
  46.0000000   1.0000000   0.7926370   0.3809411   0.0032343   1.0000000   0.7801890   0.0000000   0.0000000   2.5119370   0.9964098  -5.1276354   0.0101323   1.9869573   0.5701867   0.0106540   0.3570752   3.0554701   0.5435331  -1.0000000   0.0105939   0.0000000   0.0000000   0.0000000   0.0000000   0.0000000  -5.2238001  32.7512486   3.0553113   0.5433743   0.0000000   1.0000000   0.0000000
  47.0000000   1.0000000   0.7926370   0.3814712   0.0032343   1.0000000   0.7801890   0.0000000   0.0000000   2.5120346   0.9964813  -5.1240366   0.0101328   1.9871128   0.5702861   0.0106540   0.3571353   3.0558568   0.5438222  -1.0000000   0.0106070   0.0000000   0.0000000   0.0000000   0.0000000   0.0000000  -5.2331906  32.7485965   3.0556997   0.5436651   0.0000000   1.0000000   0.0000000
  48.0000000   1.0000000   0.7926370   0.3819889   0.0032343   1.0000000   0.7801890   0.0000000   0.0000000   2.5121396   0.9965306  -5.1200901   0.0101371   1.9872727   0.5705801   0.0106540   0.3571823   3.0561937   0.5440541  -1.0000000   0.0106186   0.0000000   0.0000000   0.0000000   0.0000000   0.0000000  -5.2426293  32.7463054   3.0560383   0.5438987   0.0000000   1.0000000   0.0000000
  49.0000000   1.0000000   0.7926370   0.3824945   0.0032343   1.0000000   0.7801890   0.0000000   0.0000000   2.5122313   0.9965653  -5.1156109   0.0101348   1.9874232   0.5708387   0.0106540   0.3572177   3.0565121   0.5442808  -1.0000000   0.0106359   0.0000000   0.0000000   0.0000000   0.0000000   0.0000000  -5.2519549  32.7442430   3.0563583   0.5441270   0.0000000   1.0000000   0.0000000
  50.0000000   1.0000000   0.7926370   0.3829881   0.0032343   1.0000000   0.7801890   0.0000000   0.0000000   2.5124082   0.9965949  -5.1107121   0.0101442   1.9876207   0.5702936   0.0106540   0.3572358   3.0568205   0.5444123  -1.0000000   0.0106181   0.0000000   0.0000000   0.0000000   0.0000000   0.0000000  -5.2616734  32.7424607   3.0566688   0.5442606   0.0000000   1.0000000   0.0000000
  51.0000000   1.0000000   0.7926370   0.3834703   0.0032343   1.0000000   0.7801890   0.0000000   0.0000000   2.5123918   0.9967691  -5.1061499   0.0101330   1.9877563   0.5701195   0.0107348   0.3572717   3.0574257   0.5450339  -1.0000000   0.0106857   0.0000000   0.0000000   0.0000000   0.0000000   0.0000000  -5.2703315  32.7418571   3.0572743   0.5448825   0.0000000   1.0000000   0.0000000
  52.0000000   1.0000000   0.7926370   0.3839411   0.0032343   1.0000000   0.7801890   0.0000000   0.0000000   2.5124621   0.9968208  -5.1012893   0.0101536   1.9879944   0.5689488   0.0106540   0.3573208   3.0577010   0.5452389  -1.0000000   0.0105060   0.0000000   0.0000000   0.0000000   0.0000000   0.0000000  -5.2793344  32.7397169   3.0575533   0.5450911   0.0000000   1.0000000   0.0000000
  53.0000000   1.0000000   0.7926370   0.3844008   0.0032343   1.0000000   0.7801890   0.0000000   0.0000000   2.5137817   0.9968840  -5.0972320   0.0101479   1.9882224   0.5695143   0.0106540   0.3574688   3.0580657   0.5442841  -1.0000000   0.0105780   0.0000000   0.0000000   0.0000000   0.0000000   0.0000000  -5.2880985  32.7389624   3.0579205   0.5441388   0.0000000   1.0000000   0.0000000
  54.0000000   1.0000000   0.7926370   0.3848498   0.0032343   1.0000000   0.7801890   0.0000000   0.0000000   2.5125604   0.9969094  -5.0935446   0.0101546   1.9884150   0.5698782   0.0106540   0.3575448   3.0583266   0.5457662  -1.0000000   0.0106115   0.0000000   0.0000000   0.0000000   0.0000000   0.0000000  -5.2965887  32.7372675   3.0581834   0.5456229   0.0000000   1.0000000   0.0000000
  55.0000000   1.0000000   0.7926370   0.3852882   0.0032343   1.0000000   0.7801890   0.0000000   0.0000000   2.5125480   0.9971333  -5.0879254   0.0101505   1.9886349   0.5684214   0.0107348   0.3575873   3.0590203   0.5464723  -1.0000000   0.0106099   0.0000000   0.0000000   0.0000000   0.0000000   0.0000000  -5.3050604  32.7381226   3.0588784   0.5463304   0.0000000   1.0000000   0.0000000
  56.0000000   1.0000000   0.7926370   0.3857164   0.0032343   1.0000000   0.7801890   0.0000000   0.0000000   2.5127695   0.9971854  -5.0830009   0.0101489   1.9887793   0.5699828   0.0107348   0.3577122   3.0594098   0.5466403  -1.0000000   0.0107184   0.0000000   0.0000000   0.0000000   0.0000000   0.0000000  -5.3136866  32.7383197   3.0592694   0.5464999   0.0000000   1.0000000   0.0000000
  57.0000000   1.0000000   0.7926370   0.3861345   0.0032343   1.0000000   0.7801890   0.0000000   0.0000000   2.5127299   0.9972890  -5.0764247   0.0101551   1.9889610   0.5688387   0.0107348   0.3577285   3.0598826   0.5471527  -1.0000000   0.0106603   0.0000000   0.0000000   0.0000000   0.0000000   0.0000000  -5.3225255  32.7387477   3.0597441   0.5470142   0.0000000   1.0000000   0.0000000
  58.0000000   1.0000000   0.7926370   0.3865428   0.0032343   1.0000000   0.7801890   0.0000000   0.0000000   2.5140751   0.9971986  -5.0704888   0.0101577   1.9891555   0.5699024   0.0106540   0.3578031   3.0600101   0.5459351  -1.0000000   0.0106639   0.0000000   0.0000000   0.0000000   0.0000000   0.0000000  -5.3319092  32.7385380   3.0598748   0.5457997   0.0000000   1.0000000   0.0000000
  59.0000000   1.0000000   0.7926370   0.3869416   0.0032343   1.0000000   0.7801890   0.0000000   0.0000000   2.5131235   0.9972794  -5.0647942   0.0101702   1.9893279   0.5691190   0.0106540   0.3577932   3.0604837   0.5473603  -1.0000000   0.0106132   0.0000000   0.0000000   0.0000000   0.0000000   0.0000000  -5.3414048  32.7383328   3.0603502   0.5472268   0.0000000   1.0000000   0.0000000
  60.0000000   1.0000000   0.7926370   0.3873310   0.0032343   1.0000000   0.7801890   0.0000000   0.0000000   2.5134059   0.9973855  -5.0584264   0.0101536   1.9894983   0.5694071   0.0107348   0.3578339   3.0609935   0.5475876  -1.0000000   0.0107285   0.0000000   0.0000000   0.0000000   0.0000000   0.0000000  -5.3493969  32.7406353   3.0608608   0.5474549   0.0000000   1.0000000   0.0000000
  61.0000000   1.0000000   0.7926370   0.3877112   0.0032343   1.0000000   0.7801890   0.0000000   0.0000000   2.5132817   0.9975189  -5.0516241   0.0101632   1.9897147   0.5679940   0.0107348   0.3578402   3.0614903   0.5482086  -1.0000000   0.0106133   0.0000000   0.0000000   0.0000000   0.0000000   0.0000000  -5.3577555  32.7419950   3.0613600   0.5480782   0.0000000   1.0000000   0.0000000
  62.0000000   1.0000000   0.7926370   0.3880825   0.0032343   1.0000000   0.7801890   0.0000000   0.0000000   2.5134979   0.9976495  -5.0455491   0.0101651   1.9899348   0.5678803   0.0107348   0.3579617   3.0620438   0.5485459  -1.0000000   0.0106323   0.0000000   0.0000000   0.0000000   0.0000000   0.0000000  -5.3665804  32.7438210   3.0619158   0.5484179   0.0000000   1.0000000   0.0000000
  63.0000000   1.0000000   0.7926370   0.3884452   0.0032343   1.0000000   0.7801890   0.0000000   0.0000000   2.5137962   0.9977324  -5.0392348   0.0101655   1.9901218   0.5684245   0.0107348   0.3580642   3.0625048   0.5487086  -1.0000000   0.0106808   0.0000000   0.0000000   0.0000000   0.0000000   0.0000000  -5.3754057  32.7459525   3.0623788   0.5485826   0.0000000   1.0000000   0.0000000
  64.0000000   1.0000000   0.7926370   0.3887993   0.0032343   1.0000000   0.7801890   0.0000000   0.0000000   2.5140893   0.9976661  -5.0322421   0.0101690   1.9902636   0.5692803   0.0106540   0.3581182   3.0626831   0.5485937  -1.0000000   0.0106722   0.0000000   0.0000000   0.0000000   0.0000000   0.0000000  -5.3839840  32.7471113   3.0625595   0.5484702   0.0000000   1.0000000   0.0000000
  65.0000000   1.0000000   0.7926370   0.3891451   0.0032343   1.0000000   0.7801890   0.0000000   0.0000000   2.5143580   0.9976953  -5.0245625   0.0101668   1.9904101   0.5688734   0.0106540   0.3581000   3.0630260   0.5486680  -1.0000000   0.0106521   0.0000000   0.0000000   0.0000000   0.0000000   0.0000000  -5.3921883  32.7494532   3.0629040   0.5485460   0.0000000   1.0000000   0.0000000
  66.0000000   1.0000000   0.7926370   0.3894828   0.0032343   1.0000000   0.7801890   0.0000000   0.0000000   2.5147579   0.9977353  -5.0172831   0.0101730   1.9906173   0.5685762   0.0106540   0.3581019   3.0634310   0.5486731  -1.0000000   0.0106290   0.0000000   0.0000000   0.0000000   0.0000000   0.0000000  -5.4009980  32.7517874   3.0633112   0.5485533   0.0000000   1.0000000   0.0000000
  67.0000000   1.0000000   0.7926370   0.3898126   0.0032343   1.0000000   0.7801890   0.0000000   0.0000000   2.5148381   0.9977613  -5.0103005   0.0101694   1.9907718   0.5688500   0.0106540   0.3581269   3.0637772   0.5489391  -1.0000000   0.0106536   0.0000000   0.0000000   0.0000000   0.0000000   0.0000000  -5.4089014  32.7540911   3.0636591   0.5488210   0.0000000   1.0000000   0.0000000
  68.0000000   1.0000000   0.7926370   0.3901347   0.0032343   1.0000000   0.7801890   0.0000000   0.0000000   2.5151308   0.9977695  -5.0028138   0.0101688   1.9909056   0.5688139   0.0106540   0.3581274   3.0641036   0.5489728  -1.0000000   0.0106798   0.0000000   0.0000000   0.0000000   0.0000000   0.0000000  -5.4170748  32.7565888   3.0639869   0.5488561   0.0000000   1.0000000   0.0000000
  69.0000000   1.0000000   0.7926370   0.3904492   0.0032343   1.0000000   0.7801890   0.0000000   0.0000000   2.5153987   0.9978623  -4.9954213   0.0101718   1.9910531   0.5680126   0.0106540   0.3581016   3.0645634   0.5491647  -1.0000000   0.0106050   0.0000000   0.0000000   0.0000000   0.0000000   0.0000000  -5.4247246  32.7591312   3.0644483   0.5490496   0.0000000   1.0000000   0.0000000
  70.0000000   1.0000000   0.7926370   0.3907563   0.0032343   1.0000000   0.7801890   0.0000000   0.0000000   2.5165915   0.9980421  -4.9886545   0.0101679   1.9910588   0.5682053   0.0106540   0.3581506   3.0651930   0.5486015  -1.0000000   0.0106086   0.0000000   0.0000000   0.0000000   0.0000000   0.0000000  -5.4323805  32.7618192   3.0650780   0.5484865   0.0000000   1.0000000   0.0000000
  71.0000000   1.0000000   0.7926370   0.3910562   0.0032343   1.0000000   0.7801890   0.0000000   0.0000000   2.5158492   0.9976381  -4.9824767   0.0101764   1.9912537   0.5715433   0.0107348   0.3581960   3.0646354   0.5487862  -1.0000000   0.0110529   0.0000000   0.0000000   0.0000000   0.0000000   0.0000000  -5.4405751  32.7650469   3.0645216   0.5486724   0.0000000   1.0000000   0.0000000
  72.0000000   1.0000000   0.7926370   0.3913491   0.0032343   1.0000000   0.7801890   0.0000000   0.0000000   2.5164439   0.9977562  -4.9727387   0.0101830   1.9914982   0.5665307   0.0107348   0.3578779   3.0651254   0.5486816  -1.0000000   0.0106181   0.0000000   0.0000000   0.0000000   0.0000000   0.0000000  -5.4480585  32.7670653   3.0650142   0.5485704   0.0000000   1.0000000   0.0000000
  73.0000000   1.0000000   0.7926370   0.3916351   0.0032343   1.0000000   0.7801890   0.0000000   0.0000000   2.5166013   0.9978343  -4.9680409   0.0101793   1.9917104   0.5665676   0.0107348   0.3579946   3.0655209   0.5489197  -1.0000000   0.0106560   0.0000000   0.0000000   0.0000000   0.0000000   0.0000000  -5.4549625  32.7689029   3.0654120   0.5488108   0.0000000   1.0000000   0.0000000
  74.0000000   1.0000000   0.7926370   0.3919144   0.0032343   1.0000000   0.7801890   0.0000000   0.0000000   2.5168614   0.9979239  -4.9630734   0.0101897   1.9919596   0.5659607   0.0107348   0.3580734   3.0659099   0.5490484  -1.0000000   0.0106223   0.0000000   0.0000000   0.0000000   0.0000000   0.0000000  -5.4622741  32.7710341   3.0658036   0.5489422   0.0000000   1.0000000   0.0000000
  75.0000000   1.0000000   0.7926370   0.3921872   0.0032343   1.0000000   0.7801890   0.0000000   0.0000000   2.5171014   0.9979895  -4.9584389   0.0101819   1.9921832   0.5666503   0.0107348   0.3581859   3.0663027   0.5492013  -1.0000000   0.0106660   0.0000000   0.0000000   0.0000000   0.0000000   0.0000000  -5.4691093  32.7731369   3.0661989   0.5490974   0.0000000   1.0000000   0.0000000
  76.0000000   1.0000000   0.7926370   0.3924535   0.0032343   1.0000000   0.7801890   0.0000000   0.0000000   2.5175280   0.9980902  -4.9529389   0.0101853   1.9924320   0.5659958   0.0107348   0.3582548   3.0667205   0.5491925  -1.0000000   0.0106170   0.0000000   0.0000000   0.0000000   0.0000000   0.0000000  -5.4761713  32.7754463   3.0666193   0.5490913   0.0000000   1.0000000   0.0000000
  77.0000000   1.0000000   0.7926370   0.3927136   0.0032343   1.0000000   0.7801890   0.0000000   0.0000000   2.5177891   0.9981739  -4.9480116   0.0101879   1.9926732   0.5659532   0.0107348   0.3583726   3.0671107   0.5493217  -1.0000000   0.0106339   0.0000000   0.0000000   0.0000000   0.0000000   0.0000000  -5.4832319  32.7776909   3.0670121   0.5492231   0.0000000   1.0000000   0.0000000
  78.0000000   1.0000000   0.7926370   0.3929676   0.0032343   1.0000000   0.7801890   0.0000000   0.0000000   2.5182949   0.9982536  -4.9429145   0.0101895   1.9929116   0.5658181   0.0107348   0.3584735   3.0675005   0.5492056  -1.0000000   0.0106402   0.0000000   0.0000000   0.0000000   0.0000000   0.0000000  -5.4901048  32.7800085   3.0674045   0.5491095   0.0000000   1.0000000   0.0000000
  79.0000000   1.0000000   0.7926370   0.3932157   0.0032343   1.0000000   0.7801890   0.0000000   0.0000000   2.5183000   0.9983101  -4.9380042   0.0101923   1.9931503   0.5656401   0.0107348   0.3585681   3.0678252   0.5495252  -1.0000000   0.0106505   0.0000000   0.0000000   0.0000000   0.0000000   0.0000000  -5.4967097  32.7821771   3.0677317   0.5494317   0.0000000   1.0000000   0.0000000
  80.0000000   1.0000000   0.7926370   0.3934579   0.0032343   1.0000000   0.7801890   0.0000000   0.0000000   2.5186075   0.9983558  -4.9328492   0.0101913   1.9933681   0.5655801   0.0107348   0.3586524   3.0681266   0.5495192  -1.0000000   0.0106668   0.0000000   0.0000000   0.0000000   0.0000000   0.0000000  -5.5028761  32.7846147   3.0680355   0.5494280   0.0000000   1.0000000   0.0000000
  81.0000000   1.0000000   0.7926370   0.3936945   0.0032343   1.0000000   0.7801890   0.0000000   0.0000000   2.5188954   0.9984151  -4.9276821   0.0101915   1.9936011   0.5654209   0.0107348   0.3587204   3.0684784   0.5495830  -1.0000000   0.0106575   0.0000000   0.0000000   0.0000000   0.0000000   0.0000000  -5.5090747  32.7869715   3.0683898   0.5494944   0.0000000   1.0000000   0.0000000
  82.0000000   1.0000000   0.7926370   0.3939255   0.0032343   1.0000000   0.7801890   0.0000000   0.0000000   2.5191854   0.9984353  -4.9225572   0.0101951   1.9938028   0.5657840   0.0107348   0.3587977   3.0687256   0.5495402  -1.0000000   0.0106908   0.0000000   0.0000000   0.0000000   0.0000000   0.0000000  -5.5151047  32.7893862   3.0686392   0.5494537   0.0000000   1.0000000   0.0000000
  83.0000000   1.0000000   0.7926370   0.3941511   0.0032343   1.0000000   0.7801890   0.0000000   0.0000000   2.5194571   0.9984306  -4.9170266   0.0101912   1.9939847   0.5657263   0.0107348   0.3588417   3.0689157   0.5494586  -1.0000000   0.0107146   0.0000000   0.0000000   0.0000000   0.0000000   0.0000000  -5.5202922  32.7916652   3.0688312   0.5493741   0.0000000   1.0000000   0.0000000
  84.0000000   1.0000000   0.7926370   0.3943714   0.0032343   1.0000000   0.7801890   0.0000000   0.0000000   2.5197068   0.9984413  -4.9115812   0.0101911   1.9941788   0.5652104   0.0107348   0.3588618   3.0691180   0.5494112  -1.0000000   0.0106930   0.0000000   0.0000000   0.0000000   0.0000000   0.0000000  -5.5253739  32.7938576   3.0690356   0.5493288   0.0000000   1.0000000   0.0000000
  85.0000000   1.0000000   0.7926370   0.3945865   0.0032343   1.0000000   0.7801890   0.0000000   0.0000000   2.5199561   0.9984615  -4.9066576   0.0101992   1.9943975   0.5643178   0.0107348   0.3589037   3.0693270   0.5493709  -1.0000000   0.0106717   0.0000000   0.0000000   0.0000000   0.0000000   0.0000000  -5.5308767  32.7959893   3.0692469   0.5492908   0.0000000   1.0000000   0.0000000
  86.0000000   1.0000000   0.7926370   0.3947966   0.0032343   1.0000000   0.7801890   0.0000000   0.0000000   2.5201972   0.9984234  -4.9025233   0.0101915   1.9945548   0.5655360   0.0107348   0.3589668   3.0694438   0.5492467  -1.0000000   0.0107469   0.0000000   0.0000000   0.0000000   0.0000000   0.0000000  -5.5356438  32.7979549   3.0693654   0.5491683   0.0000000   1.0000000   0.0000000
  87.0000000   1.0000000   0.7926370   0.3950018   0.0032343   1.0000000   0.7801890   0.0000000   0.0000000   2.5203087   0.9984120  -4.8972827   0.0101960   1.9947563   0.5648245   0.0107348   0.3589547   3.0695995   0.5492908  -1.0000000   0.0107040   0.0000000   0.0000000   0.0000000   0.0000000   0.0000000  -5.5407735  32.7998005   3.0695232   0.5492145   0.0000000   1.0000000   0.0000000
  88.0000000   1.0000000   0.7926370   0.3952021   0.0032343   1.0000000   0.7801890   0.0000000   0.0000000   2.5241531   0.9982537  -4.8925463   0.0101799   1.9951268   0.5644471   0.0107348   0.3589855   3.0694570   0.5453038  -1.0000000   0.0107269   0.0000000   0.0000000   0.0000000   0.0000000   0.0000000  -5.5455470  32.8016384   3.0693847   0.5452316   0.0000000   1.0000000   0.0000000
  89.0000000   1.0000000   0.7926370   0.3953978   0.0032343   1.0000000   0.7801890   0.0000000   0.0000000   2.5239118   0.9981329  -4.8920269   0.0101940   1.9954659   0.5654142   0.0107348   0.3589934   3.0692371   0.5453253  -1.0000000   0.0106702   0.0000000   0.0000000   0.0000000   0.0000000   0.0000000  -5.5495587  32.7995628   3.0691685   0.5452567   0.0000000   1.0000000   0.0000000
  90.0000000   1.0000000   0.7926370   0.3955888   0.0032343   1.0000000   0.7801890   0.0000000   0.0000000   2.5193616   0.9981726  -4.8901281   0.0101853   1.9955567   0.5663108   0.0107348   0.3590581   3.0693619   0.5500003  -1.0000000   0.0106799   0.0000000   0.0000000   0.0000000   0.0000000   0.0000000  -5.5535255  32.7974727   3.0692943   0.5499326   0.0000000   1.0000000   0.0000000
  91.0000000   1.0000000   0.7926370   0.4035441   0.0032343   1.0000000   0.7801890   0.0000000   0.0000000   2.5189930   0.9984028  -4.8818227   0.0100412   1.9956104   0.5646807   0.0107348   0.3591130   3.0699524   0.5509595  -1.0000000   0.0105909   0.0000000   0.0000000   0.0000000   0.0000000   0.0000000  -5.5586796  32.8002525   3.0698853   0.5508924   0.0000000   1.0000000   0.0000000
  92.0000000   1.0000000   0.7926370   0.4035441   0.0032343   1.0000000   0.7801890   0.0000000   0.0000000   2.5198172   0.9990439  -4.8754012   0.0103367   1.9965849   0.5612769   0.0107348   0.3592569   3.0731012   0.5532840  -1.0000000   0.0104067   0.0000000   0.0000000   0.0000000   0.0000000   0.0000000  -5.6244026  32.8034359   3.0730446   0.5532274   0.0000000   1.0000000   0.0000000
  93.0000000   1.0000000   0.7926370   0.4035441   0.0032343   1.0000000   0.7801890   0.0000000   0.0000000   2.5203328   0.9993350  -4.8707146   0.0103164   1.9972085   0.5607369   0.0107348   0.3595850   3.0744233   0.5540905  -1.0000000   0.0104713   0.0000000   0.0000000   0.0000000   0.0000000   0.0000000  -5.6538942  32.8093732   3.0743734   0.5540406   0.0000000   1.0000000   0.0000000
  94.0000000   1.0000000   0.7926370   0.4035441   0.0032343   1.0000000   0.7801890   0.0000000   0.0000000   2.5210767   0.9995470  -4.8656564   0.0102911   1.9977175   0.5603979   0.0107348   0.3598485   3.0752791   0.5542023  -1.0000000   0.0104862   0.0000000   0.0000000   0.0000000   0.0000000   0.0000000  -5.6694354  32.8159913   3.0752346   0.5541579   0.0000000   1.0000000   0.0000000
  95.0000000   1.0000000   0.7926370   0.4035441   0.0032343   1.0000000   0.7801890   0.0000000   0.0000000   2.5214617   0.9996445  -4.8606027   0.0102777   1.9981059   0.5611342   0.0107348   0.3600972   3.0757851   0.5543234  -1.0000000   0.0105838   0.0000000   0.0000000   0.0000000   0.0000000   0.0000000  -5.6790693  32.8225999   3.0757448   0.5542831   0.0000000   1.0000000   0.0000000
  96.0000000   1.0000000   0.7926370   0.4035441   0.0032343   1.0000000   0.7801890   0.0000000   0.0000000   2.5219241   0.9996875  -4.8544675   0.0102643   1.9984347   0.5620087   0.0107348   0.3602482   3.0761548   0.5542307  -1.0000000   0.0106402   0.0000000   0.0000000   0.0000000   0.0000000   0.0000000  -5.6854864  32.8291533   3.0761180   0.5541940   0.0000000   1.0000000   0.0000000
  97.0000000   1.0000000   0.7926370   0.4035441   0.0032343   1.0000000   0.7801890   0.0000000   0.0000000   2.5222465   0.9996747  -4.8473911   0.0102586   1.9987203   0.5623437   0.0107348   0.3603428   3.0763779   0.5541314  -1.0000000   0.0106878   0.0000000   0.0000000   0.0000000   0.0000000   0.0000000  -5.6903995  32.8355141   3.0763442   0.5540977   0.0000000   1.0000000   0.0000000
  98.0000000   1.0000000   0.7926370   0.4035441   0.0032343   1.0000000   0.7801890   0.0000000   0.0000000   2.5224836   0.9997031  -4.8399388   0.0102556   1.9990118   0.5612421   0.0107348   0.3603898   3.0766625   0.5541790  -1.0000000   0.0106507   0.0000000   0.0000000   0.0000000   0.0000000   0.0000000  -5.6945243  32.8416794   3.0766320   0.5541484   0.0000000   1.0000000   0.0000000
  99.0000000   1.0000000   0.7926370   0.4035441   0.0032343   1.0000000   0.7801890   0.0000000   0.0000000   2.5228752   0.9995797  -4.8333933   0.0102544   1.9992042   0.5624685   0.0106540   0.3604739   3.0766358   0.5537605  -1.0000000   0.0106613   0.0000000   0.0000000   0.0000000   0.0000000   0.0000000  -5.6980586  32.8466971   3.0766075   0.5537323   0.0000000   1.0000000   0.0000000
 100.0000000   1.0000000   0.7926370   0.4035441   0.0032343   1.0000000   0.7801890   0.0000000   0.0000000   2.5229825   0.9995152  -4.8259518   0.0102480   1.9994217   0.5625136   0.0106540   0.3604666   3.0767256   0.5537431  -1.0000000   0.0106647   0.0000000   0.0000000   0.0000000   0.0000000   0.0000000  -5.7011040  32.8524821   3.0766996   0.5537171   0.0000000   1.0000000   0.0000000
 101.0000000   1.0000000   0.7926370   0.4035441   0.0032343   1.0000000   0.7801890   0.0000000   0.0000000   2.5231447   0.9994482  -4.8183781   0.0102436   1.9996282   0.5623107   0.0106540   0.3604559   3.0767993   0.5536546  -1.0000000   0.0106680   0.0000000   0.0000000   0.0000000   0.0000000   0.0000000  -5.7037561  32.8581591   3.0767755   0.5536309   0.0000000   1.0000000   0.0000000
 102.0000000   1.0000000   0.7926370   0.4035441   0.0032343   1.0000000   0.7801890   0.0000000   0.0000000   2.5234221   0.9993887  -4.8109925   0.0102390   1.9998283   0.5618784   0.0106540   0.3604419   3.0768717   0.5534497  -1.0000000   0.0106610   0.0000000   0.0000000   0.0000000   0.0000000   0.0000000  -5.7060420  32.8636671   3.0768501   0.5534280   0.0000000   1.0000000   0.0000000
 103.0000000   1.0000000   0.7926370   0.4035441   0.0032343   1.0000000   0.7801890   0.0000000   0.0000000   2.5230947   0.9993204  -4.8041486   0.0102366   2.0000257   0.5620271   0.0106540   0.3604348   3.0769196   0.5538248  -1.0000000   0.0106662   0.0000000   0.0000000   0.0000000   0.0000000   0.0000000  -5.7081633  32.8688800   3.0769001   0.5538053   0.0000000   1.0000000   0.0000000
 104.0000000   1.0000000   0.7926370   0.4035441   0.0032343   1.0000000   0.7801890   0.0000000   0.0000000   2.5239491   0.9992755  -4.7966677   0.0102329   2.0001980   0.5616473   0.0106540   0.3604226   3.0770115   0.5530624  -1.0000000   0.0106607   0.0000000   0.0000000   0.0000000   0.0000000   0.0000000  -5.7102948  32.8743968   3.0769938   0.5530447   0.0000000   1.0000000   0.0000000
 105.0000000   1.0000000   0.7926370   0.4035441   0.0032343   1.0000000   0.7801890   0.0000000   0.0000000   2.5233685   0.9991944  -4.7902398   0.0102267   2.0003256   0.5623590   0.0106540   0.3604159   3.0770320   0.5536636  -1.0000000   0.0107062   0.0000000   0.0000000   0.0000000   0.0000000   0.0000000  -5.7118240  32.8790064   3.0770157   0.5536472   0.0000000   1.0000000   0.0000000
 106.0000000   1.0000000   0.7926370   0.4035441   0.0032343   1.0000000   0.7801890   0.0000000   0.0000000   2.5239858   0.9989462  -4.7824759   0.0102279   2.0004003   0.5631283   0.0105568   0.3603636   3.0767139   0.5527281  -1.0000000   0.0106799   0.0000000   0.0000000   0.0000000   0.0000000   0.0000000  -5.7134832  32.8828801   3.0766985   0.5527127   0.0000000   1.0000000   0.0000000
 107.0000000   1.0000000   0.7926370   0.4035441   0.0032343   1.0000000   0.7801890   0.0000000   0.0000000   2.5241570   0.9987950  -4.7748646   0.0102202   2.0004953   0.5628590   0.0105568   0.3602405   3.0765805   0.5524235  -1.0000000   0.0106678   0.0000000   0.0000000   0.0000000   0.0000000   0.0000000  -5.7148104  32.8872860   3.0765661   0.5524091   0.0000000   1.0000000   0.0000000
 108.0000000   1.0000000   0.7926370   0.4035441   0.0032343   1.0000000   0.7801890   0.0000000   0.0000000   2.5241530   0.9986478  -4.7678133   0.0102174   2.0005927   0.5623615   0.0105568   0.3601295   3.0764317   0.5522788  -1.0000000   0.0106573   0.0000000   0.0000000   0.0000000   0.0000000   0.0000000  -5.7158229  32.8913331   3.0764184   0.5522654   0.0000000   1.0000000   0.0000000
 109.0000000   1.0000000   0.7926370   0.4035441   0.0032343   1.0000000   0.7801890   0.0000000   0.0000000   2.5241807   0.9985151  -4.7613691   0.0102141   2.0006940   0.5620639   0.0105568   0.3600291   3.0762988   0.5521181  -1.0000000   0.0106416   0.0000000   0.0000000   0.0000000   0.0000000   0.0000000  -5.7167155  32.8951893   3.0762865   0.5521058   0.0000000   1.0000000   0.0000000
 110.0000000   1.0000000   0.7926370   0.4035441   0.0032343   1.0000000   0.7801890   0.0000000   0.0000000   2.5244492   0.9983920  -4.7553375   0.0102112   2.0007974   0.5618439   0.0105568   0.3599443   3.0761706   0.5517214  -1.0000000   0.0106296   0.0000000   0.0000000   0.0000000   0.0000000   0.0000000  -5.7175119  32.8988430   3.0761594   0.5517102   0.0000000   1.0000000   0.0000000
 111.0000000   1.0000000   0.7926370   0.4035441   0.0032343   1.0000000   0.7801890   0.0000000   0.0000000   2.5243446   0.9982743  -4.7498702   0.0102091   2.0009029   0.5614433   0.0105568   0.3598714   3.0760351   0.5516905  -1.0000000   0.0106197   0.0000000   0.0000000   0.0000000   0.0000000   0.0000000  -5.7181586  32.9020554   3.0760250   0.5516804   0.0000000   1.0000000   0.0000000
 112.0000000   1.0000000   0.7926370   0.4035441   0.0032343   1.0000000   0.7801890   0.0000000   0.0000000   2.5244109   0.9981675  -4.7447669   0.0102072   2.0010096   0.5610111   0.0105568   0.3598085   3.0759093   0.5514983  -1.0000000   0.0106081   0.0000000   0.0000000   0.0000000   0.0000000   0.0000000  -5.7187371  32.9052044   3.0759003   0.5514894   0.0000000   1.0000000   0.0000000
 113.0000000   1.0000000   0.7926370   0.4035441   0.0032343   1.0000000   0.7801890   0.0000000   0.0000000   2.5268559   0.9980671  -4.7402186   0.0102064   2.0011138   0.5606058   0.0105568   0.3597572   3.0757843   0.5489284  -1.0000000   0.0106012   0.0000000   0.0000000   0.0000000   0.0000000   0.0000000  -5.7191587  32.9081214   3.0757764   0.5489206   0.0000000   1.0000000   0.0000000
 114.0000000   1.0000000   0.7926370   0.4035441   0.0032343   1.0000000   0.7801890   0.0000000   0.0000000   2.5224648   0.9978630  -4.7386011   0.0102059   2.0012031   0.5614974   0.0105568   0.3597128   3.0754313   0.5529665  -1.0000000   0.0106732   0.0000000   0.0000000   0.0000000   0.0000000   0.0000000  -5.7184469  32.9082792   3.0754243   0.5529596   0.0000000   1.0000000   0.0000000
 115.0000000   1.0000000   0.7926370   0.4035441   0.0032343   1.0000000   0.7801890   0.0000000   0.0000000   2.5219830   0.9978098  -4.7319313   0.0102019   2.0012867   0.5606300   0.0105568   0.3595964   3.0754070   0.5534240  -1.0000000   0.0105800   0.0000000   0.0000000   0.0000000   0.0000000   0.0000000  -5.7192452  32.9126962   3.0754010   0.5534180   0.0000000   1.0000000   0.0000000
 116.0000000   1.0000000   0.7926370   0.4035441   0.0032343   1.0000000   0.7801890   0.0000000   0.0000000   2.5255193   0.9978301  -4.7255787   0.0101965   2.0013729   0.5597661   0.0105568   0.3595732   3.0755280   0.5500087  -1.0000000   0.0105276   0.0000000   0.0000000   0.0000000   0.0000000   0.0000000  -5.7200760  32.9175286   3.0755228   0.5500036   0.0000000   1.0000000   0.0000000
 117.0000000   1.0000000   0.7926370   0.4035441   0.0032343   1.0000000   0.7801890   0.0000000   0.0000000   2.5256600   0.9977439  -4.7235054   0.0102019   2.0014819   0.5592172   0.0105568   0.3596024   3.0753697   0.5497096  -1.0000000   0.0105710   0.0000000   0.0000000   0.0000000   0.0000000   0.0000000  -5.7194830  32.9188020   3.0753657   0.5497057   0.0000000   1.0000000   0.0000000
 118.0000000   1.0000000   0.7926370   0.4035441   0.0032343   1.0000000   0.7801890   0.0000000   0.0000000   2.5240942   0.9976222  -4.7222215   0.0102116   2.0016062   0.5584995   0.0105568   0.3595882   3.0751257   0.5510315  -1.0000000   0.0105842   0.0000000   0.0000000   0.0000000   0.0000000   0.0000000  -5.7182657  32.9197572   3.0751230   0.5510288   0.0000000   1.0000000   0.0000000
 119.0000000   1.0000000   0.7926370   0.4035441   0.0032343   1.0000000   0.7801890   0.0000000   0.0000000   2.5249766   0.9974948  -4.7205123   0.0102799   2.0018015   0.5576268   0.0105568   0.3595608   3.0748983   0.5832850  -1.0000000   0.0105643   0.0000000   0.0000000   0.0000000   0.0000000   0.0000000  -5.7167725  32.9220172   3.0748977   0.5832844   0.0333634   1.0000000   0.0000000
 120.0000000   1.0000000   0.7926370   0.4035441   0.0032343   1.0000000   0.7801890   0.0000000   0.0000000   2.5286658   0.9975510  -4.5981648   0.0101010   2.0018584   0.5590960   0.0106540   0.3604869   3.0906914   0.5532838  -1.0000000   0.0106539   0.0000000   2.6877956   0.6461194   0.0000000   0.0000000  -5.7495697  33.1899199   3.0906914   0.5532838   0.0087418   1.0000000   0.0000000
