 t r r1 w w1
   1.0000000   0.0101010   0.0101010   2.0397062   2.0397062
   2.0000000   0.0101010   0.0101010   2.0167856   2.0149678
   3.0000000   0.0092164   0.0093420   2.0168190   2.0153482
   4.0000000   0.0093802   0.0094389   2.0166985   2.0151458
   5.0000000   0.0094987   0.0099904   2.0165713   2.0151592
   6.0000000   0.0095891   0.0098447   2.0169138   2.0155591
   7.0000000   0.0096962   0.0095219   2.0171830   2.0158631
   8.0000000   0.0097645   0.0100264   2.0177912   2.0166935
   9.0000000   0.0098405   0.0089703   2.0183493   2.0171881
  10.0000000   0.0099084   0.0121742   2.0189452   2.0180950
  11.0000000   0.0099569   0.0095437   2.0198849   2.0194049
  12.0000000   0.0100193   0.0099449   2.0209033   2.0202754
  13.0000000   0.0100613   0.0102406   2.0217994   2.0211650
  14.0000000   0.0100974   0.0103154   2.0227023   2.0220768
  15.0000000   0.0101276   0.0101945   2.0235896   2.0229425
  16.0000000   0.0101591   0.0103483   2.0244364   2.0238015
  17.0000000   0.0101762   0.0090280   2.0252425   2.0246046
  18.0000000   0.0101954   0.0120544   2.0260265   2.0256532
  19.0000000   0.0102166   0.0119183   2.0267951   2.0265029
  20.0000000   0.0102305   0.0082412   2.0275279   2.0270416
  21.0000000   0.0102301   0.0110766   2.0282277   2.0277375
  22.0000000   0.0102406   0.0102984   2.0289151   2.0284149
  23.0000000   0.0102457   0.0105600   2.0295839   2.0290855
  24.0000000   0.0102486   0.0104304   2.0302321   2.0297340
  25.0000000   0.0102516   0.0103127   2.0308604   2.0303674
  26.0000000   0.0102535   0.0104192   2.0314684   2.0309870
  27.0000000   0.0102528   0.0104093   2.0320566   2.0315890
  28.0000000   0.0102518   0.0104826   2.0326251   2.0321752
  29.0000000   0.0102503   0.0103695   2.0331728   2.0327417
  30.0000000   0.0102478   0.0104730   2.0336988   2.0332881
  31.0000000   0.0102434   0.0104061   2.0342066   2.0338147
  32.0000000   0.0102404   0.0105898   2.0346938   2.0343293
  33.0000000   0.0102366   0.0102172   2.0351619   2.0348097
  34.0000000   0.0102332   0.0103837   2.0355193   2.0353476
  35.0000000   0.0102329   0.0097584   2.0358108   2.0359118
  36.0000000   0.0102255   0.0128916   2.0360676   2.0355744
  37.0000000   0.0102247   0.0091517   2.0362528   2.0356087
  38.0000000   0.0102142   0.0099907   2.0363919   2.0357098
  39.0000000   0.0102055   0.0101877   2.0364869   2.0358453
  40.0000000   0.0101975   0.0103177   2.0365899   2.0359993
  41.0000000   0.0101934   0.0104889   2.0367052   2.0361726
  42.0000000   0.0101902   0.0104001   2.0368288   2.0363514
  43.0000000   0.0101856   0.0102719   2.0369588   2.0365311
  44.0000000   0.0101825   0.0104390   2.0370933   2.0367160
  45.0000000   0.0101793   0.0104146   2.0372299   2.0368979
  46.0000000   0.0101752   0.0103588   2.0373660   2.0370753
  47.0000000   0.0101723   0.0103544   2.0375013   2.0372500
  48.0000000   0.0101687   0.0103847   2.0376345   2.0374195
  49.0000000   0.0101657   0.0103441   2.0377648   2.0375833
  50.0000000   0.0101632   0.0103125   2.0378912   2.0377422
  51.0000000   0.0101594   0.0104200   2.0380140   2.0378950
  52.0000000   0.0101571   0.0102463   2.0381327   2.0380395
  53.0000000   0.0101539   0.0104152   2.0382472   2.0381791
  54.0000000   0.0101515   0.0102086   2.0383577   2.0383100
  55.0000000   0.0101493   0.0103427   2.0384643   2.0384370
  56.0000000   0.0101472   0.0102375   2.0385664   2.0385574
  57.0000000   0.0101450   0.0102649   2.0386643   2.0386727
  58.0000000   0.0101431   0.0102640   2.0387584   2.0387834
  59.0000000   0.0101413   0.0102530   2.0388480   2.0388886
  60.0000000   0.0101395   0.0102830   2.0389342   2.0389881
  61.0000000   0.0101397   0.0101790   2.0390039   2.0390402
  62.0000000   0.0101339   0.0102213   2.0390561   2.0390720
  63.0000000   0.0101333   0.0102724   2.0391061   2.0391394
  64.0000000   0.0101319   0.0102275   2.0391576   2.0392097
  65.0000000   0.0101310   0.0102160   2.0392101   2.0392792
  66.0000000   0.0101324   0.0096680   2.0392626   2.0393498
  67.0000000   0.0101290   0.0099585   2.0393029   2.0394381
  68.0000000   0.0101208   0.0126034   2.0393275   2.0395260
  69.0000000   0.0101281   0.0083095   2.0393570   2.0393181
  70.0000000   0.0101200   0.0102687   2.0393721   2.0392807
  71.0000000   0.0101206   0.0100591   2.0393864   2.0392723
  72.0000000   0.0101190   0.0101285   2.0393991   2.0392811
  73.0000000   0.0101180   0.0102096   2.0394071   2.0393018
  74.0000000   0.0101174   0.0101796   2.0394176   2.0393245
  75.0000000   0.0101167   0.0101447   2.0394310   2.0393480
  76.0000000   0.0101161   0.0101505   2.0394428   2.0393746
  77.0000000   0.0101156   0.0101416   2.0394538   2.0394030
  78.0000000   0.0101152   0.0101723   2.0394655   2.0394318
  79.0000000   0.0101144   0.0101344   2.0394793   2.0394583
  80.0000000   0.0101139   0.0101737   2.0394939   2.0394849
  81.0000000   0.0101133   0.0101400   2.0395058   2.0395116
  82.0000000   0.0101128   0.0101488   2.0395191   2.0395370
  83.0000000   0.0101122   0.0101777   2.0395315   2.0395616
  84.0000000   0.0101116   0.0101382   2.0395452   2.0395832
  85.0000000   0.0101112   0.0101397   2.0395572   2.0396049
  86.0000000   0.0101106   0.0101489   2.0395700   2.0396248
  87.0000000   0.0101102   0.0101175   2.0395824   2.0396435
  88.0000000   0.0101101   0.0101097   2.0395957   2.0396616
  89.0000000   0.0101098   0.0101268   2.0396079   2.0396801
  90.0000000   0.0101093   0.0101412   2.0396198   2.0396977
  91.0000000   0.0101089   0.0101594   2.0396335   2.0397147
  92.0000000   0.0101089   0.0100583   2.0396454   2.0397293
  93.0000000   0.0101085   0.0101362   2.0396572   2.0397448
  94.0000000   0.0101082   0.0101168   2.0396687   2.0397591
  95.0000000   0.0101078   0.0101187   2.0396802   2.0397728
  96.0000000   0.0101073   0.0101475   2.0396915   2.0397853
  97.0000000   0.0101069   0.0101035   2.0397026   2.0397960
  98.0000000   0.0101066   0.0101219   2.0397133   2.0398065
  99.0000000   0.0101062   0.0101179   2.0397238   2.0398156
 100.0000000   0.0101055   0.0100941   2.0397339   2.0398235
 101.0000000   0.0101054   0.0100950   2.0397440   2.0398316
 102.0000000   0.0101051   0.0101197   2.0397536   2.0398400
 103.0000000   0.0101043   0.0101074   2.0397629   2.0398465
 104.0000000   0.0101044   0.0100824   2.0397722   2.0398530
 105.0000000   0.0101040   0.0100921   2.0397811   2.0398597
 106.0000000   0.0101035   0.0101171   2.0397897   2.0398661
 107.0000000   0.0101032   0.0101040   2.0397980   2.0398718
 108.0000000   0.0101025   0.0100886   2.0398060   2.0398765
 109.0000000   0.0101023   0.0101054   2.0398138   2.0398816
 110.0000000   0.0101014   0.0100906   2.0398211   2.0398853
 111.0000000   0.0101015   0.0100885   2.0398284   2.0398902
 112.0000000   0.0101004   0.0101026   2.0398348   2.0398940
 113.0000000   0.0100995   0.0101016   2.0398405   2.0398968
 114.0000000   0.0100991   0.0100787   2.0398458   2.0398991
 115.0000000   0.0100979   0.0101083   2.0398504   2.0399009
 116.0000000   0.0100971   0.0100923   2.0398545   2.0399015
 117.0000000   0.0100961   0.0100890   2.0398580   2.0399015
 118.0000000   0.0100948   0.0100935   2.0398605   2.0399008
 119.0000000   0.0100884   0.0100959   2.0398555   2.0398934
 120.0000000   0.0101010   0.0101010   2.0397062   2.0397062
