  9.216426764758286E-003
  9.380198479996136E-003
  9.498707787868630E-003
  9.589101551150579E-003
  9.696206018921814E-003
  9.764533354294818E-003
  9.840527580125553E-003
  9.908429339715911E-003
  9.956881996358165E-003
  1.001928704413393E-002
  1.006132304777361E-002
  1.009740207651276E-002
  1.012755450797673E-002
  1.015913575010586E-002
  1.017618100200249E-002
  1.019543201610879E-002
  1.021661790416584E-002
  1.023049109898848E-002
  1.023005114928652E-002
  1.024055304933643E-002
  1.024566507785422E-002
  1.024857415697430E-002
  1.025160267152483E-002
  1.025351153070561E-002
  1.025275440558086E-002
  1.025184062143078E-002
  1.025025220692476E-002
  1.024784764680610E-002
  1.024342468822663E-002
  1.024039875154758E-002
  1.023659609647792E-002
  1.023319434358274E-002
  1.023291426922581E-002
  1.022551268225461E-002
  1.022474597773217E-002
  1.021417233231848E-002
  1.020551353377477E-002
  1.019749802638337E-002
  1.019337017085272E-002
  1.019018173662763E-002
  1.018563209297816E-002
  1.018247820787341E-002
  1.017927432029766E-002
  1.017524554534387E-002
  1.017229487227565E-002
  1.016874344253456E-002
  1.016574890229846E-002
  1.016315976145655E-002
  1.015935778011116E-002
  1.015706016735680E-002
  1.015394640847734E-002
  1.015154737110229E-002
  1.014926765638428E-002
  1.014723516542781E-002
  1.014504182938438E-002
  1.014307467016240E-002
  1.014125885498716E-002
  1.013950821608387E-002
  1.013972705033317E-002
  1.013391048762170E-002
  1.013326399215640E-002
  1.013187221038090E-002
  1.013096015308758E-002
  1.013235940580782E-002
  1.012903974466468E-002
  1.012076914222431E-002
  1.012805809547672E-002
  1.011996981335178E-002
  1.012058050467208E-002
  1.011904131780864E-002
  1.011801296275433E-002
  1.011735560372664E-002
  1.011666203682937E-002
  1.011611329675607E-002
  1.011562558796100E-002
  1.011515013216828E-002
  1.011437315512820E-002
  1.011386754890248E-002
  1.011328084514985E-002
  1.011284448032597E-002
  1.011216634263878E-002
  1.011159379398310E-002
  1.011115315184113E-002
  1.011062680551486E-002
  1.011022025072317E-002
  1.011007074955464E-002
  1.010983180449512E-002
  1.010931479579577E-002
  1.010889741834609E-002
  1.010887064218051E-002
  1.010847090336432E-002
  1.010815560693232E-002
  1.010779619576158E-002
  1.010729991597542E-002
  1.010687255293031E-002
  1.010657210881704E-002
  1.010619258226967E-002
  1.010545859383865E-002
  1.010539244224758E-002
  1.010508107505495E-002
  1.010432937308241E-002
  1.010435536874633E-002
  1.010400914601703E-002
  1.010346440319608E-002
  1.010320877023344E-002
  1.010254413307746E-002
  1.010230552667123E-002
  1.010139527590063E-002
  1.010153755904339E-002
  1.010039848495648E-002
  1.009950673478911E-002
  1.009908237241167E-002
  1.009793709399982E-002
  1.009709210300411E-002
  1.009609514407355E-002
  1.009481019445480E-002
  1.008841502380418E-002
