 t z psi theta tau_a f_e f_o tau_x tau_l C H B r w div entry mass rgdp rinv firm
 s_constrained exit exit_b
 avg_firm_size labor_share std_dev_growth_emp std_dev_growth_sales debt capital 
 ngdp ninv exdem psi_c collat_binding
   1.0000000   1.0000000   0.7900555   0.4389172   0.0057993   1.0000000   0.7648948   0.0000000   0.0000000   2.5845463   0.9978181  -4.8551730   0.0101010   2.0397062   0.5650598   0.0110178   0.3671473   3.1427028   0.5581387  -1.0000000   0.0110177   0.0000000   2.6385782   0.6476132   0.0000000   0.0000000  -5.6528294  33.3538138   3.1427028   0.5581387   0.0000179   1.0000000   0.0000000
   2.0000000   0.9593483   0.7900555   0.4389172   0.0057993   1.0000000   0.7648948   0.0000000   0.0000000   2.5512789   0.9754386  -4.8551730   0.0101010   2.0167856   0.5596884   0.0101343   0.3671473   3.0180128   0.4667339  -1.0000000   0.0119631   0.0000000   2.5853480   0.6518635   0.0000000   0.0000000  -5.6528294  33.3419009   3.0177805   0.4665016   0.0000000   1.0000000   0.0000000
   3.0000000   0.9635461   0.7900555   0.4389172   0.0057993   1.0000000   0.7648948   0.0000000   0.0000000   2.5493618   0.9775183  -4.8915854   0.0092164   2.0168190   0.5631532   0.0105812   0.3653184   3.0279752   0.4786134  -1.0000000   0.0111394   0.0000000   2.6003798   0.6511154   0.0000000   0.0000000  -5.6211525  33.2576431   3.0277330   0.4783712   0.0000000   1.0000000   0.0000000
   4.0000000   0.9673104   0.7900555   0.4389172   0.0057993   1.0000000   0.7648948   0.0000000   0.0000000   2.5476908   0.9787183  -4.9195707   0.0093802   2.0166985   0.5644404   0.0105812   0.3647602   3.0352079   0.4875171  -1.0000000   0.0112299   0.0000000   2.6074708   0.6503292   0.0000000   0.0000000  -5.5978360  33.1802926   3.0349645   0.4872736   0.0000000   1.0000000   0.0000000
   5.0000000   0.9706860   0.7900555   0.4389172   0.0057993   1.0000000   0.7648948   0.0000000   0.0000000   2.5474119   0.9798995  -4.9432005   0.0094987   2.0165713   0.5637878   0.0105812   0.3641115   3.0418767   0.4944649  -1.0000000   0.0110891   0.0000000   2.6151490   0.6496487   0.0000000   0.0000000  -5.5788019  33.1132339   3.0416320   0.4942201   0.0000000   1.0000000   0.0000000
   6.0000000   0.9737130   0.7900555   0.4389172   0.0057993   1.0000000   0.7648948   0.0000000   0.0000000   2.5467654   0.9812828  -4.9656891   0.0095891   2.0169138   0.5594681   0.0108351   0.3636036   3.0485308   0.5017654  -1.0000000   0.0110407   0.0000000   2.6206208   0.6492573   0.0000000   0.0000000  -5.5631704  33.0576063   3.0482839   0.5015185   0.0000000   1.0000000   0.0000000
   7.0000000   0.9764275   0.7900555   0.4389172   0.0057993   1.0000000   0.7648948   0.0000000   0.0000000   2.5453054   0.9823661  -4.9895456   0.0096962   2.0171830   0.5601228   0.0108351   0.3633980   3.0542183   0.5089129  -1.0000000   0.0109992   0.0000000   2.6250734   0.6488788   0.0000000   0.0000000  -5.5511994  33.0062310   3.0539743   0.5086688   0.0000000   1.0000000   0.0000000
   8.0000000   0.9788616   0.7900555   0.4389172   0.0057993   1.0000000   0.7648948   0.0000000   0.0000000   2.5451175   0.9838309  -5.0094192   0.0097645   2.0177912   0.5562558   0.0110178   0.3632339   3.0604492   0.5153317  -1.0000000   0.0108199   0.0000000   2.6288860   0.6487253   0.0000000   0.0000000  -5.5418023  32.9652305   3.0602078   0.5150903   0.0000000   1.0000000   0.0000000
   9.0000000   0.9810444   0.7900555   0.4389172   0.0057993   1.0000000   0.7648948   0.0000000   0.0000000   2.5422684   0.9848214  -5.0300311   0.0098405   2.0183493   0.5586102   0.0110178   0.3634318   3.0654395   0.5231711  -1.0000000   0.0109635   0.0000000   2.6300438   0.6484750   0.0000000   0.0000000  -5.5352062  32.9284785   3.0652042   0.5229358   0.0000000   1.0000000   0.0000000
  10.0000000   0.9830018   0.7900555   0.4389172   0.0057993   1.0000000   0.7648948   0.0000000   0.0000000   2.5474863   0.9860831  -5.0433752   0.0099084   2.0189452   0.5564252   0.0110178   0.3634861   3.0707391   0.5232528  -1.0000000   0.0106835   0.0000000   2.6324637   0.6482354   0.0000000   0.0000000  -5.5320981  32.9004499   3.0705104   0.5230241   0.0000000   1.0000000   0.0000000
  11.0000000   0.9847571   0.7900555   0.4389172   0.0057993   1.0000000   0.7648948   0.0000000   0.0000000   2.5460808   0.9876453  -5.0614280   0.0099569   2.0198849   0.5528397   0.0113929   0.3638204   3.0763706   0.5302897  -1.0000000   0.0108706   0.0000000   2.6319712   0.6484539   0.0000000   0.0000000  -5.5282142  32.8777912   3.0761447   0.5300639   0.0000000   1.0000000   0.0000000
  12.0000000   0.9863311   0.7900555   0.4389172   0.0057993   1.0000000   0.7648948   0.0000000   0.0000000   2.5456872   0.9886569  -5.0780628   0.0100193   2.0209033   0.5535103   0.0113929   0.3643426   3.0807045   0.5350172  -1.0000000   0.0109046   0.0000000   2.6310845   0.6485488   0.0000000   0.0000000  -5.5266078  32.8565813   3.0804902   0.5348030   0.0000000   1.0000000   0.0000000
  13.0000000   0.9877426   0.7900555   0.4389172   0.0057993   1.0000000   0.7648948   0.0000000   0.0000000   2.5460391   0.9896056  -5.0909224   0.0100613   2.0217994   0.5546285   0.0113929   0.3648309   3.0848122   0.5387731  -1.0000000   0.0109739   0.0000000   2.6302238   0.6486000   0.0000000   0.0000000  -5.5262727  32.8403505   3.0846082   0.5385691   0.0000000   1.0000000   0.0000000
  14.0000000   0.9890083   0.7900555   0.4389172   0.0057993   1.0000000   0.7648948   0.0000000   0.0000000   2.5465795   0.9905057  -5.1004822   0.0100974   2.0227023   0.5552316   0.0113929   0.3652498   3.0887172   0.5421377  -1.0000000   0.0109730   0.0000000   2.6297011   0.6486598   0.0000000   0.0000000  -5.5271697  32.8280736   3.0885234   0.5419440   0.0000000   1.0000000   0.0000000
  15.0000000   0.9901434   0.7900555   0.4389172   0.0057993   1.0000000   0.7648948   0.0000000   0.0000000   2.5468153   0.9913019  -5.1074773   0.0101276   2.0235896   0.5559326   0.0113929   0.3656697   3.0922762   0.5454609  -1.0000000   0.0110121   0.0000000   2.6289031   0.6487210   0.0000000   0.0000000  -5.5286364  32.8193472   3.0920926   0.5452773   0.0000000   1.0000000   0.0000000
  16.0000000   0.9911612   0.7900555   0.4389172   0.0057993   1.0000000   0.7648948   0.0000000   0.0000000   2.5474388   0.9920297  -5.1117048   0.0101591   2.0244364   0.5558683   0.0113929   0.3660504   3.0955848   0.5481460  -1.0000000   0.0110446   0.0000000   2.6281888   0.6487750   0.0000000   0.0000000  -5.5308667  32.8140513   3.0954108   0.5479720   0.0000000   1.0000000   0.0000000
  17.0000000   0.9920739   0.7900555   0.4389172   0.0057993   1.0000000   0.7648948   0.0000000   0.0000000   2.5447328   0.9926694  -5.1144068   0.0101762   2.0252425   0.5570299   0.0113929   0.3663986   3.0986217   0.5538889  -1.0000000   0.0110968   0.0000000   2.6274675   0.6488153   0.0000000   0.0000000  -5.5331356  32.8114675   3.0984569   0.5537241   0.0000000   1.0000000   0.0000000
  18.0000000   0.9928924   0.7900555   0.4389172   0.0057993   1.0000000   0.7648948   0.0000000   0.0000000   2.5496540   0.9935122  -5.1111838   0.0101954   2.0260265   0.5549671   0.0113929   0.3666947   3.1019886   0.5523346  -1.0000000   0.0109391   0.0000000   2.6268838   0.6487240   0.0000000   0.0000000  -5.5376352  32.8148858   3.1018328   0.5521788   0.0000000   1.0000000   0.0000000
  19.0000000   0.9936263   0.7900555   0.4389172   0.0057993   1.0000000   0.7648948   0.0000000   0.0000000   2.5542411   0.9941183  -5.1125606   0.0102166   2.0267951   0.5565965   0.0113929   0.3671484   3.1047432   0.5505021  -1.0000000   0.0110729   0.0000000   2.6258486   0.6489148   0.0000000   0.0000000  -5.5408156  32.8165112   3.1045961   0.5503550   0.0000000   1.0000000   0.0000000
  20.0000000   0.9942845   0.7900555   0.4389172   0.0057993   1.0000000   0.7648948   0.0000000   0.0000000   2.5495380   0.9943919  -5.1149881   0.0102305   2.0275279   0.5595658   0.0113929   0.3674684   3.1067321   0.5571940  -1.0000000   0.0112954   0.0000000   2.6252188   0.6491247   0.0000000   0.0000000  -5.5424041  32.8159816   3.1065933   0.5570553   0.0000000   1.0000000   0.0000000
  21.0000000   0.9948747   0.7900555   0.4389172   0.0057993   1.0000000   0.7648948   0.0000000   0.0000000   2.5520004   0.9948206  -5.1083683   0.0102301   2.0282277   0.5586403   0.0113929   0.3675658   3.1090455   0.5570451  -1.0000000   0.0112039   0.0000000   2.6252026   0.6490268   0.0000000   0.0000000  -5.5462541  32.8222998   3.1089147   0.5569143   0.0000000   1.0000000   0.0000000
  22.0000000   0.9954039   0.7900555   0.4389172   0.0057993   1.0000000   0.7648948   0.0000000   0.0000000   2.5524991   0.9952104  -5.1035534   0.0102406   2.0289151   0.5585858   0.0113929   0.3677547   3.1111561   0.5586570  -1.0000000   0.0112000   0.0000000   2.6248604   0.6490435   0.0000000   0.0000000  -5.5499484  32.8283709   3.1110332   0.5585341   0.0000000   1.0000000   0.0000000
  23.0000000   0.9958785   0.7900555   0.4389172   0.0057993   1.0000000   0.7648948   0.0000000   0.0000000   2.5536588   0.9955834  -5.0977609   0.0102457   2.0295839   0.5587022   0.0113929   0.3679476   3.1131653   0.5595064  -1.0000000   0.0111999   0.0000000   2.6244773   0.6490721   0.0000000   0.0000000  -5.5538929  32.8359659   3.1130499   0.5593911   0.0000000   1.0000000   0.0000000
  24.0000000   0.9963041   0.7900555   0.4389172   0.0057993   1.0000000   0.7648948   0.0000000   0.0000000   2.5544917   0.9959288  -5.0915168   0.0102486   2.0302321   0.5588280   0.0113929   0.3681406   3.1150463   0.5605546  -1.0000000   0.0112070   0.0000000   2.6240407   0.6491079   0.0000000   0.0000000  -5.5579503  32.8442852   3.1149384   0.5604467   0.0000000   1.0000000   0.0000000
  25.0000000   0.9966858   0.7900555   0.4389172   0.0057993   1.0000000   0.7648948   0.0000000   0.0000000   2.5550271   0.9962534  -5.0845532   0.0102516   2.0308604   0.5589046   0.0113929   0.3683265   3.1168262   0.5617991  -1.0000000   0.0112131   0.0000000   2.6236048   0.6491464   0.0000000   0.0000000  -5.5621496  32.8535188   3.1167254   0.5616983   0.0000000   1.0000000   0.0000000
  26.0000000   0.9970280   0.7900555   0.4389172   0.0057993   1.0000000   0.7648948   0.0000000   0.0000000   2.5558320   0.9965606  -5.0766675   0.0102535   2.0314684   0.5587217   0.0113929   0.3685063   3.1185253   0.5626933  -1.0000000   0.0112208   0.0000000   2.6231687   0.6491849   0.0000000   0.0000000  -5.5665340  32.8638492   3.1184314   0.5625995   0.0000000   1.0000000   0.0000000
  27.0000000   0.9973349   0.7900555   0.4389172   0.0057993   1.0000000   0.7648948   0.0000000   0.0000000   2.5566120   0.9968518  -5.0684257   0.0102528   2.0320566   0.5588755   0.0113929   0.3686784   3.1201433   0.5635312  -1.0000000   0.0112264   0.0000000   2.6227456   0.6492240   0.0000000   0.0000000  -5.5711296  32.8749100   3.1200561   0.5634441   0.0000000   1.0000000   0.0000000
  28.0000000   0.9976101   0.7900555   0.4389172   0.0057993   1.0000000   0.7648948   0.0000000   0.0000000   2.5575780   0.9971294  -5.0595090   0.0102518   2.0326251   0.5590161   0.0113929   0.3688449   3.1216902   0.5641122  -1.0000000   0.0112320   0.0000000   2.6223212   0.6492617   0.0000000   0.0000000  -5.5760019  32.8866334   3.1216095   0.5640315   0.0000000   1.0000000   0.0000000
  29.0000000   0.9978569   0.7900555   0.4389172   0.0057993   1.0000000   0.7648948   0.0000000   0.0000000   2.5582577   0.9973907  -5.0501557   0.0102503   2.0331728   0.5590304   0.0113929   0.3690057   3.1231576   0.5648999  -1.0000000   0.0112390   0.0000000   2.6219045   0.6493016   0.0000000   0.0000000  -5.5808807  32.8987502   3.1230832   0.5648255   0.0000000   1.0000000   0.0000000
  30.0000000   0.9980782   0.7900555   0.4389172   0.0057993   1.0000000   0.7648948   0.0000000   0.0000000   2.5591998   0.9976368  -5.0402496   0.0102478   2.0336988   0.5590459   0.0113929   0.3691596   3.1245603   0.5653605  -1.0000000   0.0112493   0.0000000   2.6214922   0.6493373   0.0000000   0.0000000  -5.5857798  32.9114550   3.1244919   0.5652920   0.0000000   1.0000000   0.0000000
  31.0000000   0.9982766   0.7900555   0.4389172   0.0057993   1.0000000   0.7648948   0.0000000   0.0000000   2.5599729   0.9978722  -5.0300909   0.0102434   2.0342066   0.5590536   0.0113929   0.3693032   3.1258990   0.5659262  -1.0000000   0.0112525   0.0000000   2.6211183   0.6493724   0.0000000   0.0000000  -5.5908064  32.9244238   3.1258364   0.5658635   0.0000000   1.0000000   0.0000000
  32.0000000   0.9984546   0.7900555   0.4389172   0.0057993   1.0000000   0.7648948   0.0000000   0.0000000   2.5612116   0.9981017  -5.0195603   0.0102404   2.0346938   0.5590091   0.0113929   0.3694436   3.1271927   0.5659812  -1.0000000   0.0112561   0.0000000   2.6207554   0.6494075   0.0000000   0.0000000  -5.5960022  32.9377554   3.1271356   0.5659241   0.0000000   1.0000000   0.0000000
  33.0000000   0.9986142   0.7900555   0.4389172   0.0057993   1.0000000   0.7648948   0.0000000   0.0000000   2.5615063   0.9983051  -5.0092066   0.0102366   2.0351619   0.5588155   0.0113929   0.3695803   3.1283870   0.5668807  -1.0000000   0.0112693   0.0000000   2.6203601   0.6494430   0.0000000   0.0000000  -5.6011144  32.9509235   3.1283352   0.5668290   0.0000000   1.0000000   0.0000000
  34.0000000   0.9987573   0.7900555   0.4389172   0.0057993   1.0000000   0.7648948   0.0000000   0.0000000   2.5622232   0.9985716  -4.9983024   0.0102332   2.0355193   0.5588447   0.0113929   0.3697038   3.1296884   0.5674652  -1.0000000   0.0112685   0.0000000   2.6202130   0.6494602   0.0000000   0.0000000  -5.6063618  32.9647909   3.1296407   0.5674175   0.0000000   1.0000000   0.0000000
  35.0000000   0.9988856   0.7900555   0.4389172   0.0057993   1.0000000   0.7648948   0.0000000   0.0000000   2.5613542   0.9988644  -4.9870398   0.0102329   2.0358108   0.5583460   0.0113929   0.3698282   3.1310259   0.5696716  -1.0000000   0.0112746   0.0000000   2.6201355   0.6494677   0.0000000   0.0000000  -5.6117796  32.9790221   3.1309815   0.5696273   0.0000000   1.0000000   0.0000000
  36.0000000   0.9990007   0.7900555   0.4389172   0.0057993   1.0000000   0.7648948   0.0000000   0.0000000   2.5684306   0.9982872  -4.9743212   0.0102255   2.0360676   0.5641736   0.0110178   0.3699465   3.1306434   0.5622129  -1.0000000   0.0112792   0.0000000   2.6227758   0.6498447   0.0000000   0.0000000  -5.6175631  32.9901889   3.1306033   0.5621728   0.0000000   1.0000000   0.0000000
  37.0000000   0.9991039   0.7900555   0.4389172   0.0057993   1.0000000   0.7648948   0.0000000   0.0000000   2.5660168   0.9980763  -4.9636374   0.0102247   2.0362528   0.5643121   0.0110178   0.3696850   3.1308545   0.5648376  -1.0000000   0.0112724   0.0000000   2.6231606   0.6495089   0.0000000   0.0000000  -5.6211523  32.9996060   3.1308164   0.5647996   0.0000000   1.0000000   0.0000000
  38.0000000   0.9991964   0.7900555   0.4389172   0.0057993   1.0000000   0.7648948   0.0000000   0.0000000   2.5657367   0.9979518  -4.9504387   0.0102142   2.0363919   0.5639254   0.0110178   0.3694305   3.1312478   0.5655111  -1.0000000   0.0112341   0.0000000   2.6244629   0.6493592   0.0000000   0.0000000  -5.6250369  33.0115687   3.1312113   0.5654746   0.0000000   1.0000000   0.0000000
  39.0000000   0.9992794   0.7900555   0.4389172   0.0057993   1.0000000   0.7648948   0.0000000   0.0000000   2.5659570   0.9978782  -4.9372638   0.0102055   2.0364869   0.5637628   0.0110178   0.3692142   3.1317280   0.5657709  -1.0000000   0.0112134   0.0000000   2.6256531   0.6492149   0.0000000   0.0000000  -5.6288476  33.0240498   3.1316925   0.5657355   0.0000000   1.0000000   0.0000000
  40.0000000   0.9993538   0.7900555   0.4389172   0.0057993   1.0000000   0.7648948   0.0000000   0.0000000   2.5665075   0.9978385  -4.9243366   0.0101975   2.0365899   0.5631162   0.0110178   0.3690185   3.1322470   0.5657395  -1.0000000   0.0111769   0.0000000   2.6267357   0.6490735   0.0000000   0.0000000  -5.6325217  33.0366444   3.1322126   0.5657051   0.0000000   1.0000000   0.0000000
  41.0000000   0.9994205   0.7900555   0.4389172   0.0057993   1.0000000   0.7648948   0.0000000   0.0000000   2.5674931   0.9978259  -4.9124224   0.0101934   2.0367052   0.5629877   0.0110178   0.3688595   3.1327957   0.5653027  -1.0000000   0.0111447   0.0000000   2.6276672   0.6489547   0.0000000   0.0000000  -5.6363090  33.0490498   3.1327627   0.5652696   0.0000000   1.0000000   0.0000000
  42.0000000   0.9994804   0.7900555   0.4389172   0.0057993   1.0000000   0.7648948   0.0000000   0.0000000   2.5682533   0.9978249  -4.9013849   0.0101902   2.0368288   0.5627267   0.0110178   0.3687326   3.1333263   0.5650729  -1.0000000   0.0111203   0.0000000   2.6284369   0.6488571   0.0000000   0.0000000  -5.6399682  33.0608541   3.1332946   0.5650412   0.0000000   1.0000000   0.0000000
  43.0000000   0.9995340   0.7900555   0.4389172   0.0057993   1.0000000   0.7648948   0.0000000   0.0000000   2.5686879   0.9978338  -4.8911010   0.0101856   2.0369588   0.5625781   0.0110178   0.3686300   3.1338453   0.5651574  -1.0000000   0.0111011   0.0000000   2.6290814   0.6487746   0.0000000   0.0000000  -5.6435697  33.0722708   3.1338150   0.5651271   0.0000000   1.0000000   0.0000000
  44.0000000   0.9995821   0.7900555   0.4389172   0.0057993   1.0000000   0.7648948   0.0000000   0.0000000   2.5695473   0.9978540  -4.8811160   0.0101825   2.0370933   0.5625878   0.0110178   0.3685468   3.1343671   0.5648198  -1.0000000   0.0110851   0.0000000   2.6296411   0.6487049   0.0000000   0.0000000  -5.6471350  33.0836155   3.1343384   0.5647911   0.0000000   1.0000000   0.0000000
  45.0000000   0.9996253   0.7900555   0.4389172   0.0057993   1.0000000   0.7648948   0.0000000   0.0000000   2.5703451   0.9978776  -4.8716752   0.0101793   2.0372299   0.5623868   0.0110178   0.3684795   3.1348648   0.5645196  -1.0000000   0.0110725   0.0000000   2.6301154   0.6486471   0.0000000   0.0000000  -5.6505016  33.0944616   3.1348375   0.5644923   0.0000000   1.0000000   0.0000000
  46.0000000   0.9996640   0.7900555   0.4389172   0.0057993   1.0000000   0.7648948   0.0000000   0.0000000   2.5710012   0.9979047  -4.8629226   0.0101752   2.0373660   0.5621156   0.0110178   0.3684248   3.1353417   0.5643405  -1.0000000   0.0110620   0.0000000   2.6305173   0.6485971   0.0000000   0.0000000  -5.6537611  33.1048498   3.1353159   0.5643147   0.0000000   1.0000000   0.0000000
  47.0000000   0.9996987   0.7900555   0.4389172   0.0057993   1.0000000   0.7648948   0.0000000   0.0000000   2.5716462   0.9979350  -4.8547923   0.0101723   2.0375013   0.5620938   0.0110178   0.3683805   3.1358048   0.5641586  -1.0000000   0.0110541   0.0000000   2.6308650   0.6485541   0.0000000   0.0000000  -5.6568956  33.1149079   3.1357805   0.5641343   0.0000000   1.0000000   0.0000000
  48.0000000   0.9997298   0.7900555   0.4389172   0.0057993   1.0000000   0.7648948   0.0000000   0.0000000   2.5723686   0.9979672  -4.8470190   0.0101687   2.0376345   0.5619358   0.0110178   0.3683442   3.1362511   0.5638826  -1.0000000   0.0110476   0.0000000   2.6311650   0.6485158   0.0000000   0.0000000  -5.6599571  33.1246378   3.1362283   0.5638598   0.0000000   1.0000000   0.0000000
  49.0000000   0.9997577   0.7900555   0.4389172   0.0057993   1.0000000   0.7648948   0.0000000   0.0000000   2.5729876   0.9979997  -4.8398238   0.0101657   2.0377648   0.5618047   0.0110178   0.3683144   3.1366770   0.5636894  -1.0000000   0.0110424   0.0000000   2.6314346   0.6484844   0.0000000   0.0000000  -5.6629283  33.1339466   3.1366557   0.5636680   0.0000000   1.0000000   0.0000000
  50.0000000   0.9997827   0.7900555   0.4389172   0.0057993   1.0000000   0.7648948   0.0000000   0.0000000   2.5735265   0.9980326  -4.8330858   0.0101632   2.0378912   0.5617668   0.0110178   0.3682898   3.1370836   0.5635571  -1.0000000   0.0110380   0.0000000   2.6316721   0.6484566   0.0000000   0.0000000  -5.6657785  33.1429237   3.1370636   0.5635371   0.0000000   1.0000000   0.0000000
  51.0000000   0.9998052   0.7900555   0.4389172   0.0057993   1.0000000   0.7648948   0.0000000   0.0000000   2.5743393   0.9980669  -4.8266336   0.0101594   2.0380140   0.5616435   0.0110178   0.3682696   3.1374743   0.5631350  -1.0000000   0.0110330   0.0000000   2.6318755   0.6484303   0.0000000   0.0000000  -5.6683515  33.1516359   3.1374557   0.5631164   0.0000000   1.0000000   0.0000000
  52.0000000   0.9998253   0.7900555   0.4389172   0.0057993   1.0000000   0.7648948   0.0000000   0.0000000   2.5747097   0.9980977  -4.8208418   0.0101571   2.0381327   0.5616711   0.0110178   0.3682543   3.1378361   0.5631264  -1.0000000   0.0110310   0.0000000   2.6320438   0.6484084   0.0000000   0.0000000  -5.6707918  33.1597923   3.1378188   0.5631091   0.0000000   1.0000000   0.0000000
  53.0000000   0.9998433   0.7900555   0.4389172   0.0057993   1.0000000   0.7648948   0.0000000   0.0000000   2.5755106   0.9981298  -4.8151258   0.0101539   2.0382472   0.5616069   0.0110178   0.3682411   3.1381897   0.5626792  -1.0000000   0.0110286   0.0000000   2.6322022   0.6483880   0.0000000   0.0000000  -5.6731280  33.1678172   3.1381737   0.5626631   0.0000000   1.0000000   0.0000000
  54.0000000   0.9998595   0.7900555   0.4389172   0.0057993   1.0000000   0.7648948   0.0000000   0.0000000   2.5757851   0.9981580  -4.8100201   0.0101515   2.0383577   0.5615197   0.0110178   0.3682303   3.1385129   0.5627279  -1.0000000   0.0110266   0.0000000   2.6323402   0.6483716   0.0000000   0.0000000  -5.6752595  33.1752712   3.1384981   0.5627130   0.0000000   1.0000000   0.0000000
  55.0000000   0.9998740   0.7900555   0.4389172   0.0057993   1.0000000   0.7648948   0.0000000   0.0000000   2.5764014   0.9981871  -4.8050363   0.0101493   2.0384643   0.5613610   0.0110178   0.3682215   3.1388284   0.5624269  -1.0000000   0.0110249   0.0000000   2.6324645   0.6483557   0.0000000   0.0000000  -5.6771871  33.1826611   3.1388147   0.5624133   0.0000000   1.0000000   0.0000000
  56.0000000   0.9998870   0.7900555   0.4389172   0.0057993   1.0000000   0.7648948   0.0000000   0.0000000   2.5767496   0.9982136  -4.8005975   0.0101472   2.0385664   0.5613990   0.0110178   0.3682144   3.1391218   0.5623723  -1.0000000   0.0110238   0.0000000   2.6325745   0.6483423   0.0000000   0.0000000  -5.6789618  33.1896356   3.1391093   0.5623597   0.0000000   1.0000000   0.0000000
  57.0000000   0.9998987   0.7900555   0.4389172   0.0057993   1.0000000   0.7648948   0.0000000   0.0000000   2.5771677   0.9982395  -4.7962493   0.0101450   2.0386643   0.5613547   0.0110178   0.3682084   3.1394032   0.5622354  -1.0000000   0.0110229   0.0000000   2.6326765   0.6483299   0.0000000   0.0000000  -5.6805996  33.1964503   3.1393917   0.5622239   0.0000000   1.0000000   0.0000000
  58.0000000   0.9999091   0.7900555   0.4389172   0.0057993   1.0000000   0.7648948   0.0000000   0.0000000   2.5775836   0.9982647  -4.7921538   0.0101431   2.0387584   0.5612911   0.0110178   0.3682033   3.1396713   0.5620877  -1.0000000   0.0110217   0.0000000   2.6327696   0.6483185   0.0000000   0.0000000  -5.6821277  33.2030231   3.1396608   0.5620772   0.0000000   1.0000000   0.0000000
  59.0000000   0.9999185   0.7900555   0.4389172   0.0057993   1.0000000   0.7648948   0.0000000   0.0000000   2.5779715   0.9982881  -4.7883377   0.0101413   2.0388480   0.5611096   0.0110178   0.3681995   3.1399246   0.5619531  -1.0000000   0.0110216   0.0000000   2.6328480   0.6483072   0.0000000   0.0000000  -5.6835216  33.2093453   3.1399152   0.5619436   0.0000000   1.0000000   0.0000000
  60.0000000   0.9999269   0.7900555   0.4389172   0.0057993   1.0000000   0.7648948   0.0000000   0.0000000   2.5784361   0.9983095  -4.7849038   0.0101395   2.0389342   0.5612226   0.0110178   0.3681957   3.1401630   0.5617269  -1.0000000   0.0110214   0.0000000   2.6329224   0.6482970   0.0000000   0.0000000  -5.6847712  33.2154352   3.1401545   0.5617184   0.0000000   1.0000000   0.0000000
  61.0000000   0.9999345   0.7900555   0.4389172   0.0057993   1.0000000   0.7648948   0.0000000   0.0000000   2.5786353   0.9982839  -4.7816553   0.0101397   2.0390039   0.5615794   0.0110178   0.3681921   3.1402837   0.5616484  -1.0000000   0.0110554   0.0000000   2.6328768   0.6482768   0.0000000   0.0000000  -5.6856338  33.2212092   3.1402760   0.5616407   0.0000000   1.0000000   0.0000000
  62.0000000   0.9999413   0.7900555   0.4389172   0.0057993   1.0000000   0.7648948   0.0000000   0.0000000   2.5789425   0.9982500  -4.7781657   0.0101339   2.0390561   0.5617865   0.0110178   0.3681545   3.1404047   0.5614622  -1.0000000   0.0110744   0.0000000   2.6330400   0.6482441   0.0000000   0.0000000  -5.6862645  33.2267525   3.1403976   0.5614550   0.0000000   1.0000000   0.0000000
  63.0000000   0.9999473   0.7900555   0.4389172   0.0057993   1.0000000   0.7648948   0.0000000   0.0000000   2.5793801   0.9982522  -4.7747523   0.0101333   2.0391061   0.5614606   0.0110178   0.3680979   3.1405758   0.5611957  -1.0000000   0.0110429   0.0000000   2.6334326   0.6482245   0.0000000   0.0000000  -5.6869205  33.2320611   3.1405691   0.5611891   0.0000000   1.0000000   0.0000000
  64.0000000   0.9999528   0.7900555   0.4389172   0.0057993   1.0000000   0.7648948   0.0000000   0.0000000   2.5797030   0.9982600  -4.7720108   0.0101319   2.0391576   0.5613436   0.0110178   0.3680728   3.1407435   0.5610405  -1.0000000   0.0110339   0.0000000   2.6336232   0.6482101   0.0000000   0.0000000  -5.6874512  33.2370267   3.1407375   0.5610345   0.0000000   1.0000000   0.0000000
  65.0000000   0.9999576   0.7900555   0.4389172   0.0057993   1.0000000   0.7648948   0.0000000   0.0000000   2.5799967   0.9982689  -4.7696110   0.0101310   2.0392101   0.5611743   0.0110178   0.3680567   3.1409033   0.5609066  -1.0000000   0.0110297   0.0000000   2.6337509   0.6481976   0.0000000   0.0000000  -5.6879098  33.2417661   3.1408979   0.5609012   0.0000000   1.0000000   0.0000000
  66.0000000   0.9999620   0.7900555   0.4389172   0.0057993   1.0000000   0.7648948   0.0000000   0.0000000   2.5788907   0.9982760  -4.7675875   0.0101324   2.0392626   0.5610877   0.0110178   0.3680448   3.1410512   0.5621605  -1.0000000   0.0110285   0.0000000   2.6338434   0.6481861   0.0000000   0.0000000  -5.6883117  33.2462987   3.1410463   0.5621556   0.0000000   1.0000000   0.0000000
  67.0000000   0.9999659   0.7900555   0.4389172   0.0057993   1.0000000   0.7648948   0.0000000   0.0000000   2.5785269   0.9983071  -4.7644267   0.0101290   2.0393029   0.5611737   0.0110178   0.3680341   3.1412757   0.5627488  -1.0000000   0.0110254   0.0000000   2.6340269   0.6481793   0.0000000   0.0000000  -5.6889566  33.2520234   3.1412712   0.5627443   0.0000000   1.0000000   0.0000000
  68.0000000   0.9999695   0.7900555   0.4389172   0.0057993   1.0000000   0.7648948   0.0000000   0.0000000   2.5849148   0.9983540  -4.7606317   0.0101208   2.0393275   0.5610143   0.0110178   0.3680265   3.1415441   0.5566293  -1.0000000   0.0110247   0.0000000   2.6334089   0.6479667   0.0000000   0.0000000  -5.6896887  33.2582522   3.1415399   0.5566251   0.0000000   1.0000000   0.0000000
  69.0000000   0.9999726   0.7900555   0.4389172   0.0057993   1.0000000   0.7648948   0.0000000   0.0000000   2.5803302   0.9980970  -4.7633358   0.0101281   2.0393570   0.5629406   0.0110178   0.3680196   3.1410985   0.5607682  -1.0000000   0.0112086   0.0000000   2.6339755   0.6481956   0.0000000   0.0000000  -5.6878082  33.2579697   3.1410946   0.5607644   0.0000000   1.0000000   0.0000000
  70.0000000   0.9999754   0.7900555   0.4389172   0.0057993   1.0000000   0.7648948   0.0000000   0.0000000   2.5807585   0.9980229  -4.7599535   0.0101200   2.0393721   0.5619751   0.0110178   0.3678288   3.1410823   0.5603238  -1.0000000   0.0111031   0.0000000   2.6347509   0.6480681   0.0000000   0.0000000  -5.6875388  33.2620147   3.1410786   0.5603201   0.0000000   1.0000000   0.0000000
  71.0000000   0.9999780   0.7900555   0.4389172   0.0057993   1.0000000   0.7648948   0.0000000   0.0000000   2.5806514   0.9979760  -4.7580873   0.0101206   2.0393864   0.5617131   0.0110178   0.3677435   3.1410960   0.5604446  -1.0000000   0.0110767   0.0000000   2.6351694   0.6480268   0.0000000   0.0000000  -5.6871871  33.2655868   3.1410925   0.5604410   0.0000000   1.0000000   0.0000000
  72.0000000   0.9999802   0.7900555   0.4389172   0.0057993   1.0000000   0.7648948   0.0000000   0.0000000   2.5807216   0.9979490  -4.7564354   0.0101190   2.0393991   0.5615668   0.0110178   0.3676847   3.1411453   0.5604237  -1.0000000   0.0110619   0.0000000   2.6354874   0.6479981   0.0000000   0.0000000  -5.6868741  33.2692439   3.1411420   0.5604204   0.0000000   1.0000000   0.0000000
  73.0000000   0.9999823   0.7900555   0.4389172   0.0057993   1.0000000   0.7648948   0.0000000   0.0000000   2.5809991   0.9979356  -4.7550255   0.0101180   2.0394071   0.5614579   0.0110178   0.3676405   3.1412162   0.5602171  -1.0000000   0.0110527   0.0000000   2.6357457   0.6479740   0.0000000   0.0000000  -5.6865129  33.2728368   3.1412129   0.5602138   0.0000000   1.0000000   0.0000000
  74.0000000   0.9999841   0.7900555   0.4389172   0.0057993   1.0000000   0.7648948   0.0000000   0.0000000   2.5812000   0.9979255  -4.7540108   0.0101174   2.0394176   0.5613935   0.0110178   0.3676056   3.1412844   0.5600845  -1.0000000   0.0110464   0.0000000   2.6359567   0.6479554   0.0000000   0.0000000  -5.6860808  33.2761745   3.1412812   0.5600813   0.0000000   1.0000000   0.0000000
  75.0000000   0.9999858   0.7900555   0.4389172   0.0057993   1.0000000   0.7648948   0.0000000   0.0000000   2.5813116   0.9979176  -4.7532633   0.0101167   2.0394310   0.5613588   0.0110178   0.3675770   3.1413506   0.5600390  -1.0000000   0.0110417   0.0000000   2.6361299   0.6479396   0.0000000   0.0000000  -5.6856120  33.2793326   3.1413476   0.5600360   0.0000000   1.0000000   0.0000000
  76.0000000   0.9999872   0.7900555   0.4389172   0.0057993   1.0000000   0.7648948   0.0000000   0.0000000   2.5814382   0.9979138  -4.7526595   0.0101161   2.0394428   0.5613155   0.0110178   0.3675531   3.1414212   0.5599831  -1.0000000   0.0110383   0.0000000   2.6362813   0.6479250   0.0000000   0.0000000  -5.6850809  33.2824006   3.1414183   0.5599802   0.0000000   1.0000000   0.0000000
  77.0000000   0.9999885   0.7900555   0.4389172   0.0057993   1.0000000   0.7648948   0.0000000   0.0000000   2.5815420   0.9979127  -4.7522182   0.0101156   2.0394538   0.5612662   0.0110178   0.3675326   3.1414928   0.5599508  -1.0000000   0.0110355   0.0000000   2.6364157   0.6479116   0.0000000   0.0000000  -5.6845033  33.2853693   3.1414901   0.5599480   0.0000000   1.0000000   0.0000000
  78.0000000   0.9999897   0.7900555   0.4389172   0.0057993   1.0000000   0.7648948   0.0000000   0.0000000   2.5817242   0.9979129  -4.7519197   0.0101152   2.0394655   0.5612838   0.0110178   0.3675149   3.1415641   0.5598399  -1.0000000   0.0110333   0.0000000   2.6365359   0.6478999   0.0000000   0.0000000  -5.6838936  33.2882627   3.1415615   0.5598372   0.0000000   1.0000000   0.0000000
  79.0000000   0.9999908   0.7900555   0.4389172   0.0057993   1.0000000   0.7648948   0.0000000   0.0000000   2.5818096   0.9979124  -4.7517721   0.0101144   2.0394793   0.5612479   0.0110178   0.3674994   3.1416297   0.5598202  -1.0000000   0.0110315   0.0000000   2.6366416   0.6478901   0.0000000   0.0000000  -5.6832917  33.2910018   3.1416272   0.5598177   0.0000000   1.0000000   0.0000000
  80.0000000   0.9999917   0.7900555   0.4389172   0.0057993   1.0000000   0.7648948   0.0000000   0.0000000   2.5819954   0.9979130  -4.7517338   0.0101139   2.0394939   0.5612477   0.0110178   0.3674856   3.1416944   0.5596990  -1.0000000   0.0110296   0.0000000   2.6367339   0.6478805   0.0000000   0.0000000  -5.6826583  33.2936818   3.1416921   0.5596967   0.0000000   1.0000000   0.0000000
  81.0000000   0.9999926   0.7900555   0.4389172   0.0057993   1.0000000   0.7648948   0.0000000   0.0000000   2.5820952   0.9979149  -4.7518682   0.0101133   2.0395058   0.5612693   0.0110178   0.3674739   3.1417579   0.5596627  -1.0000000   0.0110288   0.0000000   2.6368181   0.6478717   0.0000000   0.0000000  -5.6820097  33.2961989   3.1417557   0.5596605   0.0000000   1.0000000   0.0000000
  82.0000000   0.9999934   0.7900555   0.4389172   0.0057993   1.0000000   0.7648948   0.0000000   0.0000000   2.5822174   0.9979163  -4.7520689   0.0101128   2.0395191   0.5612489   0.0110178   0.3674629   3.1418178   0.5596004  -1.0000000   0.0110276   0.0000000   2.6368959   0.6478639   0.0000000   0.0000000  -5.6813596  33.2986420   3.1418158   0.5595983   0.0000000   1.0000000   0.0000000
  83.0000000   0.9999940   0.7900555   0.4389172   0.0057993   1.0000000   0.7648948   0.0000000   0.0000000   2.5824135   0.9979183  -4.7524000   0.0101122   2.0395315   0.5612522   0.0110178   0.3674531   3.1418761   0.5594625  -1.0000000   0.0110268   0.0000000   2.6369670   0.6478564   0.0000000   0.0000000  -5.6806965  33.3009858   3.1418742   0.5594606   0.0000000   1.0000000   0.0000000
  84.0000000   0.9999947   0.7900555   0.4389172   0.0057993   1.0000000   0.7648948   0.0000000   0.0000000   2.5825087   0.9979185  -4.7529138   0.0101116   2.0395452   0.5612574   0.0110178   0.3674441   3.1419260   0.5594173  -1.0000000   0.0110261   0.0000000   2.6370287   0.6478502   0.0000000   0.0000000  -5.6800217  33.3031553   3.1419243   0.5594156   0.0000000   1.0000000   0.0000000
  85.0000000   0.9999952   0.7900555   0.4389172   0.0057993   1.0000000   0.7648948   0.0000000   0.0000000   2.5826076   0.9979197  -4.7535115   0.0101112   2.0395572   0.5612634   0.0110178   0.3674358   3.1419755   0.5593679  -1.0000000   0.0110255   0.0000000   2.6370874   0.6478440   0.0000000   0.0000000  -5.6793344  33.3052468   3.1419739   0.5593663   0.0000000   1.0000000   0.0000000
  86.0000000   0.9999957   0.7900555   0.4389172   0.0057993   1.0000000   0.7648948   0.0000000   0.0000000   2.5827302   0.9979202  -4.7541960   0.0101106   2.0395700   0.5612740   0.0110178   0.3674281   3.1420212   0.5592910  -1.0000000   0.0110249   0.0000000   2.6371383   0.6478380   0.0000000   0.0000000  -5.6786450  33.3072567   3.1420197   0.5592895   0.0000000   1.0000000   0.0000000
  87.0000000   0.9999961   0.7900555   0.4389172   0.0057993   1.0000000   0.7648948   0.0000000   0.0000000   2.5827723   0.9979203  -4.7549889   0.0101102   2.0395824   0.5612911   0.0110178   0.3674210   3.1420634   0.5592910  -1.0000000   0.0110245   0.0000000   2.6371858   0.6478327   0.0000000   0.0000000  -5.6779469  33.3091586   3.1420620   0.5592897   0.0000000   1.0000000   0.0000000
  88.0000000   0.9999965   0.7900555   0.4389172   0.0057993   1.0000000   0.7648948   0.0000000   0.0000000   2.5827945   0.9979200  -4.7558057   0.0101101   2.0395957   0.5612843   0.0110178   0.3674143   3.1421036   0.5593091  -1.0000000   0.0110241   0.0000000   2.6372303   0.6478281   0.0000000   0.0000000  -5.6772405  33.3110318   3.1421024   0.5593079   0.0000000   1.0000000   0.0000000
  89.0000000   0.9999969   0.7900555   0.4389172   0.0057993   1.0000000   0.7648948   0.0000000   0.0000000   2.5828605   0.9979207  -4.7566502   0.0101098   2.0396079   0.5612957   0.0110178   0.3674080   3.1421454   0.5592849  -1.0000000   0.0110237   0.0000000   2.6372738   0.6478233   0.0000000   0.0000000  -5.6765479  33.3128947   3.1421443   0.5592838   0.0000000   1.0000000   0.0000000
  90.0000000   0.9999972   0.7900555   0.4389172   0.0057993   1.0000000   0.7648948   0.0000000   0.0000000   2.5829632   0.9979215  -4.7575463   0.0101093   2.0396198   0.5613271   0.0110178   0.3674021   3.1421862   0.5592230  -1.0000000   0.0110235   0.0000000   2.6373138   0.6478183   0.0000000   0.0000000  -5.6758568  33.3147039   3.1421852   0.5592220   0.0000000   1.0000000   0.0000000
  91.0000000   1.0000000   0.7900555   0.4389172   0.0057993   1.0000000   0.7648948   0.0000000   0.0000000   2.5831126   0.9979225  -4.7585118   0.0101089   2.0396335   0.5613591   0.0110178   0.3673964   3.1422299   0.5591173  -1.0000000   0.0110232   0.0000000   2.6373531   0.6478135   0.0000000   0.0000000  -5.6751767  33.3164233   3.1422291   0.5591165   0.0000000   1.0000000   0.0000000
  92.0000000   1.0000000   0.7900555   0.4389172   0.0057993   1.0000000   0.7648948   0.0000000   0.0000000   2.5830035   0.9979212  -4.7595938   0.0101089   2.0396454   0.5613691   0.0110178   0.3673910   3.1422601   0.5592566  -1.0000000   0.0110230   0.0000000   2.6373896   0.6478108   0.0000000   0.0000000  -5.6744816  33.3180099   3.1422594   0.5592559   0.0000000   1.0000000   0.0000000
  93.0000000   1.0000000   0.7900555   0.4389172   0.0057993   1.0000000   0.7648948   0.0000000   0.0000000   2.5830936   0.9979216  -4.7605588   0.0101085   2.0396572   0.5613980   0.0110178   0.3673858   3.1422971   0.5592035  -1.0000000   0.0110229   0.0000000   2.6374236   0.6478063   0.0000000   0.0000000  -5.6738814  33.3197121   3.1422966   0.5592030   0.0000000   1.0000000   0.0000000
  94.0000000   1.0000000   0.7900555   0.4389172   0.0057993   1.0000000   0.7648948   0.0000000   0.0000000   2.5831340   0.9979216  -4.7615847   0.0101082   2.0396687   0.5614310   0.0110178   0.3673807   3.1423309   0.5591969  -1.0000000   0.0110227   0.0000000   2.6374568   0.6478024   0.0000000   0.0000000  -5.6732449  33.3213345   3.1423305   0.5591965   0.0000000   1.0000000   0.0000000
  95.0000000   1.0000000   0.7900555   0.4389172   0.0057993   1.0000000   0.7648948   0.0000000   0.0000000   2.5831794   0.9979215  -4.7626189   0.0101078   2.0396802   0.5614345   0.0110178   0.3673759   3.1423641   0.5591847  -1.0000000   0.0110225   0.0000000   2.6374877   0.6477984   0.0000000   0.0000000  -5.6726338  33.3229251   3.1423638   0.5591844   0.0000000   1.0000000   0.0000000
  96.0000000   1.0000000   0.7900555   0.4389172   0.0057993   1.0000000   0.7648948   0.0000000   0.0000000   2.5832983   0.9979212  -4.7636957   0.0101073   2.0396915   0.5614778   0.0110178   0.3673712   3.1423958   0.5590975  -1.0000000   0.0110224   0.0000000   2.6375163   0.6477945   0.0000000   0.0000000  -5.6720221  33.3244789   3.1423956   0.5590973   0.0000000   1.0000000   0.0000000
  97.0000000   1.0000000   0.7900555   0.4389172   0.0057993   1.0000000   0.7648948   0.0000000   0.0000000   2.5833046   0.9979202  -4.7648504   0.0101069   2.0397026   0.5614703   0.0110178   0.3673665   3.1424233   0.5591186  -1.0000000   0.0110223   0.0000000   2.6375435   0.6477911   0.0000000   0.0000000  -5.6714212  33.3259209   3.1424232   0.5591186   0.0000000   1.0000000   0.0000000
  98.0000000   1.0000000   0.7900555   0.4389172   0.0057993   1.0000000   0.7648948   0.0000000   0.0000000   2.5833580   0.9979194  -4.7660236   0.0101066   2.0397133   0.5615027   0.0110178   0.3673620   3.1424516   0.5590936  -1.0000000   0.0110223   0.0000000   2.6375706   0.6477875   0.0000000   0.0000000  -5.6708643  33.3273619   3.1424516   0.5590936   0.0000000   1.0000000   0.0000000
  99.0000000   1.0000000   0.7900555   0.4389172   0.0057993   1.0000000   0.7648948   0.0000000   0.0000000   2.5834013   0.9979181  -4.7672222   0.0101062   2.0397238   0.5615958   0.0110178   0.3673576   3.1424766   0.5590753  -1.0000000   0.0110222   0.0000000   2.6375981   0.6477848   0.0000000   0.0000000  -5.6702852  33.3287559   3.1424768   0.5590754   0.0000000   1.0000000   0.0000000
 100.0000000   1.0000000   0.7900555   0.4389172   0.0057993   1.0000000   0.7648948   0.0000000   0.0000000   2.5833837   0.9979170  -4.7683745   0.0101055   2.0397339   0.5616163   0.0110178   0.3673532   3.1425017   0.5591180  -1.0000000   0.0110221   0.0000000   2.6376229   0.6477814   0.0000000   0.0000000  -5.6697298  33.3301093   3.1425020   0.5591183   0.0000000   1.0000000   0.0000000
 101.0000000   1.0000000   0.7900555   0.4389172   0.0057993   1.0000000   0.7648948   0.0000000   0.0000000   2.5833685   0.9979162  -4.7694949   0.0101054   2.0397440   0.5616206   0.0110178   0.3673488   3.1425284   0.5591599  -1.0000000   0.0110221   0.0000000   2.6376488   0.6477780   0.0000000   0.0000000  -5.6691961  33.3314850   3.1425288   0.5591603   0.0000000   1.0000000   0.0000000
 102.0000000   1.0000000   0.7900555   0.4389172   0.0057993   1.0000000   0.7648948   0.0000000   0.0000000   2.5834164   0.9979163  -4.7705998   0.0101051   2.0397536   0.5616636   0.0110178   0.3673445   3.1425576   0.5591412  -1.0000000   0.0110220   0.0000000   2.6376761   0.6477743   0.0000000   0.0000000  -5.6686829  33.3328809   3.1425581   0.5591417   0.0000000   1.0000000   0.0000000
 103.0000000   1.0000000   0.7900555   0.4389172   0.0057993   1.0000000   0.7648948   0.0000000   0.0000000   2.5834327   0.9979162  -4.7717103   0.0101043   2.0397629   0.5616742   0.0110178   0.3673404   3.1425855   0.5591528  -1.0000000   0.0110220   0.0000000   2.6377025   0.6477709   0.0000000   0.0000000  -5.6681830  33.3342361   3.1425861   0.5591534   0.0000000   1.0000000   0.0000000
 104.0000000   1.0000000   0.7900555   0.4389172   0.0057993   1.0000000   0.7648948   0.0000000   0.0000000   2.5833852   0.9979159  -4.7728319   0.0101044   2.0397722   0.5616524   0.0110178   0.3673361   3.1426125   0.5592274  -1.0000000   0.0110219   0.0000000   2.6377310   0.6477680   0.0000000   0.0000000  -5.6676560  33.3355828   3.1426133   0.5592281   0.0000000   1.0000000   0.0000000
 105.0000000   1.0000000   0.7900555   0.4389172   0.0057993   1.0000000   0.7648948   0.0000000   0.0000000   2.5833624   0.9979165  -4.7739314   0.0101040   2.0397811   0.5617516   0.0110178   0.3673320   3.1426429   0.5592805  -1.0000000   0.0110219   0.0000000   2.6377591   0.6477644   0.0000000   0.0000000  -5.6671403  33.3369834   3.1426437   0.5592814   0.0000000   1.0000000   0.0000000
 106.0000000   1.0000000   0.7900555   0.4389172   0.0057993   1.0000000   0.7648948   0.0000000   0.0000000   2.5834035   0.9979179  -4.7749089   0.0101035   2.0397897   0.5617605   0.0110178   0.3673279   3.1426758   0.5592722  -1.0000000   0.0110219   0.0000000   2.6377887   0.6477605   0.0000000   0.0000000  -5.6666485  33.3384156   3.1426767   0.5592732   0.0000000   1.0000000   0.0000000
 107.0000000   1.0000000   0.7900555   0.4389172   0.0057993   1.0000000   0.7648948   0.0000000   0.0000000   2.5834112   0.9979191  -4.7759191   0.0101032   2.0397980   0.5618127   0.0110178   0.3673237   3.1427078   0.5592966  -1.0000000   0.0110219   0.0000000   2.6378186   0.6477568   0.0000000   0.0000000  -5.6661680  33.3398172   3.1427088   0.5592976   0.0000000   1.0000000   0.0000000
 108.0000000   1.0000000   0.7900555   0.4389172   0.0057993   1.0000000   0.7648948   0.0000000   0.0000000   2.5833794   0.9979206  -4.7768832   0.0101025   2.0398060   0.5618747   0.0110178   0.3673196   3.1427409   0.5593615  -1.0000000   0.0110219   0.0000000   2.6378493   0.6477529   0.0000000   0.0000000  -5.6657179  33.3412211   3.1427420   0.5593626   0.0000000   1.0000000   0.0000000
 109.0000000   1.0000000   0.7900555   0.4389172   0.0057993   1.0000000   0.7648948   0.0000000   0.0000000   2.5833906   0.9979230  -4.7777523   0.0101023   2.0398138   0.5618846   0.0110178   0.3673155   3.1427771   0.5593865  -1.0000000   0.0110219   0.0000000   2.6378828   0.6477491   0.0000000   0.0000000  -5.6652966  33.3426681   3.1427782   0.5593876   0.0000000   1.0000000   0.0000000
 110.0000000   1.0000000   0.7900555   0.4389172   0.0057993   1.0000000   0.7648948   0.0000000   0.0000000   2.5833640   0.9979259  -4.7786166   0.0101014   2.0398211   0.5619642   0.0110178   0.3673114   3.1428146   0.5594506  -1.0000000   0.0110218   0.0000000   2.6379184   0.6477455   0.0000000   0.0000000  -5.6649180  33.3441177   3.1428159   0.5594519   0.0000000   1.0000000   0.0000000
 111.0000000   1.0000000   0.7900555   0.4389172   0.0057993   1.0000000   0.7648948   0.0000000   0.0000000   2.5833320   0.9979296  -4.7793719   0.0101015   2.0398284   0.5619753   0.0110178   0.3673074   3.1428545   0.5595225  -1.0000000   0.0110215   0.0000000   2.6379542   0.6477415   0.0000000   0.0000000  -5.6645441  33.3456095   3.1428559   0.5595238   0.0000000   1.0000000   0.0000000
 112.0000000   1.0000000   0.7900555   0.4389172   0.0057993   1.0000000   0.7648948   0.0000000   0.0000000   2.5833362   0.9979346  -4.7800728   0.0101004   2.0398348   0.5620096   0.0110178   0.3673038   3.1428990   0.5595628  -1.0000000   0.0110216   0.0000000   2.6379904   0.6477369   0.0000000   0.0000000  -5.6642346  33.3471499   3.1429004   0.5595642   0.0000000   1.0000000   0.0000000
 113.0000000   1.0000000   0.7900555   0.4389172   0.0057993   1.0000000   0.7648948   0.0000000   0.0000000   2.5833378   0.9979402  -4.7807310   0.0100995   2.0398405   0.5620569   0.0110178   0.3672999   3.1429456   0.5596078  -1.0000000   0.0110216   0.0000000   2.6380299   0.6477323   0.0000000   0.0000000  -5.6639729  33.3487073   3.1429470   0.5596093   0.0000000   1.0000000   0.0000000
 114.0000000   1.0000000   0.7900555   0.4389172   0.0057993   1.0000000   0.7648948   0.0000000   0.0000000   2.5832806   0.9979463  -4.7813317   0.0100991   2.0398458   0.5620237   0.0110178   0.3672962   3.1429936   0.5597130  -1.0000000   0.0110216   0.0000000   2.6380720   0.6477279   0.0000000   0.0000000  -5.6637073  33.3502860   3.1429951   0.5597145   0.0000000   1.0000000   0.0000000
 115.0000000   1.0000000   0.7900555   0.4389172   0.0057993   1.0000000   0.7648948   0.0000000   0.0000000   2.5832994   0.9979540  -4.7818922   0.0100979   2.0398504   0.5619807   0.0110178   0.3672923   3.1430476   0.5597482  -1.0000000   0.0110216   0.0000000   2.6381155   0.6477224   0.0000000   0.0000000  -5.6635090  33.3519460   3.1430491   0.5597498   0.0000000   1.0000000   0.0000000
 116.0000000   1.0000000   0.7900555   0.4389172   0.0057993   1.0000000   0.7648948   0.0000000   0.0000000   2.5832770   0.9979624  -4.7824971   0.0100971   2.0398545   0.5619394   0.0110178   0.3672885   3.1431035   0.5598265  -1.0000000   0.0110215   0.0000000   2.6381622   0.6477172   0.0000000   0.0000000  -5.6633515  33.3536154   3.1431051   0.5598281   0.0000000   1.0000000   0.0000000
 117.0000000   1.0000000   0.7900555   0.4389172   0.0057993   1.0000000   0.7648948   0.0000000   0.0000000   2.5832464   0.9979721  -4.7831018   0.0100961   2.0398580   0.5622202   0.0110178   0.3672848   3.1431643   0.5599179  -1.0000000   0.0110215   0.0000000   2.6382121   0.6477115   0.0000000   0.0000000  -5.6632369  33.3553369   3.1431660   0.5599196   0.0000000   1.0000000   0.0000000
 118.0000000   1.0000000   0.7900555   0.4389172   0.0057993   1.0000000   0.7648948   0.0000000   0.0000000   2.5832273   0.9979836  -4.7833683   0.0100948   2.0398605   0.5625733   0.0110178   0.3672811   3.1432311   0.5600038  -1.0000000   0.0110214   0.0000000   2.6382662   0.6477055   0.0000000   0.0000000  -5.6632392  33.3571235   3.1432328   0.5600055   0.0000000   1.0000000   0.0000000
 119.0000000   1.0000000   0.7900555   0.4389172   0.0057993   1.0000000   0.7648948   0.0000000   0.0000000   2.5832142   0.9980012  -4.7832046   0.0100884   2.0398555   0.5624265   0.0110178   0.3672775   3.1433132   0.5576003  -1.0000000   0.0110213   0.0000000   2.6383359   0.6476980   0.0000000   0.0000000  -5.6633372  33.3589689   3.1433148   0.5576020   0.0024986   1.0000000   0.0000000
 120.0000000   1.0000000   0.7900555   0.4389172   0.0057993   1.0000000   0.7648948   0.0000000   0.0000000   2.5845463   0.9978181  -4.8551730   0.0101010   2.0397062   0.5650598   0.0110178   0.3671473   3.1427028   0.5581387  -1.0000000   0.0110177   0.0000000   2.6385782   0.6476132   0.0000000   0.0000000  -5.6528294  33.3538138   3.1427028   0.5581387   0.0000179   1.0000000   0.0000000
