 ieps grid_eps grid_z put_eps grid_eps_original cut_off_data
   1.0000000   0.3904939   1.0000000   0.0067292   0.8332382   0.1666844   0.0000774   0.0000000   0.0000000   0.0000000   0.0000000   0.0000000   0.0000000   0.0000000   0.0000000   0.0000000   0.0000000   0.0000000   0.0000000   0.0000000   0.0000000   0.0000000   0.0000000   0.0000000   0.0000000   0.0000000   0.0000000   0.0000000   0.0000000   0.0000000   0.0000000   0.0000000   0.0000000   0.0000000   0.0000000   0.4236854   1.6352962
   2.0000000   0.4836597   1.0000000   0.0258122   0.0434563   0.7801606   0.1760853   0.0002979   0.0000000   0.0000000   0.0000000   0.0000000   0.0000000   0.0000000   0.0000000   0.0000000   0.0000000   0.0000000   0.0000000   0.0000000   0.0000000   0.0000000   0.0000000   0.0000000   0.0000000   0.0000000   0.0000000   0.0000000   0.0000000   0.0000000   0.0000000   0.0000000   0.0000000   0.0000000   0.0000000   0.5247701   1.6352962
   3.0000000   0.5861681   1.0000000   0.0641257   0.0000073   0.0708623   0.7413424   0.1867925   0.0009954   0.0000001   0.0000000   0.0000000   0.0000000   0.0000000   0.0000000   0.0000000   0.0000000   0.0000000   0.0000000   0.0000000   0.0000000   0.0000000   0.0000000   0.0000000   0.0000000   0.0000000   0.0000000   0.0000000   0.0000000   0.0000000   0.0000000   0.0000000   0.0000000   0.0000000   0.0000000   0.6359916   1.6352962
   4.0000000   0.6956723   1.0000000   0.1123242   0.0000000   0.0000783   0.1064576   0.6924967   0.1980691   0.0028953   0.0000030   0.0000000   0.0000000   0.0000000   0.0000000   0.0000000   0.0000000   0.0000000   0.0000000   0.0000000   0.0000000   0.0000000   0.0000000   0.0000000   0.0000000   0.0000000   0.0000000   0.0000000   0.0000000   0.0000000   0.0000000   0.0000000   0.0000000   0.0000000   0.0000000   0.7548035   1.6352962
   5.0000000   0.8091792   1.0000000   0.1484596   0.0000000   0.0000000   0.0005601   0.1489666   0.6345880   0.2084978   0.0073459   0.0000415   0.0000001   0.0000000   0.0000000   0.0000000   0.0000000   0.0000000   0.0000000   0.0000000   0.0000000   0.0000000   0.0000000   0.0000000   0.0000000   0.0000000   0.0000000   0.0000000   0.0000000   0.0000000   0.0000000   0.0000000   0.0000000   0.0000000   0.0000000   0.8779583   1.6352962
   6.0000000   0.9232399   1.0000000   0.1562630   0.0000000   0.0000000   0.0000002   0.0028008   0.1953019   0.5694317   0.2158649   0.0162254   0.0003701   0.0000051   0.0000001   0.0000000   0.0000000   0.0000000   0.0000000   0.0000000   0.0000000   0.0000000   0.0000000   0.0000000   0.0000000   0.0000000   0.0000000   0.0000000   0.0000000   0.0000000   0.0000000   0.0000000   0.0000000   0.0000000   0.0000000   1.0017141   1.6352962
   7.0000000   1.0341990   1.0000000   0.1371811   0.0000000   0.0000000   0.0000000   0.0000070   0.0102337   0.2398219   0.4993598   0.2174012   0.0309020   0.0021463   0.0001190   0.0000080   0.0000008   0.0000001   0.0000000   0.0000000   0.0000000   0.0000000   0.0000000   0.0000000   0.0000000   0.0000000   0.0000000   0.0000000   0.0000000   0.0000000   0.0000000   0.0000000   0.0000000   0.0000000   0.0000000   1.1221045   1.6352962
   8.0000000   1.1384743   1.0000000   0.1049786   0.0000000   0.0000000   0.0000000   0.0000000   0.0001405   0.0285148   0.2744496   0.4268719   0.2104544   0.0499354   0.0080645   0.0012332   0.0002259   0.0000529   0.0000131   0.0000025   0.0000029   0.0000066   0.0000093   0.0000094   0.0000071   0.0000040   0.0000016   0.0000004   0.0000001   0.0000000   0.0000000   0.0000000   0.0000000   0.0000000   0.0000000   1.2352431   1.6352962
   9.0000000   1.2328363   1.0000000   0.0730360   0.0000000   0.0000000   0.0000000   0.0000000   0.0000010   0.0014779   0.0627047   0.2909334   0.3543602   0.1933884   0.0673188   0.0194846   0.0056680   0.0017678   0.0005053   0.0001021   0.0001182   0.0002799   0.0004243   0.0004845   0.0004340   0.0003038   0.0001615   0.0000622   0.0000163   0.0000027   0.0000003   0.0000000   0.0000000   0.0000000   0.0000000   1.3376257   1.6352962
  10.0000000   1.3146563   1.0000000   0.0477868   0.0000000   0.0000000   0.0000000   0.0000000   0.0000000   0.0000564   0.0089153   0.1109723   0.2844068   0.2839497   0.1663128   0.0746029   0.0302666   0.0117015   0.0037261   0.0007809   0.0009171   0.0022347   0.0035882   0.0044989   0.0046158   0.0038788   0.0026046   0.0013371   0.0004932   0.0001208   0.0000179   0.0000014   0.0000001   0.0000000   0.0000000   1.4264003   1.6352962
  11.0000000   1.3821011   1.0000000   0.0300038   0.0000000   0.0000000   0.0000000   0.0000000   0.0000000   0.0000026   0.0011535   0.0332215   0.1594731   0.2556345   0.2174515   0.1313139   0.0665726   0.0297655   0.0102079   0.0021947   0.0026039   0.0064734   0.0108262   0.0145158   0.0164360   0.0158120   0.0126708   0.0081212   0.0039195   0.0013157   0.0002788   0.0000333   0.0000020   0.0000000   0.0000000   1.4995779   1.6352962
  12.0000000   1.4342605   1.0000000   0.0181606   0.0000000   0.0000000   0.0000000   0.0000000   0.0000000   0.0000002   0.0001862   0.0102353   0.0809247   0.1878037   0.2104528   0.1564150   0.0921382   0.0453628   0.0163375   0.0035723   0.0042675   0.0107518   0.0184773   0.0259102   0.0313446   0.0330446   0.0298968   0.0223918   0.0131169   0.0055568   0.0015422   0.0002496   0.0000206   0.0000007   0.0000000   1.5561707   1.6352962
  13.0000000   1.4712099   1.0000000   0.0104006   0.0000000   0.0000000   0.0000000   0.0000000   0.0000000   0.0000000   0.0000457   0.0039324   0.0444522   0.1348400   0.1836192   0.1572144   0.1022689   0.0535987   0.0199216   0.0044035   0.0052836   0.0134268   0.0234813   0.0338876   0.0427663   0.0477957   0.0467265   0.0386858   0.0257232   0.0127340   0.0042506   0.0008492   0.0000886   0.0000041   0.0000001   1.5962608   1.6352962
  14.0000000   1.4940309   1.0000000   0.0052794   0.0000000   0.0000000   0.0000000   0.0000000   0.0000000   0.0000000   0.0000183   0.0020758   0.0292617   0.1049831   0.1614450   0.1507259   0.1040625   0.0565958   0.0214290   0.0047670   0.0057345   0.0146465   0.0258784   0.0379802   0.0491269   0.0567945   0.0580646   0.0509340   0.0364491   0.0197722   0.0073695   0.0016727   0.0002014   0.0000110   0.0000002   1.6210216   1.6352962
  15.0000000   1.5048531   1.0000000   0.0019575   0.0000000   0.0000000   0.0000000   0.0000000   0.0000000   0.0000000   0.0000118   0.0015144   0.0236975   0.0921154   0.1501361   0.1460385   0.1036833   0.0573707   0.0219101   0.0048884   0.0058876   0.0150729   0.0267586   0.0395786   0.0517794   0.0607993   0.0634459   0.0571436   0.0422889   0.0239243   0.0093848   0.0022613   0.0002912   0.0000172   0.0000004   1.6327636   1.6352962
  16.0000000   1.5071873   1.0000000   0.0004332   0.0000000   0.0000000   0.0000000   0.0000000   0.0000000   0.0000000   0.0000107   0.0014134   0.0226198   0.0894633   0.1476597   0.1449074   0.1035003   0.0574817   0.0219929   0.0049100   0.0059151   0.0151509   0.0269245   0.0398902   0.0523139   0.0616311   0.0645951   0.0585062   0.0436073   0.0248917   0.0098715   0.0024092   0.0003147   0.0000188   0.0000004   1.6352962   1.6352962
  17.0000000   1.5078220   1.0000000   0.0005203   0.0000000   0.0000000   0.0000000   0.0000000   0.0000000   0.0000000   0.0000104   0.0013870   0.0223339   0.0887498   0.1469846   0.1445928   0.1034444   0.0575084   0.0220142   0.0049156   0.0059223   0.0151713   0.0269681   0.0399729   0.0524568   0.0618551   0.0649066   0.0588780   0.0439693   0.0251593   0.0100072   0.0024508   0.0003214   0.0000193   0.0000004   1.6359849   1.6352962
  18.0000000   1.5107817   1.0000000   0.0013251   0.0000000   0.0000000   0.0000000   0.0000000   0.0000000   0.0000000   0.0000092   0.0012700   0.0210400   0.0854677   0.1438295   0.1430878   0.1031497   0.0576135   0.0221058   0.0049400   0.0059536   0.0152612   0.0271628   0.0403460   0.0531090   0.0628867   0.0663528   0.0606170   0.0456764   0.0264322   0.0106593   0.0026532   0.0003544   0.0000217   0.0000005   1.6391961   1.6352962
  19.0000000   1.5171130   1.0000000   0.0023326   0.0000000   0.0000000   0.0000000   0.0000000   0.0000000   0.0000000   0.0000071   0.0010497   0.0184814   0.0786960   0.1370527   0.1396663   0.1023333   0.0577305   0.0222608   0.0049831   0.0060097   0.0154257   0.0275309   0.0410758   0.0544227   0.0650174   0.0694057   0.0643629   0.0494303   0.0292954   0.0121647   0.0031341   0.0004353   0.0000279   0.0000007   1.6460656   1.6352962
  20.0000000   1.5276335   1.0000000   0.0034218   0.0000000   0.0000000   0.0000000   0.0000000   0.0000000   0.0000000   0.0000045   0.0007606   0.0148103   0.0682119   0.1257925   0.1334330   0.1004378   0.0576032   0.0223941   0.0050270   0.0060695   0.0156141   0.0279928   0.0420733   0.0563442   0.0683015   0.0743167   0.0706243   0.0559483   0.0344760   0.0150191   0.0040957   0.0006067   0.0000417   0.0000011   1.6574803   1.6352962
  21.0000000   1.5430861   1.0000000   0.0044787   0.0000000   0.0000000   0.0000000   0.0000000   0.0000000   0.0000000   0.0000023   0.0004679   0.0105561   0.0545721   0.1095348   0.1232676   0.0965296   0.0567105   0.0223110   0.0050288   0.0060818   0.0156963   0.0283251   0.0430293   0.0585244   0.0724527   0.0810276   0.0797485   0.0660399   0.0430254   0.0200799   0.0059451   0.0009674   0.0000738   0.0000022   1.6742464   1.6352962
  22.0000000   1.5642038   1.0000000   0.0053864   0.0000000   0.0000000   0.0000000   0.0000000   0.0000000   0.0000000   0.0000009   0.0002353   0.0064800   0.0392374   0.0885246   0.1080880   0.0893520   0.0542403   0.0216861   0.0049150   0.0059574   0.0154429   0.0281154   0.0433299   0.0601738   0.0766223   0.0888795   0.0916290   0.0804377   0.0563868   0.0288225   0.0095241   0.0017590   0.0001545   0.0000055   1.6971590   1.6352962
  23.0000000   1.5917517   1.0000000   0.0060337   0.0000000   0.0000000   0.0000000   0.0000000   0.0000000   0.0000000   0.0000003   0.0000923   0.0032862   0.0244448   0.0643529   0.0875276   0.0776922   0.0492192   0.0200948   0.0045870   0.0055761   0.0145367   0.0267704   0.0420306   0.0599537   0.0791389   0.0961520   0.1050766   0.0992017   0.0761503   0.0435895   0.0165401   0.0035916   0.0003780   0.0000163   1.7270484   1.6352962
  24.0000000   1.6265631   1.0000000   0.0063311   0.0000000   0.0000000   0.0000000   0.0000000   0.0000000   0.0000000   0.0000001   0.0000267   0.0013048   0.0125603   0.0402631   0.0629323   0.0612068   0.0409446   0.0171664   0.0039542   0.0048245   0.0126683   0.0236702   0.0380439   0.0561203   0.0774719   0.0996577   0.1169196   0.1204683   0.1030235   0.0674501   0.0302129   0.0079972   0.0010539   0.0000585   1.7648188   1.6352962
  25.0000000   1.6695736   1.0000000   0.0062307   0.0000000   0.0000000   0.0000000   0.0000000   0.0000000   0.0000000   0.0000000   0.0000053   0.0003791   0.0049880   0.0204050   0.0380113   0.0415108   0.0297450   0.0128945   0.0030042   0.0036824   0.0097573   0.0185659   0.0307276   0.0472612   0.0689459   0.0950788   0.1214644   0.1387390   0.1344633   0.1026761   0.0556582   0.0185865   0.0032083   0.0002420   1.8114851   1.6352962
  26.0000000   1.7218567   1.0000000   0.0057442   0.0000000   0.0000000   0.0000000   0.0000000   0.0000000   0.0000000   0.0000000   0.0000007   0.0000741   0.0014097   0.0077271   0.0178678   0.0225596   0.0176250   0.0079682   0.0018833   0.0023220   0.0062232   0.0121159   0.0208049   0.0337145   0.0526660   0.0790768   0.1119077   0.1442881   0.1614224   0.1464788   0.0981457   0.0425768   0.0100488   0.0010931   1.8682122   1.6352962
  27.0000000   1.7846647   1.0000000   0.0049469   0.0000000   0.0000000   0.0000000   0.0000000   0.0000000   0.0000000   0.0000000   0.0000000   0.0000088   0.0002563   0.0019739   0.0059053   0.0089041   0.0077455   0.0036908   0.0008882   0.0011032   0.0029998   0.0060123   0.0108167   0.0187232   0.0318721   0.0531920   0.0853020   0.1270812   0.1678524   0.1847747   0.1559733   0.0898701   0.0300391   0.0050151   1.9363588   1.6352962
  28.0000000   1.8594748   1.0000000   0.0039613   0.0000000   0.0000000   0.0000000   0.0000000   0.0000000   0.0000000   0.0000000   0.0000000   0.0000006   0.0000266   0.0003008   0.0012091   0.0022460   0.0022233   0.0011297   0.0002780   0.0003484   0.0009647   0.0020048   0.0038241   0.0071931   0.0136503   0.0260370   0.0488306   0.0868613   0.1397791   0.1918802   0.2085888   0.1624864   0.0787061   0.0214310   2.0175277   1.6352962
  29.0000000   1.9480463   1.0000000   0.0029210   0.0000000   0.0000000   0.0000000   0.0000000   0.0000000   0.0000000   0.0000000   0.0000000   0.0000000   0.0000014   0.0000237   0.0001324   0.0003109   0.0003568   0.0001953   0.0000493   0.0000625   0.0001768   0.0003838   0.0007855   0.0016350   0.0035486   0.0080015   0.0182916   0.0406981   0.0836221   0.1493132   0.2160998   0.2326426   0.1656818   0.0779874   2.1136276   1.6352962
  30.0000000   2.0524875   1.0000000   0.0019255   0.0000000   0.0000000   0.0000000   0.0000000   0.0000000   0.0000000   0.0000000   0.0000000   0.0000000   0.0000000   0.0000008   0.0000066   0.0000199   0.0000269   0.0000160   0.0000042   0.0000053   0.0000155   0.0000352   0.0000782   0.0001828   0.0004642   0.0012778   0.0037210   0.0109595   0.0306972   0.0761382   0.1551971   0.2402523   0.2566970   0.2242044   2.2269462   1.6352962
  31.0000000   2.1753414   1.0000000   0.0015095   0.0000000   0.0000000   0.0000000   0.0000000   0.0000000   0.0000000   0.0000000   0.0000000   0.0000000   0.0000000   0.0000000   0.0000001   0.0000005   0.0000008   0.0000005   0.0000001   0.0000002   0.0000005   0.0000013   0.0000031   0.0000082   0.0000249   0.0000859   0.0003302   0.0013546   0.0055514   0.0208717   0.0655508   0.1571975   0.2641000   0.4849175   2.3602426   1.6352962
