 t output_loss_entry employment_loss_entry investment_loss_entry debt_loss_entry
 output_gain_entry employment_gain_entry investment_gain_entry debt_gain_entry
 output_loss_exit employment_loss_exit investment_loss_exit debt_loss_exit
 output_gain_exit employment_gain_exit investment_gain_exit debt_gain_exit
 output_loss_incumbent employment_loss_incumbent investment_loss_incumbent debt_
 loss_incumbent
 output_gain_incumbent employment_gain_incumbent investment_gain_incumbent debt_
 gain_incumbent
 gdp1 h1 inv1 firm_debt2
 gdp_t h_t inv_t firm_debt_t
   1.0000000   0.0000000   0.0000000   0.0000000   0.0000000   0.0000000   0.0000000   0.0000000   0.0000000   0.0000000   0.0000000   0.0000000   0.0000000   0.0000000   0.0000000   0.0000000   0.0000000   0.0000000   0.0000000   0.0000000   0.0000000   0.0000000   0.0000000   0.0000000   0.0000000   3.0906914   1.0019087   0.5532838   5.7495697   3.0906914   1.0019087   0.5532838   5.7495697
   2.0000000   0.0068099   0.0034454   0.0292838   0.0074838   0.0000000   0.0000000   0.0000000   0.0000000   0.0018540   0.0009223  -0.0124117   0.0000141   0.0000010   0.0000005  -0.0124346   0.0000000   3.0820275   0.9975410   0.5364117   5.7420717   3.0428772   0.9902502   0.5326874   5.1710798   3.0906914   1.0019087   0.5532838   5.7495697   3.0428782   0.9902507   0.5202528   5.1710798
   3.0000000   0.0084813   0.0040772   0.0179056   0.0138050   0.0000000   0.0000000   0.0000000   0.0000000   0.0000081   0.0000040  -0.0149265   0.0000135   0.0001245   0.0000630  -0.0538404   0.0000000   3.0822033   0.9978279   0.5503046   5.7357512   3.0328039   0.9882574   0.5684773   4.9676749   3.0906914   1.0019087   0.5532838   5.7495697   3.0329284   0.9883204   0.5146368   4.9676749
   4.0000000   0.0111043   0.0052262   0.0151781   0.0186629   0.0000000   0.0000000   0.0000000   0.0000000   0.0000049   0.0000023  -0.0183473   0.0000072   0.0016976   0.0008829  -0.0725959   0.0000002   3.0795850   0.9966810   0.5564530   5.7308995   3.0155272   0.9843985   0.5737314   4.8864754   3.0906914   1.0019087   0.5532838   5.7495697   3.0172248   0.9852814   0.5011356   4.8864756
   5.0000000   0.0131422   0.0061060   0.0136237   0.0227656   0.0000000   0.0000000   0.0000000   0.0000000   0.0000077   0.0000038  -0.0177523   0.0000128   0.0019384   0.0010470  -0.0806635   0.0000006   3.0775456   0.9958001   0.5574126   5.7267913   2.9766271   0.9774374   0.5452067   4.8493925   3.0906914   1.0019087   0.5532838   5.7495697   2.9785656   0.9784844   0.4645432   4.8493931
   6.0000000   0.0129088   0.0058459   0.0039668   0.0242057   0.0000000   0.0000000   0.0000000   0.0000000   0.0000074   0.0000035  -0.0181468   0.0000122   0.0020545   0.0010905  -0.0823521   0.0000010   3.0777808   0.9960609   0.5674639   5.7253518   2.9872497   0.9796869   0.5589713   4.8354594   3.0906914   1.0019087   0.5532838   5.7495697   2.9893042   0.9807774   0.4766191   4.8354604
   7.0000000   0.0131463   0.0058972   0.0026450   0.0245770   0.0000000   0.0000000   0.0000000   0.0000000   0.0000048   0.0000022  -0.0219022   0.0000074   0.0044084   0.0022487  -0.0809482   0.0000014   3.0775472   0.9960113   0.5725412   5.7249852   3.0284323   0.9866261   0.6014224   4.8352647   3.0906914   1.0019087   0.5532838   5.7495697   3.0328407   0.9888748   0.5204742   4.8352662
   8.0000000   0.0132086   0.0058848   0.0027859   0.0248471   0.0000000   0.0000000   0.0000000   0.0000000   0.0000035   0.0000016  -0.0229184   0.0000058   0.0056546   0.0028332  -0.0798305   0.0000022   3.0774875   0.9960247   0.5734165   5.7247168   3.0560144   0.9912240   0.6289101   4.8432708   3.0906914   1.0019087   0.5532838   5.7495697   3.0616690   0.9940572   0.5490797   4.8432730
   9.0000000   0.0133323   0.0059080   0.0031140   0.0251861   0.0000000   0.0000000   0.0000000   0.0000000   0.0000029   0.0000013  -0.0236499   0.0000048   0.0065915   0.0032572  -0.0745769   0.0002479   3.0773658   0.9960022   0.5738199   5.7243788   3.0825772   0.9955508   0.6503807   4.8568093   3.0906914   1.0019087   0.5532838   5.7495697   3.0891686   0.9988080   0.5758038   4.8570571
  10.0000000   0.0134851   0.0059466   0.0033538   0.0255942   0.0000000   0.0000000   0.0000000   0.0000000   0.0000024   0.0000011  -0.0236293   0.0000041   0.0064709   0.0031475  -0.0708439   0.0003758   3.0772147   0.9959641   0.5735596   5.7239713   3.0860633   0.9960706   0.6495585   4.8739969   3.0906914   1.0019087   0.5532838   5.7495697   3.0925342   0.9992181   0.5787146   4.8743727
  11.0000000   0.0136647   0.0059981   0.0036135   0.0260940   0.0000000   0.0000000   0.0000000   0.0000000   0.0000021   0.0000009  -0.0235099   0.0000036   0.0063271   0.0030305  -0.0664259   0.0002212   3.0770367   0.9959132   0.5731805   5.7234721   3.0830862   0.9955264   0.6414398   4.8912256   3.0906914   1.0019087   0.5532838   5.7495697   3.0894133   0.9985569   0.5750140   4.8914468
  12.0000000   0.0138743   0.0060635   0.0038116   0.0266634   0.0000000   0.0000000   0.0000000   0.0000000   0.0000019   0.0000008  -0.0232509   0.0000033   0.0061895   0.0029115  -0.0624304   0.0001645   3.0768285   0.9958482   0.5727234   5.7229030   3.0889373   0.9964960   0.6425535   4.9086672   3.0906914   1.0019087   0.5532838   5.7495697   3.0951268   0.9994076   0.5801231   4.9088317
  13.0000000   0.0141053   0.0061385   0.0039843   0.0272928   0.0000000   0.0000000   0.0000000   0.0000000   0.0000017   0.0000007  -0.0233095   0.0000030   0.0060744   0.0028066  -0.0598321   0.0001357   3.0765990   0.9957736   0.5726093   5.7222739   3.0902339   0.9967353   0.6405666   4.9235714   3.0906914   1.0019087   0.5532838   5.7495697   3.0963083   0.9995420   0.5807345   4.9237071
  14.0000000   0.0143534   0.0062211   0.0041308   0.0279709   0.0000000   0.0000000   0.0000000   0.0000000   0.0000015   0.0000006  -0.0224106   0.0000028   0.0050985   0.0022900  -0.0552136   0.0001231   3.0763522   0.9956915   0.5715640   5.7215960   3.0629852   0.9923092   0.6078411   4.9372838   3.0906914   1.0019087   0.5532838   5.7495697   3.0680837   0.9945992   0.5526275   4.9374068
  15.0000000   0.0146140   0.0063089   0.0042599   0.0286899   0.0000000   0.0000000   0.0000000   0.0000000   0.0000014   0.0000006  -0.0219642   0.0000027   0.0047987   0.0020977  -0.0526287   0.0001177   3.0760929   0.9956041   0.5709884   5.7208771   3.0603200   0.9920021   0.6022784   4.9482469   3.0906914   1.0019087   0.5532838   5.7495697   3.0651188   0.9940997   0.5496497   4.9483645
  16.0000000   0.0148841   0.0064006   0.0043763   0.0294439   0.0000000   0.0000000   0.0000000   0.0000000   0.0000013   0.0000005  -0.0206750   0.0000025   0.0042084   0.0017687  -0.0510548   0.0001174   3.0758240   0.9955127   0.5695829   5.7201232   3.0415875   0.9890055   0.5816709   4.9582509   3.0906914   1.0019087   0.5532838   5.7495697   3.0457959   0.9907743   0.5306162   4.9583682
  17.0000000   0.0151614   0.0064951   0.0044842   0.0302290   0.0000000   0.0000000   0.0000000   0.0000000   0.0000013   0.0000005  -0.0207209   0.0000025   0.0046180   0.0019328  -0.0497580   0.0001202   3.0755480   0.9954186   0.5695210   5.7193382   3.0515491   0.9908526   0.5909117   4.9683876   3.0906914   1.0019087   0.5532838   5.7495697   3.0561672   0.9927855   0.5411537   4.9685079
  18.0000000   0.0154442   0.0065915   0.0045859   0.0310420   0.0000000   0.0000000   0.0000000   0.0000000   0.0000012   0.0000005  -0.0204143   0.0000024   0.0046026   0.0018894  -0.0482851   0.0001254   3.0752664   0.9953226   0.5691127   5.7185253   3.0547978   0.9915106   0.5928156   4.9795758   3.0906914   1.0019087   0.5532838   5.7495697   3.0594004   0.9934000   0.5445305   4.9797012
  19.0000000   0.0157312   0.0066892   0.0046835   0.0318809   0.0000000   0.0000000   0.0000000   0.0000000   0.0000011   0.0000005  -0.0202212   0.0000023   0.0045324   0.0018216  -0.0465294   0.0001316   3.0749806   0.9952252   0.5688219   5.7176864   3.0614978   0.9928094   0.5974525   4.9896646   3.0906914   1.0019087   0.5532838   5.7495697   3.0660302   0.9946310   0.5509231   4.9897961
  20.0000000   0.0160214   0.0067879   0.0047783   0.0327440   0.0000000   0.0000000   0.0000000   0.0000000   0.0000011   0.0000004  -0.0199223   0.0000023   0.0043175   0.0016933  -0.0457299   0.0001377   3.0746915   0.9951268   0.5684283   5.7168234   3.0488938   0.9907234   0.5842325   4.9982490   3.0906914   1.0019087   0.5532838   5.7495697   3.0532114   0.9924167   0.5385026   4.9983867
  21.0000000   0.0163142   0.0068872   0.0048712   0.0336302   0.0000000   0.0000000   0.0000000   0.0000000   0.0000011   0.0000004  -0.0194201   0.0000023   0.0040846   0.0015602  -0.0448194   0.0001435   3.0743999   0.9950279   0.5678332   5.7159371   3.0326237   0.9880493   0.5673031   5.0062239   3.0906914   1.0019087   0.5532838   5.7495697   3.0367084   0.9896095   0.5224836   5.0063674
  22.0000000   0.0166090   0.0069868   0.0049631   0.0345388   0.0000000   0.0000000   0.0000000   0.0000000   0.0000010   0.0000004  -0.0190930   0.0000023   0.0040142   0.0015002  -0.0414911   0.0001488   3.0741062   0.9949287   0.5674143   5.7150287   3.0429145   0.9900132   0.5744874   5.0126856   3.0906914   1.0019087   0.5532838   5.7495697   3.0469287   0.9915134   0.5329963   5.0128344
  23.0000000   0.0169053   0.0070865   0.0050543   0.0354689   0.0000000   0.0000000   0.0000000   0.0000000   0.0000010   0.0000004  -0.0186576   0.0000022   0.0039981   0.0014822  -0.0394661   0.0001531   3.0738110   0.9948293   0.5668876   5.7140985   3.0264617   0.9873165   0.5563380   5.0199108   3.0906914   1.0019087   0.5532838   5.7495697   3.0304598   0.9887987   0.5168718   5.0200639
  24.0000000   0.0172029   0.0071862   0.0051454   0.0364203   0.0000000   0.0000000   0.0000000   0.0000000   0.0000010   0.0000004  -0.0184765   0.0000022   0.0042046   0.0015686  -0.0392129   0.0001566   3.0735145   0.9947299   0.5666155   5.7131471   3.0332372   0.9885615   0.5632977   5.0268171   3.0906914   1.0019087   0.5532838   5.7495697   3.0374418   0.9901302   0.5240848   5.0269737
  25.0000000   0.0163189   0.0066862   0.0001304   0.0360849   0.0000000   0.0000000   0.0000000   0.0000000   0.0000009   0.0000004  -0.0189009   0.0000022   0.0046114   0.0017535  -0.0388418   0.0001586   3.0743995   0.9952302   0.5720549   5.7134826   3.0491435   0.9915868   0.5790321   5.0344839   3.0906914   1.0019087   0.5532838   5.7495697   3.0537549   0.9933402   0.5401903   5.0346425
  26.0000000   0.0157987   0.0064072  -0.0000568   0.0354003   0.0000000   0.0000000   0.0000000   0.0000000   0.0000009   0.0000003  -0.0179616   0.0000022   0.0041755   0.0015405  -0.0381504   0.0001590   3.0749208   0.9955095   0.5713028   5.7141672   3.0153864   0.9861891   0.5453206   5.0431658   3.0906914   1.0019087   0.5532838   5.7495697   3.0195619   0.9877296   0.5071702   5.0433248
  27.0000000   0.0152785   0.0061382   0.0003953   0.0348306   0.0000000   0.0000000   0.0000000   0.0000000   0.0000009   0.0000003  -0.0175938   0.0000023   0.0043288   0.0015995  -0.0384967   0.0001874   3.0754420   0.9957788   0.5704829   5.7147368   3.0375570   0.9902264   0.5680556   5.0522947   3.0906914   1.0019087   0.5532838   5.7495697   3.0418858   0.9918259   0.5295589   5.0524821
  28.0000000   0.0148622   0.0059214   0.0009063   0.0344483   0.0000000   0.0000000   0.0000000   0.0000000   0.0000009   0.0000003  -0.0181951   0.0000023   0.0047077   0.0017730  -0.0396008   0.0002017   3.0758593   0.9959959   0.5705733   5.7151191   3.0586982   0.9940198   0.5903001   5.0614119   3.0906914   1.0019087   0.5532838   5.7495697   3.0634059   0.9957928   0.5506993   5.0616136
  29.0000000   0.0145219   0.0057409   0.0012940   0.0342196   0.0000000   0.0000000   0.0000000   0.0000000   0.0000009   0.0000003  -0.0174148   0.0000023   0.0048761   0.0018612  -0.0407649   0.0002045   3.0762006   0.9961767   0.5694052   5.7153477   3.0394899   0.9907956   0.5725089   5.0724231   3.0906914   1.0019087   0.5532838   5.7495697   3.0443660   0.9926568   0.5317440   5.0726276
  30.0000000   0.0142436   0.0055893   0.0016524   0.0341378   0.0000000   0.0000000   0.0000000   0.0000000   0.0000009   0.0000003  -0.0178848   0.0000023   0.0052483   0.0020338  -0.0402815   0.0002173   3.0764799   0.9963285   0.5695169   5.7154296   3.0591571   0.9943259   0.5920481   5.0848373   3.0906914   1.0019087   0.5532838   5.7495697   3.0644054   0.9963597   0.5517666   5.0850546
  31.0000000   0.0140220   0.0054641   0.0019394   0.0341729   0.0000000   0.0000000   0.0000000   0.0000000   0.0000008   0.0000003  -0.0180018   0.0000023   0.0054080   0.0021081  -0.0403684   0.0001919   3.0767025   0.9964540   0.5693470   5.7153944   3.0640828   0.9952242   0.5969745   5.0973411   3.0906914   1.0019087   0.5532838   5.7495697   3.0694908   0.9973323   0.5566061   5.0975331
  32.0000000   0.0138457   0.0053598   0.0021843   0.0343058   0.0000000   0.0000000   0.0000000   0.0000000   0.0000008   0.0000003  -0.0177674   0.0000024   0.0054763   0.0021397  -0.0406706   0.0001782   3.0768797   0.9965586   0.5688677   5.7152615   3.0659881   0.9955787   0.5990908   5.1080586   3.0906914   1.0019087   0.5532838   5.7495697   3.0714644   0.9977184   0.5584201   5.1082368
  33.0000000   0.0137073   0.0052729   0.0023904   0.0345180   0.0000000   0.0000000   0.0000000   0.0000000   0.0000008   0.0000003  -0.0169944   0.0000024   0.0053021   0.0020643  -0.0401304   0.0001676   3.0770191   0.9966458   0.5678886   5.7150492   3.0443314   0.9919745   0.5769090   5.1184585   3.0906914   1.0019087   0.5532838   5.7495697   3.0496335   0.9940387   0.5367786   5.1186261
  34.0000000   0.0136000   0.0052003   0.0025666   0.0347949   0.0000000   0.0000000   0.0000000   0.0000000   0.0000008   0.0000003  -0.0169104   0.0000024   0.0052118   0.0020196  -0.0390696   0.0001590   3.0771273   0.9967186   0.5676284   5.7147723   3.0443843   0.9921863   0.5759276   5.1267694   3.0906914   1.0019087   0.5532838   5.7495697   3.0495961   0.9942059   0.5368580   5.1269284
  35.0000000   0.0135187   0.0051397   0.0027180   0.0351237   0.0000000   0.0000000   0.0000000   0.0000000   0.0000008   0.0000003  -0.0169361   0.0000025   0.0051644   0.0020016  -0.0392485   0.0001514   3.0772095   0.9967795   0.5675027   5.7144435   3.0364300   0.9909760   0.5684936   5.1344953   3.0906914   1.0019087   0.5532838   5.7495697   3.0415944   0.9929776   0.5292451   5.1346467
  36.0000000   0.0134590   0.0050890   0.0028491   0.0354938   0.0000000   0.0000000   0.0000000   0.0000000   0.0000008   0.0000003  -0.0166744   0.0000025   0.0055410   0.0021924  -0.0394065   0.0001449   3.0772701   0.9968304   0.5671099   5.7140734   3.0373682   0.9912564   0.5702131   5.1426729   3.0906914   1.0019087   0.5532838   5.7495697   3.0429092   0.9934488   0.5308066   5.1428178
  37.0000000   0.0134175   0.0050467   0.0029629   0.0358956   0.0000000   0.0000000   0.0000000   0.0000000   0.0000008   0.0000003  -0.0167184   0.0000025   0.0055029   0.0021698  -0.0387810   0.0001389   3.0773125   0.9968729   0.5670401   5.7136715   3.0468837   0.9930120   0.5790649   5.1512741   3.0906914   1.0019087   0.5532838   5.7495697   3.0523866   0.9951818   0.5402839   5.1514129
  38.0000000   0.0133912   0.0050116   0.0030618   0.0363208   0.0000000   0.0000000   0.0000000   0.0000000   0.0000008   0.0000003  -0.0183281   0.0000026   0.0058933   0.0023692  -0.0410588   0.0001332   3.0773396   0.9969083   0.5685510   5.7132462   3.0459198   0.9928618   0.5809669   5.1597943   3.0906914   1.0019087   0.5532838   5.7495697   3.0518130   0.9952310   0.5399081   5.1599275
  39.0000000   0.0133778   0.0049825   0.0031477   0.0367619   0.0000000   0.0000000   0.0000000   0.0000000   0.0000008   0.0000003  -0.0177400   0.0000026   0.0057180   0.0022905  -0.0392794   0.0001279   3.0773538   0.9969376   0.5678769   5.7128051   3.0366555   0.9913424   0.5699150   5.1693813   3.0906914   1.0019087   0.5532838   5.7495697   3.0423735   0.9936329   0.5306355   5.1695092
  40.0000000   0.0133753   0.0049587   0.0032220   0.0372120   0.0000000   0.0000000   0.0000000   0.0000000   0.0000008   0.0000003  -0.0175250   0.0000026   0.0056074   0.0022333  -0.0378643   0.0001231   3.0773572   0.9969618   0.5675877   5.7123550   3.0453523   0.9929278   0.5770560   5.1776875   3.0906914   1.0019087   0.5532838   5.7495697   3.0509597   0.9951611   0.5391917   5.1778106
  41.0000000   0.0133819   0.0049392   0.0032860   0.0376649   0.0000000   0.0000000   0.0000000   0.0000000   0.0000008   0.0000003  -0.0173802   0.0000027   0.0056055   0.0022364  -0.0382098   0.0001186   3.0773515   0.9969815   0.5673789   5.7119020   3.0453615   0.9929508   0.5773006   5.1865811   3.0906914   1.0019087   0.5532838   5.7495697   3.0509670   0.9951872   0.5390907   5.1866998
  42.0000000   0.0129323   0.0046882   0.0013356   0.0376012   0.0000000   0.0000000   0.0000000   0.0000000   0.0000008   0.0000003  -0.0173896   0.0000027   0.0056787   0.0022760  -0.0383980   0.0001145   3.0778018   0.9972327   0.5693387   5.7119657   3.0480881   0.9935850   0.5804135   5.1950819   3.0906914   1.0019087   0.5532838   5.7495697   3.0537667   0.9958611   0.5420155   5.1951964
  43.0000000   0.0126321   0.0045275   0.0012774   0.0373863   0.0000000   0.0000000   0.0000000   0.0000000   0.0000008   0.0000003  -0.0172138   0.0000027   0.0054923   0.0021871  -0.0376363   0.0001108   3.0781029   0.9973936   0.5692212   5.7121806   3.0486259   0.9938125   0.5799460   5.2037929   3.0906914   1.0019087   0.5532838   5.7495697   3.0541181   0.9959996   0.5423097   5.2039037
  44.0000000   0.0123373   0.0043739   0.0014623   0.0371983   0.0000000   0.0000000   0.0000000   0.0000000   0.0000008   0.0000003  -0.0173676   0.0000027   0.0056360   0.0022639  -0.0388479   0.0001073   3.0783984   0.9975474   0.5691901   5.7123686   3.0489739   0.9939304   0.5815595   5.2137716   3.0906914   1.0019087   0.5532838   5.7495697   3.0546098   0.9961944   0.5427116   5.2138789
  45.0000000   0.0120881   0.0042436   0.0016604   0.0370604   0.0000000   0.0000000   0.0000000   0.0000000   0.0000008   0.0000003  -0.0186092   0.0000028   0.0054671   0.0021843  -0.0396403   0.0001042   3.0786484   0.9976780   0.5702336   5.7125065   3.0495478   0.9941316   0.5828093   5.2236960   3.0906914   1.0019087   0.5532838   5.7495697   3.0550149   0.9963159   0.5431690   5.2238001
  46.0000000   0.0118721   0.0041297   0.0018022   0.0369554   0.0000000   0.0000000   0.0000000   0.0000000   0.0000008   0.0000003  -0.0192860   0.0000028   0.0053940   0.0021527  -0.0390542   0.0001013   3.0788652   0.9977921   0.5707686   5.7126115   3.0500761   0.9942572   0.5825873   5.2330893   3.0906914   1.0019087   0.5532838   5.7495697   3.0554701   0.9964098   0.5435331   5.2331906
  47.0000000   0.0116829   0.0040290   0.0019262   0.0368777   0.0000000   0.0000000   0.0000000   0.0000000   0.0000008   0.0000002  -0.0191892   0.0000028   0.0052923   0.0021069  -0.0376833   0.0000987   3.0790551   0.9978930   0.5705479   5.7126892   3.0505645   0.9943744   0.5815055   5.2425306   3.0906914   1.0019087   0.5532838   5.7495697   3.0558568   0.9964813   0.5438222   5.2426293
  48.0000000   0.0115179   0.0039403   0.0020168   0.0368131   0.0000000   0.0000000   0.0000000   0.0000000   0.0000008   0.0000002  -0.0197054   0.0000028   0.0050846   0.0020082  -0.0367701   0.0000963   3.0792209   0.9979820   0.5709735   5.7127537   3.0511091   0.9945223   0.5808241   5.2518586   3.0906914   1.0019087   0.5532838   5.7495697   3.0561937   0.9965306   0.5440541   5.2519549
  49.0000000   0.0113720   0.0038610   0.0020863   0.0367526   0.0000000   0.0000000   0.0000000   0.0000000   0.0000008   0.0000002  -0.0197736   0.0000028   0.0049839   0.0019633  -0.0359969   0.0000941   3.0793675   0.9980614   0.5709721   5.7128143   3.0515282   0.9946020   0.5802777   5.2615793   3.0906914   1.0019087   0.5532838   5.7495697   3.0565121   0.9965653   0.5442808   5.2616734
  50.0000000   0.0112419   0.0037898   0.0021365   0.0366877   0.0000000   0.0000000   0.0000000   0.0000000   0.0000008   0.0000002  -0.0195692   0.0000028   0.0048827   0.0019182  -0.0351088   0.0000921   3.0794984   0.9981328   0.5707176   5.7128792   3.0519378   0.9946767   0.5795211   5.2702394   3.0906914   1.0019087   0.5532838   5.7495697   3.0568205   0.9965949   0.5444123   5.2703315
  51.0000000   0.0111245   0.0037251   0.0021715   0.0366119   0.0003867   0.0001963   0.0015762   0.0003339   0.0000008   0.0000002  -0.0193930   0.0000027   0.0046108   0.0017875  -0.0332344   0.0000902   3.0796165   0.9981977   0.5705064   5.7129550   3.0524282   0.9947854   0.5766922   5.2789104   3.0906914   1.0019087   0.5532838   5.7495697   3.0574257   0.9967691   0.5450339   5.2793344
  52.0000000   0.0110175   0.0036660   0.0021938   0.0365200   0.0002451   0.0001153   0.0000743   0.0004675   0.0000008   0.0000002  -0.0195896   0.0000027   0.0046918   0.0018341  -0.0341275   0.0000884   3.0797242   0.9982570   0.5706807   5.7130469   3.0527641   0.9948714   0.5792920   5.2875425   3.0906914   1.0019087   0.5532838   5.7495697   3.0577010   0.9968208   0.5452389   5.2880985
  53.0000000   0.0109190   0.0036115   0.0022056   0.0364081   0.0002476   0.0001122  -0.0000965   0.0004616   0.0000008   0.0000002  -0.0196025   0.0000027   0.0047088   0.0018485  -0.0340343   0.0000868   3.0798234   0.9983117   0.5706818   5.7131589   3.0531094   0.9949232   0.5784148   5.2960404   3.0906914   1.0019087   0.5532838   5.7495697   3.0580657   0.9968840   0.5442841   5.2965887
  54.0000000   0.0108273   0.0035610   0.0022086   0.0362728   0.0002277   0.0001014  -0.0001064   0.0004227   0.0000007   0.0000002  -0.0193995   0.0000027   0.0047270   0.0018636  -0.0342783   0.0000852   3.0799157   0.9983625   0.5704759   5.7132941   3.0533719   0.9949444   0.5801509   5.3045525   3.0906914   1.0019087   0.5532838   5.7495697   3.0583266   0.9969094   0.5457662   5.3050604
  55.0000000   0.0107413   0.0035137   0.0022040   0.0361120   0.0005923   0.0002868   0.0014657   0.0007093   0.0000007   0.0000002  -0.0195087   0.0000026   0.0046953   0.0018540  -0.0332985   0.0002061   3.0800025   0.9984099   0.5705896   5.7134550   3.0537327   0.9949925   0.5783052   5.3127712   3.0906914   1.0019087   0.5532838   5.7495697   3.0590203   0.9971333   0.5464723   5.3136866
  56.0000000   0.0106597   0.0034693   0.0021931   0.0359238   0.0008137   0.0003906   0.0015734   0.0011439   0.0000007   0.0000002  -0.0190767   0.0000026   0.0046603   0.0018415  -0.0325988   0.0002581   3.0800847   0.9984546   0.5701686   5.7136432   3.0539357   0.9949532   0.5776657   5.3211235   3.0906914   1.0019087   0.5532838   5.7495697   3.0594098   0.9971854   0.5466403   5.3225255
  57.0000000   0.0105817   0.0034272   0.0021767   0.0357071   0.0010456   0.0004953   0.0014987   0.0015804   0.0000007   0.0000002  -0.0188390   0.0000026   0.0045633   0.0017980  -0.0319656   0.0002960   3.0801633   0.9984968   0.5699473   5.7138600   3.0542737   0.9949957   0.5776195   5.3300329   3.0906914   1.0019087   0.5532838   5.7495697   3.0598826   0.9972890   0.5471527   5.3319092
  58.0000000   0.0105066   0.0033873   0.0021556   0.0354612   0.0008718   0.0003932  -0.0001674   0.0016514   0.0000007   0.0000002  -0.0185410   0.0000025   0.0045220   0.0017826  -0.0313185   0.0003252   3.0802391   0.9985369   0.5696704   5.7141059   3.0546164   0.9950228   0.5774210   5.3394282   3.0906914   1.0019087   0.5532838   5.7495697   3.0600101   0.9971986   0.5459351   5.3414048
  59.0000000   0.0104337   0.0033491   0.0021306   0.0351858   0.0008217   0.0003633  -0.0003500   0.0015385   0.0000007   0.0000002  -0.0179992   0.0000025   0.0045185   0.0017863  -0.0297157   0.0003476   3.0803127   0.9985753   0.5691536   5.7143813   3.0551436   0.9951298   0.5774259   5.3475108   3.0906914   1.0019087   0.5532838   5.7495697   3.0604837   0.9972794   0.5473603   5.3493969
  60.0000000   0.0103624   0.0033124   0.0021022   0.0348811   0.0011307   0.0005207   0.0012497   0.0017330   0.0000007   0.0000002  -0.0175353   0.0000024   0.0040817   0.0015724  -0.0269186   0.0003275   3.0803846   0.9986121   0.5687182   5.7146861   3.0557811   0.9952924   0.5732565   5.3556950   3.0906914   1.0019087   0.5532838   5.7495697   3.0609935   0.9973855   0.5475876   5.3577555
  61.0000000   0.0102924   0.0032771   0.0020709   0.0345475   0.0013047   0.0006017   0.0013768   0.0020774   0.0000007   0.0000002  -0.0178267   0.0000024   0.0042103   0.0016428  -0.0280976   0.0003263   3.0804552   0.9986477   0.5690408   5.7150197   3.0559753   0.9952745   0.5749293   5.3641767   3.0906914   1.0019087   0.5532838   5.7495697   3.0614903   0.9975189   0.5482086   5.3665804
  62.0000000   0.0102233   0.0032428   0.0020372   0.0341858   0.0014909   0.0006843   0.0013532   0.0024423   0.0000007   0.0000002  -0.0176059   0.0000023   0.0041968   0.0016418  -0.0270120   0.0003673   3.0805250   0.9986821   0.5688537   5.7153816   3.0563561   0.9953233   0.5742047   5.3725961   3.0906914   1.0019087   0.5532838   5.7495697   3.0620438   0.9976495   0.5485459   5.3754057
  63.0000000   0.0101547   0.0032096   0.0020016   0.0337968   0.0016675   0.0007612   0.0012928   0.0027886   0.0000007   0.0000002  -0.0177117   0.0000023   0.0039588   0.0015276  -0.0255521   0.0003485   3.0805941   0.9987155   0.5689952   5.7157706   3.0568784   0.9954436   0.5729679   5.3808470   3.0906914   1.0019087   0.5532838   5.7495697   3.0625048   0.9977324   0.5487086   5.3839840
  64.0000000   0.0100864   0.0031771   0.0019644   0.0333818   0.0014454   0.0006357  -0.0003501   0.0027713   0.0000007   0.0000002  -0.0175944   0.0000022   0.0039127   0.0015101  -0.0247816   0.0003475   3.0806630   0.9987481   0.5689151   5.7161856   3.0573250   0.9955203   0.5737255   5.3890696   3.0906914   1.0019087   0.5532838   5.7495697   3.0626831   0.9976661   0.5485937   5.3921883
  65.0000000   0.0100182   0.0031454   0.0019259   0.0329422   0.0013487   0.0005832  -0.0004811   0.0025884   0.0000007   0.0000002  -0.0174882   0.0000022   0.0038656   0.0014920  -0.0246042   0.0003487   3.0807318   0.9987800   0.5688474   5.7166253   3.0578118   0.9956200   0.5737533   5.3980608   3.0906914   1.0019087   0.5532838   5.7495697   3.0630260   0.9976953   0.5486680   5.4009980
  66.0000000   0.0099500   0.0031144   0.0018864   0.0324793   0.0012346   0.0005269  -0.0004296   0.0023896   0.0000007   0.0000002  -0.0176847   0.0000021   0.0038604   0.0014950  -0.0245457   0.0003510   3.0808006   0.9988112   0.5690834   5.7170882   3.0583360   0.9957134   0.5736483   5.4061608   3.0906914   1.0019087   0.5532838   5.7495697   3.0634310   0.9977353   0.5486731   5.4089014
  67.0000000   0.0098816   0.0030838   0.0018462   0.0319949   0.0011323   0.0004776  -0.0003540   0.0022129   0.0000007   0.0000002  -0.0172948   0.0000021   0.0038645   0.0015026  -0.0243849   0.0003196   3.0808696   0.9988420   0.5687337   5.7175727   3.0587804   0.9957811   0.5736779   5.4145423   3.0906914   1.0019087   0.5532838   5.7495697   3.0637772   0.9977613   0.5489391   5.4170748
  68.0000000   0.0098128   0.0030537   0.0018055   0.0314905   0.0010423   0.0004344  -0.0002598   0.0020727   0.0000007   0.0000002  -0.0171826   0.0000020   0.0038394   0.0014957  -0.0241378   0.0003079   3.0809389   0.9988722   0.5686623   5.7180772   3.0592219   0.9958394   0.5733704   5.4223441   3.0906914   1.0019087   0.5532838   5.7495697   3.0641036   0.9977695   0.5489728   5.4247246
  69.0000000   0.0097436   0.0030241   0.0017644   0.0309678   0.0009698   0.0003996  -0.0001930   0.0019602   0.0000007   0.0000002  -0.0169236   0.0000020   0.0037844   0.0014737  -0.0233263   0.0003006   3.0810086   0.9989020   0.5684444   5.7185999   3.0598093   0.9959889   0.5726839   5.4301197   3.0906914   1.0019087   0.5532838   5.7495697   3.0645634   0.9978623   0.5491647   5.4323805
  70.0000000   0.0096740   0.0029948   0.0017232   0.0304285   0.0009093   0.0003705  -0.0001333   0.0018739   0.0000007   0.0000002  -0.0173062   0.0000019   0.0038419   0.0015081  -0.0238376   0.0002705   3.0810788   0.9989315   0.5688681   5.7191392   3.0604418   0.9961635   0.5725724   5.4384307   3.0906914   1.0019087   0.5532838   5.7495697   3.0651930   0.9980421   0.5486015   5.4405751
  71.0000000   0.0096039   0.0029658   0.0016820   0.0298744   0.0012439   0.0005415   0.0015769   0.0022317   0.0000007   0.0000002  -0.0116164   0.0000019   0.0022611   0.0007199  -0.0170572   0.0002343   3.0811495   0.9989606   0.5632195   5.7196934   3.0611303   0.9963767   0.5642665   5.4455925   3.0906914   1.0019087   0.5532838   5.7495697   3.0646354   0.9976381   0.5487862   5.4480585
  72.0000000   0.0095333   0.0029371   0.0016409   0.0293070   0.0014700   0.0006451   0.0016830   0.0027069   0.0000007   0.0000002  -0.0120769   0.0000018   0.0022239   0.0007070  -0.0173189   0.0002147   3.0812207   0.9989895   0.5637212   5.7202608   3.0614315   0.9964041   0.5643174   5.4520408   3.0906914   1.0019087   0.5532838   5.7495697   3.0651254   0.9977562   0.5486816   5.4549625
  73.0000000   0.0094621   0.0029086   0.0016001   0.0287282   0.0016904   0.0007425   0.0015822   0.0031599   0.0000007   0.0000002  -0.0116047   0.0000018   0.0021965   0.0006990  -0.0165459   0.0002009   3.0812924   0.9990181   0.5632898   5.7208397   3.0616341   0.9963928   0.5638833   5.4589133   3.0906914   1.0019087   0.5532838   5.7495697   3.0655209   0.9978343   0.5489197   5.4622741
  74.0000000   0.0093903   0.0028804   0.0015596   0.0281394   0.0018929   0.0008306   0.0014855   0.0035748   0.0000006   0.0000002  -0.0098011   0.0000017   0.0020528   0.0006325  -0.0144544   0.0001904   3.0813647   0.9990465   0.5615267   5.7214285   3.0619642   0.9964609   0.5620173   5.4653441   3.0906914   1.0019087   0.5532838   5.7495697   3.0659099   0.9979239   0.5490484   5.4691093
  75.0000000   0.0093180   0.0028523   0.0015196   0.0275424   0.0020741   0.0009082   0.0013957   0.0039491   0.0000006   0.0000002  -0.0093188   0.0000016   0.0020228   0.0006229  -0.0133519   0.0001821   3.0814375   0.9990747   0.5610844   5.7220256   3.0622058   0.9964584   0.5611575   5.4720401   3.0906914   1.0019087   0.5532838   5.7495697   3.0663027   0.9979895   0.5492013   5.4761713
  76.0000000   0.0092451   0.0028244   0.0014801   0.0269386   0.0022371   0.0009771   0.0013287   0.0042914   0.0000006   0.0000002  -0.0093588   0.0000016   0.0019936   0.0006137  -0.0131696   0.0001755   3.0815108   0.9991027   0.5611640   5.7226294   3.0624898   0.9964994   0.5610334   5.4787651   3.0906914   1.0019087   0.5532838   5.7495697   3.0667205   0.9980902   0.5491925   5.4832319
  77.0000000   0.0091717   0.0027967   0.0014412   0.0263296   0.0023851   0.0010388   0.0012772   0.0046077   0.0000006   0.0000002  -0.0093099   0.0000015   0.0019205   0.0005824  -0.0125914   0.0001700   3.0815847   0.9991305   0.5611540   5.7232385   3.0628052   0.9965527   0.5606358   5.4853271   3.0906914   1.0019087   0.5532838   5.7495697   3.0671107   0.9981739   0.5493217   5.4901048
  78.0000000   0.0090979   0.0027692   0.0014029   0.0257168   0.0025210   0.0010947   0.0012414   0.0049042   0.0000006   0.0000002  -0.0093625   0.0000015   0.0018921   0.0005735  -0.0122736   0.0001656   3.0816591   0.9991582   0.5612448   5.7238513   3.0630874   0.9965854   0.5602378   5.4916399   3.0906914   1.0019087   0.5532838   5.7495697   3.0675005   0.9982536   0.5492056   5.4967097
  79.0000000   0.0090235   0.0027418   0.0013653   0.0251017   0.0026467   0.0011458   0.0012132   0.0051839   0.0000006   0.0000002  -0.0093397   0.0000015   0.0018678   0.0005665  -0.0121748   0.0001619   3.0817340   0.9991858   0.5612596   5.7244665   3.0633106   0.9965978   0.5604869   5.4975303   3.0906914   1.0019087   0.5532838   5.7495697   3.0678252   0.9983101   0.5495252   5.5028761
  80.0000000   0.0089487   0.0027145   0.0013286   0.0244855   0.0027640   0.0011929   0.0011983   0.0054559   0.0000006   0.0000002  -0.0092640   0.0000014   0.0018446   0.0005600  -0.0120579   0.0001588   3.0818093   0.9992132   0.5612207   5.7250828   3.0635180   0.9966030   0.5603787   5.5034600   3.0906914   1.0019087   0.5532838   5.7495697   3.0681266   0.9983558   0.5495192   5.5090747
  81.0000000   0.0088734   0.0026874   0.0012926   0.0238696   0.0028768   0.0012377   0.0011895   0.0057184   0.0000006   0.0000002  -0.0086467   0.0000014   0.0018145   0.0005499  -0.0106856   0.0001562   3.0818850   0.9992404   0.5606393   5.7256987   3.0637871   0.9966276   0.5590791   5.5092301   3.0906914   1.0019087   0.5532838   5.7495697   3.0684784   0.9984151   0.5495830   5.5151047
  82.0000000   0.0087978   0.0026604   0.0012575   0.0232551   0.0029815   0.0012786   0.0011659   0.0059645   0.0000006   0.0000002  -0.0081651   0.0000013   0.0017920   0.0005436  -0.0106192   0.0001540   3.0819610   0.9992676   0.5601929   5.7263132   3.0639521   0.9966131   0.5589936   5.5141737   3.0906914   1.0019087   0.5532838   5.7495697   3.0687256   0.9984353   0.5495402   5.5202922
  83.0000000   0.0087219   0.0026335   0.0012233   0.0226434   0.0030801   0.0013166   0.0011702   0.0062084   0.0000006   0.0000002  -0.0081632   0.0000013   0.0017706   0.0005377  -0.0105526   0.0001522   3.0820374   0.9992946   0.5602252   5.7269250   3.0640651   0.9965763   0.5588410   5.5190133   3.0906914   1.0019087   0.5532838   5.7495697   3.0689157   0.9984306   0.5494586   5.5253739
  84.0000000   0.0086457   0.0026068   0.0011900   0.0220354   0.0031758   0.0013532   0.0011692   0.0064473   0.0000006   0.0000002  -0.0081669   0.0000012   0.0017412   0.0005278  -0.0105082   0.0001508   3.0821141   0.9993215   0.5602622   5.7275330   3.0642011   0.9965603   0.5587503   5.5242785   3.0906914   1.0019087   0.5532838   5.7495697   3.0691180   0.9984413   0.5494112   5.5308767
  85.0000000   0.0085692   0.0025802   0.0011576   0.0214323   0.0032679   0.0013881   0.0011684   0.0066814   0.0000006   0.0000002  -0.0080674   0.0000012   0.0017155   0.0005197  -0.0104149   0.0001496   3.0821910   0.9993482   0.5601952   5.7281362   3.0643436   0.9965537   0.5586173   5.5288128   3.0906914   1.0019087   0.5532838   5.7495697   3.0693270   0.9984615   0.5493709   5.5356438
  86.0000000   0.0084925   0.0025537   0.0011261   0.0208349   0.0033567   0.0014213   0.0011787   0.0069174   0.0000006   0.0000002  -0.0080053   0.0000012   0.0016995   0.0005163  -0.0103610   0.0001487   3.0822682   0.9993748   0.5601646   5.7287336   3.0643876   0.9964858   0.5584290   5.5337074   3.0906914   1.0019087   0.5532838   5.7495697   3.0694438   0.9984234   0.5492467   5.5407735
  87.0000000   0.0084156   0.0025273   0.0010955   0.0202441   0.0034439   0.0014536   0.0011781   0.0071472   0.0000006   0.0000002  -0.0081171   0.0000011   0.0016738   0.0005080  -0.0102440   0.0001479   3.0823455   0.9994013   0.5603069   5.7293244   3.0644818   0.9964504   0.5583567   5.5382519   3.0906914   1.0019087   0.5532838   5.7495697   3.0695995   0.9984120   0.5492908   5.5455470
  88.0000000   0.0083386   0.0025011   0.0010658   0.0196608   0.0035276   0.0014842   0.0012045   0.0073833   0.0000006   0.0000002  -0.0081020   0.0000011   0.0016444   0.0004979  -0.0099977   0.0001473   3.0824229   0.9994277   0.5603215   5.7299078   3.0642849   0.9962717   0.5540971   5.5420280   3.0906914   1.0019087   0.5532838   5.7495697   3.0694570   0.9982537   0.5453038   5.5495587
  89.0000000   0.0082615   0.0024750   0.0010370   0.0190856   0.0036113   0.0015147   0.0012047   0.0076149   0.0000006   0.0000002  -0.0080841   0.0000010   0.0016203   0.0004904  -0.0105766   0.0001469   3.0825004   0.9994539   0.5603324   5.7304830   3.0640055   0.9961279   0.5546972   5.5457637   3.0906914   1.0019087   0.5532838   5.7495697   3.0692371   0.9981329   0.5453253   5.5535255
  90.0000000   0.0081843   0.0024490   0.0010091   0.0185192   0.0036935   0.0015444   0.0012279   0.0078513   0.0000006   0.0000002  -0.0078553   0.0000010   0.0015845   0.0004769  -0.0100165   0.0001467   3.0825780   0.9994799   0.5601315   5.7310495   3.0640839   0.9961512   0.5587889   5.5506816   3.0906914   1.0019087   0.5532838   5.7495697   3.0693619   0.9981726   0.5500003   5.5586796
  91.0000000   0.0081072   0.0024232   0.0009820   0.0179621   0.0037757   0.0015741   0.0013849   0.0082364   0.0000005   0.0000002  -0.0076123   0.0000010   0.0015599   0.0004690  -0.0099719   0.0001485   3.0826556   0.9995059   0.5599156   5.7316066   3.0646167   0.9963597   0.5595465   5.6160177   3.0906914   1.0019087   0.5532838   5.7495697   3.0699524   0.9984028   0.5509595   5.6244026
  92.0000000   0.0080300   0.0023975   0.0009558   0.0174149   0.0038816   0.0016112   0.0013366   0.0085385   0.0000005   0.0000002  -0.0051954   0.0000009   0.0015891   0.0004889  -0.0048179   0.0001491   3.0827331   0.9995317   0.5575250   5.7321538   3.0676305   0.9969437   0.5567653   5.6452066   3.0906914   1.0019087   0.5532838   5.7495697   3.0731012   0.9990439   0.5532840   5.6538942
  93.0000000   0.0079529   0.0023720   0.0009304   0.0168780   0.0039678   0.0016410   0.0012968   0.0087988   0.0000005   0.0000002  -0.0030456   0.0000009   0.0015443   0.0004712  -0.0032895   0.0001493   3.0828106   0.9995573   0.5554006   5.7326908   3.0689112   0.9972228   0.5560832   5.6604874   3.0906914   1.0019087   0.5532838   5.7495697   3.0744233   0.9993350   0.5540905   5.6694354
  94.0000000   0.0078759   0.0023466   0.0009057   0.0163516   0.0040500   0.0016697   0.0012967   0.0090462   0.0000005   0.0000002  -0.0026179   0.0000009   0.0015432   0.0004749  -0.0020119   0.0001492   3.0828880   0.9995828   0.5549976   5.7332172   3.0696858   0.9974023   0.5549176   5.6698738   3.0906914   1.0019087   0.5532838   5.7495697   3.0752791   0.9995470   0.5542023   5.6790693
  95.0000000   0.0077990   0.0023214   0.0008818   0.0158362   0.0041287   0.0016970   0.0012984   0.0092853   0.0000005   0.0000002  -0.0021671   0.0000008   0.0015224   0.0004686  -0.0016942   0.0001491   3.0829653   0.9996082   0.5545707   5.7337326   3.0701341   0.9974789   0.5547192   5.6760519   3.0906914   1.0019087   0.5532838   5.7495697   3.0757851   0.9996445   0.5543234   5.6854864
  96.0000000   0.0077223   0.0022963   0.0008586   0.0153319   0.0042053   0.0017233   0.0013088   0.0095216   0.0000005   0.0000002  -0.0020764   0.0000008   0.0015080   0.0004655  -0.0014901   0.0001489   3.0830424   0.9996334   0.5545032   5.7342369   3.0704415   0.9974988   0.5544120   5.6807291   3.0906914   1.0019087   0.5532838   5.7495697   3.0761548   0.9996875   0.5542307   5.6903995
  97.0000000   0.0076457   0.0022713   0.0008362   0.0148390   0.0042800   0.0017487   0.0013219   0.0097568   0.0000005   0.0000002  -0.0011659   0.0000008   0.0013931   0.0004119  -0.0006399   0.0001487   3.0831194   0.9996584   0.5536152   5.7347299   3.0707048   0.9975141   0.5534494   5.6846189   3.0906914   1.0019087   0.5532838   5.7495697   3.0763779   0.9996747   0.5541314   5.6945243
  98.0000000   0.0075693   0.0022466   0.0008144   0.0143575   0.0043544   0.0017739   0.0013339   0.0099904   0.0000005   0.0000002  -0.0011446   0.0000008   0.0013751   0.0004068  -0.0006249   0.0001483   3.0831962   0.9996833   0.5536156   5.7352114   3.0709330   0.9975224   0.5534700   5.6879199   3.0906914   1.0019087   0.5532838   5.7495697   3.0766625   0.9997031   0.5541790   5.6980586
  99.0000000   0.0074931   0.0022220   0.0007932   0.0138875   0.0040424   0.0016030  -0.0003189   0.0097965   0.0000005   0.0000001  -0.0011213   0.0000007   0.0013561   0.0004011  -0.0006061   0.0001479   3.0832727   0.9997080   0.5536135   5.7356814   3.0712373   0.9975756   0.5546855   5.6911597   3.0906914   1.0019087   0.5532838   5.7495697   3.0766358   0.9995797   0.5537605   5.7011040
 100.0000000   0.0074171   0.0021975   0.0007727   0.0134292   0.0038485   0.0015041  -0.0003913   0.0094832   0.0000005   0.0000001  -0.0011038   0.0000007   0.0013384   0.0003960  -0.0006017   0.0001474   3.0833490   0.9997326   0.5536165   5.7361398   3.0715387   0.9976151   0.5547361   5.6941255   3.0906914   1.0019087   0.5532838   5.7495697   3.0767256   0.9995152   0.5537431   5.7037561
 101.0000000   0.0073415   0.0021732   0.0007528   0.0129824   0.0036543   0.0014084  -0.0002556   0.0092017   0.0000005   0.0000001  -0.0010680   0.0000007   0.0013208   0.0003910  -0.0005916   0.0001467   3.0834251   0.9997569   0.5536007   5.7365865   3.0718242   0.9976488   0.5545019   5.6966936   3.0906914   1.0019087   0.5532838   5.7495697   3.0767993   0.9994482   0.5536546   5.7060420
 102.0000000   0.0072661   0.0021491   0.0007335   0.0125473   0.0034937   0.0013298  -0.0001034   0.0089750   0.0000005   0.0000001  -0.0010651   0.0000007   0.0013035   0.0003860  -0.0006056   0.0001459   3.0835008   0.9997812   0.5536171   5.7370217   3.0720746   0.9976729   0.5541586   5.6990424   3.0906914   1.0019087   0.5532838   5.7495697   3.0768717   0.9993887   0.5534497   5.7081633
 103.0000000   0.0071909   0.0021251   0.0007147   0.0121236   0.0033571   0.0012628   0.0000084   0.0087918   0.0000005   0.0000001  -0.0010391   0.0000006   0.0012862   0.0003809  -0.0005985   0.0001450   3.0835763   0.9998052   0.5536099   5.7374454   3.0722762   0.9976767   0.5544150   5.7013580   3.0906914   1.0019087   0.5532838   5.7495697   3.0769196   0.9993204   0.5538248   5.7102948
 104.0000000   0.0071162   0.0021013   0.0006964   0.0117114   0.0032402   0.0012051   0.0001053   0.0086480   0.0000005   0.0000001  -0.0010149   0.0000006   0.0012692   0.0003760  -0.0005982   0.0001439   3.0836514   0.9998291   0.5536039   5.7378577   3.0725022   0.9976944   0.5535552   5.7030320   3.0906914   1.0019087   0.5532838   5.7495697   3.0770115   0.9992755   0.5530624   5.7118240
 105.0000000   0.0070417   0.0020777   0.0006787   0.0113105   0.0031407   0.0011556   0.0001872   0.0085376   0.0000005   0.0000001  -0.0010081   0.0000006   0.0012523   0.0003711  -0.0005932   0.0001427   3.0837262   0.9998528   0.5536148   5.7382586   3.0726390   0.9976677   0.5540695   5.7048028   3.0906914   1.0019087   0.5532838   5.7495697   3.0770320   0.9991944   0.5536636   5.7134832
 106.0000000   0.0074312   0.0022896   0.0026663   0.0114346   0.0030556   0.0011129   0.0002529   0.0084535   0.0000005   0.0000001  -0.0008927   0.0000006   0.0012172   0.0003570  -0.0004899   0.0001414   3.0833370   0.9996411   0.5515119   5.7381345   3.0724411   0.9974763   0.5529652   5.7062155   3.0906914   1.0019087   0.5532838   5.7495697   3.0767139   0.9989462   0.5527281   5.7148104
 107.0000000   0.0076782   0.0024145   0.0027537   0.0117128   0.0029825   0.0010758   0.0003062   0.0083902   0.0000005   0.0000001  -0.0008889   0.0000006   0.0012006   0.0003520  -0.0004963   0.0001399   3.0830903   0.9995162   0.5514206   5.7378563   3.0723974   0.9973672   0.5526136   5.7072929   3.0906914   1.0019087   0.5532838   5.7495697   3.0765805   0.9987950   0.5524235   5.7158229
 108.0000000   0.0079252   0.0025353   0.0025908   0.0119625   0.0029191   0.0010432   0.0003501   0.0083432   0.0000005   0.0000001  -0.0008678   0.0000005   0.0011843   0.0003473  -0.0004942   0.0001382   3.0828437   0.9993955   0.5515625   5.7376066   3.0723284   0.9972573   0.5524229   5.7082340   3.0906914   1.0019087   0.5532838   5.7495697   3.0764317   0.9986478   0.5522788   5.7167155
 109.0000000   0.0081313   0.0026354   0.0024079   0.0121560   0.0028637   0.0010145   0.0003863   0.0083092   0.0000005   0.0000001  -0.0008463   0.0000005   0.0011682   0.0003426  -0.0004863   0.0001364   3.0826379   0.9992955   0.5517238   5.7374131   3.0722669   0.9971580   0.5522182   5.7090663   3.0906914   1.0019087   0.5532838   5.7495697   3.0762988   0.9985151   0.5521181   5.7175119
 110.0000000   0.0083080   0.0027212   0.0022754   0.0123069   0.0028151   0.0009889   0.0004164   0.0082852   0.0000005   0.0000001  -0.0008245   0.0000005   0.0011524   0.0003380  -0.0004749   0.0001345   3.0824615   0.9992098   0.5518346   5.7372622   3.0722031   0.9970652   0.5517800   5.7097389   3.0906914   1.0019087   0.5532838   5.7495697   3.0761706   0.9983920   0.5517214   5.7181586
 111.0000000   0.0084609   0.0027957   0.0021551   0.0124175   0.0027721   0.0009660   0.0004416   0.0082688   0.0000004   0.0000001  -0.0007994   0.0000005   0.0011368   0.0003334  -0.0004632   0.0001325   3.0823089   0.9991354   0.5519297   5.7371517   3.0721262   0.9969749   0.5517121   5.7103358   3.0906914   1.0019087   0.5532838   5.7495697   3.0760351   0.9982743   0.5516905   5.7187371
 112.0000000   0.0085921   0.0028598   0.0020632   0.0124989   0.0027338   0.0009454   0.0004622   0.0082579   0.0000004   0.0000001  -0.0007619   0.0000005   0.0011207   0.0003286  -0.0004635   0.0001303   3.0821780   0.9990713   0.5519841   5.7370703   3.0720547   0.9968935   0.5514996   5.7107705   3.0906914   1.0019087   0.5532838   5.7495697   3.0759093   0.9981675   0.5514983   5.7191587
 113.0000000   0.0087060   0.0029159   0.0019879   0.0125579   0.0026996   0.0009267   0.0004780   0.0082502   0.0000004   0.0000001  -0.0007251   0.0000005   0.0011056   0.0003242  -0.0004530   0.0001281   3.0820644   0.9990154   0.5520227   5.7370113   3.0719791   0.9968162   0.5489035   5.7100685   3.0906914   1.0019087   0.5532838   5.7495697   3.0757843   0.9980671   0.5489284   5.7184469
 114.0000000   0.0088055   0.0029651   0.0019278   0.0126008   0.0026687   0.0009096   0.0004927   0.0082453   0.0000004   0.0000001  -0.0015514   0.0000004   0.0010907   0.0003199  -0.0004471   0.0001257   3.0819652   0.9989663   0.5529091   5.7369684   3.0716719   0.9966335   0.5529209   5.7108741   3.0906914   1.0019087   0.5532838   5.7495697   3.0754313   0.9978630   0.5529665   5.7192452
 115.0000000   0.0088934   0.0030087   0.0018792   0.0126324   0.0026407   0.0008941   0.0005092   0.0082435   0.0000004   0.0000001  -0.0007126   0.0000004   0.0010760   0.0003156  -0.0004303   0.0001233   3.0818776   0.9989227   0.5521189   5.7369368   3.0716903   0.9966001   0.5533451   5.7117092   3.0906914   1.0019087   0.5532838   5.7495697   3.0754070   0.9978098   0.5534240   5.7200760
 116.0000000   0.0089714   0.0030477   0.0018400   0.0126567   0.0026158   0.0008800   0.0005133   0.0082392   0.0000004   0.0000001  -0.0006721   0.0000004   0.0010616   0.0003114  -0.0004478   0.0001208   3.0817999   0.9988838   0.5521177   5.7369125   3.0718506   0.9966386   0.5499432   5.7111230   3.0906914   1.0019087   0.5532838   5.7495697   3.0755280   0.9978301   0.5500087   5.7194830
 117.0000000   0.0090413   0.0030828   0.0018083   0.0126767   0.0025925   0.0008669   0.0005188   0.0082330   0.0000004   0.0000001  -0.0006361   0.0000004   0.0010473   0.0003073  -0.0004356   0.0001182   3.0817302   0.9988488   0.5521133   5.7368926   3.0717299   0.9965698   0.5496265   5.7099145   3.0906914   1.0019087   0.5532838   5.7495697   3.0753697   0.9977439   0.5497096   5.7182657
 118.0000000   0.0091044   0.0031146   0.0017829   0.0126948   0.0025707   0.0008545   0.0005220   0.0082244   0.0000004   0.0000001  -0.0002602   0.0000004   0.0009999   0.0002866  -0.0000859   0.0001155   3.0816674   0.9988171   0.5517628   5.7368745   3.0715550   0.9964811   0.5505954   5.7084327   3.0906914   1.0019087   0.5532838   5.7495697   3.0751257   0.9976222   0.5510315   5.7167725
 119.0000000   0.0091618   0.0031436   0.0017627   0.0127131   0.0025504   0.0008430   0.0005297   0.0082172   0.0000004   0.0000001  -0.0005974   0.0000004   0.0010200   0.0002995  -0.0004177   0.0001130   3.0816103   0.9987882   0.5521202   5.7368562   3.0713279   0.9963523   0.5831731   5.7140730   3.0906914   1.0019087   0.5532838   5.7495697   3.0748983   0.9974948   0.5832850   5.7495697
