 date d_e_o v_e cost mass
 120.0000000   0.0000000  12.0739600  15.4849624   0.0067220
 120.0000000   0.0000000  12.0739600  15.4849624   0.0257755
 120.0000000   0.0000000  12.0739600  15.4849624   0.0640316
 120.0000000   0.0000000  12.0739600  15.4849624   0.1121784
 120.0000000   0.0000000  12.0739600  15.4849624   0.1483131
 120.0000000   0.0000000  12.0739600  15.4849624   0.1561714
 120.0000000   0.0000000  12.0739600  15.4849624   0.1371639
 120.0000000   0.0000000  12.0739600  15.4849624   0.1050181
 120.0000000   0.0000000  12.0739600  15.4849624   0.0731008
 120.0000000   0.0000000  12.0739600  15.4849624   0.0478521
 120.0000000   0.0000000  12.6222598  15.4849624   0.0300574
 120.0000000   0.0000000  13.6024324  15.4849624   0.0181992
 120.0000000   0.0000000  14.4741681  15.4849624   0.0104253
 120.0000000   0.0000000  15.0870668  15.4849624   0.0052927
 120.0000000   0.0000000  15.3975450  15.4849624   0.0019626
 120.0000000   0.0000000  15.4661744  15.4849624   0.0004346
 120.0000000   1.0000000  15.4849821  15.4849624   0.0005228
 120.0000000   1.0000000  15.5732491  15.4849624   0.0013315
 120.0000000   1.0000000  15.7652635  15.4849624   0.0023438
 120.0000000   1.0000000  16.0938973  15.4849624   0.0034383
 120.0000000   1.0000000  16.5981024  15.4849624   0.0045000
 120.0000000   1.0000000  17.3279517  15.4849624   0.0054118
 120.0000000   1.0000000  18.3491710  15.4849624   0.0060616
 120.0000000   1.0000000  19.7470756  15.4849624   0.0063595
 120.0000000   1.0000000  21.6286827  15.4849624   0.0062574
 120.0000000   1.0000000  24.1200610  15.4849624   0.0057673
 120.0000000   1.0000000  27.3533087  15.4849624   0.0049651
 120.0000000   1.0000000  31.4327769  15.4849624   0.0039741
 120.0000000   1.0000000  36.3914684  15.4849624   0.0029289
 120.0000000   1.0000000  41.8836331  15.4849624   0.0019294
 120.0000000   1.0000000  47.1984862  15.4849624   0.0015098
