 t r r1 w w1
   1.0000000   0.0101010   0.0101010   2.0018584   2.0018584
   2.0000000   0.0101010   0.0101010   2.0018584   1.9621476
   3.0000000   0.0101010  -0.1488211   2.0018584   1.9481710
   4.0000000   0.0101010  -0.0571485   2.0018584   1.9417019
   5.0000000   0.0101010  -0.0357924   2.0018584   1.9397057
   6.0000000   0.0101010  -0.0171207   2.0018584   1.9382814
   7.0000000   0.0101010  -0.0028277   2.0018584   1.9377941
   8.0000000   0.0101010   0.0016566   2.0018584   1.9379339
   9.0000000   0.0101010   0.0075675   2.0018584   1.9384759
  10.0000000   0.0101010   0.0033238   2.0018584   1.9404481
  11.0000000   0.0101010   0.0121058   2.0018584   1.9420332
  12.0000000   0.0101010   0.0136864   2.0018584   1.9434682
  13.0000000   0.0101010   0.0105793   2.0018584   1.9446835
  14.0000000   0.0101010   0.0146888   2.0018584   1.9462347
  15.0000000   0.0101010   0.0145454   2.0018584   1.9476200
  16.0000000   0.0101010   0.0122515   2.0018584   1.9486454
  17.0000000   0.0101010   0.0110572   2.0018584   1.9506989
  18.0000000   0.0101010   0.0124343   2.0018584   1.9524619
  19.0000000   0.0101010   0.0141331   2.0018584   1.9541617
  20.0000000   0.0101010   0.0130745   2.0018584   1.9553405
  21.0000000   0.0101010   0.0127296   2.0018584   1.9563610
  22.0000000   0.0101010   0.0118750   2.0018584   1.9573030
  23.0000000   0.0101010   0.0123738   2.0018584   1.9581639
  24.0000000   0.0101010   0.0121680   2.0018584   1.9589479
  25.0000000   0.0101010   0.0117036   2.0018584   1.9598560
  26.0000000   0.0101010   0.0116359   2.0018584   1.9604615
  27.0000000   0.0101010   0.0094791   2.0018584   1.9616131
  28.0000000   0.0101010   0.0115270   2.0018584   1.9625311
  29.0000000   0.0101010   0.0118057   2.0018584   1.9633688
  30.0000000   0.0101010   0.0113679   2.0018584   1.9640986
  31.0000000   0.0101010   0.0113513   2.0018584   1.9647590
  32.0000000   0.0101010   0.0109471   2.0018584   1.9653574
  33.0000000   0.0101010   0.0112225   2.0018584   1.9659309
  34.0000000   0.0101010   0.0085557   2.0018584   1.9664502
  35.0000000   0.0101010   0.0126038   2.0018584   1.9672166
  36.0000000   0.0101010   0.0109911   2.0018584   1.9678206
  37.0000000   0.0101010   0.0110119   2.0018584   1.9683612
  38.0000000   0.0101010   0.0101710   2.0018584   1.9688475
  39.0000000   0.0101010   0.0111895   2.0018584   1.9693702
  40.0000000   0.0101010   0.0106555   2.0018584   1.9698137
  41.0000000   0.0101010   0.0105403   2.0018584   1.9702327
  42.0000000   0.0101010   0.0096244   2.0018584   1.9706271
  43.0000000   0.0101010   0.0111334   2.0018584   1.9711147
  44.0000000   0.0101010   0.0106975   2.0018584   1.9715452
  45.0000000   0.0101010   0.0105610   2.0018584   1.9719349
  46.0000000   0.0101010   0.0104653   2.0018584   1.9723032
  47.0000000   0.0101010   0.0104714   2.0018584   1.9726549
  48.0000000   0.0101010   0.0104299   2.0018584   1.9729930
  49.0000000   0.0101010   0.0103973   2.0018584   1.9733198
  50.0000000   0.0101010   0.0103500   2.0018584   1.9736373
  51.0000000   0.0101010   0.0103604   2.0018584   1.9739477
  52.0000000   0.0101010   0.0103442   2.0018584   1.9742512
  53.0000000   0.0101010   0.0102337   2.0018584   1.9745489
  54.0000000   0.0101010   0.0103499   2.0018584   1.9748473
  55.0000000   0.0101010   0.0103694   2.0018584   1.9751411
  56.0000000   0.0101010   0.0102324   2.0018584   1.9754213
  57.0000000   0.0101010   0.0104265   2.0018584   1.9757159
  58.0000000   0.0101010   0.0103490   2.0018584   1.9759970
  59.0000000   0.0101010   0.0103284   2.0018584   1.9762748
  60.0000000   0.0101010   0.0103433   2.0018584   1.9765492
  61.0000000   0.0101010   0.0103354   2.0018584   1.9768204
  62.0000000   0.0101010   0.0103217   2.0018584   1.9770891
  63.0000000   0.0101010   0.0103194   2.0018584   1.9773551
  64.0000000   0.0101010   0.0102849   2.0018584   1.9776189
  65.0000000   0.0101010   0.0103221   2.0018584   1.9778813
  66.0000000   0.0101010   0.0103260   2.0018584   1.9781413
  67.0000000   0.0101010   0.0103348   2.0018584   1.9783988
  68.0000000   0.0101010   0.0103068   2.0018584   1.9786538
  69.0000000   0.0101010   0.0103282   2.0018584   1.9789072
  70.0000000   0.0101010   0.0103031   2.0018584   1.9791583
  71.0000000   0.0101010   0.0103332   2.0018584   1.9794079
  72.0000000   0.0101010   0.0103286   2.0018584   1.9796553
  73.0000000   0.0101010   0.0103183   2.0018584   1.9799005
  74.0000000   0.0101010   0.0103244   2.0018584   1.9801440
  75.0000000   0.0101010   0.0103301   2.0018584   1.9803854
  76.0000000   0.0101010   0.0103253   2.0018584   1.9806249
  77.0000000   0.0101010   0.0103294   2.0018584   1.9808625
  78.0000000   0.0101010   0.0103324   2.0018584   1.9810981
  79.0000000   0.0101010   0.0103288   2.0018584   1.9813317
  80.0000000   0.0101010   0.0103281   2.0018584   1.9815633
  81.0000000   0.0101010   0.0103294   2.0018584   1.9817930
  82.0000000   0.0101010   0.0103282   2.0018584   1.9820208
  83.0000000   0.0101010   0.0103273   2.0018584   1.9822467
  84.0000000   0.0101010   0.0103257   2.0018584   1.9824708
  85.0000000   0.0101010   0.0103281   2.0018584   1.9826930
  86.0000000   0.0101010   0.0103278   2.0018584   1.9829134
  87.0000000   0.0101010   0.0103275   2.0018584   1.9831318
  88.0000000   0.0101010   0.0103241   2.0018584   1.9833485
  89.0000000   0.0101010   0.0103230   2.0018584   1.9835633
  90.0000000   0.0101010   0.0096921   2.0018584   1.9840146
  91.0000000   0.0101010   0.0104229   2.0018584   1.9843780
  92.0000000   0.0101010   0.0105169   2.0018584   1.9847327
  93.0000000   0.0101010   0.0105074   2.0018584   1.9850645
  94.0000000   0.0101010   0.0104738   2.0018584   1.9853797
  95.0000000   0.0101010   0.0104581   2.0018584   1.9856814
  96.0000000   0.0101010   0.0104365   2.0018584   1.9859707
  97.0000000   0.0101010   0.0104217   2.0018584   1.9862497
  98.0000000   0.0101010   0.0104086   2.0018584   1.9865198
  99.0000000   0.0101010   0.0103980   2.0018584   1.9867822
 100.0000000   0.0101010   0.0103891   2.0018584   1.9870378
 101.0000000   0.0101010   0.0103816   2.0018584   1.9872876
 102.0000000   0.0101010   0.0103750   2.0018584   1.9875319
 103.0000000   0.0101010   0.0103694   2.0018584   1.9877714
 104.0000000   0.0101010   0.0103644   2.0018584   1.9880065
 105.0000000   0.0101010   0.0103599   2.0018584   1.9882376
 106.0000000   0.0101010   0.0103558   2.0018584   1.9884648
 107.0000000   0.0101010   0.0103521   2.0018584   1.9886885
 108.0000000   0.0101010   0.0103487   2.0018584   1.9889089
 109.0000000   0.0101010   0.0103455   2.0018584   1.9891261
 110.0000000   0.0101010   0.0103426   2.0018584   1.9893404
 111.0000000   0.0101010   0.0103398   2.0018584   1.9895518
 112.0000000   0.0101010   0.0103371   2.0018584   1.9897604
 113.0000000   0.0101010   0.0103346   2.0018584   1.9899665
 114.0000000   0.0101010   0.0103322   2.0018584   1.9901701
 115.0000000   0.0101010   0.0103299   2.0018584   1.9903712
 116.0000000   0.0101010   0.0103277   2.0018584   1.9905699
 117.0000000   0.0101010   0.0103256   2.0018584   1.9907664
 118.0000000   0.0101010   0.0103235   2.0018584   1.9909606
 119.0000000   0.0101010   0.0110397   2.0018584   1.9911526
 120.0000000   0.0101010   0.0101010   2.0018584   2.0018584
