  9.942080358843296E-003
  1.003375176885923E-002
  1.005510751481722E-002
  1.007377901162043E-002
  1.008807186904724E-002
  1.009255605571262E-002
  1.009846694751520E-002
  1.009422321578037E-002
  1.010300519378294E-002
  1.010458576030780E-002
  1.010147868691605E-002
  1.010558812909529E-002
  1.010544467932717E-002
  1.010315085166868E-002
  1.010195651235194E-002
  1.010333367541720E-002
  1.010503239753424E-002
  1.010397387447754E-002
  1.010362892215883E-002
  1.010277436606132E-002
  1.010327312791136E-002
  1.010306739116849E-002
  1.010260290253251E-002
  1.010253524162423E-002
  1.010037843399751E-002
  1.010242636251548E-002
  1.010270504167303E-002
  1.010226721582036E-002
  1.010225062732855E-002
  1.010184648506140E-002
  1.010212180907943E-002
  1.009945512816737E-002
  1.010350311866378E-002
  1.010189041976714E-002
  1.010191123997591E-002
  1.010107032224670E-002
  1.010208882123633E-002
  1.010155484098835E-002
  1.010143968626056E-002
  1.010052381030673E-002
  1.010203271255487E-002
  1.010159682805570E-002
  1.010146036673764E-002
  1.010136461859256E-002
  1.010137076106012E-002
  1.010132929308860E-002
  1.010129669859824E-002
  1.010124935453848E-002
  1.010125972225549E-002
  1.010124354860502E-002
  1.010113311670408E-002
  1.010124927663365E-002
  1.010126877479495E-002
  1.010113171921770E-002
  1.010132585740689E-002
  1.010124832830915E-002
  1.010122778175918E-002
  1.010124267620694E-002
  1.010123472421256E-002
  1.010122105669475E-002
  1.010121880227717E-002
  1.010118423332240E-002
  1.010122148665691E-002
  1.010122539484533E-002
  1.010123420265947E-002
  1.010120614948174E-002
  1.010122753362220E-002
  1.010120242456840E-002
  1.010123260299237E-002
  1.010122799108855E-002
  1.010121767370079E-002
  1.010122380997399E-002
  1.010122944327571E-002
  1.010122470091925E-002
  1.010122881574350E-002
  1.010123179961359E-002
  1.010122815514616E-002
  1.010122749226321E-002
  1.010122876760507E-002
  1.010122755180559E-002
  1.010122661865692E-002
  1.010122509577069E-002
  1.010122751114641E-002
  1.010122712098322E-002
  1.010122689733200E-002
  1.010122348988238E-002
  1.010122233147756E-002
  1.010059144797032E-002
  1.010132221929336E-002
  1.010141631470719E-002
  1.010140672303885E-002
  1.010137315873486E-002
  1.010135748180643E-002
  1.010133590958407E-002
  1.010132105687639E-002
  1.010130793853220E-002
  1.010129738540019E-002
  1.010128845081494E-002
  1.010128092491532E-002
  1.010127441431990E-002
  1.010126874805197E-002
  1.010126372598329E-002
  1.010125923773369E-002
  1.010125517754702E-002
  1.010125147324897E-002
  1.010124806233873E-002
  1.010124489679316E-002
  1.010124193630821E-002
  1.010123914907419E-002
  1.010123650926374E-002
  1.010123399648800E-002
  1.010123159448175E-002
  1.010122929035980E-002
  1.010122707368238E-002
  1.010122493587012E-002
  1.010122286966869E-002
  1.010193904336430E-002
