   2.00086563209706     
   2.00051621943961     
   2.00035448999167     
   2.00030458549201     
   2.00026897936045     
   2.00025679500739     
   2.00026029094051     
   2.00027384161991     
   2.00032314573026     
   2.00036277338157     
   2.00039864962932     
   2.00042903019771     
   2.00046781177825     
   2.00050244382882     
   2.00052807882911     
   2.00057941525156     
   2.00062349055670     
   2.00066598466822     
   2.00069545574453     
   2.00072096783047     
   2.00074451725817     
   2.00076604127375     
   2.00078564097266     
   2.00080834364546     
   2.00082347972530     
   2.00085227003031     
   2.00087521979467     
   2.00089616310459     
   2.00091440797479     
   2.00093091682031     
   2.00094587865745     
   2.00096021566489     
   2.00097319715216     
   2.00099235733662     
   2.00100745752981     
   2.00102097420290     
   2.00103312937660     
   2.00104619835935     
   2.00105728571027     
   2.00106775954161     
   2.00107761960873     
   2.00108980928032     
   2.00110057189151     
   2.00111031430689     
   2.00111952200454     
   2.00112831505179     
   2.00113676771867     
   2.00114493661549     
   2.00115287489579     
   2.00116063546991     
   2.00116822339484     
   2.00117566491710     
   2.00118312645151     
   2.00119047139678     
   2.00119747497741     
   2.00120483995737     
   2.00121186786563     
   2.00121881360993     
   2.00122567316794     
   2.00123245342100     
   2.00123917000301     
   2.00124582095278     
   2.00125241642595     
   2.00125897465729     
   2.00126547502826     
   2.00127191286741     
   2.00127828700786     
   2.00128462311198     
   2.00129090063975     
   2.00129714127760     
   2.00130332510322     
   2.00130945613692     
   2.00131554157679     
   2.00132157887759     
   2.00132756530080     
   2.00133350525343     
   2.00133939534478     
   2.00134523424701     
   2.00135102475451     
   2.00135676784139     
   2.00136246260042     
   2.00136811028808     
   2.00137371158110     
   2.00137926749448     
   2.00138477643906     
   2.00139023858743     
   2.00139565398761     
   2.00140102474330     
   2.00141230744235     
   2.00142139227165     
   2.00143026052270     
   2.00143855391969     
   2.00144643504297     
   2.00145397822970     
   2.00146120982237     
   2.00146818467544     
   2.00147493650219     
   2.00148149673263     
   2.00148788858452     
   2.00149413139793     
   2.00150024046909     
   2.00150622848467     
   2.00151210584341     
   2.00151788127115     
   2.00152356209500     
   2.00152915454358     
   2.00153466393274     
   2.00154009483535     
   2.00154545120569     
   2.00155073648559     
   2.00155595368709     
   2.00156110546079     
   2.00156619414902     
   2.00157122183102     
   2.00157619035771     
   2.00158110138136     
   2.00158595638012     
   2.00159075667905     
