   0.0000000   0.0000000   0.0000000   0.0000000   0.0000000   0.0000000   0.0000000
   0.0501881   0.0000000   0.1419533   0.1419533   0.1419533   0.1419533   0.1419533
   0.1419533   0.0000000   0.2607850   0.2607850   0.2607850   0.4015047   0.4015047
   0.2607850   0.0000000   0.5611199   0.5611199   0.5611199   0.5611199   0.7376112
   0.4015047   0.0000000   0.9294964   0.9294964   0.9294964   0.9294964   1.1356268
   0.5611199   0.0000000   1.1356268   1.3550784   1.3550784   1.3550784   1.5870867
   0.7376112   0.0000000   1.5870867   1.5870867   1.8310056   1.8310056   2.0862796
   0.9294964   0.0000000   2.0862796   2.0862796   2.0862796   2.3524244   2.6290128
   1.1356268   0.0000000   2.3524244   2.6290128   2.6290128   2.9156644   3.2120376
   1.3550784   0.0000000   2.9156644   3.2120376   3.2120376   3.2120376   3.8327404
   1.5870867   2.3524244   3.2120376   3.5178234   3.8327404   3.8327404   4.4889590
   1.8310056   2.6290128   3.8327404   4.1565312   4.1565312   4.4889590   5.1788659
   2.0862796   2.9156644   4.4889590   4.8298049   4.8298049   5.1788659   5.9008899
   2.3524244   3.2120376   4.8298049   5.5359531   5.5359531   5.9008899   6.6536610
   2.6290128   3.8327404   5.5359531   5.9008899   6.2735110   6.6536610   7.4359711
   2.9156644   4.1565312   6.2735110   6.6536610   6.6536610   7.4359711   8.2467443
   3.2120376   4.4889590   6.6536610   7.4359711   7.4359711   7.8378626   9.0850143
   3.5178234   4.8298049   7.4359711   8.2467443   8.2467443   8.6624988   9.9499070
   3.8327404   5.5359531   7.8378626   8.6624988   9.0850143   9.5141842  10.8406269
   4.1565312   5.9008899   8.6624988   9.5141842   9.5141842  10.3920856  11.7564457
   4.4889590   6.2735110   9.5141842  10.3920856  10.3920856  11.2954421  12.6966935
   4.8298049   6.6536610   9.9499070  10.8406269  11.2954421  11.7564457  13.4831040
   5.1788659   7.0411937  10.8406269  11.7564457  11.7564457  12.6966935  14.6480449
   5.5359531   7.4359711  11.2954421  12.6966935  12.6966935  13.4831040  15.6580399
   5.9008899   8.2467443  12.2235558  13.4831040  13.4831040  14.6480449  16.6902370
   6.2735110   8.6624988  12.6966935  14.1515279  14.6480449  15.6580399  17.7441686
   6.6536610   9.0850143  13.4831040  15.1502367  15.1502367  16.1713931  18.8193952
   7.0411937   9.5141842  14.1515279  16.1713931  16.1713931  17.2145141  19.9155034
   7.4359711   9.9499070  15.1502367  16.6902370  17.2145141  18.2791464  21.0321024
   7.8378626  10.3920856  16.1713931  17.7441686  17.7441686  19.3648640  22.1688231
   8.2467443  10.8406269  16.6902370  18.8193952  18.8193952  20.4712651  23.3253153
   8.6624988  11.7564457  17.7441686  19.3648640  19.9155034  21.0321024  24.5012466
   9.0850143  12.2235558  18.2791464  20.4712651  21.0321024  22.1688231  25.6963009
   9.5141842  12.6966935  19.3648640  21.5979699  21.5979699  23.3253153  26.9101768
   9.9499070  13.1757830  19.9155034  22.1688231  22.7446189  24.5012466  28.1425870
  10.3920856  13.4831040  21.0321024  23.3253153  23.9108712  25.0964026  29.3932567
  10.8406269  14.1515279  21.5979699  24.5012466  24.5012466  26.3009044  30.6619233
  11.2954421  14.6480449  22.7446189  25.0964026  25.6963009  27.5240826  31.9483348
  11.7564457  15.1502367  23.3253153  26.3009044  26.9101768  28.7656561  33.2522499
  12.2235558  15.6580399  24.5012466  27.5240826  27.5240826  30.0253564  34.5734367
  12.6966935  16.1713931  25.0964026  28.1425870  28.7656561  30.6619233  35.9116722
  13.1757830  16.6902370  26.3009044  29.3932567  29.3932567  31.9483348  36.5871159
  13.4831040  17.2145141  26.9101768  30.0253564  30.6619233  32.5981192  37.9505248
  14.1515279  17.7441686  28.1425870  31.3029262  31.9483348  34.5734367  39.3304610
  14.6480449  18.2791464  28.7656561  32.5981192  32.5981192  35.2404370  40.7267286
  15.1502367  18.8193952  30.0253564  33.2522499  33.9106985  36.5871159  42.1391390
  15.6580399  19.3648640  30.6619233  34.5734367  35.2404370  37.9505248  43.5675097
  16.1713931  19.9155034  31.9483348  35.9116722  35.9116722  38.6384394  45.0116642
  16.6902370  20.4712651  32.5981192  36.5871159  37.2667420  40.0265653  46.4714320
  17.2145141  21.0321024  33.9106985  37.9505248  38.6384394  41.4309275  47.9466478
  17.7441686  21.5979699  34.5734367  38.6384394  39.3304610  42.8513405  49.4371515
  18.2791464  22.1688231  35.2404370  40.0265653  40.7267286  43.5675097  50.1880877
  18.8193952  22.7446189  36.5871159  41.4309275  41.4309275  45.0116642  51.7012336
  19.3648640  23.3253153  37.2667420  42.1391390  42.8513405  46.4714320  53.2292880
  19.9155034  23.9108712  38.6384394  43.5675097  44.2876248  47.2071191  54.7721067
  20.4712651  24.5012466  39.3304610  44.2876248  45.0116642  48.6899985  56.3295499
  21.0321024  25.0964026  40.7267286  45.7396069  46.4714320  50.1880877  57.9014814
  21.5979699  25.6963009  41.4309275  47.2071191  47.2071191  50.9427879  59.4877690
  22.1688231  26.3009044  42.1391390  47.9466478  48.6899985  52.4634063  61.0882839
  22.7446189  26.3009044  43.5675097  49.4371515  50.1880877  53.9988606  62.7029006
  23.3253153  26.9101768  44.2876248  50.1880877  50.9427879  54.7721067  64.3314972
  23.9108712  27.5240826  45.7396069  51.7012336  52.4634063  56.3295499  65.9739545
  24.5012466  28.1425870  46.4714320  52.4634063  53.2292880  57.9014814  67.6301567
  25.0964026  28.7656561  47.2071191  53.9988606  54.7721067  58.6928389  69.2999906
  25.6963009  29.3932567  48.6899985  54.7721067  55.5490089  60.2862559  70.9833457
  26.3009044  30.0253564  49.4371515  56.3295499  57.1137130  61.8938372  72.6801144
  26.9101768  30.6619233  50.9427879  57.1137130  57.9014814  62.7029006  74.3901914
  27.5240826  30.6619233  51.7012336  58.6928389  59.4877690  64.3314972  75.2501883
  28.1425870  31.3029262  52.4634063  60.2862559  61.0882839  65.9739545  76.9800359
  28.7656561  31.9483348  53.9988606  61.0882839  61.8938372  66.8003447  78.7229392
  29.3932567  32.5981192  54.7721067  62.7029006  63.5154589  68.4633766  80.4788012
  30.0253564  33.2522499  55.5490089  63.5154589  64.3314972  70.1399848  82.2475269
  30.6619233  33.2522499  57.1137130  65.1510006  65.9739545  70.9833457  83.1366846
  31.3029262  33.9106985  57.9014814  65.9739545  66.8003447  72.6801144  84.9245324
  31.9483348  34.5734367  58.6928389  67.6301567  68.4633766  74.3901914  86.7250155
  32.5981192  35.2404370  60.2862559  68.4633766  69.2999906  75.2501883  88.5380457
  33.2522499  35.9116722  61.0882839  70.1399848  70.9833457  76.9800359  89.4492390
  33.9106985  35.9116722  61.8938372  70.9833457  71.8300600  77.8498617  91.2809288
  34.5734367  36.5871159  63.5154589  72.6801144  73.5334959  79.5992563  93.1249535
  35.2404370  37.2667420  64.3314972  73.5334959  74.3901914  81.3615619  94.9812310
  35.9116722  37.9505248  65.1510006  74.3901914  76.1134740  82.2475269  95.9139395
  36.5871159  37.9505248  66.8003447  76.1134740  76.9800359  84.0290235  97.7884462
  37.2667420  38.6384394  67.6301567  76.9800359  78.7229392  84.9245324  99.6750078
  37.9505248  39.3304610  68.4633766  78.7229392  79.5992563  86.7250155 100.6227852
  38.6384394  39.3304610  70.1399848  79.5992563  81.3615619  88.5380457 102.5272861
  39.3304610  40.0265653  70.9833457  81.3615619  82.2475269  89.4492390 104.4436533
  40.0265653  40.7267286  71.8300600  82.2475269  84.0290235  91.2809288 105.4062638
  40.7267286  41.4309275  72.6801144  84.0290235  84.9245324  92.2014044 107.3402939
  41.4309275  41.4309275  74.3901914  84.9245324  86.7250155  94.0515657 109.2860100
  42.1391390  42.1391390  75.2501883  86.7250155  87.6299676  95.9139395 111.2433426
  42.8513405  42.8513405  76.1134740  87.6299676  88.5380457  96.8496811 112.2263435
  43.5675097  42.8513405  76.9800359  88.5380457  90.3635368  98.7302249 114.2009726
  44.2876248  43.5675097  78.7229392  90.3635368  91.2809288  99.6750078 116.1870489
  45.0116642  44.2876248  79.5992563  91.2809288  93.1249535 101.5735478 117.1843592
  45.7396069  45.0116642  80.4788012  93.1249535  94.0515657 102.5272861 119.1874838
  46.4714320  45.7396069  81.3615619  94.0515657  95.9139395 104.4436533 121.2018937
  47.2071191  46.4714320  83.1366846  95.9139395  96.8496811 105.4062638 123.2275261
  47.9466478  47.2071191  84.0290235  96.8496811  98.7302249 107.3402939 124.2445314
  48.6899985  47.9466478  84.9245324  97.7884462  99.6750078 108.3116956 126.2868819
  49.4371515  48.6899985  85.8232001  99.6750078 100.6227852 110.2632286 128.3403022
  50.1880877  49.4371515  87.6299676 100.6227852 102.5272861 112.2263435 130.4047329
  50.9427879  50.1880877  88.5380457 102.5272861 103.4839910 113.2122230 131.4410589
  51.7012336  50.9427879  89.4492390 103.4839910 105.4062638 115.1925839 133.5218961
  52.4634063  51.7012336  90.3635368 104.4436533 106.3718137 116.1870489 135.6135993
  53.2292880  52.4634063  91.2809288 106.3718137 107.3402939 118.1845068 136.6635081
  53.9988606  53.2292880  93.1249535 107.3402939 109.2860100 119.1874838 138.7714055
  54.7721067  53.9988606  94.0515657 108.3116956 110.2632286 121.2018937 140.8900303
  55.5490089  54.7721067  94.9812310 110.2632286 112.2263435 122.2133110 143.0193283
  56.3295499  55.5490089  95.9139395 111.2433426 113.2122230 123.2275261 144.0879631
  57.1137130  56.3295499  96.8496811 113.2122230 114.2009726 125.2643192 146.2331715
  57.9014814  57.1137130  98.7302249 114.2009726 116.1870489 126.2868819 148.3889215
  58.6928389  57.9014814  99.6750078 115.1925839 117.1843592 128.3403022 150.5551619
  59.4877690  58.6928389 100.6227852 117.1843592 119.1874838 129.3711449 152.7318421
  60.2862559  59.4877690 101.5735478 118.1845068 120.1932820 131.4410589 153.8240816
  61.0882839  60.2862559 102.5272861 119.1874838 121.2018937 132.4801157 156.0163283
  61.8938372  61.0882839 103.4839910 121.2018937 123.2275261 134.5663930 158.2188916
  62.7029006  61.8938372 104.4436533 122.2133110 124.2445314 135.6135993 160.4317233
  63.5154589  62.7029006 106.3718137 123.2275261 125.2643192 137.7161125 161.5419750
  64.3314972  63.5154589 107.3402939 125.2643192 127.3122121 138.7714055 163.7701207
  65.1510006  64.3314972 108.3116956 126.2868819 128.3403022 139.8293804 166.0084174
  65.9739545  65.1510006 109.2860100 127.3122121 129.3711449 141.9533485 168.2568195
  66.8003447  65.9739545 110.2632286 129.3711449 131.4410589 143.0193283 170.5152816
  67.6301567  66.8003447 111.2433426 130.4047329 132.4801157 145.1592463 171.6482712
  68.4633766  66.8003447 112.2263435 131.4410589 133.5218961 146.2331715 173.9217399
  69.2999906  67.6301567 113.2122230 132.4801157 135.6135993 148.3889215 176.2051582
  70.1399848  68.4633766 115.1925839 134.5663930 136.6635081 149.4707336 178.4984829
  70.9833457  69.2999906 116.1870489 135.6135993 137.7161125 150.5551619 180.8016715
  71.8300600  70.1399848 117.1843592 136.6635081 138.7714055 152.7318421 181.9569516
  72.6801144  70.9833457 118.1845068 138.7714055 140.8900303 153.8240816 184.2748572
  73.5334959  71.8300600 119.1874838 139.8293804 141.9533485 156.0163283 186.6025225
  74.3901914  72.6801144 120.1932820 140.8900303 143.0193283 157.1163234 187.7700023
  75.2501883  73.5334959 121.2018937 141.9533485 145.1592463 159.3240269 190.1122309
  76.1134740  74.3901914 122.2133110 144.0879631 146.2331715 160.4317233 191.2869697
  76.9800359  74.3901914 123.2275261 145.1592463 147.3097320 161.5419750 193.6436716
  77.8498617  75.2501883 124.2445314 146.2331715 148.3889215 163.7701207 194.8256248
  78.7229392  75.2501883 125.2643192 147.3097320 150.5551619 164.8880031 197.1967116
  79.5992563  76.1134740 126.2868819 149.4707336 151.6422002 166.0084174 198.3858355
  80.4788012  76.1134740 127.3122121 150.5551619 152.7318421 168.2568195 200.7712204
  81.3615619  76.9800359 128.3403022 151.6422002 154.9189123 169.3847958 201.9674720
  82.2475269  77.8498617 129.3711449 152.7318421 156.0163283 171.6482712 204.3670700
  83.1366846  77.8498617 130.4047329 154.9189123 157.1163234 172.7837591 205.5704070
  84.0290235  77.8498617 131.4410589 156.0163283 158.2188916 173.9217399 206.7760966
  84.9245324  78.7229392 132.4801157 157.1163234 160.4317233 176.2051582 209.1945153
  85.8232001  79.5992563 134.5663930 158.2188916 161.5419750 177.3505849 210.4072352
  86.7250155  79.5992563 134.5663930 159.3240269 162.6547761 179.6488469 211.6222896
  87.6299676  79.5992563 136.6635081 161.5419750 163.7701207 180.8016715 214.0593836
  88.5380457  80.4788012 136.6635081 162.6547761 164.8880031 181.9569516 215.2814144
  89.4492390  80.4788012 137.7161125 163.7701207 167.1313581 184.2748572 216.5057619
  90.3635368  81.3615619 139.8293804 164.8880031 168.2568195 185.4374725 218.9613892
  91.2809288  81.3615619 139.8293804 166.0084174 169.3847958 186.6025225 220.1926605
  92.2014044  82.2475269 140.8900303 168.2568195 170.5152816 188.9399068 221.4262310
  93.1249535  82.2475269 141.9533485 169.3847958 171.6482712 190.1122309 223.9002529
  94.0515657  83.1366846 143.0193283 170.5152816 173.9217399 191.2869697 225.1406957
  94.9812310  83.1366846 144.0879631 171.6482712 175.0622080 193.6436716 226.3834209
  95.9139395  83.1366846 145.1592463 172.7837591 176.2051582 194.8256248 227.6284243
  96.8496811  84.0290235 146.2331715 173.9217399 177.3505849 196.0099731 230.1252487
  97.7884462  84.0290235 147.3097320 176.2051582 178.4984829 198.3858355 231.3770616
  98.7302249  84.0290235 148.3889215 177.3505849 180.8016715 199.5773400 232.6311361
  99.6750078  84.9245324 149.4707336 178.4984829 181.9569516 200.7712204 235.1460538
 100.6227852  84.9245324 150.5551619 179.6488469 183.1146819 203.1660901 236.4068889
 101.5735478  84.9245324 151.6422002 180.8016715 184.2748572 204.3670700 237.6699694
 102.5272861  85.8232001 152.7318421 181.9569516 185.4374725 205.5704070 238.9352915
 103.4839910  85.8232001 153.8240816 184.2748572 186.6025225 207.9841343 241.4726442
 104.4436533  86.7250155 154.9189123 185.4374725 188.9399068 209.1945153 242.7446670
 105.4062638  86.7250155 156.0163283 186.6025225 190.1122309 210.4072352 244.0189156
 106.3718137  86.7250155 156.0163283 187.7700023 191.2869697 211.6222896 246.5740746
 107.3402939  87.6299676 157.1163234 188.9399068 192.4641182 214.0593836 247.8549773
 108.3116956  87.6299676 158.2188916 190.1122309 193.6436716 215.2814144 249.1380904
 109.2860100  87.6299676 159.3240269 191.2869697 194.8256248 216.5057619 250.4234100
 110.2632286  88.5380457 160.4317233 192.4641182 196.0099731 218.9613892 253.0006538
 111.2433426  88.5380457 161.5419750 193.6436716 198.3858355 220.1926605 254.2925704
 112.2263435  88.5380457 162.6547761 196.0099731 199.5773400 221.4262310 255.5866787
 113.2122230  88.5380457 162.6547761 197.1967116 200.7712204 222.6620966 258.1814550
 114.2009726  89.4492390 163.7701207 198.3858355 201.9674720 225.1406957 259.4821157
 115.1925839  89.4492390 164.8880031 199.5773400 203.1660901 226.3834209 260.7849532
 116.1870489  89.4492390 166.0084174 200.7712204 204.3670700 227.6284243 263.3971444
 117.1843592  89.4492390 167.1313581 201.9674720 205.5704070 228.8757016 264.7064907
 118.1845068  90.3635368 168.2568195 203.1660901 206.7760966 230.1252487 266.0179995
 119.1874838  90.3635368 168.2568195 204.3670700 207.9841343 232.6311361 267.3316672
 120.1932820  91.2809288 169.3847958 205.5704070 210.4072352 233.8874682 269.9654649
 121.2018937  91.2809288 170.5152816 206.7760966 211.6222896 235.1460538 271.2855880
 122.2133110  91.2809288 171.6482712 207.9841343 212.8396739 236.4068889 272.6078559
 123.2275261  91.2809288 172.7837591 209.1945153 214.0593836 237.6699694 275.2588121
 124.2445314  91.2809288 172.7837591 210.4072352 215.2814144 240.2028510 276.5874936
 125.2643192  92.2014044 173.9217399 211.6222896 216.5057619 241.4726442 277.9183061
 126.2868819  92.2014044 175.0622080 212.8396739 217.7324216 242.7446670 280.5863105
 127.3122121  92.2014044 176.2051582 215.2814144 218.9613892 244.0189156 281.9234957
 128.3403022  93.1249535 177.3505849 216.5057619 220.1926605 245.2953861 283.2627983
 129.3711449  93.1249535 177.3505849 217.7324216 221.4262310 246.5740746 285.9477426
 130.4047329  93.1249535 178.4984829 218.9613892 222.6620966 247.8549773 287.2933777
 131.4410589  93.1249535 179.6488469 220.1926605 223.9002529 250.4234100 288.6411169
 132.4801157  93.1249535 180.8016715 221.4262310 225.1406957 251.7109324 291.3428949
 133.5218961  93.1249535 180.8016715 222.6620966 226.3834209 253.0006538 292.6969272
 134.5663930  94.0515657 181.9569516 223.9002529 227.6284243 254.2925704 294.0530506
 135.6135993  94.0515657 183.1146819 225.1406957 228.8757016 255.5866787 296.7715581
 136.6635081  94.0515657 184.2748572 226.3834209 231.3770616 256.8829747 298.1339357
 137.7161125  94.0515657 184.2748572 227.6284243 232.6311361 258.1814550 299.4983918
 138.7714055  94.9812310 185.4374725 228.8757016 233.8874682 259.4821157 302.2335264
 139.8293804  94.9812310 186.6025225 230.1252487 235.1460538 260.7849532 303.6041987
 140.8900303  94.9812310 187.7700023 231.3770616 236.4068889 262.0899640 304.9769368
 141.9533485  94.9812310 187.7700023 232.6311361 237.6699694 264.7064907 307.7285981
 143.0193283  94.9812310 188.9399068 233.8874682 238.9352915 266.0179995 309.1075151
 144.0879631  94.9812310 190.1122309 235.1460538 240.2028510 267.3316672 311.8715065
 145.1592463  94.9812310 191.2869697 236.4068889 241.4726442 268.6474902 313.2565749
 146.2331715  94.9812310 191.2869697 237.6699694 241.4726442 269.9654649 314.6436876
 147.3097320  95.9139395 192.4641182 237.6699694 242.7446670 271.2855880 317.4240342
 148.3889215  95.9139395 193.6436716 238.9352915 244.0189156 272.6078559 318.8172621
 149.4707336  95.9139395 193.6436716 240.2028510 245.2953861 273.9322651 320.2125224
 150.5551619  95.9139395 194.8256248 241.4726442 246.5740746 275.2588121 323.0091285
 151.6422002  95.9139395 196.0099731 242.7446670 247.8549773 276.5874936 324.4104684
 152.7318421  95.9139395 196.0099731 244.0189156 249.1380904 277.9183061 327.2192073
 153.8240816  95.9139395 197.1967116 245.2953861 250.4234100 279.2512462 328.6266006
 154.9189123  95.9139395 197.1967116 246.5740746 251.7109324 280.5863105 330.0360058
 156.0163283  95.9139395 198.3858355 247.8549773 253.0006538 281.9234957 332.8608408
 157.1163234  96.8496811 199.5773400 249.1380904 254.2925704 283.2627983 334.2762649
 158.2188916  96.8496811 199.5773400 250.4234100 255.5866787 284.6042150 335.6936896
 159.3240269  96.8496811 200.7712204 250.4234100 256.8829747 285.9477426 338.5345295
 160.4317233  96.8496811 200.7712204 251.7109324 258.1814550 287.2933777 339.9579391
 161.5419750  96.8496811 201.9674720 253.0006538 259.4821157 288.6411169 342.8107237
 162.6547761  96.8496811 201.9674720 254.2925704 259.4821157 289.9909571 344.2400932
 163.7701207  96.8496811 203.1660901 255.5866787 260.7849532 291.3428949 345.6714438
 164.8880031  96.8496811 203.1660901 256.8829747 262.0899640 292.6969272 348.5400774
 166.0084174  96.8496811 204.3670700 258.1814550 263.3971444 294.0530506 349.9773549
 167.1313581  96.8496811 204.3670700 258.1814550 264.7064907 295.4112620 352.8578180
 168.2568195  97.7884462 205.5704070 259.4821157 266.0179995 296.7715581 354.3009981
 169.3847958  97.7884462 205.5704070 260.7849532 267.3316672 298.1339357 355.7461404
 170.5152816  97.7884462 206.7760966 262.0899640 268.6474902 299.4983918 358.6423010
 171.6482712  97.7884462 206.7760966 263.3971444 268.6474902 300.8649231 360.0933139
 172.7837591  97.7884462 207.9841343 264.7064907 269.9654649 302.2335264 363.0011920
 173.9217399  97.7884462 207.9841343 264.7064907 271.2855880 303.6041987 364.4580518
 175.0622080  97.7884462 209.1945153 266.0179995 272.6078559 304.9769368 365.9168555
 176.2051582  97.7884462 209.1945153 267.3316672 273.9322651 306.3517376 368.8402838
 177.3505849  97.7884462 210.4072352 268.6474902 275.2588121 307.7285981 370.3049034
 178.4984829  97.7884462 210.4072352 269.9654649 276.5874936 309.1075151 373.2399403
 179.6488469  97.7884462 211.6222896 269.9654649 276.5874936 310.4884856 374.7103527
 180.8016715  97.7884462 211.6222896 271.2855880 277.9183061 311.8715065 377.6569526
 181.9569516  97.7884462 211.6222896 272.6078559 279.2512462 313.2565749 379.1331350
 183.1146819  97.7884462 212.8396739 273.9322651 280.5863105 314.6436876 380.6112359
 184.2748572  97.7884462 212.8396739 275.2588121 281.9234957 316.0328417 383.5731828
 185.4374725  97.7884462 214.0593836 275.2588121 281.9234957 317.4240342 385.0570238
 186.6025225  97.7884462 214.0593836 276.5874936 283.2627983 318.8172621 388.0304290
 187.7700023  97.7884462 215.2814144 277.9183061 284.6042150 320.2125224 389.5199882
 188.9399068  97.7884462 215.2814144 279.2512462 285.9477426 321.6098122 392.5048076
 190.1122309  97.7884462 216.5057619 279.2512462 285.9477426 323.0091285 394.0000630
 191.2869697  97.7884462 216.5057619 280.5863105 287.2933777 324.4104684 395.4972123
 192.4641182  97.7884462 217.7324216 281.9234957 288.6411169 324.4104684 398.4971832
 193.6436716  97.7884462 217.7324216 283.2627983 289.9909571 325.8138290 400.0000000
 194.8256248  97.7884462 217.7324216 283.2627983 289.9909571 327.2192073 400.0000000
 196.0099731  97.7884462 218.9613892 284.6042150 291.3428949 328.6266006 400.0000000
 197.1967116  97.7884462 218.9613892 285.9477426 292.6969272 330.0360058 400.0000000
 198.3858355  97.7884462 220.1926605 285.9477426 294.0530506 331.4474202 400.0000000
 199.5773400  97.7884462 220.1926605 287.2933777 294.0530506 332.8608408 400.0000000
 200.7712204  97.7884462 220.1926605 288.6411169 295.4112620 334.2762649 400.0000000
 201.9674720  97.7884462 221.4262310 288.6411169 296.7715581 335.6936896 400.0000000
 203.1660901  97.7884462 221.4262310 289.9909571 296.7715581 337.1131120 400.0000000
 204.3670700  97.7884462 222.6620966 291.3428949 298.1339357 338.5345295 400.0000000
 205.5704070  97.7884462 222.6620966 291.3428949 299.4983918 339.9579391 400.0000000
 206.7760966  97.7884462 222.6620966 292.6969272 299.4983918 341.3833381 400.0000000
 207.9841343  97.7884462 223.9002529 294.0530506 300.8649231 341.3833381 400.0000000
 209.1945153  97.7884462 223.9002529 294.0530506 302.2335264 342.8107237 400.0000000
 210.4072352  97.7884462 223.9002529 295.4112620 303.6041987 344.2400932 400.0000000
 211.6222896  97.7884462 225.1406957 295.4112620 303.6041987 345.6714438 400.0000000
 212.8396739  97.7884462 225.1406957 296.7715581 304.9769368 347.1047728 400.0000000
 214.0593836  97.7884462 226.3834209 298.1339357 306.3517376 348.5400774 400.0000000
 215.2814144  97.7884462 226.3834209 298.1339357 306.3517376 349.9773549 400.0000000
 216.5057619  97.7884462 226.3834209 299.4983918 307.7285981 349.9773549 400.0000000
 217.7324216  97.7884462 227.6284243 299.4983918 309.1075151 351.4166027 400.0000000
 218.9613892  97.7884462 227.6284243 300.8649231 309.1075151 352.8578180 400.0000000
 220.1926605  97.7884462 227.6284243 302.2335264 310.4884856 354.3009981 400.0000000
 221.4262310  97.7884462 228.8757016 302.2335264 311.8715065 355.7461404 400.0000000
 222.6620966  97.7884462 228.8757016 303.6041987 311.8715065 357.1932423 400.0000000
 223.9002529  97.7884462 228.8757016 304.9769368 313.2565749 358.6423010 400.0000000
 225.1406957  97.7884462 230.1252487 304.9769368 314.6436876 358.6423010 400.0000000
 226.3834209  97.7884462 230.1252487 306.3517376 314.6436876 360.0933139 400.0000000
 227.6284243  97.7884462 230.1252487 306.3517376 316.0328417 361.5462784 400.0000000
 228.8757016  97.7884462 231.3770616 307.7285981 316.0328417 363.0011920 400.0000000
 230.1252487  97.7884462 231.3770616 309.1075151 317.4240342 364.4580518 400.0000000
 231.3770616  96.8496811 231.3770616 309.1075151 317.4240342 365.9168555 400.0000000
 232.6311361  96.8496811 232.6311361 310.4884856 318.8172621 365.9168555 400.0000000
 233.8874682  96.8496811 232.6311361 310.4884856 320.2125224 367.3776004 400.0000000
 235.1460538  96.8496811 232.6311361 311.8715065 320.2125224 368.8402838 400.0000000
 236.4068889  96.8496811 233.8874682 313.2565749 321.6098122 370.3049034 400.0000000
 237.6699694  96.8496811 235.1460538 313.2565749 321.6098122 371.7714564 400.0000000
 238.9352915  96.8496811 236.4068889 314.6436876 323.0091285 371.7714564 400.0000000
 240.2028510  96.8496811 237.6699694 314.6436876 323.0091285 373.2399403 400.0000000
 241.4726442  96.8496811 238.9352915 316.0328417 324.4104684 374.7103527 400.0000000
 242.7446670  96.8496811 240.2028510 316.0328417 325.8138290 376.1826909 400.0000000
 244.0189156  96.8496811 240.2028510 317.4240342 325.8138290 376.1826909 400.0000000
 245.2953861  96.8496811 241.4726442 317.4240342 327.2192073 377.6569526 400.0000000
 246.5740746  96.8496811 242.7446670 318.8172621 327.2192073 379.1331350 400.0000000
 247.8549773  96.8496811 244.0189156 318.8172621 328.6266006 380.6112359 400.0000000
 249.1380904  96.8496811 245.2953861 320.2125224 328.6266006 382.0912526 400.0000000
 250.4234100  96.8496811 246.5740746 320.2125224 330.0360058 382.0912526 400.0000000
 251.7109324  95.9139395 247.8549773 321.6098122 330.0360058 383.5731828 400.0000000
 253.0006538  95.9139395 249.1380904 321.6098122 331.4474202 385.0570238 400.0000000
 254.2925704  95.9139395 250.4234100 321.6098122 331.4474202 385.0570238 400.0000000
 255.5866787  95.9139395 251.7109324 323.0091285 332.8608408 386.5427734 400.0000000
 256.8829747  95.9139395 253.0006538 323.0091285 332.8608408 388.0304290 400.0000000
 258.1814550  95.9139395 254.2925704 324.4104684 334.2762649 389.5199882 400.0000000
 259.4821157  95.9139395 255.5866787 324.4104684 334.2762649 389.5199882 400.0000000
 260.7849532  95.9139395 256.8829747 325.8138290 335.6936896 391.0114485 400.0000000
 262.0899640  95.9139395 258.1814550 325.8138290 335.6936896 392.5048076 400.0000000
 263.3971444  95.9139395 259.4821157 327.2192073 337.1131120 392.5048076 400.0000000
 264.7064907  95.9139395 260.7849532 327.2192073 337.1131120 394.0000630 400.0000000
 266.0179995  95.9139395 262.0899640 327.2192073 338.5345295 395.4972123 400.0000000
 267.3316672  95.9139395 263.3971444 328.6266006 338.5345295 395.4972123 400.0000000
 268.6474902  95.9139395 264.7064907 328.6266006 339.9579391 396.9962532 400.0000000
 269.9654649  95.9139395 266.0179995 330.0360058 339.9579391 398.4971832 400.0000000
 271.2855880  95.9139395 267.3316672 330.0360058 341.3833381 398.4971832 400.0000000
 272.6078559  95.9139395 268.6474902 331.4474202 341.3833381 400.0000000 400.0000000
 273.9322651  94.9812310 269.9654649 331.4474202 342.8107237 400.0000000 400.0000000
 275.2588121  94.9812310 271.2855880 332.8608408 342.8107237 400.0000000 400.0000000
 276.5874936  94.9812310 272.6078559 332.8608408 342.8107237 400.0000000 400.0000000
 277.9183061  94.9812310 273.9322651 332.8608408 344.2400932 400.0000000 400.0000000
 279.2512462  94.9812310 275.2588121 334.2762649 344.2400932 400.0000000 400.0000000
 280.5863105  94.9812310 276.5874936 334.2762649 345.6714438 400.0000000 400.0000000
 281.9234957  94.9812310 277.9183061 335.6936896 345.6714438 400.0000000 400.0000000
 283.2627983  94.9812310 279.2512462 335.6936896 345.6714438 400.0000000 400.0000000
 284.6042150  94.9812310 280.5863105 335.6936896 347.1047728 400.0000000 400.0000000
 285.9477426  94.9812310 281.9234957 337.1131120 347.1047728 400.0000000 400.0000000
 287.2933777  94.9812310 283.2627983 337.1131120 348.5400774 400.0000000 400.0000000
 288.6411169  94.9812310 284.6042150 338.5345295 348.5400774 400.0000000 400.0000000
 289.9909571  94.9812310 285.9477426 338.5345295 348.5400774 400.0000000 400.0000000
 291.3428949  94.9812310 287.2933777 338.5345295 349.9773549 400.0000000 400.0000000
 292.6969272  94.9812310 288.6411169 339.9579391 349.9773549 400.0000000 400.0000000
 294.0530506  94.9812310 289.9909571 339.9579391 351.4166027 400.0000000 400.0000000
 295.4112620  94.9812310 291.3428949 339.9579391 351.4166027 400.0000000 400.0000000
 296.7715581  94.9812310 292.6969272 341.3833381 351.4166027 400.0000000 400.0000000
 298.1339357  94.9812310 294.0530506 341.3833381 352.8578180 400.0000000 400.0000000
 299.4983918  94.0515657 295.4112620 341.3833381 352.8578180 400.0000000 400.0000000
 300.8649231  94.0515657 296.7715581 342.8107237 352.8578180 400.0000000 400.0000000
 302.2335264  94.0515657 296.7715581 342.8107237 354.3009981 400.0000000 400.0000000
 303.6041987  94.0515657 298.1339357 342.8107237 354.3009981 400.0000000 400.0000000
 304.9769368  94.0515657 299.4983918 344.2400932 354.3009981 400.0000000 400.0000000
 306.3517376  94.0515657 300.8649231 344.2400932 355.7461404 400.0000000 400.0000000
 307.7285981  94.0515657 302.2335264 344.2400932 355.7461404 400.0000000 400.0000000
 309.1075151  94.0515657 303.6041987 345.6714438 357.1932423 400.0000000 400.0000000
 310.4884856  94.0515657 304.9769368 345.6714438 357.1932423 400.0000000 400.0000000
 311.8715065  93.1249535 306.3517376 345.6714438 357.1932423 400.0000000 400.0000000
 313.2565749  93.1249535 307.7285981 345.6714438 357.1932423 400.0000000 400.0000000
 314.6436876  93.1249535 309.1075151 347.1047728 358.6423010 400.0000000 400.0000000
 316.0328417  93.1249535 310.4884856 347.1047728 358.6423010 400.0000000 400.0000000
 317.4240342  93.1249535 311.8715065 347.1047728 358.6423010 400.0000000 400.0000000
 318.8172621  93.1249535 313.2565749 348.5400774 360.0933139 400.0000000 400.0000000
 320.2125224  93.1249535 314.6436876 348.5400774 360.0933139 400.0000000 400.0000000
 321.6098122  93.1249535 316.0328417 348.5400774 360.0933139 400.0000000 400.0000000
 323.0091285  93.1249535 317.4240342 348.5400774 361.5462784 400.0000000 400.0000000
 324.4104684  93.1249535 318.8172621 349.9773549 361.5462784 400.0000000 400.0000000
 325.8138290  93.1249535 320.2125224 349.9773549 361.5462784 400.0000000 400.0000000
 327.2192073  93.1249535 321.6098122 349.9773549 361.5462784 400.0000000 400.0000000
 328.6266006  93.1249535 323.0091285 351.4166027 363.0011920 400.0000000 400.0000000
 330.0360058  93.1249535 324.4104684 351.4166027 363.0011920 400.0000000 400.0000000
 331.4474202  93.1249535 325.8138290 351.4166027 363.0011920 400.0000000 400.0000000
 332.8608408  93.1249535 327.2192073 351.4166027 364.4580518 400.0000000 400.0000000
 334.2762649  93.1249535 328.6266006 352.8578180 364.4580518 400.0000000 400.0000000
 335.6936896  92.2014044 330.0360058 352.8578180 364.4580518 400.0000000 400.0000000
 337.1131120  92.2014044 331.4474202 352.8578180 364.4580518 400.0000000 400.0000000
 338.5345295  92.2014044 332.8608408 352.8578180 365.9168555 400.0000000 400.0000000
 339.9579391  92.2014044 334.2762649 354.3009981 365.9168555 400.0000000 400.0000000
 341.3833381  92.2014044 335.6936896 354.3009981 365.9168555 400.0000000 400.0000000
 342.8107237  92.2014044 337.1131120 354.3009981 367.3776004 400.0000000 400.0000000
 344.2400932  92.2014044 338.5345295 354.3009981 367.3776004 400.0000000 400.0000000
 345.6714438  92.2014044 339.9579391 355.7461404 367.3776004 400.0000000 400.0000000
 347.1047728  92.2014044 341.3833381 355.7461404 367.3776004 400.0000000 400.0000000
 348.5400774  91.2809288 342.8107237 355.7461404 368.8402838 400.0000000 400.0000000
 349.9773549  91.2809288 344.2400932 355.7461404 368.8402838 400.0000000 400.0000000
 351.4166027  91.2809288 345.6714438 357.1932423 368.8402838 400.0000000 400.0000000
 352.8578180  91.2809288 347.1047728 357.1932423 368.8402838 400.0000000 400.0000000
 354.3009981  91.2809288 348.5400774 357.1932423 370.3049034 400.0000000 400.0000000
 355.7461404  91.2809288 349.9773549 357.1932423 370.3049034 400.0000000 400.0000000
 357.1932423  91.2809288 351.4166027 357.1932423 370.3049034 400.0000000 400.0000000
 358.6423010  91.2809288 352.8578180 358.6423010 370.3049034 400.0000000 400.0000000
 360.0933139  91.2809288 354.3009981 358.6423010 370.3049034 400.0000000 400.0000000
 361.5462784  91.2809288 355.7461404 358.6423010 371.7714564 400.0000000 400.0000000
 363.0011920  91.2809288 357.1932423 358.6423010 371.7714564 400.0000000 400.0000000
 364.4580518  91.2809288 358.6423010 360.0933139 371.7714564 400.0000000 400.0000000
 365.9168555  91.2809288 360.0933139 361.5462784 371.7714564 400.0000000 400.0000000
 367.3776004  91.2809288 360.0933139 363.0011920 373.2399403 400.0000000 400.0000000
 368.8402838  91.2809288 360.0933139 364.4580518 373.2399403 400.0000000 400.0000000
 370.3049034  91.2809288 360.0933139 365.9168555 373.2399403 400.0000000 400.0000000
 371.7714564  91.2809288 361.5462784 367.3776004 373.2399403 400.0000000 400.0000000
 373.2399403  90.3635368 361.5462784 368.8402838 373.2399403 400.0000000 400.0000000
 374.7103527  90.3635368 361.5462784 370.3049034 374.7103527 400.0000000 400.0000000
 376.1826909  90.3635368 361.5462784 370.3049034 374.7103527 400.0000000 400.0000000
 377.6569526  90.3635368 361.5462784 371.7714564 374.7103527 400.0000000 400.0000000
 379.1331350  90.3635368 363.0011920 373.2399403 374.7103527 400.0000000 400.0000000
 380.6112359  90.3635368 363.0011920 374.7103527 376.1826909 400.0000000 400.0000000
 382.0912526  90.3635368 363.0011920 376.1826909 377.6569526 400.0000000 400.0000000
 383.5731828  90.3635368 363.0011920 377.6569526 379.1331350 400.0000000 400.0000000
 385.0570238  90.3635368 363.0011920 379.1331350 379.1331350 400.0000000 400.0000000
 386.5427734  89.4492390 364.4580518 380.6112359 380.6112359 400.0000000 400.0000000
 388.0304290  89.4492390 364.4580518 382.0912526 382.0912526 400.0000000 400.0000000
 389.5199882  89.4492390 364.4580518 383.5731828 383.5731828 400.0000000 400.0000000
 391.0114485  89.4492390 364.4580518 385.0570238 385.0570238 400.0000000 400.0000000
 392.5048076  89.4492390 364.4580518 386.5427734 386.5427734 400.0000000 400.0000000
 394.0000630  89.4492390 364.4580518 388.0304290 388.0304290 400.0000000 400.0000000
 395.4972123  89.4492390 365.9168555 389.5199882 389.5199882 400.0000000 400.0000000
 396.9962532  89.4492390 365.9168555 391.0114485 391.0114485 400.0000000 400.0000000
 398.4971832  89.4492390 365.9168555 392.5048076 392.5048076 400.0000000 400.0000000
 400.0000000  89.4492390 365.9168555 394.0000630 394.0000630 400.0000000 400.0000000
