 t r r1 w w1
   1.0000000   0.0101010   0.0101010   2.0615948   2.0615948
   2.0000000   0.0101010   0.0101010   2.0608886   2.0609068
   3.0000000  -0.0062888  -0.0068200   2.0415399   2.0414756
   4.0000000   0.0062494   0.0071253   2.0388500   2.0387420
   5.0000000   0.0081615   0.0077886   2.0387706   2.0387243
   6.0000000   0.0087491   0.0086202   2.0394632   2.0395224
   7.0000000   0.0090342   0.0081512   2.0408193   2.0410047
   8.0000000   0.0092712   0.0104246   2.0417373   2.0419133
   9.0000000   0.0094208   0.0087748   2.0425772   2.0428744
  10.0000000   0.0095314   0.0094062   2.0435503   2.0438948
  11.0000000   0.0096810   0.0094910   2.0442957   2.0446470
  12.0000000   0.0097009   0.0094415   2.0455537   2.0459897
  13.0000000   0.0098256   0.0096922   2.0464391   2.0468264
  14.0000000   0.0098720   0.0096284   2.0472310   2.0476742
  15.0000000   0.0099128   0.0097487   2.0478557   2.0482970
  16.0000000   0.0099748   0.0097074   2.0486335   2.0490757
  17.0000000   0.0100055   0.0097826   2.0493689   2.0498035
  18.0000000   0.0100563   0.0097031   2.0500494   2.0504617
  19.0000000   0.0100740   0.0098683   2.0506703   2.0510611
  20.0000000   0.0101032   0.0098927   2.0512890   2.0516553
  21.0000000   0.0101339   0.0090026   2.0518873   2.0522420
  22.0000000   0.0101363   0.0112755   2.0525027   2.0528760
  23.0000000   0.0101583   0.0096617   2.0529428   2.0532536
  24.0000000   0.0101522   0.0097340   2.0533041   2.0535547
  25.0000000   0.0101681   0.0100138   2.0536699   2.0538746
  26.0000000   0.0101771   0.0098474   2.0540350   2.0542050
  27.0000000   0.0101811   0.0100954   2.0542573   2.0543737
  28.0000000   0.0101844   0.0100956   2.0545710   2.0546520
  29.0000000   0.0101914   0.0099566   2.0548652   2.0549046
  30.0000000   0.0101939   0.0099567   2.0551597   2.0551629
  31.0000000   0.0101981   0.0102375   2.0554237   2.0553879
  32.0000000   0.0101953   0.0100969   2.0556784   2.0556042
  33.0000000   0.0101969   0.0101347   2.0559205   2.0558117
  34.0000000   0.0102013   0.0100682   2.0562039   2.0560632
  35.0000000   0.0102012   0.0101670   2.0564804   2.0563115
  36.0000000   0.0102084   0.0101587   2.0567713   2.0565745
  37.0000000   0.0102015   0.0102315   2.0570459   2.0568284
  38.0000000   0.0102063   0.0102369   2.0572841   2.0570696
  39.0000000   0.0102060   0.0101777   2.0574983   2.0572484
  40.0000000   0.0102052   0.0102360   2.0577266   2.0574336
  41.0000000   0.0102012   0.0101602   2.0579795   2.0576785
  42.0000000   0.0102026   0.0103785   2.0582055   2.0578799
  43.0000000   0.0102009   0.0102545   2.0584135   2.0580818
  44.0000000   0.0101982   0.0102236   2.0586089   2.0582869
  45.0000000   0.0101996   0.0104476   2.0587829   2.0584730
  46.0000000   0.0101998   0.0103447   2.0589705   2.0585867
  47.0000000   0.0101995   0.0102756   2.0591655   2.0587701
  48.0000000   0.0101974   0.0103136   2.0593430   2.0589400
  49.0000000   0.0101944   0.0103354   2.0595191   2.0591076
  50.0000000   0.0101950   0.0104931   2.0596878   2.0592704
  51.0000000   0.0101925   0.0106924   2.0598238   2.0594470
  52.0000000   0.0102024   0.0085449   2.0599303   2.0596350
  53.0000000   0.0101927   0.0102182   2.0600202   2.0598556
  54.0000000   0.0101892   0.0102541   2.0600781   2.0600884
  55.0000000   0.0101884   0.0099638   2.0601294   2.0603211
  56.0000000   0.0101858   0.0102164   2.0601690   2.0605571
  57.0000000   0.0101823   0.0103631   2.0601919   2.0607965
  58.0000000   0.0101766   0.0106318   2.0602527   2.0609994
  59.0000000   0.0101752   0.0100225   2.0603116   2.0611971
  60.0000000   0.0101736   0.0107104   2.0603623   2.0613931
  61.0000000   0.0101729   0.0140616   2.0604109   2.0610170
  62.0000000   0.0101724   0.0108629   2.0604573   2.0608575
  63.0000000   0.0101708   0.0099922   2.0604932   2.0607019
  64.0000000   0.0101676   0.0100745   2.0605116   2.0606015
  65.0000000   0.0101672   0.0101006   2.0605463   2.0605101
  66.0000000   0.0101640   0.0102205   2.0605846   2.0604339
  67.0000000   0.0101624   0.0100999   2.0606226   2.0603742
  68.0000000   0.0101605   0.0102764   2.0606627   2.0603279
  69.0000000   0.0101590   0.0101613   2.0606954   2.0602955
  70.0000000   0.0101567   0.0103064   2.0607230   2.0602777
  71.0000000   0.0101553   0.0101944   2.0607523   2.0602649
  72.0000000   0.0101537   0.0104390   2.0607829   2.0602310
  73.0000000   0.0101527   0.0101114   2.0608137   2.0602183
  74.0000000   0.0101523   0.0099946   2.0608343   2.0602192
  75.0000000   0.0101494   0.0102850   2.0608590   2.0602263
  76.0000000   0.0101478   0.0102753   2.0608817   2.0602393
  77.0000000   0.0101459   0.0102314   2.0609059   2.0602538
  78.0000000   0.0101450   0.0102848   2.0609310   2.0602703
  79.0000000   0.0101433   0.0101077   2.0609501   2.0602920
  80.0000000   0.0101418   0.0105302   2.0609731   2.0603147
  81.0000000   0.0101410   0.0103064   2.0609957   2.0603346
  82.0000000   0.0101400   0.0102659   2.0610095   2.0603601
  83.0000000   0.0101438   0.0094481   2.0610136   2.0603925
  84.0000000   0.0101369   0.0103285   2.0610233   2.0604329
  85.0000000   0.0101347   0.0102853   2.0610340   2.0604713
  86.0000000   0.0101325   0.0102801   2.0610457   2.0605097
  87.0000000   0.0101315   0.0102872   2.0610586   2.0605474
  88.0000000   0.0101307   0.0103230   2.0610720   2.0605847
  89.0000000   0.0101281   0.0103906   2.0610863   2.0606204
  90.0000000   0.0101269   0.0101887   2.0611015   2.0606530
  91.0000000   0.0101265   0.0102308   2.0611174   2.0606850
  92.0000000   0.0101257   0.0102382   2.0611337   2.0607163
  93.0000000   0.0101245   0.0103210   2.0611502   2.0607468
  94.0000000   0.0101232   0.0101786   2.0611667   2.0607750
  95.0000000   0.0101223   0.0101722   2.0611834   2.0608029
  96.0000000   0.0101210   0.0103455   2.0612001   2.0608305
  97.0000000   0.0101200   0.0100695   2.0612170   2.0608553
  98.0000000   0.0101201   0.0101894   2.0612337   2.0608819
  99.0000000   0.0101188   0.0101801   2.0612503   2.0609082
 100.0000000   0.0101176   0.0101405   2.0612663   2.0609349
 101.0000000   0.0101165   0.0102310   2.0612812   2.0609613
 102.0000000   0.0101152   0.0102568   2.0612964   2.0609876
 103.0000000   0.0101138   0.0100450   2.0613111   2.0610123
 104.0000000   0.0101120   0.0102006   2.0613260   2.0610388
 105.0000000   0.0101114   0.0101992   2.0613409   2.0610639
 106.0000000   0.0101099   0.0100733   2.0613552   2.0610882
 107.0000000   0.0101097   0.0101947   2.0613689   2.0611144
 108.0000000   0.0101079   0.0102472   2.0613816   2.0611401
 109.0000000   0.0101064   0.0103450   2.0613937   2.0611332
 110.0000000   0.0101055   0.0099885   2.0614041   2.0611304
 111.0000000   0.0101052   0.0101340   2.0614155   2.0611374
 112.0000000   0.0101044   0.0099861   2.0614253   2.0611493
 113.0000000   0.0101020   0.0101333   2.0614356   2.0611668
 114.0000000   0.0101007   0.0099848   2.0614473   2.0611859
 115.0000000   0.0100988   0.0101906   2.0614609   2.0612075
 116.0000000   0.0100977   0.0101353   2.0614754   2.0612300
 117.0000000   0.0100946   0.0101491   2.0614905   2.0612513
 118.0000000   0.0100919   0.0101942   2.0615103   2.0612695
 119.0000000   0.0100729   0.0099805   2.0615277   2.0612918
 120.0000000   0.0101010   0.0101010   2.0615948   2.0615948
