   2.06088855355432     
   2.04153985451569     
   2.03884998017943     
   2.03877059541931     
   2.03946324381079     
   2.04081926727429     
   2.04173734228099     
   2.04257723141730     
   2.04355034713261     
   2.04429573405962     
   2.04555368457186     
   2.04643911865434     
   2.04723096508704     
   2.04785568850478     
   2.04863350287725     
   2.04936891429795     
   2.05004942092610     
   2.05067027026737     
   2.05128895110896     
   2.05188725821503     
   2.05250268554366     
   2.05294282536659     
   2.05330412073000     
   2.05366993325308     
   2.05403503412886     
   2.05425731162264     
   2.05457104854470     
   2.05486522765916     
   2.05515970851089     
   2.05542369521722     
   2.05567838941344     
   2.05592054539664     
   2.05620385701883     
   2.05648035421730     
   2.05677129388402     
   2.05704585873049     
   2.05728412618073     
   2.05749827262411     
   2.05772660967438     
   2.05797948213655     
   2.05820548550650     
   2.05841349725859     
   2.05860892124059     
   2.05878286204319     
   2.05897048167641     
   2.05916551778658     
   2.05934301061970     
   2.05951909756365     
   2.05968778623005     
   2.05982375141726     
   2.05993034980279     
   2.06002022521174     
   2.06007809800896     
   2.06012936874071     
   2.06016899211209     
   2.06019192809921     
   2.06025270385467     
   2.06031163659264     
   2.06036232644793     
   2.06041090993205     
   2.06045727324810     
   2.06049317297756     
   2.06051162866647     
   2.06054629802807     
   2.06058459585586     
   2.06062260452610     
   2.06066267195271     
   2.06069536309549     
   2.06072297781010     
   2.06075231735653     
   2.06078288356198     
   2.06081366504274     
   2.06083432629544     
   2.06085904373656     
   2.06088171097637     
   2.06090586537223     
   2.06093098361597     
   2.06095011020728     
   2.06097307779324     
   2.06099573319440     
   2.06100951137175     
   2.06101364309246     
   2.06102327316297     
   2.06103404506004     
   2.06104572728584     
   2.06105857190494     
   2.06107200961731     
   2.06108630479005     
   2.06110154715588     
   2.06111737568356     
   2.06113370250598     
   2.06115024280853     
   2.06116667305100     
   2.06118336651972     
   2.06120005852393     
   2.06121699731127     
   2.06123365637201     
   2.06125027404041     
   2.06126628218733     
   2.06128120505259     
   2.06129644623185     
   2.06131114460464     
   2.06132604395007     
   2.06134088474962     
   2.06135516108708     
   2.06136892453569     
   2.06138162894021     
   2.06139370558891     
   2.06140405139681     
   2.06141546648592     
   2.06142525775050     
   2.06143562033256     
   2.06144726522983     
   2.06146093564966     
   2.06147536882794     
   2.06149047460255     
   2.06151027631318     
   2.06152772197591     
