 -6.288827393627222E-003
  6.249360819569598E-003
  8.161508487612962E-003
  8.749072071318906E-003
  9.034189211302404E-003
  9.271237162389675E-003
  9.420833388498502E-003
  9.531418724312858E-003
  9.680974217311211E-003
  9.700923769226846E-003
  9.825618791307507E-003
  9.872030128315803E-003
  9.912793374471094E-003
  9.974799983632232E-003
  1.000554794511668E-002
  1.005628638073737E-002
  1.007401651473770E-002
  1.010322829541040E-002
  1.013391604495444E-002
  1.013631530494159E-002
  1.015830239517709E-002
  1.015216316174895E-002
  1.016810632706283E-002
  1.017714534126920E-002
  1.018106169452046E-002
  1.018444623787378E-002
  1.019137417019040E-002
  1.019386044024957E-002
  1.019811079924907E-002
  1.019528426500733E-002
  1.019688600548815E-002
  1.020134879981773E-002
  1.020122826528311E-002
  1.020838847658826E-002
  1.020150304957624E-002
  1.020627859846230E-002
  1.020598246571205E-002
  1.020520908226848E-002
  1.020120146631278E-002
  1.020261812327477E-002
  1.020090369062419E-002
  1.019823392458180E-002
  1.019962364403732E-002
  1.019976717687510E-002
  1.019953079090086E-002
  1.019743152132327E-002
  1.019435185665282E-002
  1.019504683933118E-002
  1.019247985418457E-002
  1.020239037201774E-002
  1.019272304419371E-002
  1.018916173272485E-002
  1.018836836521086E-002
  1.018576982199050E-002
  1.018232002035486E-002
  1.017656573755726E-002
  1.017515695754902E-002
  1.017361575148718E-002
  1.017294572727656E-002
  1.017235166414959E-002
  1.017076751466689E-002
  1.016762070509397E-002
  1.016715334664276E-002
  1.016401798472688E-002
  1.016235845436914E-002
  1.016049935439825E-002
  1.015899582341368E-002
  1.015670131707310E-002
  1.015526155057622E-002
  1.015370603251846E-002
  1.015265391845894E-002
  1.015228698857046E-002
  1.014937153282254E-002
  1.014777158835033E-002
  1.014585674363762E-002
  1.014503535936822E-002
  1.014333943137160E-002
  1.014181810032367E-002
  1.014098909623602E-002
  1.013997976430530E-002
  1.014381655238106E-002
  1.013689437484466E-002
  1.013470510803062E-002
  1.013247830616070E-002
  1.013152265597132E-002
  1.013069595076561E-002
  1.012805257015086E-002
  1.012690552076576E-002
  1.012646258918586E-002
  1.012571463489188E-002
  1.012447123675992E-002
  1.012320351727888E-002
  1.012226008303977E-002
  1.012097221455739E-002
  1.012001625328312E-002
  1.012012874160585E-002
  1.011883601669336E-002
  1.011755179149654E-002
  1.011650610665335E-002
  1.011523680847068E-002
  1.011380534171099E-002
  1.011197564297640E-002
  1.011141742164709E-002
  1.010986315324059E-002
  1.010968201494895E-002
  1.010786464119084E-002
  1.010639208082589E-002
  1.010552438606990E-002
  1.010524133674189E-002
  1.010443024295095E-002
  1.010195695170170E-002
  1.010072453184561E-002
  1.009876533422753E-002
  1.009765694531294E-002
  1.009461728107213E-002
  1.009192689018934E-002
  1.007289803447042E-002
