 t avg_prod_f avg_k_f avg_a_f avg_l_f avg_prod_ex avg_k_ex avg_a_ex avg_l_ex
   1.0000000   1.4541704  96.0104893 -16.7380735   2.8604497   1.0101239  12.7329261 -24.2328772   1.0777423
   2.0000000   1.4540000  96.1000905 -16.7566562   2.8632822   1.0103113  12.7301806 -24.2286341   1.0779854
   3.0000000   1.4538567  96.0039691 -17.1226488   2.8292470   1.1320641  14.0509784  -7.4083472   1.1587314
   4.0000000   1.4547559  97.1651496 -17.5774869   2.8511057   1.0527663  17.7155590  -7.5944487   1.2649797
   5.0000000   1.4545285  97.2896762 -17.7944236   2.8578476   1.0454171  17.1695869  -7.5161498   1.2548016
   6.0000000   1.4540366  97.3069648 -17.9372756   2.8627917   1.0320089  16.6092307  -7.9934108   1.2366993
   7.0000000   1.4535003  97.1107051 -18.0193415   2.8626506   1.0231486  16.1286165  -8.5844838   1.2227873
   8.0000000   1.4530648  96.8848809 -18.0836213   2.8625774   1.0210305  16.0272989  -9.2446676   1.2185409
   9.0000000   1.4529585  96.7281133 -18.1326704   2.8634871   1.0174902  15.8205874 -10.0735131   1.2114179
  10.0000000   1.4528878  96.5735945 -18.1612110   2.8636904   1.0116595  15.4354351 -11.6069620   1.1961880
  11.0000000   1.4527824  96.3951365 -18.1771411   2.8634899   1.0163571  15.3851447 -12.3065591   1.1944348
  12.0000000   1.4528843  96.2253840 -18.1747603   2.8618901   1.0050669  14.9514063 -14.0970680   1.1745141
  13.0000000   1.4528549  95.9741258 -18.1660480   2.8593253   1.0071827  14.8956014 -15.0574852   1.1694867
  14.0000000   1.4530743  95.7987051 -18.1580031   2.8578560   1.0078124  14.4682554 -16.3004998   1.1534435
  15.0000000   1.4532755  95.6380339 -18.1462923   2.8566861   1.0139665  14.1514663 -16.8179883   1.1459722
  16.0000000   1.4535198  95.5328643 -18.1343724   2.8561743   1.0082531  14.0922640 -17.9394453   1.1382310
  17.0000000   1.4536323  95.3796116 -18.1106747   2.8544966   1.0080731  13.6908354 -19.1222254   1.1235572
  18.0000000   1.4537708  95.2472267 -18.0841307   2.8531884   1.0056657  14.0074796 -19.9770774   1.1275803
  19.0000000   1.4538982  95.1063266 -18.0530643   2.8514826   1.0101527  13.5579796 -20.4126382   1.1150447
  20.0000000   1.4540284  95.0020553 -18.0221748   2.8504168   1.0066363  13.4866186 -21.0599521   1.1108429
  21.0000000   1.4541773  94.8924132 -17.9856407   2.8490865   1.0068728  13.3119485 -21.6065786   1.1047295
  22.0000000   1.4542871  94.7881322 -17.9458452   2.8475556   1.0032671  13.0370519 -22.5658177   1.0937666
  23.0000000   1.4543880  94.6659658 -17.9064444   2.8458037   1.0086972  12.6509596 -22.6309616   1.0836005
  24.0000000   1.4546372  94.6122485 -17.8687431   2.8453798   1.0115166  12.3677206 -22.8386907   1.0758895
  25.0000000   1.4549010  94.5860760 -17.8321146   2.8454959   1.0114506  12.2619561 -23.1421188   1.0727195
  26.0000000   1.4551256  94.5588211 -17.7931355   2.8454439   1.0114635  12.2030833 -23.4297480   1.0707797
  27.0000000   1.4552772  94.5224228 -17.7528040   2.8453009   1.0140660  12.2471276 -23.2732340   1.0721074
  28.0000000   1.4555510  94.5322379 -17.7132959   2.8459323   1.0122105  12.3756679 -23.6031736   1.0744571
  29.0000000   1.4557047  94.5106988 -17.6722822   2.8458529   1.0126971  12.3271184 -23.8486857   1.0725790
  30.0000000   1.4558713  94.5006910 -17.6308500   2.8459653   1.0124761  12.3743855 -23.9793117   1.0737602
  31.0000000   1.4560063  94.4872323 -17.5860510   2.8459456   1.0135674  12.3499287 -23.9272537   1.0730334
  32.0000000   1.4561468  94.4852749 -17.5429097   2.8461205   1.0130859  12.4294480 -23.9451782   1.0746171
  33.0000000   1.4562794  94.4827030 -17.4996639   2.8462286   1.0139708  12.4478512 -23.9257691   1.0749065
  34.0000000   1.4563921  94.4852416 -17.4564680   2.8463752   1.0118989  12.5817788 -24.0166769   1.0772225
  35.0000000   1.4564712  94.4731784 -17.4113567   2.8461847   1.0119550  12.6363896 -23.9879029   1.0787715
  36.0000000   1.4565390  94.4620218 -17.3668084   2.8459423   1.0119262  12.6308045 -24.0372250   1.0781210
  37.0000000   1.4565826  94.4485411 -17.3223703   2.8455828   1.0125841  12.5428046 -24.0776931   1.0753797
  38.0000000   1.4566098  94.4384494 -17.2787675   2.8453553   1.0126241  12.5617377 -24.0437327   1.0758030
  39.0000000   1.4566472  94.4328451 -17.2361378   2.8452073   1.0126017  12.6167799 -23.9779649   1.0767152
  40.0000000   1.4567437  94.4425491 -17.1942742   2.8453129   1.0122752  12.7343993 -23.9441073   1.0787168
  41.0000000   1.4568166  94.4478140 -17.1522168   2.8452414   1.0125905  12.6877340 -24.0998397   1.0779018
  42.0000000   1.4568040  94.4390057 -17.1105101   2.8448747   1.0124322  12.6505111 -24.1781897   1.0767063
  43.0000000   1.4568357  94.4402088 -17.0698696   2.8447339   1.0125625  12.6453310 -24.2366008   1.0763392
  44.0000000   1.4568639  94.4433296 -17.0298029   2.8446278   1.0127252  12.6466453 -24.2545796   1.0762897
  45.0000000   1.4568787  94.4460713 -16.9898062   2.8445576   1.0130784  12.6771832 -24.2557513   1.0770597
  46.0000000   1.4569114  94.4554771 -16.9518445   2.8445798   1.0147991  12.7404177 -24.0920418   1.0797834
  47.0000000   1.4569411  94.4747638 -16.9159916   2.8447724   1.0130969  12.8024409 -24.2017611   1.0811189
  48.0000000   1.4569419  94.4796297 -16.8791814   2.8446525   1.0132497  12.8024936 -24.1732505   1.0812064
  49.0000000   1.4569475  94.4873616 -16.8428682   2.8445676   1.0132471  12.8023173 -24.1904072   1.0812046
  50.0000000   1.4569453  94.4942661 -16.8088471   2.8444608   1.0133110  12.7988814 -24.1815145   1.0811305
  51.0000000   1.4569408  94.5012902 -16.7761952   2.8444038   1.0132837  12.7979710 -24.1795826   1.0811402
  52.0000000   1.4569318  94.5066350 -16.7459499   2.8443702   1.0131738  12.7957143 -24.1840937   1.0810647
  53.0000000   1.4569220  94.5180266 -16.7105825   2.8444185   1.0131501  12.7935466 -24.1719124   1.0809879
  54.0000000   1.4569061  94.5289707 -16.6768487   2.8445048   1.0132046  12.7896927 -24.1699160   1.0808469
  55.0000000   1.4568930  94.5416055 -16.6434369   2.8446229   1.0133206  12.7797241 -24.1606327   1.0806814
  56.0000000   1.4568751  94.5555767 -16.6095677   2.8447674   1.0133724  12.7717280 -24.1460020   1.0805150
  57.0000000   1.4568582  94.5708427 -16.5766829   2.8449575   1.0133838  12.7668628 -24.1300671   1.0804261
  58.0000000   1.4568438  94.5866907 -16.5448346   2.8450705   1.0137216  12.7159389 -24.1180159   1.0793272
  59.0000000   1.4568300  94.6041436 -16.5165509   2.8452230   1.0136318  12.7203984 -24.1315626   1.0794241
  60.0000000   1.4568065  94.6203308 -16.4874619   2.8453742   1.0138280  12.7374390 -24.0660156   1.0801064
  61.0000000   1.4566976  94.6869185 -16.4715191   2.8463761   1.0138533  12.7283156 -24.0656817   1.0799513
  62.0000000   1.4566012  94.7514385 -16.4582555   2.8473216   1.0137041  12.7335701 -24.0673560   1.0800596
  63.0000000   1.4565114  94.8115043 -16.4474367   2.8481817   1.0133733  12.7156471 -24.1024803   1.0793923
  64.0000000   1.4564306  94.8699887 -16.4360349   2.8490519   1.0126524  12.7018012 -24.1760179   1.0786660
  65.0000000   1.4563434  94.9213951 -16.4247008   2.8497565   1.0122513  12.6885537 -24.2320740   1.0780886
  66.0000000   1.4562586  94.9694113 -16.4126512   2.8503974   1.0118211  12.6905844 -24.2580981   1.0779933
  67.0000000   1.4561777  95.0138064 -16.4010870   2.8509738   1.0115076  12.6887586 -24.2772542   1.0778137
  68.0000000   1.4560986  95.0553596 -16.3896602   2.8514926   1.0112318  12.6890295 -24.2933807   1.0776793
  69.0000000   1.4560215  95.0937922 -16.3786602   2.8519691   1.0110221  12.6854721 -24.3077602   1.0774905
  70.0000000   1.4559480  95.1303199 -16.3675974   2.8524217   1.0108752  12.6852439 -24.3113244   1.0773920
  71.0000000   1.4558748  95.1641317 -16.3581239   2.8528236   1.0107003  12.6828623 -24.3395854   1.0772601
  72.0000000   1.4558051  95.1962943 -16.3483900   2.8531938   1.0110733  12.6982424 -24.2762709   1.0779338
  73.0000000   1.4557480  95.2306385 -16.3402725   2.8536054   1.0107521  12.6864605 -24.3191564   1.0774411
  74.0000000   1.4556858  95.2611781 -16.3317839   2.8539659   1.0105975  12.6830471 -24.3359086   1.0772760
  75.0000000   1.4556260  95.2908124 -16.3227915   2.8542994   1.0104794  12.6821309 -24.3389771   1.0772021
  76.0000000   1.4555677  95.3185947 -16.3143218   2.8546084   1.0103818  12.6823469 -24.3404388   1.0771488
  77.0000000   1.4555115  95.3448657 -16.3065014   2.8548892   1.0102974  12.6805142 -24.3418234   1.0770795
  78.0000000   1.4554581  95.3700451 -16.2999271   2.8551496   1.0102376  12.6809914 -24.3611430   1.0770528
  79.0000000   1.4554062  95.3938662 -16.2935398   2.8553989   1.0101825  12.6799770 -24.3586925   1.0770126
  80.0000000   1.4553570  95.4172430 -16.2868740   2.8556326   1.0101233  12.6797189 -24.3547965   1.0769837
  81.0000000   1.4553101  95.4386901 -16.2817693   2.8558412   1.0100742  12.6792299 -24.3536152   1.0769514
  82.0000000   1.4552659  95.4591231 -16.2771131   2.8560514   1.0100375  12.6791189 -24.3484114   1.0769330
  83.0000000   1.4552237  95.4786708 -16.2735706   2.8562663   1.0100116  12.6792756 -24.3425367   1.0769273
  84.0000000   1.4551831  95.5001770 -16.2676258   2.8564902   1.0099854  12.6791820 -24.3385493   1.0769147
  85.0000000   1.4551443  95.5207090 -16.2623166   2.8566985   1.0099503  12.6795988 -24.3377935   1.0769091
  86.0000000   1.4551079  95.5404692 -16.2579931   2.8568953   1.0099472  12.6815011 -24.3414912   1.0769379
  87.0000000   1.4550713  95.5591886 -16.2543336   2.8570735   1.0099430  12.6829492 -24.3259554   1.0769600
  88.0000000   1.4550350  95.5768981 -16.2510796   2.8572355   1.0099395  12.6836529 -24.3070018   1.0769748
  89.0000000   1.4549988  95.5934988 -16.2487463   2.8573806   1.0099212  12.6838431 -24.2969441   1.0769748
  90.0000000   1.4549641  95.6089369 -16.2473084   2.8575096   1.0099031  12.6850638 -24.2861708   1.0769861
  91.0000000   1.4549306  95.6239183 -16.2461010   2.8576301   1.0098770  12.6858272 -24.2821863   1.0769851
  92.0000000   1.4548992  95.6384394 -16.2455498   2.8577445   1.0098699  12.6855590 -24.2736528   1.0769806
  93.0000000   1.4548688  95.6523782 -16.2452024   2.8578510   1.0098544  12.6868962 -24.2632755   1.0769916
  94.0000000   1.4548397  95.6654793 -16.2455872   2.8579478   1.0098329  12.6881998 -24.2609472   1.0769953
  95.0000000   1.4548127  95.6783602 -16.2461988   2.8580420   1.0098198  12.6898603 -24.2599891   1.0770075
  96.0000000   1.4547869  95.6909913 -16.2476185   2.8581327   1.0098099  12.6920770 -24.2561790   1.0770259
  97.0000000   1.4547624  95.7027452 -16.2490743   2.8582133   1.0097981  12.6933357 -24.2542705   1.0770330
  98.0000000   1.4547393  95.7146327 -16.2509365   2.8582971   1.0097891  12.6949426 -24.2513652   1.0770461
  99.0000000   1.4547173  95.7262323 -16.2524369   2.8583770   1.0097940  12.6965045 -24.2438306   1.0770662
 100.0000000   1.4546957  95.7374614 -16.2539209   2.8584567   1.0097867  12.7015672 -24.2360910   1.0771625
 101.0000000   1.4546750  95.7485895 -16.2560529   2.8585344   1.0098119  12.7042806 -24.2403598   1.0772278
 102.0000000   1.4546550  95.7593705 -16.2583464   2.8586090   1.0097906  12.7062291 -24.2318022   1.0772732
 103.0000000   1.4546354  95.7694300 -16.2609061   2.8586747   1.0097905  12.7073533 -24.2268374   1.0772829
 104.0000000   1.4546170  95.7798127 -16.2630899   2.8587444   1.0097932  12.7062180 -24.2205451   1.0772804
 105.0000000   1.4545987  95.7897575 -16.2653522   2.8588067   1.0097820  12.7065489 -24.2120403   1.0772833
 106.0000000   1.4545814  95.7993908 -16.2678923   2.8588679   1.0097887  12.7071808 -24.2055696   1.0773009
 107.0000000   1.4545651  95.8092555 -16.2702484   2.8589329   1.0098694  12.7004604 -24.1678313   1.0772415
 108.0000000   1.4545471  95.8187690 -16.2727067   2.8589973   1.0097938  12.7008187 -24.1648586   1.0772337
 109.0000000   1.4545324  95.8279815 -16.2755140   2.8590576   1.0103419  12.7195458 -24.0931905   1.0780868
 110.0000000   1.4545300  95.8415810 -16.2792664   2.8592027   1.0103769  12.7170449 -24.0995854   1.0780405
 111.0000000   1.4545259  95.8553385 -16.2824741   2.8593530   1.0102754  12.7232465 -24.1083859   1.0781812
 112.0000000   1.4545175  95.8673518 -16.2855685   2.8594704   1.0102489  12.7208419 -24.1167724   1.0780841
 113.0000000   1.4545075  95.8791624 -16.2878579   2.8595832   1.0102004  12.7206037 -24.1213026   1.0780670
 114.0000000   1.4544960  95.8901869 -16.2901543   2.8596794   1.0101694  12.7185012 -24.1133546   1.0780299
 115.0000000   1.4544836  95.9011736 -16.2918376   2.8597687   1.0101473  12.7148108 -24.1017182   1.0779798
 116.0000000   1.4544713  95.9116405 -16.2935930   2.8598497   1.0101502  12.7066620 -24.0645287   1.0778986
 117.0000000   1.4544578  95.9216637 -16.2954116   2.8599225   1.0100885  12.7042826 -24.0595104   1.0778425
 118.0000000   1.4544474  95.9317885 -16.2971530   2.8599908   1.0100628  12.7038429 -24.0620183   1.0778214
 119.0000000   1.4544382  95.9416144 -16.2982450   2.8600700   1.0100469  12.7040918 -24.0642781   1.0778136
 120.0000000   1.4541704  96.0104893 -16.7380735   2.8604497   1.0101239  12.7329261 -24.2328772   1.0777423
