 date d_e_o v_e cost mass
 120.0000000   0.0000000  10.4188024  17.3651485   0.0066204
 120.0000000   0.0000000  10.4188024  17.3651485   0.0252585
 120.0000000   0.0000000  10.4188024  17.3651485   0.0627055
 120.0000000   0.0000000  10.4188024  17.3651485   0.1101184
 120.0000000   0.0000000  10.4188024  17.3651485   0.1462289
 120.0000000   0.0000000  10.4188024  17.3651485   0.1548479
 120.0000000   0.0000000  10.4188024  17.3651485   0.1368894
 120.0000000   0.0000000  10.4188024  17.3651485   0.1055528
 120.0000000   0.0000000  10.4188024  17.3651485   0.0740043
 120.0000000   0.0000000  11.0541870  17.3651485   0.0487724
 120.0000000   0.0000000  12.5838480  17.3651485   0.0308169
 120.0000000   0.0000000  14.2381987  17.3651485   0.0187483
 120.0000000   0.0000000  15.6391503  17.3651485   0.0107776
 120.0000000   0.0000000  16.5962003  17.3651485   0.0054839
 120.0000000   0.0000000  17.0748902  17.3651485   0.0020358
 120.0000000   0.0000000  17.1803251  17.3651485   0.0004540
 120.0000000   0.0000000  17.2100915  17.3651485   0.0005596
 120.0000000   0.0000000  17.3495996  17.3651485   0.0014251
 120.0000000   1.0000000  17.6520337  17.3651485   0.0025082
 120.0000000   1.0000000  18.1664873  17.3651485   0.0036783
 120.0000000   1.0000000  18.9486465  17.3651485   0.0048116
 120.0000000   1.0000000  20.0672363  17.3651485   0.0057817
 120.0000000   1.0000000  21.6092185  17.3651485   0.0064677
 120.0000000   1.0000000  23.6836618  17.3651485   0.0067727
 120.0000000   1.0000000  26.4260317  17.3651485   0.0066463
 120.0000000   1.0000000  29.9904041  17.3651485   0.0061037
 120.0000000   1.0000000  34.5458781  17.3651485   0.0052294
 120.0000000   1.0000000  40.1790195  17.3651485   0.0041594
 120.0000000   1.0000000  46.8420252  17.3651485   0.0030418
 120.0000000   1.0000000  54.1885500  17.3651485   0.0019854
 120.0000000   1.0000000  61.2166247  17.3651485   0.0015141
