 ieps grid_eps grid_z put_eps grid_eps_original cut_off_data
   1.0000000   0.3247236   1.0000000   0.0066204   0.8307244   0.1691876   0.0000880   0.0000000   0.0000000   0.0000000   0.0000000   0.0000000   0.0000000   0.0000000   0.0000000   0.0000000   0.0000000   0.0000000   0.0000000   0.0000000   0.0000000   0.0000000   0.0000000   0.0000000   0.0000000   0.0000000   0.0000000   0.0000000   0.0000000   0.0000000   0.0000000   0.0000000   0.0000000   0.0000000   0.0000000   0.3608578   1.7722886
   2.0000000   0.4178477   1.0000000   0.0252585   0.0443471   0.7767392   0.1785818   0.0003319   0.0000000   0.0000000   0.0000000   0.0000000   0.0000000   0.0000000   0.0000000   0.0000000   0.0000000   0.0000000   0.0000000   0.0000000   0.0000000   0.0000000   0.0000000   0.0000000   0.0000000   0.0000000   0.0000000   0.0000000   0.0000000   0.0000000   0.0000000   0.0000000   0.0000000   0.0000000   0.0000000   0.4643445   1.7722886
   3.0000000   0.5240758   1.0000000   0.0627055   0.0000083   0.0719174   0.7377432   0.1892420   0.0010889   0.0000002   0.0000000   0.0000000   0.0000000   0.0000000   0.0000000   0.0000000   0.0000000   0.0000000   0.0000000   0.0000000   0.0000000   0.0000000   0.0000000   0.0000000   0.0000000   0.0000000   0.0000000   0.0000000   0.0000000   0.0000000   0.0000000   0.0000000   0.0000000   0.0000000   0.0000000   0.5823934   1.7722886
   4.0000000   0.6412791   1.0000000   0.1101184   0.0000000   0.0000866   0.1075687   0.6888290   0.2003958   0.0031163   0.0000036   0.0000000   0.0000000   0.0000000   0.0000000   0.0000000   0.0000000   0.0000000   0.0000000   0.0000000   0.0000000   0.0000000   0.0000000   0.0000000   0.0000000   0.0000000   0.0000000   0.0000000   0.0000000   0.0000000   0.0000000   0.0000000   0.0000000   0.0000000   0.0000000   0.7126387   1.7722886
   5.0000000   0.7662981   1.0000000   0.1462289   0.0000000   0.0000000   0.0006041   0.1499819   0.6309854   0.2105878   0.0077930   0.0000476   0.0000001   0.0000000   0.0000000   0.0000000   0.0000000   0.0000000   0.0000000   0.0000000   0.0000000   0.0000000   0.0000000   0.0000000   0.0000000   0.0000000   0.0000000   0.0000000   0.0000000   0.0000000   0.0000000   0.0000000   0.0000000   0.0000000   0.0000000   0.8515694   1.7722886
   6.0000000   0.8951276   1.0000000   0.1548479   0.0000000   0.0000000   0.0000002   0.0029574   0.1960243   0.5660273   0.2175839   0.0169904   0.0004105   0.0000060   0.0000001   0.0000000   0.0000000   0.0000000   0.0000000   0.0000000   0.0000000   0.0000000   0.0000000   0.0000000   0.0000000   0.0000000   0.0000000   0.0000000   0.0000000   0.0000000   0.0000000   0.0000000   0.0000000   0.0000000   0.0000000   0.9947348   1.7722886
   7.0000000   1.0232179   1.0000000   0.1368894   0.0000000   0.0000000   0.0000000   0.0000081   0.0106271   0.2400295   0.4962654   0.2186340   0.0319787   0.0023127   0.0001339   0.0000094   0.0000010   0.0000002   0.0000000   0.0000000   0.0000000   0.0000000   0.0000000   0.0000000   0.0000000   0.0000000   0.0000000   0.0000000   0.0000000   0.0000000   0.0000000   0.0000000   0.0000000   0.0000000   0.0000000   1.1370785   1.7722886
   8.0000000   1.1458566   1.0000000   0.1055528   0.0000000   0.0000000   0.0000000   0.0000000   0.0001543   0.0292314   0.2739814   0.4241666   0.2111517   0.0511307   0.0084791   0.0013312   0.0002491   0.0000591   0.0000148   0.0000029   0.0000034   0.0000077   0.0000107   0.0000108   0.0000081   0.0000045   0.0000017   0.0000005   0.0000001   0.0000000   0.0000000   0.0000000   0.0000000   0.0000000   0.0000000   1.2733641   1.7722886
   9.0000000   1.2585839   1.0000000   0.0740043   0.0000000   0.0000000   0.0000000   0.0000000   0.0000012   0.0015736   0.0636365   0.2898014   0.3520877   0.1935938   0.0683104   0.0200859   0.0059262   0.0018669   0.0005365   0.0001094   0.0001299   0.0003072   0.0004643   0.0005274   0.0004683   0.0003234   0.0001685   0.0000630   0.0000158   0.0000025   0.0000002   0.0000000   0.0000000   0.0000000   0.0000000   1.3986353   1.7722886
  10.0000000   1.3575873   1.0000000   0.0487724   0.0000000   0.0000000   0.0000000   0.0000000   0.0000000   0.0000627   0.0092701   0.1117248   0.2828261   0.2821216   0.1661545   0.0751581   0.0307481   0.0119630   0.0038226   0.0008079   0.0009736   0.0023702   0.0037980   0.0047445   0.0048375   0.0040240   0.0026594   0.0013325   0.0004742   0.0001104   0.0000152   0.0000011   0.0000000   0.0000000   0.0000000   1.5086555   1.7722886
  11.0000000   1.4400306   1.0000000   0.0308169   0.0000000   0.0000000   0.0000000   0.0000000   0.0000000   0.0000030   0.0012320   0.0339431   0.1595710   0.2539333   0.2160537   0.1309662   0.0667085   0.0299406   0.0102903   0.0022299   0.0027153   0.0067462   0.0112674   0.0150686   0.0169846   0.0162139   0.0128287   0.0080578   0.0037699   0.0012087   0.0002399   0.0000262   0.0000014   0.0000000   0.0000000   1.6002729   1.7722886
  12.0000000   1.5042852   1.0000000   0.0187483   0.0000000   0.0000000   0.0000000   0.0000000   0.0000000   0.0000002   0.0002038   0.0106167   0.0816340   0.1871166   0.2089347   0.1554145   0.0917701   0.0452853   0.0163322   0.0035986   0.0044120   0.0111116   0.0190789   0.0267062   0.0321991   0.0337409   0.0302114   0.0222424   0.0126786   0.0051519   0.0013453   0.0001998   0.0000147   0.0000005   0.0000000   1.6716776   1.7722886
  13.0000000   1.5500567   1.0000000   0.0107776   0.0000000   0.0000000   0.0000000   0.0000000   0.0000000   0.0000000   0.0000509   0.0041305   0.0451802   0.1348524   0.1824851   0.1560626   0.1016192   0.0533307   0.0198398   0.0044184   0.0054412   0.0138242   0.0241626   0.0348269   0.0438383   0.0487531   0.0472430   0.0385284   0.0249960   0.0119068   0.0037522   0.0006905   0.0000644   0.0000026   0.0000000   1.7225423   1.7722886
  14.0000000   1.5784295   1.0000000   0.0054839   0.0000000   0.0000000   0.0000000   0.0000000   0.0000000   0.0000000   0.0000207   0.0021989   0.0299012   0.1053079   0.1606535   0.1496320   0.1033215   0.0562390   0.0213072   0.0047752   0.0058958   0.0150564   0.0265928   0.0389917   0.0503285   0.0579357   0.0587635   0.0508389   0.0355554   0.0185966   0.0065581   0.0013741   0.0001481   0.0000070   0.0000001   1.7540724   1.7722886
  15.0000000   1.5919115   1.0000000   0.0020358   0.0000000   0.0000000   0.0000000   0.0000000   0.0000000   0.0000000   0.0000134   0.0016110   0.0242818   0.0925487   0.1495159   0.1450076   0.1029249   0.0569839   0.0217732   0.0048938   0.0060496   0.0154862   0.0274845   0.0406196   0.0530404   0.0620335   0.0642491   0.0571046   0.0413324   0.0225674   0.0083849   0.0018671   0.0002155   0.0000110   0.0000002   1.7690547   1.7722886
  16.0000000   1.5948216   1.0000000   0.0004540   0.0000000   0.0000000   0.0000000   0.0000000   0.0000000   0.0000000   0.0000122   0.0015049   0.0231916   0.0899165   0.1470764   0.1438926   0.1027404   0.0570895   0.0218532   0.0049149   0.0060771   0.0155647   0.0276525   0.0409373   0.0535875   0.0628856   0.0654223   0.0584819   0.0426394   0.0234950   0.0088275   0.0019914   0.0002332   0.0000120   0.0000002   1.7722886   1.7722886
  17.0000000   1.5956399   1.0000000   0.0005596   0.0000000   0.0000000   0.0000000   0.0000000   0.0000000   0.0000000   0.0000118   0.0014763   0.0228926   0.0891844   0.1463889   0.1435720   0.1026823   0.0571157   0.0218744   0.0049205   0.0060845   0.0155859   0.0276982   0.0410243   0.0537387   0.0631230   0.0657512   0.0588705   0.0430105   0.0237604   0.0089552   0.0020276   0.0002384   0.0000124   0.0000002   1.7731979   1.7722886
  18.0000000   1.5994561   1.0000000   0.0014251   0.0000000   0.0000000   0.0000000   0.0000000   0.0000000   0.0000000   0.0000104   0.0013493   0.0215399   0.0858172   0.1431750   0.1420373   0.1023756   0.0572173   0.0219653   0.0049450   0.0061169   0.0156792   0.0279017   0.0414172   0.0544287   0.0642159   0.0672787   0.0606895   0.0447626   0.0250247   0.0095700   0.0022041   0.0002642   0.0000140   0.0000003   1.7774387   1.7722886
  19.0000000   1.6076252   1.0000000   0.0025082   0.0000000   0.0000000   0.0000000   0.0000000   0.0000000   0.0000000   0.0000080   0.0011109   0.0188687   0.0788733   0.1362693   0.1385431   0.1015254   0.0573219   0.0221169   0.0049877   0.0061742   0.0158486   0.0282845   0.0421835   0.0558172   0.0664735   0.0705056   0.0646142   0.0486253   0.0278792   0.0109963   0.0026262   0.0003279   0.0000182   0.0000004   1.7865169   1.7722886
  20.0000000   1.6212160   1.0000000   0.0036783   0.0000000   0.0000000   0.0000000   0.0000000   0.0000000   0.0000000   0.0000051   0.0007994   0.0150466   0.0681353   0.1247914   0.1321652   0.0995505   0.0571593   0.0222387   0.0050296   0.0062334   0.0160381   0.0287587   0.0432240   0.0578424   0.0699515   0.0757027   0.0711920   0.0553613   0.0330771   0.0137246   0.0034800   0.0004650   0.0000278   0.0000006   1.8016200   1.7722886
  21.0000000   1.6412152   1.0000000   0.0048116   0.0000000   0.0000000   0.0000000   0.0000000   0.0000000   0.0000000   0.0000026   0.0004865   0.0106389   0.0542002   0.1082272   0.1217507   0.0954807   0.0561842   0.0221261   0.0050250   0.0062384   0.0161058   0.0290800   0.0442009   0.0601228   0.0743384   0.0828113   0.0808100   0.0658528   0.0417326   0.0186236   0.0051499   0.0007595   0.0000506   0.0000013   1.8238447   1.7722886
  22.0000000   1.6686169   1.0000000   0.0057817   0.0000000   0.0000000   0.0000000   0.0000000   0.0000000   0.0000000   0.0000010   0.0002407   0.0064499   0.0386105   0.0868703   0.1062081   0.0880230   0.0535541   0.0214399   0.0048966   0.0060932   0.0158039   0.0288021   0.0444472   0.0617991   0.0787108   0.0911221   0.0933744   0.0809254   0.0554113   0.0272252   0.0084534   0.0014244   0.0001100   0.0000033   1.8542956   1.7722886
  23.0000000   1.7044838   1.0000000   0.0064677   0.0000000   0.0000000   0.0000000   0.0000000   0.0000000   0.0000000   0.0000003   0.0000922   0.0032098   0.0237050   0.0624387   0.0852357   0.0759678   0.0482786   0.0197452   0.0045427   0.0056699   0.0147942   0.0272897   0.0429461   0.0614208   0.0812505   0.0987652   0.1076152   0.1007011   0.0758917   0.0420279   0.0151020   0.0030175   0.0002819   0.0000103   1.8941536   1.7722886
  24.0000000   1.7500015   1.0000000   0.0067727   0.0000000   0.0000000   0.0000000   0.0000000   0.0000000   0.0000000   0.0000001   0.0000258   0.0012395   0.0119088   0.0383595   0.0603687   0.0590781   0.0396941   0.0166810   0.0038735   0.0048532   0.0127600   0.0239004   0.0385541   0.0571281   0.0792249   0.1022725   0.1200849   0.1232102   0.1040607   0.0664146   0.0284384   0.0070012   0.0008284   0.0000394   1.9447364   1.7722886
  25.0000000   1.8065338   1.0000000   0.0066463   0.0000000   0.0000000   0.0000000   0.0000000   0.0000000   0.0000000   0.0000000   0.0000049   0.0003460   0.0045718   0.0188928   0.0355834   0.0392127   0.0282698   0.0122938   0.0028883   0.0036364   0.0096529   0.0184324   0.0306703   0.0474983   0.0698251   0.0969983   0.1245818   0.1424757   0.1372854   0.1030631   0.0539864   0.0169856   0.0026700   0.0001750   2.0075594   1.7722886
  26.0000000   1.8756823   1.0000000   0.0061037   0.0000000   0.0000000   0.0000000   0.0000000   0.0000000   0.0000000   0.0000000   0.0000006   0.0000639   0.0012297   0.0068503   0.0160962   0.0205839   0.0162171   0.0073633   0.0017556   0.0022240   0.0059757   0.0116922   0.0202310   0.0331153   0.0523394   0.0795496   0.1138210   0.1478895   0.1657413   0.1492315   0.0977627   0.0405502   0.0088640   0.0008520   2.0844026   1.7722886
  27.0000000   1.9593576   1.0000000   0.0052294   0.0000000   0.0000000   0.0000000   0.0000000   0.0000000   0.0000000   0.0000000   0.0000000   0.0000070   0.0002084   0.0016419   0.0050184   0.0076969   0.0067713   0.0032453   0.0007883   0.0010064   0.0027460   0.0055416   0.0100764   0.0176925   0.0306379   0.0520944   0.0850859   0.1287719   0.1719011   0.1896770   0.1584892   0.0886976   0.0279939   0.0042106   2.1773890   1.7722886
  28.0000000   2.0598632   1.0000000   0.0041594   0.0000000   0.0000000   0.0000000   0.0000000   0.0000000   0.0000000   0.0000000   0.0000000   0.0000004   0.0000196   0.0002286   0.0009440   0.0017912   0.0017985   0.0009206   0.0002288   0.0002949   0.0008202   0.0017204   0.0033290   0.0063860   0.0124154   0.0243360   0.0469436   0.0857373   0.1410056   0.1963218   0.2140652   0.1645929   0.0768386   0.0192612   2.2890785   1.7722886
  29.0000000   2.1800003   1.0000000   0.0030418   0.0000000   0.0000000   0.0000000   0.0000000   0.0000000   0.0000000   0.0000000   0.0000000   0.0000000   0.0000009   0.0000159   0.0000918   0.0002211   0.0002581   0.0001425   0.0000364   0.0000474   0.0001349   0.0002963   0.0006179   0.0013196   0.0029585   0.0069285   0.0164999   0.0382359   0.0815016   0.1498340   0.2208640   0.2386721   0.1672162   0.0741061   2.4225841   1.7722886
  30.0000000   2.3231991   1.0000000   0.0019854   0.0000000   0.0000000   0.0000000   0.0000000   0.0000000   0.0000000   0.0000000   0.0000000   0.0000000   0.0000000   0.0000005   0.0000039   0.0000121   0.0000167   0.0000100   0.0000026   0.0000035   0.0000102   0.0000235   0.0000533   0.0001287   0.0003406   0.0009848   0.0030314   0.0094637   0.0280483   0.0731036   0.1547998   0.2452557   0.2632461   0.2214611   2.5817176   1.7722886
  31.0000000   2.4936858   1.0000000   0.0015141   0.0000000   0.0000000   0.0000000   0.0000000   0.0000000   0.0000000   0.0000000   0.0000000   0.0000000   0.0000000   0.0000000   0.0000001   0.0000002   0.0000004   0.0000003   0.0000001   0.0000001   0.0000003   0.0000007   0.0000017   0.0000048   0.0000153   0.0000561   0.0002315   0.0010258   0.0045506   0.0184528   0.0618518   0.1557274   0.2692494   0.4888305   2.7711756   1.7722886
