 t z psi theta tau_a f_e f_o tau_x tau_l C H B r w div entry mass rgdp rinv firm
 s_constrained exit exit_b
 avg_firm_size labor_share std_dev_growth_emp std_dev_growth_sales debt capital 
 ngdp ninv exdem psi_c collat_binding
   1.0000000   1.0000000   2.0465789   0.3887792   0.0032343   1.0000000   0.7913578   0.0000000   0.0000000   2.6494715   1.0147280  -5.9410000   0.0101010   2.0615948   0.5983467   0.0092121   0.3457272   3.2523463   0.6031790  -1.0000000   0.0092119   0.0000000   2.8588776   0.6432150   0.0000000   0.0000000  -5.7437424  34.0778955   3.2523463   0.6031790   0.0003043   1.0000000   0.0000000
   2.0000000   1.0000000   2.0465789   0.1912407   0.0032343   1.0000000   0.7913578   0.0000000   0.0000000   2.6695271   1.0140507  -5.9410000   0.0101010   2.0608886   0.4068853   0.0088184   0.3457272   3.2512536   0.5817265  -1.0000000   0.0092135   0.0000000   2.8601422   0.6427829   0.0000000   0.0000000  -5.7437424  34.0718717   3.2512474   0.5817202   0.0000000   1.0000000   0.0000000
   3.0000000   1.0000000   2.0465789   0.2157716   0.0032343   1.0000000   0.7913578   0.0000000   0.0000000   2.6091090   0.9950190  -6.0639964  -0.0062888   2.0415399   0.5284939   0.0088184   0.3453322   3.1542421   0.5451331  -1.0000000   0.0136175   0.0000000   2.8089914   0.6439106   0.0000000   0.0000000  -3.5318962  33.9998636   3.1540652   0.5449562   0.0000000   1.0000000   0.0000000
   4.0000000   1.0000000   2.0465789   0.2372562   0.0032343   1.0000000   0.7913578   0.0000000   0.0000000   2.5999794   0.9923561  -6.1407225   0.0062494   2.0388500   0.5590715   0.0088184   0.3405331   3.1421517   0.5421723  -1.0000000   0.0098821   0.0000000   2.8403353   0.6438996   0.0000000   0.0000000  -3.2945277  33.9447970   3.1419511   0.5419717   0.0000000   1.0000000   0.0000000
   5.0000000   1.0000000   2.0465789   0.2560727   0.0032343   1.0000000   0.7913578   0.0000000   0.0000000   2.5970800   0.9923388  -6.1975830   0.0081615   2.0387706   0.5777559   0.0088184   0.3394695   3.1440714   0.5469914  -1.0000000   0.0094305   0.0000000   2.8490449   0.6434895   0.0000000   0.0000000  -3.3869902  33.8848202   3.1438701   0.5467901   0.0000000   1.0000000   0.0000000
   6.0000000   1.0000000   2.0465789   0.2725526   0.0032343   1.0000000   0.7913578   0.0000000   0.0000000   2.5968346   0.9931159  -6.2363572   0.0087491   2.0394632   0.5816078   0.0088184   0.3388574   3.1488665   0.5520320  -1.0000000   0.0089157   0.0000000   2.8563213   0.6432357   0.0000000   0.0000000  -3.5518723  33.8312800   3.1486714   0.5518368   0.0000000   1.0000000   0.0000000
   7.0000000   1.0000000   2.0465789   0.2869859   0.0032343   1.0000000   0.7913578   0.0000000   0.0000000   2.5973747   0.9945600  -6.2702302   0.0090342   2.0408193   0.5832739   0.0092121   0.3387602   3.1549688   0.5575941  -1.0000000   0.0088118   0.0000000   2.8580676   0.6433583   0.0000000   0.0000000  -3.7318084  33.7918270   3.1547774   0.5574027   0.0000000   1.0000000   0.0000000
   8.0000000   1.0000000   2.0465789   0.2996269   0.0032343   1.0000000   0.7913578   0.0000000   0.0000000   2.5995814   0.9954457  -6.2998366   0.0092712   2.0417373   0.5926386   0.0092121   0.3391605   3.1596425   0.5600611  -1.0000000   0.0090351   0.0000000   2.8571985   0.6432375   0.0000000   0.0000000  -3.9105971  33.7520292   3.1594596   0.5598782   0.0000000   1.0000000   0.0000000
   9.0000000   1.0000000   2.0465789   0.3106981   0.0032343   1.0000000   0.7913578   0.0000000   0.0000000   2.5998619   0.9963830  -6.3201326   0.0094208   2.0425772   0.5968729   0.0092121   0.3393374   3.1642837   0.5644219  -1.0000000   0.0089944   0.0000000   2.8585416   0.6431852   0.0000000   0.0000000  -4.0792504  33.7145322   3.1641085   0.5642467   0.0000000   1.0000000   0.0000000
  10.0000000   1.0000000   2.0465789   0.3203944   0.0032343   1.0000000   0.7913578   0.0000000   0.0000000   2.6010416   0.9973787  -6.3340335   0.0095314   2.0435503   0.5975139   0.0092121   0.3395551   3.1689120   0.5678704  -1.0000000   0.0088568   0.0000000   2.8596291   0.6431958   0.0000000   0.0000000  -4.2362569  33.6816956   3.1687458   0.5677042   0.0000000   1.0000000   0.0000000
  11.0000000   1.0000000   2.0465789   0.3288866   0.0032343   1.0000000   0.7913578   0.0000000   0.0000000   2.6017924   0.9981129  -6.3460467   0.0096810   2.0442957   0.6015953   0.0092121   0.3399103   3.1727098   0.5709174  -1.0000000   0.0090482   0.0000000   2.8588261   0.6431327   0.0000000   0.0000000  -4.3805046  33.6536992   3.1725504   0.5707580   0.0000000   1.0000000   0.0000000
  12.0000000   1.0000000   2.0465789   0.3363242   0.0032343   1.0000000   0.7913578   0.0000000   0.0000000   2.6036641   0.9994243  -6.3522578   0.0097009   2.0455537   0.5967205   0.0094357   0.3400741   3.1774812   0.5738171  -1.0000000   0.0087442   0.0000000   2.8594229   0.6434079   0.0000000   0.0000000  -4.5076020  33.6317198   3.1773299   0.5736657   0.0000000   1.0000000   0.0000000
  13.0000000   1.0000000   2.0465789   0.3428382   0.0032343   1.0000000   0.7913578   0.0000000   0.0000000   2.6048351   1.0002418  -6.3617742   0.0098256   2.0464391   0.5998864   0.0094357   0.3407656   3.1809455   0.5761104  -1.0000000   0.0090069   0.0000000   2.8561124   0.6435099   0.0000000   0.0000000  -4.6227864  33.6102665   3.1808025   0.5759674   0.0000000   1.0000000   0.0000000
  14.0000000   1.0000000   2.0465789   0.3485433   0.0032343   1.0000000   0.7913578   0.0000000   0.0000000   2.6059516   1.0010706  -6.3667436   0.0098720   2.0472310   0.6002196   0.0094357   0.3411945   3.1843967   0.5784451  -1.0000000   0.0090300   0.0000000   2.8549903   0.6435941   0.0000000   0.0000000  -4.7254925  33.5899159   3.1842612   0.5783095   0.0000000   1.0000000   0.0000000
  15.0000000   1.0000000   2.0465789   0.3535399   0.0032343   1.0000000   0.7913578   0.0000000   0.0000000   2.6067667   1.0016797  -6.3699990   0.0099128   2.0478557   0.6026402   0.0094357   0.3416001   3.1872544   0.5804877  -1.0000000   0.0092107   0.0000000   2.8534287   0.6436041   0.0000000   0.0000000  -4.8167298  33.5723778   3.1871248   0.5803580   0.0000000   1.0000000   0.0000000
  16.0000000   1.0000000   2.0465789   0.3579160   0.0032343   1.0000000   0.7913578   0.0000000   0.0000000   2.6078445   1.0024414  -6.3698947   0.0099748   2.0486335   0.6018482   0.0094357   0.3418251   3.1903260   0.5824815  -1.0000000   0.0090109   0.0000000   2.8537690   0.6437162   0.0000000   0.0000000  -4.8994625  33.5569534   3.1902037   0.5823592   0.0000000   1.0000000   0.0000000
  17.0000000   1.0000000   2.0465789   0.3617487   0.0032343   1.0000000   0.7913578   0.0000000   0.0000000   2.6089137   1.0031536  -6.3692650   0.0100055   2.0493689   0.6025255   0.0094357   0.3422500   3.1932501   0.5843365  -1.0000000   0.0090495   0.0000000   2.8523478   0.6438135   0.0000000   0.0000000  -4.9741288  33.5436438   3.1931348   0.5842211   0.0000000   1.0000000   0.0000000
  18.0000000   1.0000000   2.0465789   0.3651054   0.0032343   1.0000000   0.7913578   0.0000000   0.0000000   2.6097469   1.0037980  -6.3669133   0.0100563   2.0500494   0.6022308   0.0094357   0.3426361   3.1956721   0.5859252  -1.0000000   0.0090149   0.0000000   2.8510516   0.6439517   0.0000000   0.0000000  -5.0391897  33.5338671   3.1955632   0.5858162   0.0000000   1.0000000   0.0000000
  19.0000000   1.0000000   2.0465789   0.3680453   0.0032343   1.0000000   0.7913578   0.0000000   0.0000000   2.6106657   1.0043850  -6.3635719   0.0100740   2.0506703   0.6032680   0.0094357   0.3430569   3.1981412   0.5874755  -1.0000000   0.0091272   0.0000000   2.8493096   0.6440237   0.0000000   0.0000000  -5.0983462  33.5242782   3.1980381   0.5873724   0.0000000   1.0000000   0.0000000
  20.0000000   1.0000000   2.0465789   0.3706201   0.0032343   1.0000000   0.7913578   0.0000000   0.0000000   2.6116045   1.0049670  -6.3582430   0.0101032   2.0512890   0.6037248   0.0094357   0.3433654   3.2004603   0.5888558  -1.0000000   0.0090912   0.0000000   2.8484688   0.6441232   0.0000000   0.0000000  -5.1512266  33.5168291   3.2003631   0.5887586   0.0000000   1.0000000   0.0000000
  21.0000000   1.0000000   2.0465789   0.3728752   0.0032343   1.0000000   0.7913578   0.0000000   0.0000000   2.6114387   1.0055418  -6.3515506   0.0101339   2.0518873   0.6026454   0.0094357   0.3437099   3.2026951   0.5912564  -1.0000000   0.0090849   0.0000000   2.8473143   0.6442280   0.0000000   0.0000000  -5.1988892  33.5108424   3.2026035   0.5911648   0.0000000   1.0000000   0.0000000
  22.0000000   1.0000000   2.0465789   0.3748502   0.0032343   1.0000000   0.7913578   0.0000000   0.0000000   2.6141510   1.0061632  -6.3437922   0.0101363   2.0525027   0.6022612   0.0094357   0.3440607   3.2049600   0.5908091  -1.0000000   0.0090269   0.0000000   2.8460172   0.6443106   0.0000000   0.0000000  -5.2409849  33.5072663   3.2048742   0.5907233   0.0000000   1.0000000   0.0000000
  23.0000000   1.0000000   2.0465789   0.3765799   0.0032343   1.0000000   0.7913578   0.0000000   0.0000000   2.6143730   1.0065334  -6.3371853   0.0101583   2.0529428   0.6048409   0.0094357   0.3444696   3.2067024   0.5923294  -1.0000000   0.0092721   0.0000000   2.8438770   0.6443578   0.0000000   0.0000000  -5.2783940  33.5027854   3.2066208   0.5922478   0.0000000   1.0000000   0.0000000
  24.0000000   1.0000000   2.0465789   0.3780949   0.0032343   1.0000000   0.7913578   0.0000000   0.0000000   2.6145299   1.0068286  -6.3267660   0.0101522   2.0533041   0.6050626   0.0094357   0.3446332   3.2082900   0.5937600  -1.0000000   0.0093574   0.0000000   2.8434424   0.6443509   0.0000000   0.0000000  -5.3120678  33.4992538   3.2082118   0.5936818   0.0000000   1.0000000   0.0000000
  25.0000000   1.0000000   2.0465789   0.3794217   0.0032343   1.0000000   0.7913578   0.0000000   0.0000000   2.6150675   1.0071423  -6.3151931   0.0101681   2.0536699   0.6049367   0.0094357   0.3447115   3.2099007   0.5948332  -1.0000000   0.0093386   0.0000000   2.8437111   0.6443450   0.0000000   0.0000000  -5.3434367  33.4973920   3.2098259   0.5947584   0.0000000   1.0000000   0.0000000
  26.0000000   1.0000000   2.0465789   0.3805837   0.0032343   1.0000000   0.7913578   0.0000000   0.0000000   2.6154228   1.0074664  -6.3031159   0.0101771   2.0540350   0.6037715   0.0094357   0.3448085   3.2113997   0.5959769  -1.0000000   0.0092937   0.0000000   2.8438536   0.6443668   0.0000000   0.0000000  -5.3710758  33.4969186   3.2113283   0.5959056   0.0000000   1.0000000   0.0000000
  27.0000000   1.0000000   2.0465789   0.3816015   0.0032343   1.0000000   0.7913578   0.0000000   0.0000000   2.6157558   1.0076318  -6.2913501   0.0101811   2.0542573   0.6059631   0.0094357   0.3449506   3.2125495   0.5967937  -1.0000000   0.0094575   0.0000000   2.8431832   0.6443118   0.0000000   0.0000000  -5.3962695  33.4974494   3.2124803   0.5967245   0.0000000   1.0000000   0.0000000
  28.0000000   1.0000000   2.0465789   0.3824928   0.0032343   1.0000000   0.7913578   0.0000000   0.0000000   2.6163103   1.0079049  -6.2769629   0.0101844   2.0545710   0.6038193   0.0094357   0.3449288   3.2138824   0.5975722  -1.0000000   0.0093332   0.0000000   2.8441326   0.6443178   0.0000000   0.0000000  -5.4193755  33.4988674   3.2138162   0.5975059   0.0000000   1.0000000   0.0000000
  29.0000000   1.0000000   2.0465789   0.3832735   0.0032343   1.0000000   0.7913578   0.0000000   0.0000000   2.6166427   1.0081527  -6.2642408   0.0101914   2.0548652   0.6038655   0.0094357   0.3450313   3.2151822   0.5985394  -1.0000000   0.0093643   0.0000000   2.8440116   0.6443080   0.0000000   0.0000000  -5.4411136  33.5009233   3.2151187   0.5984759   0.0000000   1.0000000   0.0000000
  30.0000000   1.0000000   2.0465789   0.3839572   0.0032343   1.0000000   0.7913578   0.0000000   0.0000000   2.6169871   1.0084062  -6.2508138   0.0101939   2.0551597   0.6040610   0.0094357   0.3451027   3.2164383   0.5994511  -1.0000000   0.0093444   0.0000000   2.8441510   0.6443095   0.0000000   0.0000000  -5.4612740  33.5041261   3.2163775   0.5993904   0.0000000   1.0000000   0.0000000
  31.0000000   1.0000000   2.0465789   0.3845560   0.0032343   1.0000000   0.7913578   0.0000000   0.0000000   2.6176079   1.0086270  -6.2365373   0.0101981   2.0554237   0.6038005   0.0094357   0.3451941   3.2176298   0.6000219  -1.0000000   0.0093807   0.0000000   2.8440369   0.6442932   0.0000000   0.0000000  -5.4806250  33.5079856   3.2175715   0.5999636   0.0000000   1.0000000   0.0000000
  32.0000000   1.0000000   2.0465789   0.3850805   0.0032343   1.0000000   0.7913578   0.0000000   0.0000000   2.6180392   1.0088393  -6.2222039   0.0101953   2.0556784   0.6032552   0.0094357   0.3452491   3.2187421   0.6007028  -1.0000000   0.0093728   0.0000000   2.8441972   0.6442862   0.0000000   0.0000000  -5.4979493  33.5124934   3.2186862   0.6006470   0.0000000   1.0000000   0.0000000
  33.0000000   1.0000000   2.0465789   0.3855398   0.0032343   1.0000000   0.7913578   0.0000000   0.0000000   2.6184992   1.0090429  -6.2079660   0.0101969   2.0559205   0.6030492   0.0094357   0.3453120   3.2198327   0.6013336  -1.0000000   0.0093830   0.0000000   2.8442689   0.6442739   0.0000000   0.0000000  -5.5146506  33.5175240   3.2197792   0.6012800   0.0000000   1.0000000   0.0000000
  34.0000000   1.0000000   2.0465789   0.3859421   0.0032343   1.0000000   0.7913578   0.0000000   0.0000000   2.6189668   1.0092899  -6.1935617   0.0102013   2.0562039   0.6021375   0.0094357   0.3453647   3.2209622   0.6019955  -1.0000000   0.0093211   0.0000000   2.8445444   0.6442942   0.0000000   0.0000000  -5.5304021  33.5234007   3.2209114   0.6019446   0.0000000   1.0000000   0.0000000
  35.0000000   1.0000000   2.0465789   0.3862944   0.0032343   1.0000000   0.7913578   0.0000000   0.0000000   2.6195488   1.0095337  -6.1795523   0.0102012   2.0564804   0.6016129   0.0094357   0.3454793   3.2220690   0.6025202  -1.0000000   0.0093215   0.0000000   2.8443133   0.6443147   0.0000000   0.0000000  -5.5453801  33.5299517   3.2220208   0.6024720   0.0000000   1.0000000   0.0000000
  36.0000000   1.0000000   2.0465789   0.3866030   0.0032343   1.0000000   0.7913578   0.0000000   0.0000000   2.6201503   1.0097919  -6.1657249   0.0102084   2.0567713   0.6009273   0.0094357   0.3455935   3.2232194   0.6030691  -1.0000000   0.0093093   0.0000000   2.8441256   0.6443401   0.0000000   0.0000000  -5.5601681  33.5367805   3.2231738   0.6030236   0.0000000   1.0000000   0.0000000
  37.0000000   1.0000000   2.0465789   0.3868732   0.0032343   1.0000000   0.7913578   0.0000000   0.0000000   2.6208229   1.0100413  -6.1521371   0.0102015   2.0570459   0.6005048   0.0094357   0.3457199   3.2243319   0.6035091  -1.0000000   0.0093168   0.0000000   2.8438131   0.6443617   0.0000000   0.0000000  -5.5737728  33.5439299   3.2242890   0.6034661   0.0000000   1.0000000   0.0000000
  38.0000000   1.0000000   2.0465789   0.3871099   0.0032343   1.0000000   0.7913578   0.0000000   0.0000000   2.6214763   1.0102782  -6.1387053   0.0102063   2.0572841   0.6001844   0.0094357   0.3458388   3.2253867   0.6039104  -1.0000000   0.0093323   0.0000000   2.8435299   0.6443766   0.0000000   0.0000000  -5.5867336  33.5515716   3.2253460   0.6038697   0.0000000   1.0000000   0.0000000
  39.0000000   1.0000000   2.0465789   0.3873172   0.0032343   1.0000000   0.7913578   0.0000000   0.0000000   2.6219314   1.0104538  -6.1253427   0.0102060   2.0574983   0.6005339   0.0094357   0.3459422   3.2263204   0.6043890  -1.0000000   0.0093857   0.0000000   2.8431966   0.6443688   0.0000000   0.0000000  -5.5990360  33.5593477   3.2262818   0.6043504   0.0000000   1.0000000   0.0000000
  40.0000000   1.0000000   2.0465789   0.3874988   0.0032343   1.0000000   0.7913578   0.0000000   0.0000000   2.6224710   1.0106358  -6.1113244   0.0102052   2.0577266   0.6000080   0.0094357   0.3459922   3.2272364   0.6047654  -1.0000000   0.0093662   0.0000000   2.8433060   0.6443724   0.0000000   0.0000000  -5.6105924  33.5675150   3.2271999   0.6047289   0.0000000   1.0000000   0.0000000
  41.0000000   1.0000000   2.0465789   0.3876578   0.0032343   1.0000000   0.7913578   0.0000000   0.0000000   2.6230384   1.0108763  -6.0975682   0.0102012   2.0579795   0.5985903   0.0094357   0.3460617   3.2282528   0.6052144  -1.0000000   0.0093100   0.0000000   2.8434273   0.6444016   0.0000000   0.0000000  -5.6214990  33.5759510   3.2282187   0.6051802   0.0000000   1.0000000   0.0000000
  42.0000000   1.0000000   2.0465789   0.3877970   0.0032343   1.0000000   0.7913578   0.0000000   0.0000000   2.6237853   1.0110742  -6.0848928   0.0102026   2.0582055   0.5988019   0.0094357   0.3461874   3.2291707   0.6053855  -1.0000000   0.0093476   0.0000000   2.8429766   0.6444145   0.0000000   0.0000000  -5.6320935  33.5846929   3.2291387   0.6053535   0.0000000   1.0000000   0.0000000
  43.0000000   1.0000000   2.0465789   0.3879190   0.0032343   1.0000000   0.7913578   0.0000000   0.0000000   2.6243817   1.0112727  -6.0719434   0.0102009   2.0584135   0.5984924   0.0094357   0.3462755   3.2300808   0.6056992  -1.0000000   0.0093527   0.0000000   2.8428330   0.6444246   0.0000000   0.0000000  -5.6421456  33.5934376   3.2300508   0.6056691   0.0000000   1.0000000   0.0000000
  44.0000000   1.0000000   2.0465789   0.3880258   0.0032343   1.0000000   0.7913578   0.0000000   0.0000000   2.6249466   1.0114742  -6.0591050   0.0101982   2.0586089   0.5982339   0.0094357   0.3463585   3.2309763   0.6060298  -1.0000000   0.0093502   0.0000000   2.8427037   0.6444279   0.0000000   0.0000000  -5.6515544  33.6023882   3.2309482   0.6060016   0.0000000   1.0000000   0.0000000
  45.0000000   1.0000000   2.0465789   0.3881194   0.0032343   1.0000000   0.7913578   0.0000000   0.0000000   2.6257476   1.0116571  -6.0463264   0.0101996   2.0587829   0.5980516   0.0094357   0.3464440   3.2318472   0.6060996  -1.0000000   0.0093762   0.0000000   2.8425486   0.6444279   0.0000000   0.0000000  -5.6609445  33.6114356   3.2318207   0.6060731   0.0000000   1.0000000   0.0000000
  46.0000000   1.0000000   2.0465789   0.3882013   0.0032343   1.0000000   0.7913578   0.0000000   0.0000000   2.6262762   1.0117689  -6.0338246   0.0101998   2.0589705   0.5978838   0.0094357   0.3465034   3.2325541   0.6062779  -1.0000000   0.0094131   0.0000000   2.8423853   0.6444160   0.0000000   0.0000000  -5.6698094  33.6203996   3.2325293   0.6062531   0.0000000   1.0000000   0.0000000
  47.0000000   1.0000000   2.0465789   0.3882731   0.0032343   1.0000000   0.7913578   0.0000000   0.0000000   2.6268612   1.0119491  -6.0214461   0.0101995   2.0591655   0.5971512   0.0094357   0.3465260   3.2333815   0.6065202  -1.0000000   0.0093577   0.0000000   2.8427263   0.6444301   0.0000000   0.0000000  -5.6781182  33.6294030   3.2333586   0.6064973   0.0000000   1.0000000   0.0000000
  48.0000000   1.0000000   2.0465789   0.3883360   0.0032343   1.0000000   0.7913578   0.0000000   0.0000000   2.6274657   1.0121162  -6.0096604   0.0101974   2.0593430   0.5970789   0.0094357   0.3466041   3.2341603   0.6066945  -1.0000000   0.0093683   0.0000000   2.8425779   0.6444377   0.0000000   0.0000000  -5.6858199  33.6385088   3.2341390   0.6066733   0.0000000   1.0000000   0.0000000
  49.0000000   1.0000000   2.0465789   0.3883910   0.0032343   1.0000000   0.7913578   0.0000000   0.0000000   2.6280925   1.0122810  -5.9978673   0.0101944   2.0595191   0.5961978   0.0094357   0.3466715   3.2349168   0.6068243  -1.0000000   0.0093653   0.0000000   2.8425048   0.6444472   0.0000000   0.0000000  -5.6930701  33.6476334   3.2348972   0.6068047   0.0000000   1.0000000   0.0000000
  50.0000000   1.0000000   2.0465789   0.3884392   0.0032343   1.0000000   0.7913578   0.0000000   0.0000000   2.6289028   1.0124411  -5.9869355   0.0101950   2.0596878   0.5959274   0.0094357   0.3467419   3.2356501   0.6067472  -1.0000000   0.0093679   0.0000000   2.8423973   0.6444566   0.0000000   0.0000000  -5.7000441  33.6567449   3.2356321   0.6067292   0.0000000   1.0000000   0.0000000
  51.0000000   1.0000000   2.0465789   0.3884814   0.0032343   1.0000000   0.7913578   0.0000000   0.0000000   2.6299859   1.0126148  -5.9764428   0.0101925   2.0598238   0.5955850   0.0094357   0.3468097   3.2363882   0.6064023  -1.0000000   0.0093668   0.0000000   2.8423586   0.6444658   0.0000000   0.0000000  -5.7063224  33.6656524   3.2363715   0.6063856   0.0000000   1.0000000   0.0000000
  52.0000000   1.0000000   2.0465789   0.3885184   0.0032343   1.0000000   0.7913578   0.0000000   0.0000000   2.6284568   1.0127996  -5.9668222   0.0102024   2.0599303   0.5952040   0.0094357   0.3468786   3.2371297   0.6086729  -1.0000000   0.0093667   0.0000000   2.8407628   0.6441141   0.0000000   0.0000000  -5.7121638  33.6740697   3.2371140   0.6086572   0.0000000   1.0000000   0.0000000
  53.0000000   1.0000000   2.0465789   0.3885508   0.0032343   1.0000000   0.7913578   0.0000000   0.0000000   2.6290472   1.0130165  -5.9553734   0.0101927   2.0600202   0.5944889   0.0094357   0.3469476   3.2379780   0.6089308  -1.0000000   0.0093642   0.0000000   2.8397639   0.6438715   0.0000000   0.0000000  -5.7181371  33.6846511   3.2379631   0.6089159   0.0000000   1.0000000   0.0000000
  54.0000000   1.0000000   2.0465789   0.3885792   0.0032343   1.0000000   0.7913578   0.0000000   0.0000000   2.6297067   1.0132456  -5.9445440   0.0101892   2.0600781   0.5944771   0.0094357   0.3470192   3.2388508   0.6091441  -1.0000000   0.0093702   0.0000000   2.8388241   0.6436321   0.0000000   0.0000000  -5.7237543  33.6953124   3.2388365   0.6091297   0.0000000   1.0000000   0.0000000
  55.0000000   1.0000000   2.0465789   0.3886040   0.0032343   1.0000000   0.7913578   0.0000000   0.0000000   2.6300101   1.0134745  -5.9337245   0.0101884   2.0601294   0.5942978   0.0094357   0.3470847   3.2397163   0.6097061  -1.0000000   0.0093712   0.0000000   2.8379753   0.6434019   0.0000000   0.0000000  -5.7290923  33.7060093   3.2397024   0.6096923   0.0000000   1.0000000   0.0000000
  56.0000000   1.0000000   2.0465789   0.3886258   0.0032343   1.0000000   0.7913578   0.0000000   0.0000000   2.6306299   1.0137067  -5.9227212   0.0101858   2.0601690   0.5939771   0.0094357   0.3471492   3.2405923   0.6099624  -1.0000000   0.0093753   0.0000000   2.8372516   0.6431926   0.0000000   0.0000000  -5.7342856  33.7170918   3.2405788   0.6099489   0.0000000   1.0000000   0.0000000
  57.0000000   1.0000000   2.0465789   0.3886448   0.0032343   1.0000000   0.7913578   0.0000000   0.0000000   2.6314366   1.0139423  -5.9119960   0.0101823   2.0601919   0.5938298   0.0094357   0.3472096   3.2414730   0.6100364  -1.0000000   0.0093798   0.0000000   2.8366136   0.6429893   0.0000000   0.0000000  -5.7391733  33.7282463   3.2414598   0.6100231   0.0000000   1.0000000   0.0000000
  58.0000000   1.0000000   2.0465789   0.3886615   0.0032343   1.0000000   0.7913578   0.0000000   0.0000000   2.6324988   1.0141419  -5.9015629   0.0101766   2.0602527   0.5931909   0.0094357   0.3472655   3.2422869   0.6097881  -1.0000000   0.0093892   0.0000000   2.8359478   0.6427966   0.0000000   0.0000000  -5.7437849  33.7391891   3.2422742   0.6097754   0.0000000   1.0000000   0.0000000
  59.0000000   1.0000000   2.0465789   0.3886761   0.0032343   1.0000000   0.7913578   0.0000000   0.0000000   2.6328035   1.0143364  -5.8922430   0.0101752   2.0603116   0.5930755   0.0094357   0.3473121   3.2430477   0.6102442  -1.0000000   0.0093812   0.0000000   2.8354448   0.6426340   0.0000000   0.0000000  -5.7477875  33.7498190   3.2430356   0.6102321   0.0000000   1.0000000   0.0000000
  60.0000000   1.0000000   2.0465789   0.3886889   0.0032343   1.0000000   0.7913578   0.0000000   0.0000000   2.6339487   1.0145294  -5.8827644   0.0101736   2.0603623   0.5928123   0.0094357   0.3473666   3.2438199   0.6098712  -1.0000000   0.0093902   0.0000000   2.8349152   0.6424749   0.0000000   0.0000000  -5.7520204  33.7607524   3.2438083   0.6098596   0.0000000   1.0000000   0.0000000
  61.0000000   1.0000000   2.0465789   0.3887002   0.0032343   1.0000000   0.7913578   0.0000000   0.0000000   2.6380467   1.0141593  -5.8741423   0.0101729   2.0604109   0.5965505   0.0092121   0.3474121   3.2434055   0.6053587  -1.0000000   0.0093888   0.0000000   2.8362622   0.6425564   0.0000000   0.0000000  -5.7558617  33.7676461   3.2433946   0.6053478   0.0000000   1.0000000   0.0000000
  62.0000000   1.0000000   2.0465789   0.3887100   0.0032343   1.0000000   0.7913578   0.0000000   0.0000000   2.6386619   1.0140023  -5.8665040   0.0101724   2.0604573   0.5963338   0.0092121   0.3472354   3.2433701   0.6047081  -1.0000000   0.0093796   0.0000000   2.8376447   0.6425724   0.0000000   0.0000000  -5.7585917  33.7739134   3.2433596   0.6046976   0.0000000   1.0000000   0.0000000
  63.0000000   1.0000000   2.0465789   0.3887186   0.0032343   1.0000000   0.7913578   0.0000000   0.0000000   2.6382123   1.0138491  -5.8598928   0.0101708   2.0604932   0.5961070   0.0092121   0.3470679   3.2432993   0.6050871  -1.0000000   0.0093692   0.0000000   2.8390001   0.6426024   0.0000000   0.0000000  -5.7603929  33.7794428   3.2432892   0.6050769   0.0000000   1.0000000   0.0000000
  64.0000000   1.0000000   2.0465789   0.3887261   0.0032343   1.0000000   0.7913578   0.0000000   0.0000000   2.6379760   1.0137504  -5.8532470   0.0101676   2.0605116   0.5954673   0.0092121   0.3469108   3.2433370   0.6053610  -1.0000000   0.0093394   0.0000000   2.8403550   0.6426237   0.0000000   0.0000000  -5.7621860  33.7853673   3.2433270   0.6053510   0.0000000   1.0000000   0.0000000
  65.0000000   1.0000000   2.0465789   0.3887327   0.0032343   1.0000000   0.7913578   0.0000000   0.0000000   2.6377902   1.0136604  -5.8471194   0.0101672   2.0605463   0.5953463   0.0092121   0.3467834   3.2433852   0.6055951  -1.0000000   0.0093240   0.0000000   2.8414449   0.6426416   0.0000000   0.0000000  -5.7639277  33.7915886   3.2433756   0.6055854   0.0000000   1.0000000   0.0000000
  66.0000000   1.0000000   2.0465789   0.3887385   0.0032343   1.0000000   0.7913578   0.0000000   0.0000000   2.6377832   1.0135855  -5.8409924   0.0101640   2.0605846   0.5949775   0.0092121   0.3466715   3.2434565   0.6056733  -1.0000000   0.0093100   0.0000000   2.8424463   0.6426637   0.0000000   0.0000000  -5.7655594  33.7980500   3.2434472   0.6056640   0.0000000   1.0000000   0.0000000
  67.0000000   1.0000000   2.0465789   0.3887435   0.0032343   1.0000000   0.7913578   0.0000000   0.0000000   2.6376607   1.0135267  -5.8352709   0.0101624   2.0606226   0.5946101   0.0092121   0.3465736   3.2435545   0.6058938  -1.0000000   0.0092974   0.0000000   2.8433398   0.6426812   0.0000000   0.0000000  -5.7670237  33.8045459   3.2435456   0.6058848   0.0000000   1.0000000   0.0000000
  68.0000000   1.0000000   2.0465789   0.3887480   0.0032343   1.0000000   0.7913578   0.0000000   0.0000000   2.6377832   1.0134812  -5.8298071   0.0101605   2.0606627   0.5943865   0.0092121   0.3464882   3.2436756   0.6058924  -1.0000000   0.0092863   0.0000000   2.8441276   0.6426935   0.0000000   0.0000000  -5.7683570  33.8112200   3.2436670   0.6058838   0.0000000   1.0000000   0.0000000
  69.0000000   1.0000000   2.0465789   0.3887519   0.0032343   1.0000000   0.7913578   0.0000000   0.0000000   2.6377918   1.0134493  -5.8246783   0.0101590   2.0606954   0.5942500   0.0092121   0.3464140   3.2438175   0.6060256  -1.0000000   0.0092783   0.0000000   2.8448501   0.6427047   0.0000000   0.0000000  -5.7696212  33.8178301   3.2438092   0.6060174   0.0000000   1.0000000   0.0000000
  70.0000000   1.0000000   2.0465789   0.3887553   0.0032343   1.0000000   0.7913578   0.0000000   0.0000000   2.6380092   1.0134318  -5.8196598   0.0101567   2.0607230   0.5937081   0.0092121   0.3463477   3.2439839   0.6059747  -1.0000000   0.0092694   0.0000000   2.8455099   0.6427096   0.0000000   0.0000000  -5.7708145  33.8245181   3.2439759   0.6059667   0.0000000   1.0000000   0.0000000
  71.0000000   1.0000000   2.0465789   0.3887582   0.0032343   1.0000000   0.7913578   0.0000000   0.0000000   2.6380984   1.0134192  -5.8153535   0.0101553   2.0607523   0.5937266   0.0092121   0.3462904   3.2441524   0.6060540  -1.0000000   0.0092631   0.0000000   2.8460883   0.6427123   0.0000000   0.0000000  -5.7718994  33.8310842   3.2441446   0.6060462   0.0000000   1.0000000   0.0000000
  72.0000000   1.0000000   2.0465789   0.3887608   0.0032343   1.0000000   0.7913578   0.0000000   0.0000000   2.6384467   1.0133859  -5.8110591   0.0101537   2.0607829   0.5936886   0.0092121   0.3462394   3.2442739   0.6058272  -1.0000000   0.0092753   0.0000000   2.8466134   0.6427240   0.0000000   0.0000000  -5.7728602  33.8376620   3.2442665   0.6058198   0.0000000   1.0000000   0.0000000
  73.0000000   1.0000000   2.0465789   0.3887631   0.0032343   1.0000000   0.7913578   0.0000000   0.0000000   2.6384338   1.0133734  -5.8071410   0.0101527   2.0608137   0.5935006   0.0092121   0.3461762   3.2444327   0.6059989  -1.0000000   0.0092595   0.0000000   2.8472391   0.6427291   0.0000000   0.0000000  -5.7736031  33.8438509   3.2444255   0.6059917   0.0000000   1.0000000   0.0000000
  74.0000000   1.0000000   2.0465789   0.3887651   0.0032343   1.0000000   0.7913578   0.0000000   0.0000000   2.6383042   1.0133742  -5.8033499   0.0101523   2.0608343   0.5933707   0.0092121   0.3461288   3.2446134   0.6063092  -1.0000000   0.0092535   0.0000000   2.8477605   0.6427316   0.0000000   0.0000000  -5.7743121  33.8501877   3.2446064   0.6063022   0.0000000   1.0000000   0.0000000
  75.0000000   1.0000000   2.0465789   0.3887669   0.0032343   1.0000000   0.7913578   0.0000000   0.0000000   2.6385457   1.0133812  -5.7994788   0.0101494   2.0608590   0.5932476   0.0092121   0.3460874   3.2448083   0.6062626  -1.0000000   0.0092479   0.0000000   2.8482261   0.6427309   0.0000000   0.0000000  -5.7750043  33.8567731   3.2448015   0.6062558   0.0000000   1.0000000   0.0000000
  76.0000000   1.0000000   2.0465789   0.3887684   0.0032343   1.0000000   0.7913578   0.0000000   0.0000000   2.6387872   1.0133940  -5.7958854   0.0101478   2.0608817   0.5930916   0.0092121   0.3460516   3.2450102   0.6062230  -1.0000000   0.0092435   0.0000000   2.8486463   0.6427279   0.0000000   0.0000000  -5.7756566  33.8632314   3.2450036   0.6062164   0.0000000   1.0000000   0.0000000
  77.0000000   1.0000000   2.0465789   0.3887698   0.0032343   1.0000000   0.7913578   0.0000000   0.0000000   2.6389775   1.0134083  -5.7925944   0.0101459   2.0609059   0.5926960   0.0092121   0.3460201   3.2452091   0.6062316  -1.0000000   0.0092402   0.0000000   2.8490238   0.6427243   0.0000000   0.0000000  -5.7762578  33.8695663   3.2452028   0.6062253   0.0000000   1.0000000   0.0000000
  78.0000000   1.0000000   2.0465789   0.3887709   0.0032343   1.0000000   0.7913578   0.0000000   0.0000000   2.6392380   1.0134245  -5.7898010   0.0101450   2.0609310   0.5927356   0.0092121   0.3459920   3.2454063   0.6061683  -1.0000000   0.0092366   0.0000000   2.8493705   0.6427204   0.0000000   0.0000000  -5.7767792  33.8758311   3.2454002   0.6061622   0.0000000   1.0000000   0.0000000
  79.0000000   1.0000000   2.0465789   0.3887720   0.0032343   1.0000000   0.7913578   0.0000000   0.0000000   2.6392901   1.0134458  -5.7871316   0.0101433   2.0609501   0.5927472   0.0092121   0.3459675   3.2456080   0.6063179  -1.0000000   0.0092343   0.0000000   2.8496962   0.6427154   0.0000000   0.0000000  -5.7772184  33.8819474   3.2456021   0.6063119   0.0000000   1.0000000   0.0000000
  80.0000000   1.0000000   2.0465789   0.3887729   0.0032343   1.0000000   0.7913578   0.0000000   0.0000000   2.6398662   1.0134682  -5.7844021   0.0101418   2.0609731   0.5926339   0.0092121   0.3459452   3.2458121   0.6059459  -1.0000000   0.0092319   0.0000000   2.8499948   0.6427092   0.0000000   0.0000000  -5.7776614  33.8881296   3.2458063   0.6059402   0.0000000   1.0000000   0.0000000
  81.0000000   1.0000000   2.0465789   0.3887737   0.0032343   1.0000000   0.7913578   0.0000000   0.0000000   2.6401602   1.0134877  -5.7822655   0.0101410   2.0609957   0.5926498   0.0092121   0.3459254   3.2459971   0.6058369  -1.0000000   0.0092301   0.0000000   2.8502682   0.6427053   0.0000000   0.0000000  -5.7779422  33.8938500   3.2459916   0.6058314   0.0000000   1.0000000   0.0000000
  82.0000000   1.0000000   2.0465789   0.3887743   0.0032343   1.0000000   0.7913578   0.0000000   0.0000000   2.6404158   1.0135129  -5.7803178   0.0101400   2.0610095   0.5924208   0.0092121   0.3459073   3.2461867   0.6057709  -1.0000000   0.0092283   0.0000000   2.8505352   0.6426995   0.0000000   0.0000000  -5.7781442  33.8993818   3.2461813   0.6057655   0.0000000   1.0000000   0.0000000
  83.0000000   1.0000000   2.0465789   0.3887750   0.0032343   1.0000000   0.7913578   0.0000000   0.0000000   2.6396745   1.0135447  -5.7787950   0.0101438   2.0610136   0.5923694   0.0092121   0.3458910   3.2463843   0.6067098  -1.0000000   0.0092265   0.0000000   2.8507897   0.6426896   0.0000000   0.0000000  -5.7782594  33.9047700   3.2463789   0.6067044   0.0000000   1.0000000   0.0000000
  84.0000000   1.0000000   2.0465789   0.3887755   0.0032343   1.0000000   0.7913578   0.0000000   0.0000000   2.6400373   1.0135844  -5.7764487   0.0101369   2.0610233   0.5923585   0.0092121   0.3458766   3.2466208   0.6065834  -1.0000000   0.0092252   0.0000000   2.8510740   0.6426837   0.0000000   0.0000000  -5.7786357  33.9110253   3.2466155   0.6065782   0.0000000   1.0000000   0.0000000
  85.0000000   1.0000000   2.0465789   0.3887760   0.0032343   1.0000000   0.7913578   0.0000000   0.0000000   2.6403429   1.0136222  -5.7743500   0.0101347   2.0610340   0.5921758   0.0092121   0.3458634   3.2468465   0.6065035  -1.0000000   0.0092240   0.0000000   2.8513415   0.6426789   0.0000000   0.0000000  -5.7789013  33.9170626   3.2468413   0.6064984   0.0000000   1.0000000   0.0000000
  86.0000000   1.0000000   2.0465789   0.3887764   0.0032343   1.0000000   0.7913578   0.0000000   0.0000000   2.6406420   1.0136600  -5.7726203   0.0101325   2.0610457   0.5920938   0.0092121   0.3458515   3.2470657   0.6064237  -1.0000000   0.0092219   0.0000000   2.8515804   0.6426713   0.0000000   0.0000000  -5.7790910  33.9229358   3.2470607   0.6064187   0.0000000   1.0000000   0.0000000
  87.0000000   1.0000000   2.0465789   0.3887767   0.0032343   1.0000000   0.7913578   0.0000000   0.0000000   2.6409486   1.0136971  -5.7711618   0.0101315   2.0610586   0.5921181   0.0092121   0.3458417   3.2472775   0.6063289  -1.0000000   0.0092199   0.0000000   2.8517984   0.6426648   0.0000000   0.0000000  -5.7791732  33.9286465   3.2472726   0.6063239   0.0000000   1.0000000   0.0000000
  88.0000000   1.0000000   2.0465789   0.3887770   0.0032343   1.0000000   0.7913578   0.0000000   0.0000000   2.6412987   1.0137339  -5.7698784   0.0101307   2.0610720   0.5919996   0.0092121   0.3458338   3.2474823   0.6061836  -1.0000000   0.0092182   0.0000000   2.8519984   0.6426592   0.0000000   0.0000000  -5.7791869  33.9341810   3.2474775   0.6061788   0.0000000   1.0000000   0.0000000
  89.0000000   1.0000000   2.0465789   0.3887773   0.0032343   1.0000000   0.7913578   0.0000000   0.0000000   2.6417290   1.0137690  -5.7689500   0.0101281   2.0610863   0.5919964   0.0092121   0.3458276   3.2476776   0.6059486  -1.0000000   0.0092172   0.0000000   2.8521819   0.6426552   0.0000000   0.0000000  -5.7791559  33.9394872   3.2476729   0.6059439   0.0000000   1.0000000   0.0000000
  90.0000000   1.0000000   2.0465789   0.3887775   0.0032343   1.0000000   0.7913578   0.0000000   0.0000000   2.6419036   1.0138011  -5.7683564   0.0101269   2.0611015   0.5919849   0.0092121   0.3458225   3.2478578   0.6059542  -1.0000000   0.0092162   0.0000000   2.8523438   0.6426515   0.0000000   0.0000000  -5.7790151  33.9444791   3.2478533   0.6059496   0.0000000   1.0000000   0.0000000
  91.0000000   1.0000000   2.0465789   0.3887792   0.0032343   1.0000000   0.7913578   0.0000000   0.0000000   2.6421289   1.0138325  -5.7678605   0.0101265   2.0611174   0.5918838   0.0092121   0.3458184   3.2480344   0.6059054  -1.0000000   0.0092158   0.0000000   2.8524966   0.6426484   0.0000000   0.0000000  -5.7787836  33.9494021   3.2480300   0.6059010   0.0000000   1.0000000   0.0000000
  92.0000000   1.0000000   2.0465789   0.3887792   0.0032343   1.0000000   0.7913578   0.0000000   0.0000000   2.6423622   1.0138633  -5.7676043   0.0101257   2.0611337   0.5919441   0.0092121   0.3458147   3.2482065   0.6058444  -1.0000000   0.0092150   0.0000000   2.8526422   0.6426455   0.0000000   0.0000000  -5.7785135  33.9542017   3.2482023   0.6058401   0.0000000   1.0000000   0.0000000
  93.0000000   1.0000000   2.0465789   0.3887792   0.0032343   1.0000000   0.7913578   0.0000000   0.0000000   2.6426961   1.0138933  -5.7674332   0.0101245   2.0611502   0.5919248   0.0092121   0.3458117   3.2483729   0.6056769  -1.0000000   0.0092144   0.0000000   2.8527800   0.6426434   0.0000000   0.0000000  -5.7781986  33.9588691   3.2483689   0.6056728   0.0000000   1.0000000   0.0000000
  94.0000000   1.0000000   2.0465789   0.3887792   0.0032343   1.0000000   0.7913578   0.0000000   0.0000000   2.6428493   1.0139211  -5.7675317   0.0101232   2.0611667   0.5919189   0.0092121   0.3458094   3.2485291   0.6056798  -1.0000000   0.0092143   0.0000000   2.8529096   0.6426425   0.0000000   0.0000000  -5.7778593  33.9632958   3.2485251   0.6056758   0.0000000   1.0000000   0.0000000
  95.0000000   1.0000000   2.0465789   0.3887792   0.0032343   1.0000000   0.7913578   0.0000000   0.0000000   2.6429940   1.0139485  -5.7677131   0.0101223   2.0611834   0.5916962   0.0092121   0.3458072   3.2486829   0.6056890  -1.0000000   0.0092139   0.0000000   2.8530340   0.6426413   0.0000000   0.0000000  -5.7775173  33.9676583   3.2486792   0.6056852   0.0000000   1.0000000   0.0000000
  96.0000000   1.0000000   2.0465789   0.3887792   0.0032343   1.0000000   0.7913578   0.0000000   0.0000000   2.6433525   1.0139757  -5.7681870   0.0101210   2.0612001   0.5919639   0.0092121   0.3458053   3.2488342   0.6054817  -1.0000000   0.0092135   0.0000000   2.8531571   0.6426409   0.0000000   0.0000000  -5.7771262  33.9719655   3.2488305   0.6054781   0.0000000   1.0000000   0.0000000
  97.0000000   1.0000000   2.0465789   0.3887792   0.0032343   1.0000000   0.7913578   0.0000000   0.0000000   2.6433640   1.0140001  -5.7686798   0.0101200   2.0612170   0.5917694   0.0092121   0.3458038   3.2489734   0.6056094  -1.0000000   0.0092134   0.0000000   2.8532693   0.6426412   0.0000000   0.0000000  -5.7766801  33.9759968   3.2489699   0.6056060   0.0000000   1.0000000   0.0000000
  98.0000000   1.0000000   2.0465789   0.3887792   0.0032343   1.0000000   0.7913578   0.0000000   0.0000000   2.6435273   1.0140263  -5.7693198   0.0101201   2.0612337   0.5919858   0.0092121   0.3458025   3.2491189   0.6055916  -1.0000000   0.0092131   0.0000000   2.8533839   0.6426411   0.0000000   0.0000000  -5.7761702  33.9800923   3.2491155   0.6055883   0.0000000   1.0000000   0.0000000
  99.0000000   1.0000000   2.0465789   0.3887792   0.0032343   1.0000000   0.7913578   0.0000000   0.0000000   2.6436784   1.0140521  -5.7698352   0.0101188   2.0612503   0.5920623   0.0092121   0.3458015   3.2492606   0.6055821  -1.0000000   0.0092125   0.0000000   2.8534951   0.6426413   0.0000000   0.0000000  -5.7756679  33.9841089   3.2492574   0.6055790   0.0000000   1.0000000   0.0000000
 100.0000000   1.0000000   2.0465789   0.3887792   0.0032343   1.0000000   0.7913578   0.0000000   0.0000000   2.6437815   1.0140784  -5.7703545   0.0101176   2.0612663   0.5918649   0.0092121   0.3458010   3.2494027   0.6056212  -1.0000000   0.0092123   0.0000000   2.8535949   0.6426398   0.0000000   0.0000000  -5.7752764  33.9880507   3.2493996   0.6056182   0.0000000   1.0000000   0.0000000
 101.0000000   1.0000000   2.0465789   0.3887792   0.0032343   1.0000000   0.7913578   0.0000000   0.0000000   2.6439961   1.0141044  -5.7711068   0.0101165   2.0612812   0.5919580   0.0092121   0.3458007   3.2495425   0.6055464  -1.0000000   0.0092125   0.0000000   2.8536965   0.6426392   0.0000000   0.0000000  -5.7748405  33.9919746   3.2495397   0.6055436   0.0000000   1.0000000   0.0000000
 102.0000000   1.0000000   2.0465789   0.3887792   0.0032343   1.0000000   0.7913578   0.0000000   0.0000000   2.6442422   1.0141303  -5.7719143   0.0101152   2.0612964   0.5920292   0.0092121   0.3458003   3.2496790   0.6054368  -1.0000000   0.0092116   0.0000000   2.8538035   0.6426402   0.0000000   0.0000000  -5.7743816  33.9957623   3.2496762   0.6054340   0.0000000   1.0000000   0.0000000
 103.0000000   1.0000000   2.0465789   0.3887792   0.0032343   1.0000000   0.7913578   0.0000000   0.0000000   2.6442230   1.0141546  -5.7728306   0.0101138   2.0613111   0.5920809   0.0092121   0.3458008   3.2498086   0.6055856  -1.0000000   0.0092118   0.0000000   2.8537986   0.6426189   0.0000000   0.0000000  -5.7738918  33.9993780   3.2498060   0.6055830   0.0000000   1.0000000   0.0000000
 104.0000000   1.0000000   2.0465789   0.3887792   0.0032343   1.0000000   0.7913578   0.0000000   0.0000000   2.6444001   1.0141807  -5.7736099   0.0101120   2.0613260   0.5921583   0.0092121   0.3458010   3.2499443   0.6055442  -1.0000000   0.0092112   0.0000000   2.8538107   0.6425999   0.0000000   0.0000000  -5.7733907  34.0030879   3.2499418   0.6055417   0.0000000   1.0000000   0.0000000
 105.0000000   1.0000000   2.0465789   0.3887792   0.0032343   1.0000000   0.7913578   0.0000000   0.0000000   2.6445726   1.0142053  -5.7744269   0.0101114   2.0613409   0.5921668   0.0092121   0.3458019   3.2500731   0.6055005  -1.0000000   0.0092111   0.0000000   2.8538444   0.6425881   0.0000000   0.0000000  -5.7728408  34.0067002   3.2500708   0.6054982   0.0000000   1.0000000   0.0000000
 106.0000000   1.0000000   2.0465789   0.3887792   0.0032343   1.0000000   0.7913578   0.0000000   0.0000000   2.6445877   1.0142293  -5.7753442   0.0101099   2.0613552   0.5921975   0.0092121   0.3458028   3.2501990   0.6056114  -1.0000000   0.0092114   0.0000000   2.8538897   0.6425796   0.0000000   0.0000000  -5.7723072  34.0102112   3.2501968   0.6056092   0.0000000   1.0000000   0.0000000
 107.0000000   1.0000000   2.0465789   0.3887792   0.0032343   1.0000000   0.7913578   0.0000000   0.0000000   2.6447570   1.0142551  -5.7761910   0.0101097   2.0613689   0.5922576   0.0092121   0.3458035   3.2503314   0.6055743  -1.0000000   0.0092111   0.0000000   2.8539549   0.6425735   0.0000000   0.0000000  -5.7718190  34.0137746   3.2503293   0.6055723   0.0000000   1.0000000   0.0000000
 108.0000000   1.0000000   2.0465789   0.3887792   0.0032343   1.0000000   0.7913578   0.0000000   0.0000000   2.6449902   1.0142804  -5.7770798   0.0101079   2.0613816   0.5923127   0.0092121   0.3458045   3.2504610   0.6054708  -1.0000000   0.0092115   0.0000000   2.8540306   0.6425707   0.0000000   0.0000000  -5.7713978  34.0172467   3.2504590   0.6054688   0.0000000   1.0000000   0.0000000
 109.0000000   1.0000000   2.0465789   0.3887792   0.0032343   1.0000000   0.7913578   0.0000000   0.0000000   2.6452785   1.0142736  -5.7780850   0.0101064   2.0613937   0.5926039   0.0092121   0.3458050   3.2505189   0.6052405  -1.0000000   0.0092318   0.0000000   2.8541093   0.6425816   0.0000000   0.0000000  -5.7709042  34.0205677   3.2505171   0.6052386   0.0000000   1.0000000   0.0000000
 110.0000000   1.0000000   2.0465789   0.3887792   0.0032343   1.0000000   0.7913578   0.0000000   0.0000000   2.6451334   1.0142708  -5.7790964   0.0101055   2.0614041   0.5926315   0.0092121   0.3457853   3.2505866   0.6054532  -1.0000000   0.0092303   0.0000000   2.8543535   0.6425908   0.0000000   0.0000000  -5.7702536  34.0235068   3.2505848   0.6054514   0.0000000   1.0000000   0.0000000
 111.0000000   1.0000000   2.0465789   0.3887792   0.0032343   1.0000000   0.7913578   0.0000000   0.0000000   2.6451885   1.0142777  -5.7799388   0.0101052   2.0614155   0.5926037   0.0092121   0.3457671   3.2506763   0.6054878  -1.0000000   0.0092239   0.0000000   2.8545935   0.6425977   0.0000000   0.0000000  -5.7697039  34.0266466   3.2506746   0.6054861   0.0000000   1.0000000   0.0000000
 112.0000000   1.0000000   2.0465789   0.3887792   0.0032343   1.0000000   0.7913578   0.0000000   0.0000000   2.6450701   1.0142894  -5.7808446   0.0101044   2.0614253   0.5926868   0.0092121   0.3457553   3.2507750   0.6057049  -1.0000000   0.0092212   0.0000000   2.8547883   0.6426036   0.0000000   0.0000000  -5.7691812  34.0297767   3.2507734   0.6057033   0.0000000   1.0000000   0.0000000
 113.0000000   1.0000000   2.0465789   0.3887792   0.0032343   1.0000000   0.7913578   0.0000000   0.0000000   2.6451457   1.0143066  -5.7815088   0.0101020   2.0614356   0.5926680   0.0092121   0.3457461   3.2508892   0.6057435  -1.0000000   0.0092183   0.0000000   2.8549642   0.6426074   0.0000000   0.0000000  -5.7687986  34.0330954   3.2508877   0.6057421   0.0000000   1.0000000   0.0000000
 114.0000000   1.0000000   2.0465789   0.3887792   0.0032343   1.0000000   0.7913578   0.0000000   0.0000000   2.6450406   1.0143255  -5.7822226   0.0101007   2.0614473   0.5926924   0.0092121   0.3457399   3.2510056   0.6059650  -1.0000000   0.0092163   0.0000000   2.8551163   0.6426109   0.0000000   0.0000000  -5.7684471  34.0364119   3.2510042   0.6059636   0.0000000   1.0000000   0.0000000
 115.0000000   1.0000000   2.0465789   0.3887792   0.0032343   1.0000000   0.7913578   0.0000000   0.0000000   2.6451953   1.0143467  -5.7827510   0.0100988   2.0614609   0.5927461   0.0092121   0.3457357   3.2511317   0.6059364  -1.0000000   0.0092152   0.0000000   2.8552536   0.6426135   0.0000000   0.0000000  -5.7682070  34.0399055   3.2511305   0.6059352   0.0000000   1.0000000   0.0000000
 116.0000000   1.0000000   2.0465789   0.3887792   0.0032343   1.0000000   0.7913578   0.0000000   0.0000000   2.6452834   1.0143689  -5.7833231   0.0100977   2.0614754   0.5927163   0.0092121   0.3457326   3.2512579   0.6059745  -1.0000000   0.0092137   0.0000000   2.8553835   0.6426166   0.0000000   0.0000000  -5.7680005  34.0433201   3.2512568   0.6059734   0.0000000   1.0000000   0.0000000
 117.0000000   1.0000000   2.0465789   0.3887792   0.0032343   1.0000000   0.7913578   0.0000000   0.0000000   2.6453862   1.0143898  -5.7839420   0.0100946   2.0614905   0.5927899   0.0092121   0.3457309   3.2513822   0.6059960  -1.0000000   0.0092144   0.0000000   2.8554972   0.6426193   0.0000000   0.0000000  -5.7678993  34.0467212   3.2513813   0.6059951   0.0000000   1.0000000   0.0000000
 118.0000000   1.0000000   2.0465789   0.3887792   0.0032343   1.0000000   0.7913578   0.0000000   0.0000000   2.6455386   1.0144077  -5.7845222   0.0100919   2.0615103   0.5930099   0.0092121   0.3457286   3.2515003   0.6059617  -1.0000000   0.0092143   0.0000000   2.8556028   0.6426217   0.0000000   0.0000000  -5.7678775  34.0500922   3.2514995   0.6059609   0.0000000   1.0000000   0.0000000
 119.0000000   1.0000000   2.0465789   0.3887792   0.0032343   1.0000000   0.7913578   0.0000000   0.0000000   2.6454346   1.0144297  -5.7848732   0.0100729   2.0615277   0.5932722   0.0092121   0.3457264   3.2516318   0.6021515  -1.0000000   0.0092141   0.0000000   2.8557216   0.6426237   0.0000000   0.0000000  -5.7679856  34.0533642   3.2516312   0.6021509   0.0040457   1.0000000   0.0000000
 120.0000000   1.0000000   2.0465789   0.3887792   0.0032343   1.0000000   0.7913578   0.0000000   0.0000000   2.6494715   1.0147280  -5.9410000   0.0101010   2.0615948   0.5983467   0.0092121   0.3457272   3.2523463   0.6031790  -1.0000000   0.0092119   0.0000000   2.8588776   0.6432150   0.0000000   0.0000000  -5.7437424  34.0778955   3.2523463   0.6031790   0.0003043   1.0000000   0.0000000
