   0.0000000  -1.6314591  -1.6314591  -1.6314591  -1.6314591  -1.6314591  -1.6314591
   0.0501881  -1.5686894  -1.5557971  -1.5503642  -1.5496740  -1.5954461  -1.6744798
   0.1419533  -1.4642388  -1.6985230  -1.6873552  -1.6859364  -1.6768591  -1.6506886
   0.2607850  -1.3328431  -1.6939543  -1.6769319  -1.6747694  -1.6609334  -1.7806586
   0.4015047  -1.1797007  -1.6863465  -1.8398818  -1.8369655  -1.8183065  -1.7645115
   0.5611199  -1.0078065  -1.8686070  -1.8396577  -1.8359800  -1.8124495  -1.9507404
   0.7376112  -0.8191775  -1.8717730  -1.8367824  -1.8323373  -2.0233481  -1.9413517
   0.9294964  -0.6152925  -1.8729088  -2.0638453  -2.0586276  -2.0252438  -2.1729156
   1.1356268  -0.3972959  -2.1163267  -2.0691391  -2.0631444  -2.2800636  -2.4356295
   1.3550784  -0.1661079  -2.1258280  -2.3386389  -2.3318635  -2.2885129  -2.4401195
   1.5870867   0.0775107  -2.1337051  -2.3507863  -2.3432266  -2.5815099  -2.7384347
   1.8310056   0.3329172  -2.4268313  -2.6574995  -2.6491524  -2.5957464  -2.7475600
   2.0862796   0.5995595  -2.4418020  -2.6756626  -2.6665253  -2.9229805  -3.0782229
   2.3524244   0.8769561  -2.4553821  -2.6921333  -2.6822031  -2.9424596  -3.4325604
   2.6290128   1.1646829  -2.7915091  -3.0395112  -3.0287859  -3.3010094  -3.4522285
   2.9156644   1.4623619  -2.8113617  -3.0615045  -3.0499817  -3.3253179  -3.8347894
   3.2120376   1.7696540  -2.8299799  -3.4391310  -3.4268086  -3.7129047  -3.8582240
   3.5178234   2.0862525  -3.2045571  -3.4661871  -3.4530632  -3.7417150  -4.2673102
   3.8327404   2.4118782  -3.2288608  -3.4918508  -3.8580734  -4.1564965  -4.6962574
   4.1565312   2.7462757  -3.2520439  -3.9037574  -3.8890248  -4.1895407  -4.7285531
   4.4889590   3.0892100  -3.6617206  -3.9341773  -3.9186378  -4.2211053  -5.1816123
   4.8298049   3.4404641  -3.6901423  -4.3722308  -4.3558828  -4.6670406  -5.6528907
   5.1788659   3.7998368  -3.7175311  -4.4071066  -4.3899487  -4.7026849  -5.6932567
   5.5359531   4.1671405  -4.1597063  -4.4407736  -4.8519742  -5.1727258  -6.1867931
   5.9008899   4.5422004  -4.1919786  -4.9090246  -4.8902424  -5.2122490  -6.2301473
   6.2735110   4.9248526  -4.2232879  -4.9469336  -4.9273371  -5.7053125  -6.7450831
   6.6536610   5.3149431  -4.6958663  -5.4385480  -5.4181361  -5.7485409  -7.2763231
   7.0411937   5.7123270  -4.7317681  -5.4804831  -5.4592545  -6.2636779  -7.3269236
   7.4359711   6.1168675  -4.7667648  -5.5213364  -5.9724275  -6.3104594  -7.8782369
   7.8378626   6.5284352  -5.2680111  -6.0402488  -6.0173831  -6.8468299  -8.4449100
   8.2467443   6.9469076  -5.3073561  -6.0849680  -6.0612822  -6.8970300  -8.5023074
   8.6624988   7.3721681  -5.3458444  -6.6251957  -6.6006886  -7.0993969  -9.0879477
   9.0850143   7.8041061  -5.3835144  -6.6736163  -6.8016038  -7.5073814  -9.1479018
   9.5141842   8.2426161  -5.9169188  -7.2344024  -7.2082496  -8.0840409  -9.7519705
   9.9499070   8.6875974  -5.9587316  -7.2863785  -7.2594014  -8.1407290 -10.3701994
  10.3920856   9.1389539  -6.5131159  -7.3373871  -7.3095847  -8.1963328 -10.4364393
  10.8406269   9.5965937  -6.5588870  -7.3874651  -7.8938144  -8.7963615 -11.0722304
  11.2954421  10.0604285  -6.6038792  -7.9768962  -7.9474404  -8.8550860 -11.1408540
  11.7564457  10.5303739  -6.6481219  -8.0304353  -8.5507909  -9.4736296 -11.7937771
  12.2235558  11.0063487  -6.6916424  -8.6388544  -8.6077418  -9.5353830 -11.8647489
  12.6966935  11.4882748  -7.2799355  -8.6957361  -8.6637938 -10.1719381 -12.5344040
  13.1757830  11.9760773  -7.3272587  -8.7517499  -9.2898302 -10.2366362 -13.2169615
  13.6607513  12.4696838  -7.3738854  -9.3827199  -9.3491156 -10.8907381 -13.2937028
  14.1515279  12.9690246  -7.9857061  -9.4419821  -9.4075457 -10.9583037 -13.9923366
  14.6480449  13.4740325  -8.0359939  -9.5004164 -10.0555225 -11.6295222 -14.0712902
  15.1502367  13.9846426  -8.0856081 -10.1532041 -10.1171012 -11.6998836 -14.7856684
  15.3035537  14.1404968  -7.9250318  -9.9906377 -10.5541803 -11.5354469 -15.2575714
  16.1713931  15.0224204  -8.7732743 -10.2756031 -10.8471032 -12.4609092 -15.5966156
  16.6902370  15.5494686  -8.8257703 -10.9495424 -10.9109342 -12.5330877 -16.3383556
  17.2145141  16.0818799  -8.8776327 -11.0134265 -11.5970510 -13.2409455 -16.4248553
  17.7441686  16.6195992  -8.9288798 -11.7041500 -11.6638683 -13.3158090 -17.1815090
  18.2791464  17.1625729  -9.5934346 -11.7710315 -11.7299119 -14.0395854 -17.9497078
  18.8193952  17.7107493  -9.6481010 -11.8371603 -12.4362052 -14.1170750 -18.0413830
  19.3648640  18.2640778  -9.7021680 -12.5479646 -12.5051675 -14.1937085 -18.8240259
  19.9155034  18.8225096  -9.7556515 -12.6170218 -12.5733850 -14.9365075 -18.9177009
  20.4712651  19.3859971  -9.8085669 -12.6853535 -13.2993248 -15.0157266 -19.7145459
  21.0321024  19.9544940 -10.5019318 -13.4157157 -13.3703975 -15.7737504 -19.8101991
  21.5979699  20.5279552 -10.5581599 -13.4869112 -13.4407515 -15.8555027 -20.6210160
  22.1688231  21.1063371 -10.6138323 -13.5574057 -14.1858476 -16.6284679 -21.4426657
  22.7446189  21.6895967 -10.6689627 -14.3068416 -14.2589971 -16.7127040 -21.5431955
  23.3253153  22.2776926 -11.3863022 -14.3801394 -14.3314516 -16.7961436 -22.3784290
  23.9108712  22.8705842 -11.4446491 -14.4527584 -15.0952484 -17.5870158 -22.4808543
  24.5012466  23.4682319 -11.5024647 -14.5247138 -15.1704422 -17.6729043 -23.3294697
  25.0964026  -2.8395797 -11.5597611 -15.2961835 -15.2449626 -18.4781398 -23.4337718
  25.6963009  -2.2325345 -12.3003330 -15.3708904 -16.0270356 -18.5664327 -24.2955760
  26.3009044  -2.2347521 -12.3607576 -15.4449529 -16.1042421 -18.6539679 -24.4017366
  26.9101768  -2.2369611 -12.4206725 -16.2345539 -16.1807951 -19.4764480 -25.2765446
  27.5240826  -2.2391628 -12.4800887 -16.3113137 -16.9807474 -19.5663554 -25.3845458
  28.1425870  -2.2413583 -12.5390168 -16.3874469 -17.0599364 -20.4026830 -26.2721801
  28.7656561  -2.2435487 -13.3056785 -17.1947911 -17.1384900 -20.4949222 -27.1697728
  29.3932567  -2.2457349 -13.3676509 -17.2735704 -17.9559495 -20.5864376 -27.2822946
  30.0253564  -2.2479179 -13.4291428 -17.3517394 -18.0370915 -21.4394157 -28.1924117
  30.6619233  -2.2500988 -13.4901640 -18.1764629 -18.1176150 -21.5332332 -28.3067070
  31.3029262  -1.6024940 -13.5507238 -18.2572295 -18.9522319 -21.6263488 -29.2291897
  31.9483348  -1.6003267 -13.6108314 -18.3374011 -19.0352986 -22.4956774 -29.3452429
  32.5981192  -1.5981885 -14.4061826 -18.4169887 -19.1177625 -22.5910661 -30.2799384
  33.2522499  -1.5960796 -14.4692535 -19.2618847 -19.9692072 -23.4735416 -30.3977342
  33.9106985  -1.5940004 -14.5318781 -19.3440271 -20.0541713 -23.5711679 -31.3444949
  34.5734367  -1.5919509 -14.5940646 -19.4255991 -20.1385472 -23.6681199 -31.4640182
  35.2404370  -1.5899314 -14.6558211 -20.2871517 -20.2223452 -24.5664369 -32.4227021
  35.9116722  -1.5879421 -15.4756012 -20.3712347 -21.0933436 -24.6655996 -33.3906525
  36.5871159  -0.9063571 -15.5402482 -20.4547598 -21.1796043 -24.7641061 -33.5144080
  37.2667420  -0.9002720 -15.6044701 -20.5377366 -21.2653000 -25.6780053 -34.4940380
  37.9505248  -0.8942427 -15.6682744 -21.4186612 -22.1524681 -25.7786965 -34.6194654
  38.6384394  -0.8882689 -15.7316684 -21.5041096 -22.2405873 -26.7051384 -35.6106460
  39.3304610  -0.8823504 -15.7946592 -21.5890211 -22.3281538 -26.8079829 -35.7377320
  40.0265653  -0.8764869 -15.8572536 -22.4859625 -22.4151764 -26.9101939 -36.7403381
  40.7267286  -0.1705147 -16.7072269 -22.5733058 -23.3211672 -27.8517755 -36.8690696
  41.4309275  -0.1607247 -16.7726377 -22.6601227 -23.4105785 -27.9561155 -37.8829805
  42.1391390  -0.1510119 -16.8376555 -22.7464215 -23.4994569 -28.0598374 -38.0133447
  42.8513405  -0.1413755 -16.9022870 -23.6620224 -24.4210306 -29.0163318 -39.0384430
  43.5675097  -0.1318150 -16.9665382 -23.7507169 -24.5122617 -29.1221591 -39.1704273
  44.2876248  -0.1223297 -17.0304155 -23.8389029 -24.6029703 -29.2273825 -40.2065994
  45.0116642  -0.1129191 -17.0939246 -23.9265882 -24.6931642 -30.1985727 -40.3401914
  45.7396069  -0.1035824 -17.9731097 -24.8604945 -25.6329055 -30.3058785 -41.3873271
  46.4714320  -0.0943192 -18.0393650 -24.9505405 -25.7254197 -30.4125939 -41.5225148
  47.2071191  -0.0851288 -18.1052548 -25.0400945 -25.8174287 -31.3982721 -42.5805070
  47.9466478  -0.0760107 -18.1707844 -25.1291637 -25.9089396 -31.5070474 -42.7172786
  48.6899985  -0.0669644 -18.2359594 -26.0810405 -26.8665215 -31.6152451 -42.8533149
  49.4371515  -0.0579892 -18.3007851 -26.1724367 -26.9603215 -32.6152118 -43.9243670
  50.1880877  -0.0490848 -18.3652667 -26.2633561 -27.0536319 -32.7254476 -44.0619845
  50.9427879  -0.0402505 -18.4294093 -26.3538052 -27.1464597 -32.8351176 -45.1436678
  51.7012336  -0.0314858 -19.3399322 -26.4437905 -28.1215723 -33.8491816 -45.2828547
  52.4634063  -0.0227903 -19.4067517 -27.4160791 -28.2166586 -33.9608685 -46.3750714
  53.2292880  -0.0141635 -19.4732337 -27.5083599 -28.3112702 -34.0720010 -46.5158163
  53.9988606  -0.0056048 -19.5393830 -27.6001840 -28.4054133 -35.0999782 -47.6184713
  54.7721067   0.7724588 -19.6052043 -27.6915574 -29.3977618 -35.2131069 -47.7607629
  55.5490089   0.7845558 -19.6707021 -28.6811538 -29.4941341 -35.3256919 -48.8737636
  56.3295499   0.7965687 -19.7358810 -28.7747913 -29.5900452 -36.3674054 -49.0175910
  57.1137130   0.8084981 -19.8007453 -28.8679846 -29.6855009 -36.4819664 -49.1607333
  57.9014814   0.8203446 -19.8652994 -28.9607394 -30.6948049 -36.5959940 -50.2861995
  58.6928389   0.8321091 -19.9295475 -29.0530614 -30.7924614 -37.6512733 -50.4308741
  59.4877690   0.8437919 -20.8762544 -30.0623478 -30.8896692 -37.7672574 -51.5664902
  60.2862559   1.6467514 -20.9431069 -30.1569039 -30.9864339 -37.8827175 -51.7126862
  61.0882839   1.6618459 -21.0096540 -30.2510328 -31.0827609 -37.9976601 -52.8583669
  61.8938372   1.6768447 -21.0758996 -30.3447399 -32.1113641 -39.0687960 -53.0060737
  62.7029006   1.6917488 -21.1418476 -30.4380302 -32.2098651 -39.1856789 -54.1617360
  63.5154589   2.5085867 -21.2075020 -31.4666504 -32.3079344 -39.3020531 -54.3109432
  64.3314972   2.5268289 -21.2728664 -31.5621457 -32.4055771 -40.3864047 -54.4595007
  65.1510006   2.5449632 -21.3379446 -31.6572294 -32.5027984 -40.5047005 -55.6272034
  65.9739545   2.5629907 -21.4027402 -31.7519064 -33.5503657 -40.6224961 -55.7772575
  66.8003447   3.3934705 -21.4672567 -31.8461815 -33.6497345 -40.7397972 -56.9547653
  67.6301567   3.4147669 -21.5314976 -32.8937976 -33.7486872 -41.8396102 -57.1063057
  68.4633766   3.4359443 -21.5954664 -32.9902492 -33.8472285 -41.9588171 -58.2935417
  69.2999906   3.4570039 -21.6591663 -33.0863035 -33.9453631 -42.0775374 -58.4465586
  70.1399848   4.3009006 -21.7226007 -33.1819650 -35.0115759 -43.1902413 -59.6434477
  70.9833457   4.3251638 -21.7857728 -33.2772381 -35.1118323 -43.3108495 -59.7979311
  71.8300600   4.3492979 -21.8486858 -33.3721272 -35.2116869 -43.4309786 -61.0044000
  72.6801144   4.3733042 -21.9113427 -34.4409510 -35.3111440 -43.5506338 -61.1603404
  73.5334959   5.2304037 -21.9737467 -34.5379889 -35.4102081 -44.6784316 -61.3156674
  74.3901914   5.2575516 -22.9776795 -34.6346467 -36.4947627 -44.7999594 -62.5337053
  75.2501883   5.2845614 -23.0425905 -34.7309287 -36.5959235 -44.9210202 -62.6904853
  76.1134740   4.4680733 -23.1072479 -34.8268389 -36.6966955 -45.0416190 -63.9179464
  76.9800359   4.4914570 -23.1716546 -34.9223813 -36.7970829 -46.1843231 -64.0761700
  77.8498617   5.3647738 -23.2358134 -36.0120248 -36.8970897 -46.3067793 -65.3129861
  78.7229392   5.3912430 -23.2997272 -36.1096887 -36.9967200 -46.4287800 -65.4726440
  79.5992563   5.4175800 -23.3633988 -36.2069883 -38.1017760 -46.5503298 -65.6317099
  80.4788012   6.3004815 -23.4268308 -36.3039274 -38.2034784 -47.7077592 -66.8798314
  81.3615619   6.3298588 -23.4900261 -36.4005097 -38.3048081 -47.8311514 -67.0403276
  82.2475269   6.3590947 -23.5529871 -36.4967389 -38.4057689 -47.9540988 -68.2976581
  83.1366846   6.3881903 -23.6157166 -36.5926187 -38.5063646 -48.0766059 -68.4595754
  84.0290235   6.4171468 -23.6782170 -37.7051579 -38.6065987 -49.2485857 -68.6209158
  84.9245324   6.4459655 -23.7404909 -37.8031319 -39.7318052 -49.3729204 -69.8893808
  85.8232001   7.3477250 -23.8025407 -37.9007595 -39.8340873 -49.4968205 -70.0521381
  86.7250155   7.3795110 -23.8643690 -37.9980440 -39.9360112 -49.6202901 -70.2143281
  87.6299676   7.4111507 -23.9259779 -38.0949888 -40.0375806 -50.8066516 -71.4938382
  88.5380457   8.3221900 -23.9873700 -38.1915974 -40.1387988 -50.9319342 -71.6574406
  89.4492390   8.3567565 -24.0485475 -38.2878730 -40.2396693 -51.0567918 -71.8204850
  90.3635368   8.3911685 -24.1095127 -39.4228756 -40.3401954 -51.1812283 -73.1109526
  91.2809288   9.3113924 -24.1702678 -39.5212185 -41.4875869 -51.3052477 -73.2754048
  92.2014044   9.3486922 -24.2308151 -39.6192310 -41.5901368 -52.5080433 -73.4393080
  93.1249535   9.3858299 -24.2911566 -39.7169161 -41.6923452 -52.6338625 -74.7406475
  94.0515657   9.4228070 -24.3512946 -39.8142770 -41.7942153 -52.7592695 -74.9059538
  94.9812310  10.3551337 -23.4026195 -39.9113168 -41.8957503 -52.8842680 -75.0707196
  95.9139395  10.3949522 -23.4595510 -40.0080384 -41.9969533 -54.1011013 -75.2349493
  96.8496811  10.4346030 -23.5162930 -40.1044449 -42.0978275 -54.2278853 -76.5490115
  97.7884462  11.3759028 -23.5728473 -40.2005392 -42.1983758 -54.3542656 -76.7146434
  98.7302249  11.4183589 -23.6292158 -41.3623039 -43.3698845 -54.4802457 -76.8797473
  99.6750078  12.3655926 -23.6854005 -41.4604374 -43.4724319 -54.6058292 -78.2045029
 100.6227852  12.4108271 -23.7414032 -41.5582606 -43.5746558 -55.8387159 -78.3710039
 101.5735478  12.4558791 -23.7972258 -41.6557764 -43.6765592 -55.9660717 -78.5369846
 102.5272861  13.4119436 -23.8528699 -41.7529876 -43.7781449 -56.0930352 -78.7024495
 103.4839910  13.4597399 -23.9083375 -41.8498968 -43.8794157 -56.2196097 -80.0397267
 104.4436533  14.4216456 -23.9636302 -41.9465068 -43.9803745 -56.3457986 -80.2065868
 105.4062638  14.4721606 -24.0187497 -42.0428202 -44.0810239 -57.5945459 -80.3729383
 106.3718137  14.5224797 -24.0736979 -42.1388397 -44.1813668 -57.7224940 -81.7207385
 107.3402939  15.4930803 -24.1284762 -42.2345679 -44.2814057 -57.8500605 -81.8884799
 108.3116956  15.5460860 -24.1830865 -42.3300073 -45.4811384 -57.9772486 -82.0557199
 109.2860100  15.5988903 -24.2375303 -42.4251604 -45.5831504 -58.1040614 -82.2224624
 110.2632286  16.5781072 -23.2419003 -43.6200248 -45.6848604 -58.2305020 -83.5825915
 111.2433426  16.6335668 -23.2933204 -43.7171859 -45.7862708 -59.4970416 -83.7507215
 112.2263435  17.6184852 -23.3445855 -43.8140621 -45.8873843 -59.6252289 -83.9183607
 113.2122230  17.6765766 -23.3956973 -43.9106558 -45.9882033 -59.7530477 -85.2888499
 114.2009726  18.6671633 -23.4466572 -44.0069694 -46.0887303 -59.8805009 -85.4578712
 115.1925839  18.7278632 -23.4974666 -44.1030052 -46.1889678 -60.0075915 -85.6264082
 116.1870489  19.7240853 -23.5481269 -44.1987657 -46.2889182 -60.1343223 -85.7944645
 117.1843592  19.7873713 -23.5986396 -44.2942531 -46.3885838 -61.4184266 -87.1770981
 118.1845068  19.8504314 -23.6490060 -44.3894697 -46.4879671 -61.5468915 -87.3465337
 119.1874838  20.8550463 -23.6992275 -44.4844178 -46.5870702 -61.6750000 -87.5154948
 120.1932820  20.9206642 -22.6753803 -44.5790994 -46.6858956 -61.8027549 -88.9083324
 121.2018937  21.9308348 -22.7226806 -44.6735169 -47.9199334 -61.9301589 -89.0786673
 122.2133110  21.9989889 -22.7698464 -44.7676724 -48.0207028 -62.0572147 -89.2485337
 123.2275261  23.0146845 -22.8168789 -44.8615680 -48.1211957 -63.3586638 -89.4179349
 124.2445314  23.0853537 -22.8637795 -44.9552058 -48.2214143 -63.4874410 -90.8227400
 125.2643192  24.1065437 -22.9105492 -45.0485879 -48.3213607 -63.6158731 -90.9935118
 126.2868819  24.1797073 -22.9571893 -45.1417164 -48.4210372 -63.7439626 -91.1638242
 127.3122121  25.2063619 -23.0037010 -45.2345933 -48.5204458 -63.8717122 -91.3336805
 128.3403022  25.2819995 -21.9578460 -45.3272205 -48.6195887 -63.9991243 -92.7503612
 129.3711449  26.3140894 -22.0015130 -45.4196001 -48.7184680 -64.1262016 -92.9215846
 130.4047329  26.3921811 -22.0450611 -45.5117340 -48.8170856 -64.2529466 -93.0923574
 131.4410589  27.4296772 -22.0884915 -45.6036242 -48.9154437 -65.5756132 -94.5190146
 132.4801157  27.5102035 -22.1318052 -45.6952725 -49.0135442 -65.7040672 -94.6911488
 133.5218961  27.5904668 -22.1750031 -45.7866808 -49.1113892 -65.8321914 -94.8628376
 134.5663930  28.6360190 -21.1129512 -45.8778510 -49.2089805 -65.9599884 -95.0340840
 135.6135993  29.6842426 -21.1533598 -45.9687849 -49.3063201 -66.0874603 -96.4724506
 136.6635081  29.7695809 -21.1936617 -46.0594844 -49.4034100 -66.2146097 -96.6450549
 137.7161125  30.8231266 -21.2338579 -46.1499512 -49.5002520 -66.3414388 -96.8172218
 138.7714055  30.9108429 -21.2739493 -46.2401872 -49.5968479 -66.4679499 -98.2654247
 139.8293804  31.9696835 -20.1985922 -46.3301940 -49.6931997 -66.5941453 -98.4389437
 140.8900303  32.0597598 -20.2359391 -46.4199734 -49.7893091 -67.9397370 -98.6120303
 141.9533485  33.1238686 -20.2731897 -46.5095271 -49.8851780 -68.0676288 -98.7846872
 143.0193283  33.2162870 -20.3103448 -46.5988568 -49.9808082 -68.1952071-100.2444398
 144.0879631  34.2856376 -20.3474055 -46.6879642 -50.0762013 -68.3224742-100.4184451
 145.1592463  34.3803807 -20.3843724 -46.7768509 -50.1713592 -68.4494322-100.5920254
 146.2331715  35.4549470 -19.2932700 -46.8655186 -50.2662835 -68.5760832-102.0614796
 147.3097320  36.5321116 -19.3275426 -46.9539688 -50.3609760 -68.7024295-102.2364026
 148.3889215  36.6317541 -19.3617294 -47.0422033 -50.4554384 -68.8284731-102.4109051
 149.4707336  37.7140962 -19.3958313 -47.1302235 -50.5496722 -68.9542160-102.5849900
 150.5551619  37.8160167 -19.4298490 -47.2180310 -50.6436793 -69.0796604-104.0658402
 151.6422002  38.9035113 -18.3258025 -47.3056274 -50.7374611 -69.2048083-104.2412637
 152.7318421  39.0076934 -18.3571667 -47.3930142 -50.8310193 -69.3296616-104.4162738
 153.8240816  40.1003159 -18.3884543 -47.4801929 -50.9243555 -70.7037696-104.5908733
 154.9189123  41.1954930 -18.4196661 -47.5671650 -51.0174713 -70.8303056-104.7650646
 156.0163283  41.3044694 -18.4508026 -47.6539319 -51.1103683 -70.9565489-104.9388503
 157.1163234  42.4047380 -17.3339666 -47.7404952 -51.2030479 -71.0825015-105.1122330
 158.2188916  42.5159320 -17.3624887 -47.8268563 -51.2955116 -71.2081652-105.2852151
 159.3240269  43.6212683 -17.3909430 -47.9130166 -51.3877611 -71.3335420-106.7843462
 160.4317233  44.7291295 -17.4193298 -47.9989776 -51.4797978 -71.4586338-106.9586691
 161.5419750  44.8450449 -16.2923699 -48.0847406 -51.5716231 -71.5834425-107.1325953
 162.6547761  45.9579387 -16.3181737 -48.1703069 -51.6632386 -71.7079699-107.3061273
 163.7701207 163.2603889 -16.3439171 -48.2556781 -51.7546457 -71.8322178-107.4792676
 164.8880031 164.3782921 -15.2094253 -48.3408554 -51.8458457 -71.9561880-107.6520184
 166.0084174 165.4986916 -15.2326097 -48.4258402 -51.9368402 -72.0798824-107.8243822
 167.1313581 166.6215816 -15.2557404 -48.5106338 -52.0276305 -72.2033028-107.9963612
 168.2568195 167.7469567 -15.2788180 -47.3616670 -52.1182180 -72.3264508-108.1679578
 169.3847958 168.8748111 -14.1343632 -47.4437872 -52.2086040 -72.4493283-108.3391742
 170.5152816 170.0051395 -14.1549114 -47.5257243 -52.2987900 -72.5719368-108.5100127
 171.6482712 171.1379363 -14.1754129 -47.6074796 -51.1415000 -72.6942783-108.6804756
 172.7837591 172.2731961 -13.0235441 -47.6890543 -51.2290200 -72.8163543-108.8505650
 173.9217399 173.4109134 -13.0415389 -47.7704498 -51.3163481 -72.9381665-109.0202833
 175.0622080 174.5510830 -13.0594934 -47.8516671 -51.4034855 -73.0597166-109.1896324
 176.2051582 175.6936993 -11.9002594 -47.9327075 -51.4904334 -73.1810062-109.3586147
 177.3505849 176.8387572 -11.9157295 -48.0135721 -51.5771932 -73.3020370-109.5272322
 178.4984829 177.9862514 -11.9311654 -48.0942622 -51.6637661 -73.4228105-109.6954870
 179.6488469 179.1361766 -10.7646140 -48.1747789 -51.7501533 -73.5433283-109.8633813
 180.8016715 180.2885276 -10.7775873 -46.9987913 -51.8363560 -73.6635921-110.0309171
 181.9569516 181.4432992  -9.6061839 -47.0767112 -51.9223754 -73.7836034-108.8294932
 183.1146819 182.6004863  -9.6167105 -47.1544651 -52.0082127 -73.9033636-108.9942493
 184.2748572 183.7600839  -9.6272142 -47.2320541 -52.0938692 -75.3343833-109.1586561
 185.4374725 184.9220867  -8.4485712 -47.3094794 -50.9073230 -74.1421374-109.3227157
 186.6025225 186.0864899  -8.4566492 -47.3867420 -50.9903954 -74.2611539-109.4864300
 187.7700023 187.2532883  -8.4647097 -47.4638429 -51.0732942 -74.3799255-109.6498010
 188.9399068 188.4224770  -7.2788727 -47.5407833 -51.1560206 -75.8185767-109.8128306
 190.1122309 189.5940510  -7.2845281 -46.3455412 -51.2385757 -75.9390076-109.9755207
 191.2869697 190.7680054  -7.2901715 -46.4199378 -51.3209605 -74.7347854-110.1378733
 192.4641182 191.9443354  -6.0971851 -46.4941808 -51.4031762 -74.8525919-110.2998901
 193.6436716 193.1230361  -6.1004434 -46.5682711 -51.4852238 -74.9701607-110.4615731
 194.8256248 194.3041025  -4.9027151 -46.6422098 -51.5671044 -75.0874932-110.6229242
 196.0099731 195.4875301  -4.9036030 -46.7159979 -50.3590976 -75.2045908-110.7839451
 197.1967116 196.6733139  -4.9044891 -46.7896362 -50.4384521 -75.3214550-110.9446376
 198.3858355 197.8614492  -3.6996840 -45.5778063 -50.5176464 -75.4380870-111.1050037
 199.5773400 199.0519314  -3.6982191 -45.6489453 -50.5966815 -75.5544882-111.2650449
 200.7712204 200.2447557  -3.6967573 -45.7199413 -50.6755584 -75.6706600-111.4247633
 201.9674720 201.4399175  -2.4849179 -45.7907951 -50.7542782 -75.7866037-111.5841604
 203.1660901 202.6374121  -2.4811241 -45.8615076 -50.8328418 -75.9023206-110.3398774
 204.3670700 203.8372350  -1.2646184 -45.9320798 -49.6084125 -76.0178120-110.4966195
 205.5704070 205.0393815  -1.2585063 -44.7062163 -49.6844934 -76.1330793-110.6530484
 206.7760966 206.2438472  -1.2524070 -44.7743262 -49.7604245 -76.2481237-110.8091658
 207.9841343 207.4506275  -0.0289361 -44.8423019 -49.8362068 -76.3629464-110.9649735
 209.1945153 208.6597179  -0.0205369 -44.9101444 -49.9118413 -76.4775489-111.1204730
 210.4072352 209.8711139  -0.0121549 -44.9778544 -49.9873287 -76.5919322-111.2756660
 211.6222896 211.0848112   1.2182406 -43.7404221 -48.7490025 -76.7060976-111.4305541
 212.8396739 212.3008052   1.2289045 -43.8057002 -48.8220433 -76.8200464-111.5851389
 214.0593836 213.5190916   2.4638942 -43.8708519 -48.8949434 -76.9337798-111.7394220
 215.2814144 214.7396660   2.4768270 -43.9358780 -48.9677036 -77.0472990-111.8934051
 216.5057619 215.9625241   3.7163934 -44.0007793 -49.0403247 -77.1606052-112.0470896
 217.7324216 217.1876616   3.7315819 -44.0655566 -49.1128075 -77.2736996-112.2004772
 218.9613892 218.4150741   3.7467400 -42.8143876 -47.8607438 -77.3865833-112.3535693
 220.1926605 219.6447575   4.9931391 -42.8767673 -47.9308148 -76.1265195-112.5063676
 221.4262310 220.8767074   5.0105360 -42.9390287 -48.0007535 -76.2369227-112.6588735
 222.6620966 222.1109196   6.2614689 -43.0011725 -48.0705606 -76.3471218-112.8110886
 223.9002529 223.3473900   6.2810918 -41.7409317 -48.1402370 -76.4571180-112.9630143
 225.1406957 224.5861143   6.3006761 -41.8007013 -46.8768433 -76.5669123-113.1146521
 226.3834209 225.8270884   6.3202219 -41.8603590 -46.9441364 -76.6765059-113.2660035
 227.6284243 227.0703083   6.3397293 -41.9199054 -47.0113044 -76.7858999-113.4170699
 228.8757016 228.3157697   6.3591983 -40.6506598 -47.0783481 -76.8950953-113.5678529
 230.1252487 229.5634686   6.3786291 -40.7078547 -47.1452682 -77.0040932-113.7183538
 231.3770616 230.8134009   6.3980218 -40.7649438 -45.8706487 -75.7237406-112.4214722
 232.6311361 232.0655626   6.4173763 -40.8219277 -45.9352131 -75.8303083-112.5694564
 233.8874682 233.3199497   6.4366929 -39.5437428 -45.9996594 -75.9366848-112.7171653
 235.1460538 234.5765582   6.4559717 -39.5983974 -46.0639883 -76.0428709-112.8646005
 236.4068889 235.8353841   7.7315447 -39.6529521 -44.7804613 -76.1488678-113.0117632
 237.6699694 237.0964234   7.7530014 -39.7074074 -44.8424566 -76.2546764-113.1586549
 238.9352915 238.3596723   7.7744165 -38.4203473 -44.9043398 -76.3602977-113.3052768
 240.2028510 239.6251267   7.7957900 -38.4724950 -44.9661116 -75.0643929-113.4516303
 241.4726442 240.8927829   7.8171222 -38.5245485 -43.6737405 -75.1676220-113.5977168
 242.7446670 242.1626369   7.8384130 -38.5765083 -43.7332003 -75.2706697-113.7435375
 244.0189156 243.4346850   7.8596626 -37.2806358 -43.7925538 -75.3735370-113.8890937
 245.2953861 244.7089232   7.8808710 -37.3303090 -43.8518017 -75.4762248-114.0343868
 246.5740746 245.9853477   7.9020385 -37.3798936 -42.5506485 -74.1693288-114.1794181
 247.8549773 247.2639548   7.9231651 -36.0774521 -42.6076055 -74.2696514-114.3241887
 249.1380904 248.5447408   7.9442509 -36.1247665 -42.6644619 -74.3698001-114.4687000
 250.4234100 249.8277017   7.9652960 -36.1719969 -42.7212182 -74.4697759-114.6129532
 251.7109324 251.1128340   7.9863004 -36.2191440 -41.4113438 -74.5695796-114.7569496
 253.0006538 252.4001339   8.0072644 -34.9079969 -41.4658297 -73.2517876-114.9006905
 254.2925704 253.6895978   8.0281880 -34.9528939 -41.5202205 -73.3492523-115.0441769
 255.5866787 254.9812218   8.0490714 -34.9977123 -41.5745167 -73.4465504-115.1874103
 256.8829747 256.2750024   8.0699145 -33.6800749 -40.2559807 -73.5436828-115.3303916
 258.1814550 257.5709360   8.0907175 -33.7226589 -40.3080265 -73.6406504-115.4731223
 259.4821157 258.8690189   8.1114805 -33.7651689 -40.3599825 -72.3120550-115.6156034
 260.7849532 260.1692476   8.1322037 -32.4410739 -40.4118490 -72.4067088-115.7578362
 262.0899640 261.4716183   8.1528870 -32.4813649 -39.0847098 -72.5012031-115.8998217
 263.3971444 262.7761277   8.1735306 -32.5215863 -39.1343457 -72.5955387-116.0415613
 264.7064907 264.0827721   8.1941346 -32.5617385 -39.1838968 -71.2583658-116.1830559
 266.0179995 265.3915479   8.2146991 -31.2290837 -37.8503427 -71.3504079-116.3243069
 267.3316672 266.7024518   8.2352242 -31.2670360 -37.8976783 -71.4422965-116.4653152
 268.6474902 268.0154802   8.2557100 -31.3049234 -37.9449336 -71.5340323-116.6060822
 269.9654649 269.3306296   8.2761565 -29.9658858 -36.6049963 -70.1883385-116.7466087
 271.2855880 270.6478965   8.2965638 -30.0015881 -36.6500511 -70.2778008-115.3821949
 272.6078559 271.9672776   8.3169321 -30.0372298 -36.6950299 -70.3671152-114.0156609
 273.9322651 273.2887693   8.3372615 -28.6918407 -35.3487407 -70.4562826-112.6470102
 275.2588121 274.6123683   8.3575520 -28.7253118 -35.3915336 -69.1021235-111.2762462
 276.5874936 275.9380712   8.3778037 -27.3757055 -35.4342549 -69.1890368-109.9033723
 277.9183061 277.2658746   8.3980167 -27.4070165 -34.0816446 -69.2758079-108.5283919
 279.2512462 278.5957751   8.4181911 -27.4382749 -34.1221944 -69.3624375-107.1513084
 280.5863105 279.9277695   8.4383270 -26.0823680 -34.1626767 -67.9998676-105.7721252
 281.9234957 281.2618543   8.4584244 -26.1114805 -32.8037756 -68.0842621-104.3908456
 283.2627983 282.5980262   8.4784835 -26.1405441 -32.8421006 -68.1685199-103.0074730
 284.6042150 283.9362821   8.4985044 -24.7783668 -32.8803623 -68.2526416-101.6220106
 285.9477426 285.2766184   8.5184871 -24.8052985 -31.5152003 -66.8817144-100.2344617
 287.2933777 286.6190321   8.5384317 -23.4389574 -31.5513186 -66.9636196 -98.8448297
 288.6411169 287.9635199   8.5583383 -23.4637671 -30.1819992 -67.0453933 -97.4531179
 289.9909571 289.3100785   8.5782070 -22.0932753 -30.2159842 -65.6682326 -96.0593293
 291.3428949 290.6587046   8.5980379 -22.1159731 -30.2499135 -65.7478042 -94.6634674
 292.6969272 292.0093952   8.6178310 -22.1386332 -28.8743821 -65.8272488 -93.2655353
 294.0530506 293.3621469   8.6375865 -20.7619393 -28.9061918 -65.9065671 -91.8655362
 295.4112620 294.7169567   8.6573043 -20.7825008 -28.9379495 -64.5211402 -90.4634734
 296.7715581 296.0738214  10.0310169 -19.4016882 -27.5562349 -64.5982743 -89.0593500
 298.1339357 297.4327377  10.0527511 -19.4201610 -27.5858863 -64.6752864 -87.6531691
 299.4983918 298.7937027  10.0744446 -19.4386029 -26.2000655 -63.2836932 -86.2449340
 300.8649231 300.1567131  10.0960977 -18.0516359 -26.2276203 -63.3585348 -84.8346477
 302.2335264 301.5217659  10.1177104 -18.0680021 -26.2551303 -63.4332588 -83.4223134
 303.6041987 302.8888579  10.1392829 -16.6769477 -24.8631735 -62.0355276 -82.0079342
 304.9769368 304.2579861  10.1608152 -16.6912475 -24.8885999 -62.1080947 -80.5915132
 306.3517376 305.6291475  10.1823074 -15.2961182 -23.4925678 -62.1805484 -79.1730534
 307.7285981 307.0023389  10.2037596 -15.3083611 -23.5159201 -62.2528893 -77.7525579
 309.1075151 308.3775574  10.2251718 -15.3205833 -22.1158250 -60.8470171 -76.3300298
 310.4884856 309.7547999  10.2465443 -13.9193643 -22.1371126 -60.9172180 -74.9054721
 311.8715065 311.1340634  10.2678770 -13.9295421 -22.1583656 -60.9873103 -73.4788879
 313.2565749 312.5153450  10.2891702 -12.5242785 -20.7521987 -59.5753642 -72.0502801
 314.6436876 313.8986416  10.3104237 -12.5324211 -20.7713994 -59.6433296 -70.6196517
 316.0328417 315.2839502  10.3316378 -11.1231247 -19.3611996 -59.7111903 -69.1870058
 317.4240342 316.6712680  10.3528126 -11.1292411 -19.3783573 -58.2931973 -67.7523452
 318.8172621 318.0605920  10.3739480  -9.7159239 -17.9641364 -58.3589441 -66.3156730
 320.2125224 319.4519191  10.3950443  -9.7200232 -17.9792600 -56.9369345 -64.8769921
 321.6098122 320.8452467  10.4161015  -8.3026969 -16.5610298 -57.0005767 -63.4363055
 323.0091285 322.2405716  10.4371196  -8.3047878 -16.5741283 -57.0641216 -61.9936159
 324.4104684 323.6378911  10.4580988  -6.8834641 -15.1519004 -55.6361092 -60.5489265
 325.8138290 325.0372022  10.4790392  -6.8835555 -15.1629827 -55.6975620 -59.1022400
 327.2192073 326.4385022  10.4999408  -5.4582459 -13.7367688 -55.7589213 -57.6535593
 328.6266006 327.8417880  10.5208037  -5.4563466 -13.7458436 -54.3249321 -56.2028873
 330.0360058 329.2470570  10.5416281  -4.0270624 -13.7549027 -54.3842117 -54.7502268
 331.4474202 330.6543062  10.5624139  -4.0231810 -12.3227310 -54.4434015 -53.2955808
 332.8608408 332.0635329  10.5831612  -2.5899337 -12.3297944 -53.0034611 -51.8389520
 334.2762649 333.4747342  10.6038703  -2.5840787 -10.8936650 -53.0605835 -50.3803432
 335.6936896 334.8879073  10.6245411  -1.1468796 -10.8987412 -51.6166898 -48.9197573
 337.1131120 336.3030495  10.6451736  -1.1390593  -9.4586653 -51.6717536 -47.4571971
 338.5345295 337.7201580  10.6657681   0.3020805  -9.4617627 -51.7267344 -45.9926653
 339.9579391 339.1392301  10.6863246   0.3118575  -8.0177515 -50.2769316 -44.5261647
 341.3833381 340.5602629  10.7068431   1.7569269  -6.5717768 -48.8251645 -43.0576981
 342.8107237 341.9832538  10.7273237   1.7686525  -6.5709431 -47.3714360 -41.5872682
 344.2400932 343.4082000  10.7477666   3.2176406  -5.1210494 -45.9157488 -40.1148777
 345.6714438 344.8350989  10.7681718   3.2313064  -5.1182592 -44.4581056 -38.6405295
 347.1047728 346.2639477  10.7885393   4.6842023  -3.6644575 -42.9985091 -37.1642261
 348.5400774 347.6947436  10.8088693   6.1390481  -3.6597189 -41.5369620 -35.6859704
 349.9773549 349.1274842  10.8291618   6.1565932  -2.2020201 -40.0734671 -34.2057649
 351.4166027 350.5621666  10.8494169   7.6153306  -2.1953412 -38.6080270 -32.7236125
 352.8578180 351.9987882  10.8696347   7.6347945  -0.7337559 -37.1406443 -31.2395156
 354.3009981 353.4373464  10.8898152   9.0974129  -0.7251448 -35.6713217 -29.7534771
 355.7461404 354.8778386  10.9099586   9.1187877   0.7403164 -34.2000618 -28.2654996
 357.1932423 356.3202621  10.9300648  10.5852765   0.7508517 -32.7268674 -26.7755856
 358.6423010 357.7646142  12.3913494  12.0536966   2.2201783 -31.2517410 -25.2837379
 360.0933139 359.2108925  12.4133466  12.0789030   2.2326299 -29.7746852 -23.7899590
 361.5462784 360.6590943  13.8784843  12.1040760   3.7058114 -28.2957026 -22.2942515
 363.0011920 362.1092170  13.9023647  12.1292156   5.1809165 -26.8147958 -20.7966181
 364.4580518 363.5612581  15.3713453  12.1543218   5.1971977 -25.3319674 -19.2970613
 365.9168555 365.0152149  15.3971012  12.1793948   6.6761422 -23.8472200 -17.7955837
 367.3776004 366.4710850  16.8699144  12.2044346   6.6943191 -22.3605561 -16.2921879
 368.8402838 367.9288658  16.8975383  12.2294412   8.1770927 -20.8719783 -14.7868764
 370.3049034 369.3885547  18.3741739  12.2544147   8.1971577 -19.3814891 -13.2796517
 371.7714564 370.8501493  18.4036582  12.2793552   9.6837504 -17.8890910 -11.7705165
 373.2399403 372.3136471  19.8841062  12.3042627  11.1722488 -16.3947866 -10.2594732
 374.7103527 373.7790454  19.9154436  13.7937569  11.1960975 -14.8985784  -8.7465243
 376.1826909 375.2463419  21.3996938  13.8205321  12.6883999 -13.4004688  -7.2316723
 377.6569526 376.7155341  21.4328769  13.8472720  12.7141165 -11.9004604  -5.7149198
 379.1331350 378.1866194  22.9209195  13.8739766  12.7398005 -10.3985556  -4.1962692
 380.6112359 379.6595955  22.9559410  13.9006460  12.7654520  -8.8947570  -2.6757230
 382.0912526 381.1344598  24.4477661  13.9272803  12.7910709  -7.3890669  -1.1532837
 383.5731828 382.6112100  24.4846188  13.9538794  14.2928398  -5.8814879   0.3710464
 385.0570238 384.0898436  25.9802165  13.9804436  14.3203121  -4.3720223   1.8972647
 386.5427734 385.5703581  26.0188932  14.0069728  14.3477496  -2.8606726   3.4253688
 388.0304290 387.0527512  27.5182539  14.0334672  14.3751523  -1.3474412   4.9553562
 389.5199882 388.5370204  29.0194925  14.0599267  14.4025203   0.1676694   6.4872247
 391.0114485 390.0231634  29.0618617  14.0863514  14.4298536   1.6846569   8.0209716
 392.5048076 391.5111777  30.5668488  14.1127415  14.4571524   3.2035189   9.5565948
 394.0000630 393.0010611  30.6110231  14.1390970  14.4844166   4.7242530  11.0940917
 395.4972123 394.4928110  32.1197492  14.1654179  14.5116463   6.2468567  12.6334599
 396.9962532 395.9864252  32.1657217  14.1917043  14.5388416   7.7713278  14.1746972
 398.4971832 397.4819013  33.6781773  14.2179562  14.5660026   9.2976639  15.7178012
 400.0000000 398.9792370  33.7259412  14.2441738  14.5931293  10.8258626  17.2627694
