 t output_loss_entry employment_loss_entry investment_loss_entry debt_loss_entry
 output_gain_entry employment_gain_entry investment_gain_entry debt_gain_entry
 output_loss_incumbent employment_loss_incumbent investment_loss_incumbent debt_
 loss_incumbent
 output_gain_incumbent employment_gain_incumbent investment_gain_incumbent debt_
 gain_incumbent
 gdp1 h1 inv1 firm_debt2
 gdp_t h_t inv_t firm_debt_t
   1.0000000   0.0000000   0.0000000   0.0000000   0.0000000   0.0000000   0.0000000   0.0000000   0.0000000   0.0000000   0.0000000   0.0000000   0.0000000   0.0000000   0.0000000   0.0000000   0.0000000   3.2523463   1.0145700   0.6031790   5.7437424   3.2523463   1.0145700   0.6031790   5.7437424
   2.0000000   0.0020571   0.0009870   0.0084040   0.0015673   0.0000000   0.0000000   0.0000000   0.0000000   3.2502729   1.0135749   0.5948525   5.7421414   3.2512417   1.0140449   0.5818080   3.5318793   3.2523463   1.0145700   0.6031790   5.7437424   3.2512536   1.0140507   0.5817265   3.5318962
   3.0000000   0.0034562   0.0016119   0.0094941   0.0041859   0.0000000   0.0000000   0.0000000   0.0000000   3.2203979   0.9996521   0.7572540   5.6864774   3.1398904   0.9883721   0.7443104   3.2801145   3.2523463   1.0145700   0.6031790   5.7437424   3.1542421   0.9950190   0.5451331   3.2945277
   4.0000000   0.0048867   0.0022238   0.0096708   0.0070922   0.0000000   0.0000000   0.0000000   0.0000000   3.2020513   0.9914941   0.7604085   5.6392198   3.1146142   0.9795232   0.7265708   3.3553863   3.2523463   1.0145700   0.6031790   5.7437424   3.1421517   0.9923561   0.5421723   3.3869902
   5.0000000   0.0062810   0.0028086   0.0095164   0.0099488   0.0000000   0.0000000   0.0000000   0.0000000   3.1810734   0.9823957   0.7628282   5.5833957   3.0997517   0.9717988   0.7221624   3.4943325   3.2523463   1.0145700   0.6031790   5.7437424   3.1440714   0.9923388   0.5469914   3.5518723
   6.0000000   0.0075936   0.0033521   0.0092237   0.0126253   0.0000000   0.0000000   0.0000000   0.0000000   3.1974170   0.9902049   0.6729786   5.6199483   3.1159541   0.9783160   0.6163817   3.6874049   3.2523463   1.0145700   0.6031790   5.7437424   3.1488665   0.9931159   0.5520320   3.7318084
   7.0000000   0.0067584   0.0028657   0.0005566   0.0135544   0.0000000   0.0000000   0.0000000   0.0000000   3.2078858   0.9952215   0.6482742   5.6424870   3.1276414   0.9825654   0.5913761   3.8726112   3.2523463   1.0145700   0.6031790   5.7437424   3.1549688   0.9945600   0.5575941   3.9105971
   8.0000000   0.0064982   0.0027024  -0.0007639   0.0132630   0.0000000   0.0000000   0.0000000   0.0000000   3.2143638   0.9982866   0.6329380   5.6582024   3.1359759   0.9852879   0.5813628   4.0455690   3.2523463   1.0145700   0.6031790   5.7437424   3.1596425   0.9954457   0.5600611   4.0792504
   9.0000000   0.0061330   0.0025178  -0.0011151   0.0125432   0.0000000   0.0000000   0.0000000   0.0000000   3.2190978   1.0004997   0.6238845   5.6696985   3.1431890   0.9875136   0.5785830   4.2055261   3.2523463   1.0145700   0.6031790   5.7437424   3.1642837   0.9963830   0.5644219   4.2362569
  10.0000000   0.0057403   0.0023303  -0.0010867   0.0117568   0.0000000   0.0000000   0.0000000   0.0000000   3.2227072   1.0021762   0.6181105   5.6783791   3.1496632   0.9894362   0.5771127   4.3516550   3.2523463   1.0145700   0.6031790   5.7437424   3.1689120   0.9973787   0.5678704   4.3805046
  11.0000000   0.0053753   0.0021586  -0.0008784   0.0110564   0.0000000   0.0000000   0.0000000   0.0000000   3.2255384   1.0034882   0.6140580   5.6850198   3.1549290   0.9909094   0.5774208   4.4802145   3.2523463   1.0145700   0.6031790   5.7437424   3.1727098   0.9981129   0.5709174   4.5076020
  12.0000000   0.0050547   0.0020078  -0.0006640   0.0104608   0.0011694   0.0005622   0.0046394   0.0007496   3.2278009   1.0045375   0.6111746   5.6901814   3.1596408   0.9922206   0.5735525   4.5956204   3.2523463   1.0145700   0.6031790   5.7437424   3.1774812   0.9994243   0.5738171   4.6227864
  13.0000000   0.0047777   0.0018770  -0.0004527   0.0099743   0.0019412   0.0009110   0.0051650   0.0020348   3.2296388   1.0053921   0.6090422   5.6942286   3.1632452   0.9931549   0.5739748   4.6977923   3.2523463   1.0145700   0.6031790   5.7437424   3.1809455   1.0002418   0.5761104   4.7254925
  14.0000000   0.0045401   0.0017641  -0.0002720   0.0095822   0.0027354   0.0012562   0.0052774   0.0034628   3.2311523   1.0060986   0.6074352   5.6974308   3.1666436   0.9940208   0.5751808   4.7881626   3.2523463   1.0145700   0.6031790   5.7437424   3.1843967   1.0010706   0.5784451   4.8167298
  15.0000000   0.0043367   0.0016666  -0.0001183   0.0092708   0.0034862   0.0015759   0.0051688   0.0048891   3.2324124   1.0066899   0.6061867   5.6999793   3.1693834   0.9946389   0.5764724   4.8698280   3.2523463   1.0145700   0.6031790   5.7437424   3.1872544   1.0016797   0.5804877   4.8994625
  16.0000000   0.0041621   0.0015820   0.0000127   0.0090280   0.0042050   0.0018778   0.0050824   0.0062873   3.2334715   1.0071901   0.6051975   5.7020142   3.1722492   0.9953687   0.5779586   4.9433286   3.2523463   1.0145700   0.6031790   5.7437424   3.1903260   1.0024414   0.5824815   4.9741288
  17.0000000   0.0040118   0.0015084   0.0001243   0.0088431   0.0048780   0.0021566   0.0049650   0.0076077   3.2343683   1.0076172   0.6044028   5.7036415   3.1749359   0.9960338   0.5793603   5.0071774   3.2523463   1.0145700   0.6031790   5.7437424   3.1932501   1.0031536   0.5843365   5.0391897
  18.0000000   0.0038819   0.0014440   0.0002206   0.0087078   0.0055077   0.0024144   0.0049656   0.0089952   3.2351333   1.0079848   0.6037495   5.7049357   3.1770960   0.9966181   0.5806617   5.0650203   3.2523463   1.0145700   0.6031790   5.7437424   3.1956721   1.0037980   0.5859252   5.0983462
  19.0000000   0.0037695   0.0013874   0.0003041   0.0086150   0.0061205   0.0026597   0.0047821   0.0101717   3.2357893   1.0083034   0.6032027   5.7059505   3.1792764   0.9971356   0.5821018   5.1167436   3.2523463   1.0145700   0.6031790   5.7437424   3.1981412   1.0043850   0.5874755   5.1512266
  20.0000000   0.0036718   0.0013375   0.0003769   0.0085588   0.0066797   0.0028840   0.0047975   0.0114245   3.2363544   1.0085811   0.6027390   5.7067280   3.1813194   0.9976483   0.5832139   5.1631233   3.2523463   1.0145700   0.6031790   5.7437424   3.2004603   1.0049670   0.5888558   5.1988892
  21.0000000   0.0035869   0.0012933   0.0004407   0.0085341   0.0072272   0.0030982   0.0048021   0.0126233   3.2368430   1.0088245   0.6023426   5.7073030   3.1832523   0.9981448   0.5854419   5.2039785   3.2523463   1.0145700   0.6031790   5.7437424   3.2026951   1.0055418   0.5912564   5.2409849
  22.0000000   0.0035127   0.0012540   0.0004967   0.0085366   0.0077609   0.0033070   0.0046133   0.0136241   3.2372670   1.0090389   0.6020010   5.7077049   3.1852024   0.9986794   0.5850419   5.2403347   3.2523463   1.0145700   0.6031790   5.7437424   3.2049600   1.0061632   0.5908091   5.2783940
  23.0000000   0.0034479   0.0012189   0.0005459   0.0085625   0.0082359   0.0034914   0.0046979   0.0147451   3.2376360   1.0092286   0.6017043   5.7079577   3.1866703   0.9989774   0.5863568   5.2728282   3.2523463   1.0145700   0.6031790   5.7437424   3.2067024   1.0065334   0.5923294   5.3120678
  24.0000000   0.0033910   0.0011875   0.0005892   0.0086084   0.0087115   0.0036706   0.0047248   0.0158299   3.2379582   1.0093972   0.6014439   5.7080804   3.1879646   0.9991958   0.5876453   5.3030379   3.2523463   1.0145700   0.6031790   5.7437424   3.2082900   1.0068286   0.5937600   5.3434367
  25.0000000   0.0033409   0.0011592   0.0006274   0.0086713   0.0091704   0.0038423   0.0047365   0.0168761   3.2382402   1.0095477   0.6012142   5.7080896   3.1892813   0.9994308   0.5886000   5.3295506   3.2523463   1.0145700   0.6031790   5.7437424   3.2099007   1.0071423   0.5948332   5.3710758
  26.0000000   0.0032968   0.0011336   0.0006609   0.0087483   0.0096141   0.0040074   0.0047002   0.0178632   3.2384876   1.0096825   0.6010113   5.7080009   3.1904859   0.9996742   0.5896967   5.3536719   3.2523463   1.0145700   0.6031790   5.7437424   3.2113997   1.0074664   0.5959769   5.3962695
  27.0000000   0.0032576   0.0011104   0.0006901   0.0088368   0.0100300   0.0041594   0.0047581   0.0188666   3.2387053   1.0098037   0.6008319   5.7078281   3.1913581   0.9997658   0.5903846   5.3756901   3.2523463   1.0145700   0.6031790   5.7437424   3.2125495   1.0076318   0.5967937   5.4193755
  28.0000000   0.0032229   0.0010893   0.0007153   0.0089342   0.0104441   0.0043094   0.0047588   0.0198301   3.2388974   1.0099132   0.6006732   5.7075839   3.1924031   0.9999602   0.5911085   5.3963809   3.2523463   1.0145700   0.6031790   5.7437424   3.2138824   1.0079049   0.5975722   5.4411136
  29.0000000   0.0031917   0.0010700   0.0007364   0.0090379   0.0108462   0.0044539   0.0048545   0.0208179   3.2390674   1.0100125   0.6005335   5.7072799   3.1934184   1.0001299   0.5919309   5.4154750   3.2523463   1.0145700   0.6031790   5.7437424   3.2151822   1.0081527   0.5985394   5.4612740
  30.0000000   0.0031638   0.0010522   0.0007537   0.0091452   0.0112407   0.0045941   0.0048853   0.0217956   3.2392183   1.0101028   0.6004116   5.7069274   3.1943896   1.0003047   0.5927662   5.4337724   3.2523463   1.0145700   0.6031790   5.7437424   3.2164383   1.0084062   0.5994511   5.4806250
  31.0000000   0.0031384   0.0010358   0.0007670   0.0092534   0.0116241   0.0047285   0.0049350   0.0227618   3.2393529   1.0101853   0.6003071   5.7065378   3.1953007   1.0004486   0.5932520   5.4500624   3.2523463   1.0145700   0.6031790   5.7437424   3.2176298   1.0086270   0.6000219   5.4979493
  32.0000000   0.0031152   0.0010206   0.0007763   0.0093599   0.0120013   0.0048598   0.0050020   0.0237340   3.2394736   1.0102610   0.6002201   5.7061229   3.1961332   1.0005835   0.5938439   5.4657340   3.2523463   1.0145700   0.6031790   5.7437424   3.2187421   1.0088393   0.6007028   5.5146506
  33.0000000   0.0030937   0.0010063   0.0007816   0.0094618   0.0123715   0.0049872   0.0051077   0.0247310   3.2395824   1.0103307   0.6001510   5.7056953   3.1969466   1.0007107   0.5943512   5.4804453   3.2523463   1.0145700   0.6031790   5.7437424   3.2198327   1.0090429   0.6013336   5.5304021
  34.0000000   0.0030736   0.0009930   0.0007828   0.0095563   0.0127444   0.0051152   0.0051765   0.0257236   3.2396815   1.0103953   0.6001001   5.7052676   3.1977927   1.0008778   0.5949360   5.4944037   3.2523463   1.0145700   0.6031790   5.7437424   3.2209622   1.0092899   0.6019955   5.5453801
  35.0000000   0.0030545   0.0009803   0.0007800   0.0096408   0.0131099   0.0052397   0.0052728   0.0267536   3.2397726   1.0104555   0.6000675   5.7048530   3.1986200   1.0010428   0.5953630   5.5081541   3.2523463   1.0145700   0.6031790   5.7437424   3.2220690   1.0095337   0.6025202   5.5601681
  36.0000000   0.0030360   0.0009683   0.0007733   0.0097126   0.0134756   0.0053630   0.0053256   0.0277773   3.2398576   1.0105119   0.6000532   5.7044646   3.1994886   1.0012215   0.5958602   5.5207484   3.2523463   1.0145700   0.6031790   5.7437424   3.2232194   1.0097919   0.6030691   5.5737728
  37.0000000   0.0030179   0.0009567   0.0007629   0.0097694   0.0138360   0.0054834   0.0054145   0.0288051   3.2399380   1.0105652   0.6000568   5.7041148   3.2003228   1.0013923   0.5962258   5.5327200   3.2523463   1.0145700   0.6031790   5.7437424   3.2243319   1.0100413   0.6035091   5.5867336
  38.0000000   0.0029998   0.0009455   0.0007492   0.0098091   0.0141904   0.0056010   0.0054902   0.0298415   3.2400153   1.0106159   0.6000773   5.7038153   3.2011041   1.0015521   0.5965714   5.5440518   3.2523463   1.0145700   0.6031790   5.7437424   3.2253867   1.0102782   0.6039104   5.5990360
  39.0000000   0.0029815   0.0009346   0.0007324   0.0098300   0.0145413   0.0057164   0.0055728   0.0308860   3.2400909   1.0106645   0.6001136   5.7035761   3.2017677   1.0016517   0.5969922   5.5546590   3.2523463   1.0145700   0.6031790   5.7437424   3.2263204   1.0104538   0.6043890   5.6105924
  40.0000000   0.0029629   0.0009239   0.0007131   0.0098311   0.0148901   0.0058305   0.0056617   0.0319429   3.2401659   1.0107114   0.6001640   5.7034057   3.2024159   1.0017581   0.5973131   5.5646378   3.2523463   1.0145700   0.6031790   5.7437424   3.2272364   1.0106358   0.6047654   5.6214990
  41.0000000   0.0029437   0.0009133   0.0006917   0.0098115   0.0152379   0.0059437   0.0057454   0.0330095   3.2402413   1.0107570   0.6002267   5.7033108   3.2031649   1.0019227   0.5977144   5.5743272   3.2523463   1.0145700   0.6031790   5.7437424   3.2282528   1.0108763   0.6052144   5.6320935
  42.0000000   0.0029238   0.0009029   0.0006687   0.0097711   0.0155817   0.0060547   0.0058320   0.0340876   3.2403180   1.0108016   0.6003001   5.7032962   3.2038204   1.0020463   0.5978430   5.5834994   3.2523463   1.0145700   0.6031790   5.7437424   3.2291707   1.0110742   0.6053855   5.6421456
  43.0000000   0.0029032   0.0008925   0.0006445   0.0097101   0.0159233   0.0061641   0.0059191   0.0351751   3.2403966   1.0108455   0.6003821   5.7033647   3.2044714   1.0021716   0.5981166   5.5920563   3.2523463   1.0145700   0.6031790   5.7437424   3.2300808   1.0112727   0.6056992   5.6515544
  44.0000000   0.0028817   0.0008821   0.0006194   0.0096289   0.0162624   0.0062720   0.0060054   0.0362713   3.2404778   1.0108890   0.6004710   5.7035174   3.2051113   1.0023009   0.5984126   5.6006226   3.2523463   1.0145700   0.6031790   5.7437424   3.2309763   1.0114742   0.6060298   5.6609445
  45.0000000   0.0028594   0.0008717   0.0005940   0.0095283   0.0165968   0.0063773   0.0060866   0.0373747   3.2405619   1.0109321   0.6005651   5.7037539   3.2057327   1.0024139   0.5984545   5.6086928   3.2523463   1.0145700   0.6031790   5.7437424   3.2318472   1.0116571   0.6060996   5.6698094
  46.0000000   0.0028362   0.0008613   0.0005683   0.0094095   0.0169243   0.0064789   0.0061720   0.0384831   3.2406492   1.0109751   0.6006629   5.7040723   3.2061986   1.0024592   0.5986023   5.6162366   3.2523463   1.0145700   0.6031790   5.7437424   3.2325541   1.0117689   0.6062779   5.6781182
  47.0000000   0.0028121   0.0008508   0.0005428   0.0092737   0.0172564   0.0065826   0.0062601   0.0395982   3.2407400   1.0110181   0.6007630   5.7044697   3.2067818   1.0025707   0.5988122   5.6231988   3.2523463   1.0145700   0.6031790   5.7437424   3.2333815   1.0119491   0.6065202   5.6858199
  48.0000000   0.0027871   0.0008403   0.0005176   0.0091223   0.0175866   0.0066850   0.0063259   0.0407025   3.2408341   1.0110611   0.6008641   5.7049421   3.2073199   1.0026701   0.5989761   5.6297499   3.2523463   1.0145700   0.6031790   5.7437424   3.2341603   1.0121162   0.6066945   5.6930701
  49.0000000   0.0027614   0.0008298   0.0004929   0.0089567   0.0179131   0.0067859   0.0064051   0.0418068   3.2409318   1.0111041   0.6009653   5.7054845   3.2078408   1.0027687   0.5990834   5.6360527   3.2523463   1.0145700   0.6031790   5.7437424   3.2349168   1.0122810   0.6068243   5.7000441
  50.0000000   0.0027348   0.0008193   0.0004688   0.0087786   0.0182369   0.0068854   0.0064750   0.0428996   3.2410329   1.0111473   0.6010655   5.7060915   3.2083427   1.0028638   0.5989934   5.6416975   3.2523463   1.0145700   0.6031790   5.7437424   3.2356501   1.0124411   0.6067472   5.7063224
  51.0000000   0.0027076   0.0008087   0.0004454   0.0085896   0.0185585   0.0069840   0.0065475   0.0439867   3.2411373   1.0111906   0.6011641   5.7067570   3.2088530   1.0029733   0.5986335   5.6469348   3.2523463   1.0145700   0.6031790   5.7437424   3.2363882   1.0126148   0.6064023   5.7121638
  52.0000000   0.0026796   0.0007980   0.0004229   0.0083912   0.0188786   0.0070818   0.0066173   0.0450645   3.2412449   1.0112340   0.6012605   5.7074748   3.2093695   1.0030946   0.6008817   5.6523296   3.2523463   1.0145700   0.6031790   5.7437424   3.2371297   1.0127996   0.6086729   5.7181371
  53.0000000   0.0026511   0.0007874   0.0004013   0.0081850   0.0191964   0.0071785   0.0066805   0.0461293   3.2413553   1.0112776   0.6013541   5.7082384   3.2099960   1.0032489   0.6011292   5.6573983   3.2523463   1.0145700   0.6031790   5.7437424   3.2379780   1.0130165   0.6089308   5.7237543
  54.0000000   0.0026220   0.0007768   0.0003805   0.0079726   0.0195114   0.0072741   0.0067421   0.0471800   3.2414686   1.0113212   0.6014446   5.7090411   3.2106507   1.0034164   0.6013312   5.6622151   3.2523463   1.0145700   0.6031790   5.7437424   3.2388508   1.0132456   0.6091441   5.7290923
  55.0000000   0.0025924   0.0007662   0.0003608   0.0077554   0.0198235   0.0073683   0.0068019   0.0482155   3.2415843   1.0113648   0.6015317   5.7098767   3.2113019   1.0035848   0.6018812   5.6669124   3.2523463   1.0145700   0.6031790   5.7437424   3.2397163   1.0134745   0.6097061   5.7342856
  56.0000000   0.0025625   0.0007555   0.0003420   0.0075349   0.0201326   0.0074614   0.0068584   0.0492335   3.2417022   1.0114084   0.6016154   5.7107389   3.2119673   1.0037576   0.6021281   5.6713294   3.2523463   1.0145700   0.6031790   5.7437424   3.2405923   1.0137067   0.6099624   5.7391733
  57.0000000   0.0025321   0.0007450   0.0003241   0.0073121   0.0204389   0.0075532   0.0069131   0.0502373   3.2418222   1.0114521   0.6016954   5.7116218   3.2126410   1.0039348   0.6021914   5.6754890   3.2523463   1.0145700   0.6031790   5.7437424   3.2414730   1.0139423   0.6100364   5.7437849
  58.0000000   0.0025015   0.0007344   0.0003071   0.0070884   0.0207421   0.0076437   0.0069416   0.0511957   3.2419439   1.0114956   0.6017717   5.7125198   3.2132515   1.0040774   0.6019590   5.6790881   3.2523463   1.0145700   0.6031790   5.7437424   3.2422869   1.0141419   0.6097881   5.7477875
  59.0000000   0.0024707   0.0007239   0.0002911   0.0068646   0.0210394   0.0077322   0.0070195   0.0521588   3.2420670   1.0115390   0.6018444   5.7134279   3.2138153   1.0042165   0.6023792   5.6829133   3.2523463   1.0145700   0.6031790   5.7437424   3.2430477   1.0143364   0.6102442   5.7520204
  60.0000000   0.0024397   0.0007135   0.0002759   0.0066418   0.0213343   0.0078194   0.0070488   0.0530899   3.2421915   1.0115823   0.6019135   5.7143414   3.2143932   1.0043554   0.6020168   5.6863770   3.2523463   1.0145700   0.6031790   5.7437424   3.2438199   1.0145294   0.6098712   5.7558617
  61.0000000   0.0024085   0.0007031   0.0002615   0.0064207   0.0204610   0.0073453   0.0023132   0.0530967   3.2423169   1.0116253   0.6019790   5.7152561   3.2149528   1.0044920   0.6022774   5.6896498   3.2523463   1.0145700   0.6031790   5.7437424   3.2434055   1.0141593   0.6053587   5.7585917
  62.0000000   0.0023773   0.0006928   0.0002480   0.0062020   0.0199595   0.0070767   0.0017601   0.0525031   3.2424431   1.0116682   0.6020410   5.7161682   3.2155196   1.0046362   0.6022156   5.6925886   3.2523463   1.0145700   0.6031790   5.7437424   3.2433701   1.0140023   0.6047081   5.7603929
  63.0000000   0.0023461   0.0006826   0.0002353   0.0059863   0.0194337   0.0068122   0.0016717   0.0517060   3.2425699   1.0117107   0.6020997   5.7170744   3.2160754   1.0047797   0.6027157   5.6957149   3.2523463   1.0145700   0.6031790   5.7437424   3.2432993   1.0138491   0.6050871   5.7621860
  64.0000000   0.0023148   0.0006725   0.0002233   0.0057742   0.0189308   0.0065649   0.0018364   0.0509302   3.2426971   1.0117530   0.6021552   5.7179719   3.2167164   1.0049602   0.6028572   5.6987602   3.2523463   1.0145700   0.6031790   5.7437424   3.2433370   1.0137504   0.6053610   5.7639277
  65.0000000   0.0022837   0.0006625   0.0002120   0.0055659   0.0184734   0.0063410   0.0020499   0.0502350   3.2428244   1.0117949   0.6022075   5.7188580   3.2173224   1.0051258   0.6029079   5.7016052   3.2523463   1.0145700   0.6031790   5.7437424   3.2433852   1.0136604   0.6055951   5.7655594
  66.0000000   0.0022526   0.0006525   0.0002014   0.0053619   0.0180649   0.0061408   0.0022417   0.0496205   3.2429518   1.0118365   0.6022568   5.7197308   3.2179020   1.0052824   0.6028233   5.7041920   3.2523463   1.0145700   0.6031790   5.7437424   3.2434565   1.0135855   0.6056733   5.7670237
  67.0000000   0.0022216   0.0006427   0.0001914   0.0051625   0.0177011   0.0059620   0.0024087   0.0490780   3.2430790   1.0118776   0.6023032   5.7205883   3.2184633   1.0054334   0.6029036   5.7065647   3.2523463   1.0145700   0.6031790   5.7437424   3.2435545   1.0135267   0.6058938   5.7683570
  68.0000000   0.0021908   0.0006330   0.0001821   0.0049678   0.0173758   0.0058017   0.0025410   0.0485914   3.2432059   1.0119184   0.6023470   5.7214290   3.2190087   1.0055789   0.6027957   5.7088005   3.2523463   1.0145700   0.6031790   5.7437424   3.2436756   1.0134812   0.6058924   5.7696212
  69.0000000   0.0021602   0.0006235   0.0001733   0.0047781   0.0170831   0.0056572   0.0026439   0.0481465   3.2433324   1.0119587   0.6023881   5.7222518   3.2195415   1.0057218   0.6028499   5.7109114   3.2523463   1.0145700   0.6031790   5.7437424   3.2438175   1.0134493   0.6060256   5.7708145
  70.0000000   0.0021298   0.0006140   0.0001651   0.0045934   0.0168177   0.0055261   0.0027205   0.0477307   3.2434583   1.0119986   0.6024267   5.7230557   3.2200709   1.0058654   0.6027454   5.7128723   3.2523463   1.0145700   0.6031790   5.7437424   3.2439839   1.0134318   0.6059747   5.7718994
  71.0000000   0.0020996   0.0006046   0.0001574   0.0044139   0.0165751   0.0054064   0.0027752   0.0473335   3.2435835   1.0120380   0.6024629   5.7238398   3.2205789   1.0060022   0.6027913   5.7146777   3.2523463   1.0145700   0.6031790   5.7437424   3.2441524   1.0134192   0.6060540   5.7728602
  72.0000000   0.0020696   0.0005954   0.0001502   0.0042396   0.0163512   0.0052962   0.0028119   0.0469466   3.2437079   1.0120769   0.6024969   5.7246036   3.2210205   1.0061083   0.6025481   5.7162418   3.2523463   1.0145700   0.6031790   5.7437424   3.2442739   1.0133859   0.6058272   5.7736031
  73.0000000   0.0020400   0.0005863   0.0001434   0.0040705   0.0161432   0.0051942   0.0028327   0.0465628   3.2438314   1.0121153   0.6025288   5.7253467   3.2214826   1.0062267   0.6027183   5.7177559   3.2523463   1.0145700   0.6031790   5.7437424   3.2444327   1.0133734   0.6059989   5.7743121
  74.0000000   0.0020106   0.0005774   0.0001371   0.0039066   0.0159482   0.0050993   0.0028409   0.0461767   3.2439539   1.0121531   0.6025588   5.7260687   3.2219527   1.0063510   0.6030376   5.7192421   3.2523463   1.0145700   0.6031790   5.7437424   3.2446134   1.0133742   0.6063092   5.7750043
  75.0000000   0.0019816   0.0005686   0.0001312   0.0037480   0.0157641   0.0050104   0.0028373   0.0457835   3.2440753   1.0121905   0.6025868   5.7267696   3.2224251   1.0064751   0.6030114   5.7206825   3.2523463   1.0145700   0.6031790   5.7437424   3.2448083   1.0133812   0.6062626   5.7756566
  76.0000000   0.0019528   0.0005599   0.0001256   0.0035944   0.0155890   0.0049266   0.0028233   0.0453789   3.2441957   1.0122274   0.6026131   5.7274493   3.2228947   1.0065994   0.6030020   5.7220701   3.2523463   1.0145700   0.6031790   5.7437424   3.2450102   1.0133940   0.6062230   5.7762578
  77.0000000   0.0019244   0.0005513   0.0001204   0.0034460   0.0154212   0.0048473   0.0028002   0.0449592   3.2443148   1.0122637   0.6026377   5.7281078   3.2233529   1.0067203   0.6030489   5.7233801   3.2523463   1.0145700   0.6031790   5.7437424   3.2452091   1.0134083   0.6062316   5.7767792
  78.0000000   0.0018963   0.0005429   0.0001156   0.0033026   0.0152594   0.0047719   0.0027690   0.0445215   3.2444326   1.0122994   0.6026607   5.7287453   3.2238024   1.0068390   0.6030310   5.7246133   3.2523463   1.0145700   0.6031790   5.7437424   3.2454063   1.0134245   0.6061683   5.7772184
  79.0000000   0.0018686   0.0005346   0.0001110   0.0031641   0.0151024   0.0046997   0.0027318   0.0440643   3.2445491   1.0123347   0.6026823   5.7293620   3.2242506   1.0069591   0.6032309   5.7258573   3.2523463   1.0145700   0.6031790   5.7437424   3.2456080   1.0134458   0.6063179   5.7776614
  80.0000000   0.0018412   0.0005264   0.0001068   0.0030305   0.0149493   0.0046304   0.0026866   0.0435839   3.2446643   1.0123694   0.6027025   5.7299580   3.2246963   1.0070770   0.6029175   5.7269501   3.2523463   1.0145700   0.6031790   5.7437424   3.2458121   1.0134682   0.6059459   5.7779422
  81.0000000   0.0018141   0.0005183   0.0001028   0.0029016   0.0147991   0.0045635   0.0026367   0.0430794   3.2447781   1.0124035   0.6027214   5.7305339   3.2251190   1.0071892   0.6028703   5.7279763   3.2523463   1.0145700   0.6031790   5.7437424   3.2459971   1.0134877   0.6058369   5.7781442
  82.0000000   0.0017875   0.0005104   0.0000991   0.0027774   0.0146512   0.0044988   0.0025817   0.0425495   3.2448905   1.0124371   0.6027392   5.7310898   3.2255428   1.0073046   0.6028705   5.7289294   3.2523463   1.0145700   0.6031790   5.7437424   3.2461867   1.0135129   0.6057709   5.7782594
  83.0000000   0.0017612   0.0005027   0.0000956   0.0026577   0.0145050   0.0044360   0.0025261   0.0419959   3.2450014   1.0124702   0.6027558   5.7316261   3.2259719   1.0074243   0.6038726   5.7301549   3.2523463   1.0145700   0.6031790   5.7437424   3.2463843   1.0135447   0.6067098   5.7786357
  84.0000000   0.0017352   0.0004950   0.0000923   0.0025425   0.0143600   0.0043748   0.0024630   0.0414150   3.2451109   1.0125027   0.6027714   5.7321433   3.2264373   1.0075499   0.6038197   5.7312858   3.2523463   1.0145700   0.6031790   5.7437424   3.2466208   1.0135844   0.6065834   5.7789013
  85.0000000   0.0017097   0.0004875   0.0000892   0.0024315   0.0142157   0.0043149   0.0023971   0.0408067   3.2452189   1.0125347   0.6027860   5.7326417   3.2268902   1.0076718   0.6038151   5.7323576   3.2523463   1.0145700   0.6031790   5.7437424   3.2468465   1.0136222   0.6065035   5.7790910
  86.0000000   0.0016845   0.0004801   0.0000863   0.0023248   0.0140717   0.0042563   0.0023280   0.0401706   3.2453254   1.0125662   0.6027998   5.7331219   3.2273352   1.0077921   0.6038135   5.7333392   3.2523463   1.0145700   0.6031790   5.7437424   3.2470657   1.0136600   0.6064237   5.7791732
  87.0000000   0.0016597   0.0004728   0.0000835   0.0022221   0.0139278   0.0041987   0.0022569   0.0395072   3.2454304   1.0125972   0.6028127   5.7335842   3.2277717   1.0079104   0.6037984   5.7342696   3.2523463   1.0145700   0.6031790   5.7437424   3.2472775   1.0136971   0.6063289   5.7791869
  88.0000000   0.0016352   0.0004657   0.0000810   0.0021235   0.0137836   0.0041421   0.0021838   0.0388168   3.2455339   1.0126276   0.6028248   5.7340291   3.2282003   1.0080269   0.6037342   5.7351720   3.2523463   1.0145700   0.6031790   5.7437424   3.2474823   1.0137339   0.6061836   5.7791559
  89.0000000   0.0016111   0.0004587   0.0000785   0.0020286   0.0136389   0.0040862   0.0021086   0.0380999   3.2456359   1.0126575   0.6028363   5.7344572   3.2286187   1.0081407   0.6035826   5.7359818   3.2523463   1.0145700   0.6031790   5.7437424   3.2476776   1.0137690   0.6059486   5.7790151
  90.0000000   0.0015874   0.0004517   0.0000762   0.0019375   0.0134937   0.0040311   0.0020321   0.0373573   3.2457364   1.0126869   0.6028470   5.7348687   3.2290217   1.0082505   0.6036721   5.7367173   3.2523463   1.0145700   0.6031790   5.7437424   3.2478578   1.0138011   0.6059542   5.7787836
  91.0000000   0.0015640   0.0004450   0.0000741   0.0018500   0.0133478   0.0039765   0.0019555   0.0365909   3.2458354   1.0127159   0.6028572   5.7352643   3.2294205   1.0083586   0.6037069   5.7374290   3.2523463   1.0145700   0.6031790   5.7437424   3.2480344   1.0138325   0.6059054   5.7785135
  92.0000000   0.0015410   0.0004383   0.0000720   0.0017661   0.0132010   0.0039225   0.0018792   0.0358021   3.2459329   1.0127443   0.6028668   5.7356444   3.2298147   1.0084653   0.6037286   5.7381094   3.2523463   1.0145700   0.6031790   5.7437424   3.2482065   1.0138633   0.6058444   5.7781986
  93.0000000   0.0015184   0.0004317   0.0000701   0.0016855   0.0130535   0.0038690   0.0018030   0.0349930   3.2460289   1.0127722   0.6028758   5.7360095   3.2302029   1.0085702   0.6036438   5.7387771   3.2523463   1.0145700   0.6031790   5.7437424   3.2483729   1.0138933   0.6056769   5.7778593
  94.0000000   0.0014961   0.0004253   0.0000682   0.0016082   0.0129052   0.0038160   0.0017280   0.0341660   3.2461234   1.0127997   0.6028844   5.7363600   3.2305805   1.0086721   0.6037276   5.7394521   3.2523463   1.0145700   0.6031790   5.7437424   3.2485291   1.0139211   0.6056798   5.7775173
  95.0000000   0.0014742   0.0004189   0.0000665   0.0015341   0.0127561   0.0037634   0.0016540   0.0333228   3.2462165   1.0128267   0.6028925   5.7366964   3.2309555   1.0087729   0.6038163   5.7400860   3.2523463   1.0145700   0.6031790   5.7437424   3.2486829   1.0139485   0.6056890   5.7771262
  96.0000000   0.0014526   0.0004127   0.0000648   0.0014630   0.0126064   0.0037112   0.0015811   0.0324661   3.2463081   1.0128532   0.6029002   5.7370191   3.2313275   1.0088727   0.6036878   5.7406709   3.2523463   1.0145700   0.6031790   5.7437424   3.2488342   1.0139757   0.6054817   5.7766801
  97.0000000   0.0014313   0.0004066   0.0000632   0.0013949   0.0124560   0.0036594   0.0015103   0.0315982   3.2463983   1.0128793   0.6029076   5.7373286   3.2316872   1.0089691   0.6038910   5.7411958   3.2523463   1.0145700   0.6031790   5.7437424   3.2489734   1.0140001   0.6056094   5.7761702
  98.0000000   0.0014104   0.0004006   0.0000617   0.0013297   0.0123051   0.0036080   0.0014424   0.0307227   3.2464871   1.0129050   0.6029145   5.7376254   3.2320525   1.0090665   0.6039459   5.7417288   3.2523463   1.0145700   0.6031790   5.7437424   3.2491189   1.0140263   0.6055916   5.7756679
  99.0000000   0.0013898   0.0003946   0.0000602   0.0012672   0.0121539   0.0035571   0.0013766   0.0298421   3.2465745   1.0129302   0.6029212   5.7379098   3.2324134   1.0091628   0.6040071   5.7423706   3.2523463   1.0145700   0.6031790   5.7437424   3.2492606   1.0140521   0.6055821   5.7752764
 100.0000000   0.0013696   0.0003888   0.0000588   0.0012074   0.0120024   0.0035065   0.0013137   0.0289595   3.2466605   1.0129550   0.6029275   5.7381823   3.2327740   1.0092588   0.6041133   5.7429634   3.2523463   1.0145700   0.6031790   5.7437424   3.2494027   1.0140784   0.6056212   5.7748405
 101.0000000   0.0013497   0.0003831   0.0000575   0.0011501   0.0118508   0.0034564   0.0012531   0.0280769   3.2467452   1.0129793   0.6029336   5.7384434   3.2331314   1.0093539   0.6041037   5.7435269   3.2523463   1.0145700   0.6031790   5.7437424   3.2495425   1.0141044   0.6055464   5.7743816
 102.0000000   0.0013300   0.0003775   0.0000562   0.0010953   0.0116993   0.0034068   0.0011947   0.0271968   3.2468285   1.0130033   0.6029394   5.7386933   3.2334843   1.0094480   0.6040568   5.7440508   3.2523463   1.0145700   0.6031790   5.7437424   3.2496790   1.0141303   0.6054368   5.7738918
 103.0000000   0.0013107   0.0003719   0.0000550   0.0010429   0.0115479   0.0033576   0.0011391   0.0263217   3.2469105   1.0130268   0.6029449   5.7389326   3.2338294   1.0095399   0.6042648   5.7445524   3.2523463   1.0145700   0.6031790   5.7437424   3.2498086   1.0141546   0.6055856   5.7733907
 104.0000000   0.0012917   0.0003665   0.0000538   0.0009928   0.0113968   0.0033089   0.0010861   0.0254537   3.2469911   1.0130500   0.6029503   5.7391616   3.2341792   1.0096327   0.6042803   5.7449926   3.2523463   1.0145700   0.6031790   5.7437424   3.2499443   1.0141807   0.6055442   5.7728408
 105.0000000   0.0012730   0.0003612   0.0000527   0.0009449   0.0112461   0.0032606   0.0010357   0.0245951   3.2470705   1.0130727   0.6029554   5.7393806   3.2345209   1.0097234   0.6042909   5.7454343   3.2523463   1.0145700   0.6031790   5.7437424   3.2500731   1.0142053   0.6055005   5.7723072
 106.0000000   0.0012546   0.0003559   0.0000515   0.0008990   0.0110959   0.0032129   0.0009882   0.0237478   3.2471487   1.0130951   0.6029603   5.7395901   3.2348581   1.0098126   0.6044526   5.7459048   3.2523463   1.0145700   0.6031790   5.7437424   3.2501990   1.0142293   0.6056114   5.7718190
 107.0000000   0.0012365   0.0003507   0.0000505   0.0008553   0.0109465   0.0031657   0.0009435   0.0229138   3.2472256   1.0131171   0.6029651   5.7397904   3.2352001   1.0099028   0.6044639   5.7464239   3.2523463   1.0145700   0.6031790   5.7437424   3.2503314   1.0142551   0.6055743   5.7713978
 108.0000000   0.0012187   0.0003456   0.0000494   0.0008135   0.0107979   0.0031190   0.0009010   0.0220945   3.2473013   1.0131388   0.6029696   5.7399819   3.2355378   1.0099917   0.6044064   5.7468511   3.2523463   1.0145700   0.6031790   5.7437424   3.2504610   1.0142804   0.6054708   5.7709042
 109.0000000   0.0012012   0.0003406   0.0000484   0.0007735   0.0106502   0.0030729   0.0008601   0.0212905   3.2473758   1.0131600   0.6029741   5.7401649   3.2358019   1.0100478   0.6042198   5.7471014   3.2523463   1.0145700   0.6031790   5.7437424   3.2505189   1.0142736   0.6052405   5.7702536
 110.0000000   0.0011839   0.0003357   0.0000475   0.0007354   0.0105034   0.0030273   0.0008221   0.0205032   3.2474491   1.0131810   0.6029784   5.7403397   3.2360739   1.0101070   0.6044736   5.7474314   3.2523463   1.0145700   0.6031790   5.7437424   3.2505866   1.0142708   0.6054532   5.7697039
 111.0000000   0.0011669   0.0003308   0.0000465   0.0006990   0.0103578   0.0029824   0.0007865   0.0197339   3.2475212   1.0132016   0.6029825   5.7405066   3.2363660   1.0101751   0.6045468   5.7477661   3.2523463   1.0145700   0.6031790   5.7437424   3.2506763   1.0142777   0.6054878   5.7691812
 112.0000000   0.0011501   0.0003261   0.0000456   0.0006643   0.0102134   0.0029380   0.0007533   0.0189836   3.2475923   1.0132219   0.6029865   5.7406661   3.2366651   1.0102471   0.6047998   5.7482178   3.2523463   1.0145700   0.6031790   5.7437424   3.2507750   1.0142894   0.6057049   5.7687986
 113.0000000   0.0011337   0.0003214   0.0000447   0.0006311   0.0100703   0.0028941   0.0007215   0.0182526   3.2476622   1.0132418   0.6029904   5.7408182   3.2369775   1.0103238   0.6048733   5.7486774   3.2523463   1.0145700   0.6031790   5.7437424   3.2508892   1.0143066   0.6057435   5.7684471
 114.0000000   0.0011175   0.0003168   0.0000439   0.0005995   0.0099285   0.0028509   0.0006921   0.0175417   3.2477310   1.0132614   0.6029942   5.7409635   3.2372899   1.0104014   0.6051266   5.7492245   3.2523463   1.0145700   0.6031790   5.7437424   3.2510056   1.0143255   0.6059650   5.7682070
 115.0000000   0.0011015   0.0003122   0.0000430   0.0005694   0.0097882   0.0028083   0.0006637   0.0168508   3.2477987   1.0132807   0.6029979   5.7411020   3.2376098   1.0104804   0.6051294   5.7497816   3.2523463   1.0145700   0.6031790   5.7437424   3.2511317   1.0143467   0.6059364   5.7680005
 116.0000000   0.0010858   0.0003077   0.0000422   0.0005407   0.0096493   0.0027663   0.0006375   0.0161806   3.2478654   1.0132997   0.6030015   5.7412342   3.2379276   1.0105596   0.6051965   5.7504198   3.2523463   1.0145700   0.6031790   5.7437424   3.2512579   1.0143689   0.6059745   5.7678993
 117.0000000   0.0010703   0.0003033   0.0000414   0.0005133   0.0095119   0.0027249   0.0006120   0.0155306   3.2479311   1.0133184   0.6030050   5.7413602   3.2382412   1.0106367   0.6052463   5.7511138   3.2523463   1.0145700   0.6031790   5.7437424   3.2513822   1.0143898   0.6059960   5.7678775
 118.0000000   0.0010550   0.0002990   0.0000406   0.0004872   0.0093760   0.0026841   0.0005882   0.0149009   3.2479958   1.0133368   0.6030084   5.7414804   3.2385463   1.0107100   0.6052391   5.7519144   3.2523463   1.0145700   0.6031790   5.7437424   3.2515003   1.0144077   0.6059617   5.7679856
 119.0000000   0.0010400   0.0002947   0.0000398   0.0004623   0.0092417   0.0026439   0.0005522   0.0142856   3.2480594   1.0133549   0.6030117   5.7415949   3.2388626   1.0107865   0.6014758   5.7516130   3.2523463   1.0145700   0.6031790   5.7437424   3.2516318   1.0144297   0.6021515   5.7437424
