 t r r1 w w1
   1.0000000   0.0101010   0.0101010   2.0018584   2.0018584
   2.0000000   0.0101010   0.0101010   1.9802907   1.9806799
   3.0000000   0.0092367   0.0091531   1.9799257   1.9803196
   4.0000000   0.0093578   0.0093165   1.9801172   1.9804416
   5.0000000   0.0094926   0.0094871   1.9801779   1.9802010
   6.0000000   0.0095982   0.0096816   1.9803974   1.9803161
   7.0000000   0.0096762   0.0097198   1.9809842   1.9809403
   8.0000000   0.0097558   0.0097403   1.9815669   1.9813318
   9.0000000   0.0098433   0.0100166   1.9821730   1.9819855
  10.0000000   0.0099079   0.0099183   1.9829682   1.9826974
  11.0000000   0.0099629   0.0100267   1.9837377   1.9834186
  12.0000000   0.0100092   0.0100115   1.9844512   1.9840234
  13.0000000   0.0100574   0.0100708   1.9851773   1.9846815
  14.0000000   0.0100911   0.0100637   1.9858633   1.9853032
  15.0000000   0.0101207   0.0102568   1.9865793   1.9858976
  16.0000000   0.0101472   0.0101628   1.9873236   1.9864959
  17.0000000   0.0101676   0.0101780   1.9880345   1.9870454
  18.0000000   0.0101746   0.0096222   1.9888310   1.9883873
  19.0000000   0.0101960   0.0108908   1.9896430   1.9893344
  20.0000000   0.0102178   0.0104856   1.9904162   1.9902794
  21.0000000   0.0102303   0.0102211   1.9911516   1.9911670
  22.0000000   0.0102403   0.0103688   1.9917932   1.9920604
  23.0000000   0.0102590   0.0104095   1.9922749   1.9921487
  24.0000000   0.0102474   0.0105048   1.9927526   1.9925531
  25.0000000   0.0102455   0.0104550   1.9931966   1.9929378
  26.0000000   0.0102466   0.0103861   1.9936501   1.9933369
  27.0000000   0.0102467   0.0103232   1.9940907   1.9937444
  28.0000000   0.0102459   0.0103080   1.9945256   1.9941527
  29.0000000   0.0102434   0.0103931   1.9949499   1.9945641
  30.0000000   0.0102431   0.0102969   1.9953640   1.9949749
  31.0000000   0.0102391   0.0103649   1.9957662   1.9953695
  32.0000000   0.0102365   0.0104007   1.9961558   1.9957663
  33.0000000   0.0102318   0.0103289   1.9965319   1.9961529
  34.0000000   0.0102286   0.0102916   1.9968906   1.9965365
  35.0000000   0.0102244   0.0103442   1.9972309   1.9968718
  36.0000000   0.0102207   0.0103398   1.9975690   1.9972355
  37.0000000   0.0102166   0.0104015   1.9978908   1.9975900
  38.0000000   0.0102114   0.0104028   1.9981980   1.9979285
  39.0000000   0.0102086   0.0103297   1.9984908   1.9982585
  40.0000000   0.0102014   0.0103245   1.9987582   1.9985325
  41.0000000   0.0101967   0.0104903   1.9990047   1.9988200
  42.0000000   0.0101924   0.0103383   1.9992436   1.9991000
  43.0000000   0.0101886   0.0104266   1.9994718   1.9993713
  44.0000000   0.0101862   0.0103591   1.9996579   1.9994574
  45.0000000   0.0101803   0.0103983   1.9998078   1.9996346
  46.0000000   0.0101748   0.0102097   1.9999495   1.9997997
  47.0000000   0.0101707   0.0104268   2.0000865   1.9999600
  48.0000000   0.0101668   0.0102753   2.0002183   2.0001244
  49.0000000   0.0101629   0.0103921   2.0003462   2.0002849
  50.0000000   0.0101597   0.0103149   2.0004695   2.0004395
  51.0000000   0.0101565   0.0103132   2.0005876   2.0005896
  52.0000000   0.0101541   0.0103218   2.0006995   2.0007364
  53.0000000   0.0101517   0.0103117   2.0008066   2.0008779
  54.0000000   0.0101484   0.0103361   2.0009090   2.0010124
  55.0000000   0.0101464   0.0102545   2.0010080   2.0011402
  56.0000000   0.0101439   0.0103230   2.0011018   2.0012633
  57.0000000   0.0101419   0.0102378   2.0011906   2.0013817
  58.0000000   0.0101397   0.0103274   2.0012759   2.0014953
  59.0000000   0.0101410   0.0102791   2.0013312   2.0013896
  60.0000000   0.0101351   0.0101657   2.0013759   2.0013793
  61.0000000   0.0101325   0.0101755   2.0014145   2.0013701
  62.0000000   0.0101306   0.0102123   2.0014511   2.0013563
  63.0000000   0.0101288   0.0101892   2.0014825   2.0013670
  64.0000000   0.0101268   0.0101968   2.0015091   2.0013845
  65.0000000   0.0101254   0.0101542   2.0015321   2.0014072
  66.0000000   0.0101243   0.0101280   2.0015510   2.0014356
  67.0000000   0.0101228   0.0102523   2.0015668   2.0014684
  68.0000000   0.0101223   0.0100928   2.0015827   2.0015007
  69.0000000   0.0101212   0.0102045   2.0015985   2.0015356
  70.0000000   0.0101208   0.0102154   2.0016138   2.0015705
  71.0000000   0.0101192   0.0101559   2.0016273   2.0015928
  72.0000000   0.0101187   0.0101777   2.0016434   2.0016222
  73.0000000   0.0101177   0.0101558   2.0016569   2.0016517
  74.0000000   0.0101172   0.0101676   2.0016718   2.0016801
  75.0000000   0.0101164   0.0101661   2.0016849   2.0017084
  76.0000000   0.0101162   0.0101401   2.0016933   2.0017394
  77.0000000   0.0101155   0.0101763   2.0017047   2.0017675
  78.0000000   0.0101151   0.0101097   2.0017165   2.0017940
  79.0000000   0.0101146   0.0101824   2.0017289   2.0018202
  80.0000000   0.0101140   0.0101571   2.0017414   2.0018439
  81.0000000   0.0101134   0.0101695   2.0017541   2.0018657
  82.0000000   0.0101129   0.0101248   2.0017668   2.0018855
  83.0000000   0.0101125   0.0101258   2.0017795   2.0019047
  84.0000000   0.0101121   0.0101879   2.0017921   2.0019230
  85.0000000   0.0101116   0.0101193   2.0018045   2.0019386
  86.0000000   0.0101114   0.0100949   2.0018167   2.0019537
  87.0000000   0.0101112   0.0101254   2.0018284   2.0019692
  88.0000000   0.0101108   0.0101588   2.0018398   2.0019836
  89.0000000   0.0101103   0.0101373   2.0018507   2.0019959
  90.0000000   0.0101101   0.0101111   2.0018613   2.0020073
  91.0000000   0.0101099   0.0101167   2.0018725   2.0020200
  92.0000000   0.0101095   0.0101307   2.0018822   2.0020305
  93.0000000   0.0101090   0.0101433   2.0018914   2.0020395
  94.0000000   0.0101086   0.0100956   2.0019003   2.0020469
  95.0000000   0.0101084   0.0101067   2.0019087   2.0020545
  96.0000000   0.0101081   0.0101286   2.0019167   2.0020616
  97.0000000   0.0101077   0.0101170   2.0019242   2.0020676
  98.0000000   0.0101074   0.0101060   2.0019315   2.0020727
  99.0000000   0.0101070   0.0101127   2.0019385   2.0020771
 100.0000000   0.0101067   0.0100987   2.0019451   2.0020806
 101.0000000   0.0101065   0.0101011   2.0019517   2.0020841
 102.0000000   0.0101059   0.0101139   2.0019575   2.0020871
 103.0000000   0.0101056   0.0101102   2.0019630   2.0020892
 104.0000000   0.0101051   0.0100907   2.0019681   2.0020903
 105.0000000   0.0101047   0.0101344   2.0019735   2.0020907
 106.0000000   0.0101047   0.0100236   2.0019786   2.0020904
 107.0000000   0.0101040   0.0101431   2.0019833   2.0020943
 108.0000000   0.0101040   0.0100364   2.0019878   2.0020967
 109.0000000   0.0101038   0.0101187   2.0019919   2.0021005
 110.0000000   0.0101032   0.0101126   2.0019954   2.0021026
 111.0000000   0.0101029   0.0100883   2.0019974   2.0021045
 112.0000000   0.0101021   0.0100885   2.0019992   2.0020979
 113.0000000   0.0101016   0.0100963   2.0020034   2.0021028
 114.0000000   0.0101010   0.0100900   2.0020064   2.0021027
 115.0000000   0.0100996   0.0100979   2.0020084   2.0021014
 116.0000000   0.0100996   0.0100874   2.0020101   2.0021002
 117.0000000   0.0100989   0.0100816   2.0020115   2.0020986
 118.0000000   0.0100982   0.0100903   2.0020126   2.0020966
 119.0000000   0.0100939   0.0100843   2.0020095   2.0020896
 120.0000000   0.0101010   0.0101010   2.0018584   2.0018584
