   0.0000000   0.0000000   0.0000000   0.0000000   0.0000000   0.0000000   0.0000000   0.0000000   0.0000000   0.0000000   0.0000000   0.0000000   0.0000000
   0.0773665   0.0000000   0.0000000   0.2188256   0.2188256   0.2188256   0.2188256   0.0000000   0.0000000   0.0000000   0.0000000   0.0000000   0.0000000
   0.2188256   0.0000000   0.4020084   0.4020084   0.4020084   0.4020084   0.4020084   0.0000000   0.0000000   0.0000000   0.0000000   0.0000000   0.0000000
   0.4020084   0.0000000   0.6189324   0.6189324   0.6189324   0.6189324   0.8649843   0.0000000   0.0000000   0.0000000   0.0000000   0.0000000   0.0000000
   0.6189324   0.0000000   0.8649843   1.1370514   1.1370514   1.1370514   1.4328485   0.0000000   0.0000000   0.0000000   0.0000000   0.0000000   0.0000000
   0.8649843   0.0000000   1.4328485   1.4328485   1.4328485   1.4328485   1.7506051   0.0000000   0.0000000   0.0000000   0.0000000   0.0000000   0.0000000
   1.1370514   0.0000000   1.7506051   1.7506051   2.0888967   2.0888967   2.4465450   0.0000000   0.0000000   0.0000000   0.0000000   0.0000000   0.0000000
   1.4328485   0.0000000   2.0888967   2.4465450   2.4465450   2.4465450   3.2160669   0.0000000   0.0000000   0.0000000   0.0000000   0.0000000   0.0000000
   1.7506051   0.0000000   2.8225539   2.8225539   2.8225539   3.2160669   4.0527075   0.0000000   0.0000000   0.0000000   0.0000000   0.0000000   0.0000000
   2.0888967   0.0000000   3.2160669   3.6263376   3.6263376   4.0527075   4.4945902   0.0000000   0.0000000   0.0000000   0.0000000   0.0000000   0.0000000
   2.4465450   2.8225539   4.0527075   4.0527075   4.0527075   4.4945902   5.4228375   0.0000000   0.0000000   0.0000000   0.0000000   0.0000000   0.0000000
   2.8225539   3.6263376   4.4945902   4.9514589   4.9514589   5.4228375   6.4074262   0.0000000   0.0000000   0.0000000   0.0000000   0.0000000   0.0000000
   3.2160669   4.0527075   4.9514589   5.4228375   5.4228375   5.9082922   6.9198742   0.0000000   0.0000000   0.0000000   0.0000000   0.0000000   0.0000000
   3.6263376   4.4945902   5.9082922   5.9082922   5.9082922   6.9198742   7.9833879   0.0000000   0.0000000   0.0000000   0.0000000   0.0000000   0.0000000
   4.0527075   4.9514589   6.4074262   6.9198742   6.9198742   7.4452991   9.0964109   0.0000000   0.0000000   0.0000000   0.0000000   0.0000000   0.0000000
   4.4945902   5.4228375   6.9198742   7.4452991   7.4452991   8.5338492  10.2568317   0.0000000   0.0000000   0.0000000   0.0000000   0.0000000   0.0000000
   4.9514589   5.9082922   7.4452991   7.9833879   8.5338492   9.0964109  10.8542259   0.0000000   0.0000000   0.0000000   0.0000000   0.0000000   0.0000000
   5.4228375   6.4074262   8.5338492   9.0964109   9.0964109  10.2568317  12.0823164   0.0000000   0.0000000   0.0000000   0.0000000   0.0000000   0.0000000
   5.9082922   6.9198742   9.0964109   9.6708183  10.2568317  10.8542259  13.3535196   0.0000000   0.0000000   0.0000000   0.0000000   0.0000000   0.0000000
   6.4074262   7.4452991   9.6708183  10.8542259  10.8542259  11.4627879  14.6664200   0.0000000   0.0000000   0.0000000   0.0000000   0.0000000   0.0000000
   6.9198742   7.9833879  10.8542259  11.4627879  11.4627879  12.7126207  15.3381007   0.0000000   0.0000000   0.0000000   0.0000000   0.0000000   0.0000000
   7.4452991   8.5338492  11.4627879  12.0823164  12.7126207  13.4831040  16.7111740   0.0000000   0.0000000   0.0000000   0.0000000   0.0000000   0.0000000
   7.9833879   9.6708183  12.0823164  13.3535196  13.3535196  14.6664200  18.1229380   0.0000000   0.0000000   0.0000000   0.0000000   0.0000000   0.0000000
   8.5338492  10.2568317  13.3535196  14.6664200  14.6664200  15.3381007  18.8430031   0.0000000   0.0000000   0.0000000   0.0000000   0.0000000   0.0000000
   9.0964109  10.8542259  13.4831040  14.6664200  15.3381007  16.7111740  20.3108919   0.0000000   0.0000000   0.0000000   0.0000000   0.0000000   0.0000000
   9.6708183  11.4627879  14.6664200  16.0197331  16.0197331  17.4122861  21.8150339   0.0000000   0.0000000   0.0000000   0.0000000   0.0000000   0.0000000
  10.2568317  12.0823164  15.3381007  16.7111740  17.4122861  18.8430031  22.5804308   0.0000000   0.0000000   0.0000000   0.0000000   0.0000000   0.0000000
  10.8542259  12.7126207  16.7111740  18.1229380  18.1229380  19.5723600  24.1373705   0.0000000   0.0000000   0.0000000   0.0000000   0.0000000   0.0000000
  11.4627879  13.3535196  17.4122861  18.8430031  18.8430031  21.0584860  25.7285354   0.0000000   0.0000000   0.0000000   0.0000000   0.0000000   0.0000000
  12.0823164  13.4831040  18.1229380  19.5723600  20.3108919  21.8150339  27.3532047   0.0000000   0.0000000   0.0000000   0.0000000   0.0000000   0.0000000
  12.7126207  14.6664200  18.8430031  21.0584860  21.0584860  23.3545756  28.1778902   0.0000000   0.0000000   0.0000000   0.0000000   0.0000000   0.0000000
  13.3535196  15.3381007  20.3108919  21.8150339  21.8150339  24.1373705  29.8515587   0.0000000   0.0000000   0.0000000   0.0000000   0.0000000   0.0000000
  13.4831040  15.3381007  20.3108919  21.8150339  22.5804308  24.1373705  29.8515587   0.0000000   0.0000000   0.0000000   0.0000000   0.0000000   0.0000000
  14.6664200  16.7111740  21.8150339  24.1373705  24.1373705  26.5367253  32.4216602   0.0000000   0.0000000   0.0000000   0.0000000   0.0000000   0.0000000
  15.3381007  17.4122861  22.5804308  24.9287209  24.9287209  27.3532047  34.1739515   0.0000000   0.0000000   0.0000000   0.0000000   0.0000000   0.0000000
  16.0197331  18.1229380  24.1373705  25.7285354  26.5367253  29.0107011  35.9567213   0.0000000   0.0000000   0.0000000   0.0000000   0.0000000   0.0000000
  16.7111740  18.8430031  24.9287209  26.5367253  27.3532047  29.8515587  36.8593745   0.0000000   0.0000000   0.0000000   0.0000000   0.0000000   0.0000000
  17.4122861  19.5723600  25.7285354  28.1778902  28.1778902  31.5571114  38.6869091   0.0000000   0.0000000   0.0000000   0.0000000   0.0000000   0.0000000
  18.1229380  20.3108919  26.5367253  29.0107011  29.8515587  32.4216602  40.5436873   0.0000000   0.0000000   0.0000000   0.0000000   0.0000000   0.0000000
  18.8430031  21.0584860  27.3532047  29.8515587  30.7003869  34.1739515  41.4829002   0.0000000   0.0000000   0.0000000   0.0000000   0.0000000   0.0000000
  19.5723600  21.8150339  29.0107011  31.5571114  31.5571114  35.0615593  43.3827000   0.0000000   0.0000000   0.0000000   0.0000000   0.0000000   0.0000000
  20.3108919  22.5804308  29.8515587  32.4216602  33.2939630  35.9567213  45.3106475   0.0000000   0.0000000   0.0000000   0.0000000   0.0000000   0.0000000
  21.0584860  23.3545756  30.7003869  33.2939630  34.1739515  37.7694572  46.2850494   0.0000000   0.0000000   0.0000000   0.0000000   0.0000000   0.0000000
  21.8150339  24.1373705  31.5571114  35.0615593  35.0615593  38.6869091  48.2544643   0.0000000   0.0000000   0.0000000   0.0000000   0.0000000   0.0000000
  22.5804308  24.9287209  32.4216602  35.9567213  35.9567213  40.5436873  50.2510457   0.0000000   0.0000000   0.0000000   0.0000000   0.0000000   0.0000000
  23.3545756  25.7285354  34.1739515  36.8593745  37.7694572  41.4829002  51.2594093   0.0000000   0.0000000   0.0000000   0.0000000   0.0000000   0.0000000
  24.1373705  26.5367253  35.0615593  37.7694572  38.6869091  43.3827000  53.2960611   0.0000000   0.0000000   0.0000000   0.0000000   0.0000000   0.0000000
  24.9287209  27.3532047  35.9567213  39.6116716  39.6116716  44.3431811  55.3589940   0.0000000   0.0000000   0.0000000   0.0000000   0.0000000   0.0000000
  25.7285354  28.1778902  36.8593745  40.5436873  41.4829002  45.3106475  56.4002121   0.0000000   0.0000000   0.0000000   0.0000000   0.0000000   0.0000000
  26.5367253  28.1778902  37.7694572  41.4829002  42.4292557  47.2663377  58.5019507   0.0000000   0.0000000   0.0000000   0.0000000   0.0000000   0.0000000
  27.3532047  29.0107011  38.6869091  42.4292557  43.3827000  48.2544643  60.6291664   0.0000000   0.0000000   0.0000000   0.0000000   0.0000000   0.0000000
  28.1778902  29.8515587  40.5436873  44.3431811  44.3431811  49.2493824  61.7022336   0.0000000   0.0000000   0.0000000   0.0000000   0.0000000   0.0000000
  29.0107011  30.7003869  41.4829002  45.3106475  46.2850494  51.2594093  63.8671030   0.0000000   0.0000000   0.0000000   0.0000000   0.0000000   0.0000000
  29.8515587  31.5571114  42.4292557  46.2850494  47.2663377  52.2744289  64.9588337   0.0000000   0.0000000   0.0000000   0.0000000   0.0000000   0.0000000
  30.7003869  32.4216602  43.3827000  47.2663377  48.2544643  54.3242633  67.1607129   0.0000000   0.0000000   0.0000000   0.0000000   0.0000000   0.0000000
  31.5571114  33.2939630  44.3431811  49.2493824  49.2493824  55.3589940  69.3869234   0.0000000   0.0000000   0.0000000   0.0000000   0.0000000   0.0000000
  32.4216602  33.2939630  45.3106475  50.2510457  51.2594093  56.4002121  70.5090705   0.0000000   0.0000000   0.0000000   0.0000000   0.0000000   0.0000000
  33.2939630  34.1739515  46.2850494  51.2594093  52.2744289  58.5019507  72.7712874   0.0000000   0.0000000   0.0000000   0.0000000   0.0000000   0.0000000
  34.1739515  35.0615593  48.2544643  52.2744289  53.2960611  59.5623930  73.9112948   0.0000000   0.0000000   0.0000000   0.0000000   0.0000000   0.0000000
  35.0615593  35.9567213  49.2493824  54.3242633  54.3242633  60.6291664  76.2089540   0.0000000   0.0000000   0.0000000   0.0000000   0.0000000   0.0000000
  35.9567213  36.8593745  50.2510457  55.3589940  56.4002121  62.7815578  78.5299407   0.0000000   0.0000000   0.0000000   0.0000000   0.0000000   0.0000000
  36.8593745  36.8593745  51.2594093  56.4002121  57.4478775  63.8671030  79.6991091   0.0000000   0.0000000   0.0000000   0.0000000   0.0000000   0.0000000
  37.7694572  37.7694572  52.2744289  57.4478775  58.5019507  66.0567151  82.0546539   0.0000000   0.0000000   0.0000000   0.0000000   0.0000000   0.0000000
  38.6869091  38.6869091  53.2960611  58.5019507  59.5623930  67.1607129  83.2409748   0.0000000   0.0000000   0.0000000   0.0000000   0.0000000   0.0000000
  39.6116716  39.6116716  54.3242633  60.6291664  61.7022336  68.2707934  85.6305780   0.0000000   0.0000000   0.0000000   0.0000000   0.0000000   0.0000000
  40.5436873  40.5436873  55.3589940  61.7022336  62.7815578  70.5090705  86.8338070   0.0000000   0.0000000   0.0000000   0.0000000   0.0000000   0.0000000
  41.4829002  41.4829002  56.4002121  62.7815578  63.8671030  71.6372023  89.2569899   0.0000000   0.0000000   0.0000000   0.0000000   0.0000000   0.0000000
  42.4292557  42.4292557  57.4478775  63.8671030  64.9588337  72.7712874  91.7023030   0.0000000   0.0000000   0.0000000   0.0000000   0.0000000   0.0000000
  43.3827000  42.4292557  59.5623930  64.9588337  66.0567151  75.0571937  92.9331962   0.0000000   0.0000000   0.0000000   0.0000000   0.0000000   0.0000000
  44.3431811  43.3827000  60.6291664  67.1607129  68.2707934  76.2089540  95.4113343   0.0000000   0.0000000   0.0000000   0.0000000   0.0000000   0.0000000
  45.3106475  44.3431811  61.7022336  68.2707934  69.3869234  77.3665461  96.6585315   0.0000000   0.0000000   0.0000000   0.0000000   0.0000000   0.0000000
  46.2850494  45.3106475  62.7815578  69.3869234  70.5090705  78.5299407  99.1690653   0.0000000   0.0000000   0.0000000   0.0000000   0.0000000   0.0000000
  47.2663377  46.2850494  63.8671030  70.5090705  71.6372023  80.8740228 100.4323560   0.0000000   0.0000000   0.0000000   0.0000000   0.0000000   0.0000000
  48.2544643  47.2663377  64.9588337  71.6372023  72.7712874  82.0546539 102.9748728   0.0000000   0.0000000   0.0000000   0.0000000   0.0000000   0.0000000
  49.2493824  48.2544643  66.0567151  72.7712874  75.0571937  83.2409748 105.5384900   0.0000000   0.0000000   0.0000000   0.0000000   0.0000000   0.0000000
  50.2510457  49.2493824  67.1607129  73.9112948  76.2089540  85.6305780 106.8281571   0.0000000   0.0000000   0.0000000   0.0000000   0.0000000   0.0000000
  51.2594093  50.2510457  68.2707934  76.2089540  77.3665461  86.8338070 109.4231031   0.0000000   0.0000000   0.0000000   0.0000000   0.0000000   0.0000000
  52.2744289  51.2594093  69.3869234  77.3665461  78.5299407  88.0426196 112.0387264   0.0000000   0.0000000   0.0000000   0.0000000   0.0000000   0.0000000
  53.2960611  52.2744289  70.5090705  78.5299407  79.6991091  90.4768927 113.3542413   0.0000000   0.0000000   0.0000000   0.0000000   0.0000000   0.0000000
  54.3242633  53.2960611  71.6372023  79.6991091  80.8740228  91.7023030 116.0005778   0.0000000   0.0000000   0.0000000   0.0000000   0.0000000   0.0000000
  55.3589940  53.2960611  72.7712874  80.8740228  83.2409748  92.9331962 117.3313603   0.0000000   0.0000000   0.0000000   0.0000000   0.0000000   0.0000000
  56.4002121  54.3242633  73.9112948  82.0546539  84.4329584  94.1695480 120.0080576   0.0000000   0.0000000   0.0000000   0.0000000   0.0000000   0.0000000
  57.4478775  55.3589940  75.0571937  83.2409748  85.6305780  96.6585315 121.3539345   0.0000000   0.0000000   0.0000000   0.0000000   0.0000000   0.0000000
  58.5019507  56.4002121  76.2089540  85.6305780  86.8338070  97.9111162 124.0606521   0.0000000   0.0000000   0.0000000   0.0000000   0.0000000   0.0000000
  59.5623930  56.4002121  77.3665461  86.8338070  88.0426196  99.1690653 125.4214561   0.0000000   0.0000000   0.0000000   0.0000000   0.0000000   0.0000000
  60.6291664  57.4478775  78.5299407  88.0426196  89.2569899 100.4323560 128.1578646   0.0000000   0.0000000   0.0000000   0.0000000   0.0000000   0.0000000
  61.7022336  58.5019507  79.6991091  89.2569899  90.4768927 102.9748728 129.5334336   0.0000000   0.0000000   0.0000000   0.0000000   0.0000000   0.0000000
  62.7815578  58.5019507  80.8740228  90.4768927  91.7023030 104.2540547 132.2992143   0.0000000   0.0000000   0.0000000   0.0000000   0.0000000   0.0000000
  63.8671030  59.5623930  82.0546539  91.7023030  94.1695480 105.5384900 133.6893916   0.0000000   0.0000000   0.0000000   0.0000000   0.0000000   0.0000000
  64.9588337  60.6291664  83.2409748  92.9331962  95.4113343 108.1230351 136.4842358   0.0000000   0.0000000   0.0000000   0.0000000   0.0000000   0.0000000
  66.0567151  60.6291664  84.4329584  94.1695480  96.6585315 109.4231031 137.8888695   0.0000000   0.0000000   0.0000000   0.0000000   0.0000000   0.0000000
  67.1607129  61.7022336  85.6305780  95.4113343  97.9111162 110.7283403 139.2982890   0.0000000   0.0000000   0.0000000   0.0000000   0.0000000   0.0000000
  68.2707934  62.7815578  86.8338070  96.6585315  99.1690653 112.0387264 142.1314208   0.0000000   0.0000000   0.0000000   0.0000000   0.0000000   0.0000000
  69.3869234  62.7815578  88.0426196  97.9111162 100.4323560 113.3542413 143.5551012   0.0000000   0.0000000   0.0000000   0.0000000   0.0000000   0.0000000
  70.5090705  63.8671030  89.2569899 100.4323560 101.7009660 116.0005778 146.4166126   0.0000000   0.0000000   0.0000000   0.0000000   0.0000000   0.0000000
  71.6372023  64.9588337  90.4768927 101.7009660 102.9748728 117.3313603 147.8544126   0.0000000   0.0000000   0.0000000   0.0000000   0.0000000   0.0000000
  72.7712874  64.9588337  91.7023030 102.9748728 104.2540547 118.6671932 150.7440247   0.0000000   0.0000000   0.0000000   0.0000000   0.0000000   0.0000000
  73.9112948  66.0567151  92.9331962 104.2540547 105.5384900 120.0080576 152.1958069   0.0000000   0.0000000   0.0000000   0.0000000   0.0000000   0.0000000
  75.0571937  66.0567151  92.9331962 105.5384900 108.1230351 122.7048055 153.6522199   0.0000000   0.0000000   0.0000000   0.0000000   0.0000000   0.0000000
  76.2089540  67.1607129  94.1695480 106.8281571 109.4231031 124.0606521 156.5788802   0.0000000   0.0000000   0.0000000   0.0000000   0.0000000   0.0000000
  77.3665461  67.1607129  95.4113343 108.1230351 110.7283403 125.4214561 158.0490985   0.0000000   0.0000000   0.0000000   0.0000000   0.0000000   0.0000000
  78.5299407  68.2707934  96.6585315 109.4231031 112.0387264 126.7871995 161.0032399   0.0000000   0.0000000   0.0000000   0.0000000   0.0000000   0.0000000
  79.6991091  69.3869234  97.9111162 110.7283403 113.3542413 128.1578646 162.4871349   0.0000000   0.0000000   0.0000000   0.0000000   0.0000000   0.0000000
  80.8740228  69.3869234  99.1690653 112.0387264 114.6748649 130.9138893 163.9755609   0.0000000   0.0000000   0.0000000   0.0000000   0.0000000   0.0000000
  82.0546539  70.5090705 100.4323560 113.3542413 116.0005778 132.2992143 166.9659510   0.0000000   0.0000000   0.0000000   0.0000000   0.0000000   0.0000000
  83.2409748  70.5090705 101.7009660 114.6748649 117.3313603 133.6893916 168.4678880   0.0000000   0.0000000   0.0000000   0.0000000   0.0000000   0.0000000
  84.4329584  71.6372023 102.9748728 116.0005778 118.6671932 135.0844044 171.4851789   0.0000000   0.0000000   0.0000000   0.0000000   0.0000000   0.0000000
  85.6305780  71.6372023 104.2540547 117.3313603 120.0080576 136.4842358 173.0005064   0.0000000   0.0000000   0.0000000   0.0000000   0.0000000   0.0000000
  86.8338070  72.7712874 104.2540547 118.6671932 121.3539345 139.2982890 174.5202712   0.0000000   0.0000000   0.0000000   0.0000000   0.0000000   0.0000000
  88.0426196  72.7712874 105.5384900 120.0080576 122.7048055 140.7124781 177.5730611   0.0000000   0.0000000   0.0000000   0.0000000   0.0000000   0.0000000
  89.2569899  73.9112948 106.8281571 121.3539345 124.0606521 142.1314208 179.1060606   0.0000000   0.0000000   0.0000000   0.0000000   0.0000000   0.0000000
  90.4768927  73.9112948 108.1230351 122.7048055 125.4214561 143.5551012 182.1852062   0.0000000   0.0000000   0.0000000   0.0000000   0.0000000   0.0000000
  91.7023030  75.0571937 109.4231031 124.0606521 126.7871995 144.9835037 183.7313272   0.0000000   0.0000000   0.0000000   0.0000000   0.0000000   0.0000000
  92.9331962  75.0571937 110.7283403 125.4214561 128.1578646 146.4166126 186.8366047   0.0000000   0.0000000   0.0000000   0.0000000   0.0000000   0.0000000
  94.1695480  76.2089540 110.7283403 126.7871995 129.5334336 149.2968883 188.3957369   0.0000000   0.0000000   0.0000000   0.0000000   0.0000000   0.0000000
  95.4113343  76.2089540 112.0387264 128.1578646 130.9138893 150.7440247 189.9591820   0.0000000   0.0000000   0.0000000   0.0000000   0.0000000   0.0000000
  96.6585315  77.3665461 113.3542413 129.5334336 132.2992143 152.1958069 193.0989638   0.0000000   0.0000000   0.0000000   0.0000000   0.0000000   0.0000000
  97.9111162  77.3665461 114.6748649 130.9138893 133.6893916 153.6522199 194.6752771   0.0000000   0.0000000   0.0000000   0.0000000   0.0000000   0.0000000
  99.1690653  78.5299407 116.0005778 132.2992143 135.0844044 155.1132492 197.8406903   0.0000000   0.0000000   0.0000000   0.0000000   0.0000000   0.0000000
 100.4323560  78.5299407 116.0005778 133.6893916 136.4842358 156.5788802 199.4297674   0.0000000   0.0000000   0.0000000   0.0000000   0.0000000   0.0000000
 101.7009660  78.5299407 117.3313603 135.0844044 137.8888695 158.0490985 201.0230764   0.0000000   0.0000000   0.0000000   0.0000000   0.0000000   0.0000000
 102.9748728  79.6991091 118.6671932 136.4842358 139.2982890 161.0032399 204.2223455   0.0000000   0.0000000   0.0000000   0.0000000   0.0000000   0.0000000
 104.2540547  79.6991091 120.0080576 137.8888695 140.7124781 162.4871349 205.8282833   0.0000000   0.0000000   0.0000000   0.0000000   0.0000000   0.0000000
 105.5384900  80.8740228 121.3539345 139.2982890 142.1314208 163.9755609 209.0527109   0.0000000   0.0000000   0.0000000   0.0000000   0.0000000   0.0000000
 106.8281571  84.4329584 121.3539345 140.7124781 143.5551012 165.4685042 210.6711791   0.0000000   0.0000000   0.0000000   0.0000000   0.0000000   0.0000000
 108.1230351  84.4329584 122.7048055 142.1314208 144.9835037 166.9659510 213.9205705   0.0000000   0.0000000   0.0000000   0.0000000   0.0000000   0.0000000
 109.4231031  85.6305780 124.0606521 142.1314208 146.4166126 168.4678880 215.5514726   0.0000000   0.0000000   0.0000000   0.0000000   0.0000000   0.0000000
 110.7283403  85.6305780 125.4214561 143.5551012 147.8544126 169.9743017 217.1864984   0.0000000   0.0000000   0.0000000   0.0000000   0.0000000   0.0000000
 112.0387264  86.8338070 126.7871995 144.9835037 149.2968883 171.4851789 220.4688796   0.0000000   0.0000000   0.0000000   0.0000000   0.0000000   0.0000000
 113.3542413  86.8338070 126.7871995 146.4166126 150.7440247 174.5202712 222.1162144   0.0000000   0.0000000   0.0000000   0.0000000   0.0000000   0.0000000
 114.6748649  86.8338070 128.1578646 147.8544126 152.1958069 176.0444604 225.4231219   0.0000000   0.0000000   0.0000000   0.0000000   0.0000000   0.0000000
 116.0005778  88.0426196 129.5334336 149.2968883 153.6522199 177.5730611 227.0826744   0.0000000   0.0000000   0.0000000   0.0000000   0.0000000   0.0000000
 117.3313603  88.0426196 130.9138893 150.7440247 155.1132492 179.1060606 230.4139277   0.0000000   0.0000000   0.0000000   0.0000000   0.0000000   0.0000000
 118.6671932  89.2569899 130.9138893 152.1958069 155.1132492 180.6434465 232.0856087   0.0000000   0.0000000   0.0000000   0.0000000   0.0000000   0.0000000
 120.0080576  89.2569899 132.2992143 153.6522199 156.5788802 182.1852062 233.7613130   0.0000000   0.0000000   0.0000000   0.0000000   0.0000000   0.0000000
 121.3539345  89.2569899 133.6893916 155.1132492 158.0490985 183.7313272 237.1247531   0.0000000   0.0000000   0.0000000   0.0000000   0.0000000   0.0000000
 122.7048055  90.4768927 133.6893916 155.1132492 159.5238897 185.2817975 238.8124699   0.0000000   0.0000000   0.0000000   0.0000000   0.0000000   0.0000000
 124.0606521  90.4768927 135.0844044 156.5788802 161.0032399 186.8366047 240.5041718   0.0000000   0.0000000   0.0000000   0.0000000   0.0000000   0.0000000
 125.4214561  91.7023030 136.4842358 158.0490985 162.4871349 188.3957369 242.1998495   0.0000000   0.0000000   0.0000000   0.0000000   0.0000000   0.0000000
 126.7871995  91.7023030 136.4842358 159.5238897 163.9755609 189.9591820 245.6030951   0.0000000   0.0000000   0.0000000   0.0000000   0.0000000   0.0000000
 128.1578646  91.7023030 137.8888695 161.0032399 165.4685042 191.5269283 247.3106447   0.0000000   0.0000000   0.0000000   0.0000000   0.0000000   0.0000000
 129.5334336  92.9331962 137.8888695 162.4871349 166.9659510 193.0989638 249.0221333   0.0000000   0.0000000   0.0000000   0.0000000   0.0000000   0.0000000
 130.9138893  92.9331962 139.2982890 163.9755609 166.9659510 194.6752771 250.7375518   0.0000000   0.0000000   0.0000000   0.0000000   0.0000000   0.0000000
 132.2992143  92.9331962 140.7124781 163.9755609 168.4678880 197.8406903 252.4568913   0.0000000   0.0000000   0.0000000   0.0000000   0.0000000   0.0000000
 133.6893916  94.1695480 140.7124781 165.4685042 169.9743017 199.4297674 254.1801428   0.0000000   0.0000000   0.0000000   0.0000000   0.0000000   0.0000000
 135.0844044  94.1695480 142.1314208 166.9659510 171.4851789 201.0230764 257.6383466   0.0000000   0.0000000   0.0000000   0.0000000   0.0000000   0.0000000
 136.4842358  94.1695480 142.1314208 168.4678880 173.0005064 202.6206062 259.3732813   0.0000000   0.0000000   0.0000000   0.0000000   0.0000000   0.0000000
 137.8888695  95.4113343 143.5551012 169.9743017 174.5202712 204.2223455 261.1120930   0.0000000   0.0000000   0.0000000   0.0000000   0.0000000   0.0000000
 139.2982890  95.4113343 144.9835037 169.9743017 176.0444604 205.8282833 262.8547730   0.0000000   0.0000000   0.0000000   0.0000000   0.0000000   0.0000000
 140.7124781  95.4113343 144.9835037 171.4851789 176.0444604 207.4384088 264.6013128   0.0000000   0.0000000   0.0000000   0.0000000   0.0000000   0.0000000
 142.1314208  95.4113343 146.4166126 173.0005064 177.5730611 209.0527109 266.3517039   0.0000000   0.0000000   0.0000000   0.0000000   0.0000000   0.0000000
 143.5551012  96.6585315 146.4166126 174.5202712 179.1060606 210.6711791 268.1059377   0.0000000   0.0000000   0.0000000   0.0000000   0.0000000   0.0000000
 144.9835037  96.6585315 147.8544126 176.0444604 180.6434465 212.2938025 269.8640059   0.0000000   0.0000000   0.0000000   0.0000000   0.0000000   0.0000000
 146.4166126  96.6585315 149.2968883 176.0444604 182.1852062 213.9205705 271.6259002   0.0000000   0.0000000   0.0000000   0.0000000   0.0000000   0.0000000
 147.8544126  97.9111162 149.2968883 177.5730611 183.7313272 215.5514726 273.3916123   0.0000000   0.0000000   0.0000000   0.0000000   0.0000000   0.0000000
 149.2968883  97.9111162 150.7440247 179.1060606 183.7313272 217.1864984 275.1611339   0.0000000   0.0000000   0.0000000   0.0000000   0.0000000   0.0000000
 150.7440247  97.9111162 150.7440247 180.6434465 185.2817975 218.8256375 276.9344568   0.0000000   0.0000000   0.0000000   0.0000000   0.0000000   0.0000000
 152.1958069  97.9111162 152.1958069 182.1852062 186.8366047 220.4688796 280.4924742   0.0000000   0.0000000   0.0000000   0.0000000   0.0000000   0.0000000
 153.6522199  97.9111162 153.6522199 182.1852062 188.3957369 222.1162144 282.2771525   0.0000000   0.0000000   0.0000000   0.0000000   0.0000000   0.0000000
 155.1132492  99.1690653 153.6522199 183.7313272 188.3957369 223.7676318 284.0656000   0.0000000   0.0000000   0.0000000   0.0000000   0.0000000   0.0000000
 156.5788802  99.1690653 155.1132492 185.2817975 189.9591820 225.4231219 285.8578087   0.0000000   0.0000000   0.0000000   0.0000000   0.0000000   0.0000000
 158.0490985  99.1690653 156.5788802 185.2817975 191.5269283 227.0826744 287.6537707   0.0000000   0.0000000   0.0000000   0.0000000   0.0000000   0.0000000
 159.5238897  99.1690653 158.0490985 186.8366047 193.0989638 228.7462797 289.4534783   0.0000000   0.0000000   0.0000000   0.0000000   0.0000000   0.0000000
 161.0032399 100.4323560 159.5238897 188.3957369 194.6752771 230.4139277 291.2569235   0.0000000   0.0000000   0.0000000   0.0000000   0.0000000   0.0000000
 162.4871349 100.4323560 161.0032399 189.9591820 194.6752771 232.0856087 293.0640987   0.0000000   0.0000000   0.0000000   0.0000000   0.0000000   0.0000000
 163.9755609 100.4323560 162.4871349 189.9591820 196.2558564 232.0856087 294.8749962   0.0000000   0.0000000   0.0000000   0.0000000   0.0000000   0.0000000
 165.4685042 100.4323560 163.9755609 191.5269283 197.8406903 233.7613130 296.6896084   0.0000000   0.0000000   0.0000000   0.0000000   0.0000000   0.0000000
 166.9659510 100.4323560 165.4685042 193.0989638 199.4297674 235.4410310 298.5079277   0.0000000   0.0000000   0.0000000   0.0000000   0.0000000   0.0000000
 168.4678880 100.4323560 166.9659510 193.0989638 199.4297674 237.1247531 300.3299465   0.0000000   0.0000000   0.0000000   0.0000000   0.0000000   0.0000000
 169.9743017 100.4323560 168.4678880 194.6752771 201.0230764 238.8124699 302.1556573   0.0000000   0.0000000   0.0000000   0.0000000   0.0000000   0.0000000
 171.4851789 100.4323560 169.9743017 196.2558564 202.6206062 240.5041718 303.9850528   0.0000000   0.0000000   0.0000000   0.0000000   0.0000000   0.0000000
 173.0005064 101.7009660 169.9743017 196.2558564 202.6206062 242.1998495 305.8181254   0.0000000   0.0000000   0.0000000   0.0000000   0.0000000   0.0000000
 174.5202712 101.7009660 171.4851789 197.8406903 204.2223455 243.8994937 307.6548678   0.0000000   0.0000000   0.0000000   0.0000000   0.0000000   0.0000000
 176.0444604 101.7009660 173.0005064 199.4297674 205.8282833 245.6030951 309.4952728   0.0000000   0.0000000   0.0000000   0.0000000   0.0000000   0.0000000
 177.5730611 101.7009660 174.5202712 199.4297674 207.4384088 247.3106447 311.3393330   0.0000000   0.0000000   0.0000000   0.0000000   0.0000000   0.0000000
 179.1060606 102.9748728 176.0444604 201.0230764 207.4384088 249.0221333 313.1870411   0.0000000   0.0000000   0.0000000   0.0000000   0.0000000   0.0000000
 180.6434465 102.9748728 177.5730611 202.6206062 209.0527109 250.7375518 315.0383901   0.0000000   0.0000000   0.0000000   0.0000000   0.0000000   0.0000000
 182.1852062 102.9748728 179.1060606 202.6206062 210.6711791 252.4568913 316.8933728   0.0000000   0.0000000   0.0000000   0.0000000   0.0000000   0.0000000
 183.7313272 102.9748728 180.6434465 204.2223455 210.6711791 252.4568913 320.6142107   0.0000000   0.0000000   0.0000000   0.0000000   0.0000000   0.0000000
 185.2817975 102.9748728 182.1852062 205.8282833 212.2938025 254.1801428 322.4800518   0.0000000   0.0000000   0.0000000   0.0000000   0.0000000   0.0000000
 186.8366047 102.9748728 183.7313272 205.8282833 213.9205705 255.9072975 324.3494985   0.0000000   0.0000000   0.0000000   0.0000000   0.0000000   0.0000000
 188.3957369 102.9748728 185.2817975 207.4384088 213.9205705 257.6383466 326.2225437   0.0000000   0.0000000   0.0000000   0.0000000   0.0000000   0.0000000
 189.9591820 102.9748728 186.8366047 209.0527109 215.5514726 259.3732813 328.0991806   0.0000000   0.0000000   0.0000000   0.0000000   0.0000000   0.0000000
 191.5269283 102.9748728 188.3957369 209.0527109 215.5514726 261.1120930 329.9794023   0.0000000   0.0000000   0.0000000   0.0000000   0.0000000   0.0000000
 193.0989638 102.9748728 189.9591820 210.6711791 217.1864984 262.8547730 331.8632020   0.0000000   0.0000000   0.0000000   0.0000000   0.0000000   0.0000000
 194.6752771 102.9748728 191.5269283 210.6711791 218.8256375 264.6013128 333.7505728   0.0000000   0.0000000   0.0000000   0.0000000   0.0000000   0.0000000
 196.2558564 102.9748728 193.0989638 212.2938025 218.8256375 266.3517039 335.6415081   0.0000000   0.0000000   0.0000000   0.0000000   0.0000000   0.0000000
 197.8406903 102.9748728 194.6752771 212.2938025 220.4688796 266.3517039 337.5360011   0.0000000   0.0000000   0.0000000   0.0000000   0.0000000   0.0000000
 199.4297674 102.9748728 196.2558564 213.9205705 222.1162144 268.1059377 339.4340452   0.0000000   0.0000000   0.0000000   0.0000000   0.0000000   0.0000000
 201.0230764 102.9748728 197.8406903 213.9205705 222.1162144 269.8640059 341.3356338   0.0000000   0.0000000   0.0000000   0.0000000   0.0000000   0.0000000
 202.6206062 102.9748728 199.4297674 215.5514726 223.7676318 271.6259002 343.2407601   0.0000000   0.0000000   0.0000000   0.0000000   0.0000000   0.0000000
 204.2223455 102.9748728 201.0230764 217.1864984 223.7676318 273.3916123 345.1494178   0.0000000   0.0000000   0.0000000   0.0000000   0.0000000   0.0000000
 205.8282833 102.9748728 202.6206062 217.1864984 225.4231219 275.1611339 348.9773009   0.0000000   0.0000000   0.0000000   0.0000000   0.0000000   0.0000000
 207.4384088 102.9748728 204.2223455 218.8256375 225.4231219 275.1611339 350.8965135   0.0000000   0.0000000   0.0000000   0.0000000   0.0000000   0.0000000
 209.0527109 102.9748728 205.8282833 218.8256375 227.0826744 276.9344568 352.8192314   0.0000000   0.0000000   0.0000000   0.0000000   0.0000000   0.0000000
 210.6711791 102.9748728 207.4384088 220.4688796 228.7462797 278.7115729 354.7454484   0.0000000   0.0000000   0.0000000   0.0000000   0.0000000   0.0000000
 212.2938025 102.9748728 209.0527109 220.4688796 228.7462797 280.4924742 356.6751581   0.0000000   0.0000000   0.0000000   0.0000000   0.0000000   0.0000000
 213.9205705 102.9748728 210.6711791 222.1162144 230.4139277 282.2771525 358.6083542   0.0000000   0.0000000   0.0000000   0.0000000   0.0000000   0.0000000
 215.5514726 102.9748728 212.2938025 222.1162144 230.4139277 284.0656000 360.5450304   0.0000000   0.0000000   0.0000000   0.0000000   0.0000000   0.0000000
 217.1864984 102.9748728 213.9205705 223.7676318 232.0856087 284.0656000 362.4851804   0.0000000   0.0000000   0.0000000   0.0000000   0.0000000   0.0000000
 218.8256375 102.9748728 215.5514726 223.7676318 232.0856087 285.8578087 364.4287981   0.0000000   0.0000000   0.0000000   0.0000000   0.0000000   0.0000000
 220.4688796 102.9748728 217.1864984 225.4231219 233.7613130 287.6537707 366.3758772   0.0000000   0.0000000   0.0000000   0.0000000   0.0000000   0.0000000
 222.1162144 102.9748728 218.8256375 225.4231219 233.7613130 289.4534783 368.3264118   0.0000000   0.0000000   0.0000000   0.0000000   0.0000000   0.0000000
 223.7676318 102.9748728 220.4688796 227.0826744 235.4410310 289.4534783 372.2378224   0.0000000   0.0000000   0.0000000   0.0000000   0.0000000   0.0000000
 225.4231219 102.9748728 222.1162144 227.0826744 235.4410310 291.2569235 374.1986863   0.0000000   0.0000000   0.0000000   0.0000000   0.0000000   0.0000000
 227.0826744 102.9748728 222.1162144 228.7462797 237.1247531 293.0640987 376.1629814   0.0000000   0.0000000   0.0000000   0.0000000   0.0000000   0.0000000
 228.7462797 102.9748728 223.7676318 228.7462797 237.1247531 294.8749962 378.1307016   0.0000000   0.0000000   0.0000000   0.0000000   0.0000000   0.0000000
 230.4139277 102.9748728 225.4231219 228.7462797 238.8124699 294.8749962 380.1018409   0.0000000   0.0000000   0.0000000   0.0000000   0.0000000   0.0000000
 232.0856087 102.9748728 227.0826744 230.4139277 238.8124699 296.6896084 382.0763935   0.0000000   0.0000000   0.0000000   0.0000000   0.0000000   0.0000000
 233.7613130 102.9748728 228.7462797 230.4139277 240.5041718 298.5079277 384.0543534   0.0000000   0.0000000   0.0000000   0.0000000   0.0000000   0.0000000
 235.4410310 102.9748728 230.4139277 232.0856087 240.5041718 300.3299465 386.0357147   0.0000000   0.0000000   0.0000000   0.0000000   0.0000000   0.0000000
 237.1247531 102.9748728 232.0856087 233.7613130 242.1998495 300.3299465 390.0086187   0.0000000   0.0000000   0.0000000   0.0000000   0.0000000   0.0000000
 238.8124699 102.9748728 233.7613130 235.4410310 242.1998495 302.1556573 392.0001496   0.0000000   0.0000000   0.0000000   0.0000000   0.0000000   0.0000000
 240.5041718 101.7009660 235.4410310 237.1247531 243.8994937 303.9850528 393.9950590   0.0000000   0.0000000   0.0000000   0.0000000   0.0000000   0.0000000
 242.1998495 101.7009660 235.4410310 238.8124699 243.8994937 305.8181254 395.9933409   0.0000000   0.0000000   0.0000000   0.0000000   0.0000000   0.0000000
 243.8994937 101.7009660 237.1247531 240.5041718 245.6030951 305.8181254 397.9949898   0.0000000   0.0000000   0.0000000   0.0000000   0.0000000   0.0000000
 245.6030951 100.4323560 237.1247531 242.1998495 245.6030951 307.6548678 400.0000000   0.0000000   0.0000000   0.0000000   0.0000000   0.0000000   0.0000000
 247.3106447 100.4323560 238.8124699 243.8994937 247.3106447 309.4952728 400.0000000   0.0000000   0.0000000   0.0000000   0.0000000   0.0000000   0.0000000
 249.0221333 100.4323560 238.8124699 245.6030951 247.3106447 309.4952728 400.0000000   0.0000000   0.0000000   0.0000000   0.0000000   0.0000000   0.0000000
 250.7375518 100.4323560 240.5041718 247.3106447 247.3106447 311.3393330 400.0000000   0.0000000   0.0000000   0.0000000   0.0000000   0.0000000   0.0000000
 252.4568913 100.4323560 240.5041718 249.0221333 249.0221333 313.1870411 400.0000000   0.0000000   0.0000000   0.0000000   0.0000000   0.0000000   0.0000000
 254.1801428 100.4323560 240.5041718 250.7375518 250.7375518 315.0383901 400.0000000   0.0000000   0.0000000   0.0000000   0.0000000   0.0000000   0.0000000
 255.9072975 100.4323560 242.1998495 252.4568913 252.4568913 315.0383901 400.0000000   0.0000000   0.0000000   0.0000000   0.0000000   0.0000000   0.0000000
 257.6383466 100.4323560 242.1998495 254.1801428 254.1801428 316.8933728 400.0000000   0.0000000   0.0000000   0.0000000   0.0000000   0.0000000   0.0000000
 259.3732813 100.4323560 243.8994937 255.9072975 255.9072975 316.8933728 400.0000000   0.0000000   0.0000000   0.0000000   0.0000000   0.0000000   0.0000000
 261.1120930 100.4323560 243.8994937 257.6383466 257.6383466 318.7519820 400.0000000   0.0000000   0.0000000   0.0000000   0.0000000   0.0000000   0.0000000
 262.8547730 100.4323560 245.6030951 259.3732813 259.3732813 320.6142107 400.0000000   0.0000000   0.0000000   0.0000000   0.0000000   0.0000000   0.0000000
 264.6013128 100.4323560 245.6030951 261.1120930 261.1120930 320.6142107 400.0000000   0.0000000   0.0000000   0.0000000   0.0000000   0.0000000   0.0000000
 266.3517039  99.1690653 247.3106447 262.8547730 262.8547730 322.4800518 400.0000000   0.0000000   0.0000000   0.0000000   0.0000000   0.0000000   0.0000000
 268.1059377  99.1690653 247.3106447 264.6013128 264.6013128 324.3494985 400.0000000   0.0000000   0.0000000   0.0000000   0.0000000   0.0000000   0.0000000
 269.8640059  99.1690653 247.3106447 266.3517039 266.3517039 324.3494985 400.0000000   0.0000000   0.0000000   0.0000000   0.0000000   0.0000000   0.0000000
 271.6259002  99.1690653 249.0221333 268.1059377 268.1059377 326.2225437 400.0000000   0.0000000   0.0000000   0.0000000   0.0000000   0.0000000   0.0000000
 273.3916123  99.1690653 249.0221333 269.8640059 269.8640059 326.2225437 400.0000000   0.0000000   0.0000000   0.0000000   0.0000000   0.0000000   0.0000000
 275.1611339  97.9111162 250.7375518 271.6259002 271.6259002 328.0991806 400.0000000   0.0000000   0.0000000   0.0000000   0.0000000   0.0000000   0.0000000
 276.9344568  97.9111162 250.7375518 273.3916123 273.3916123 329.9794023 400.0000000   0.0000000   0.0000000   0.0000000   0.0000000   0.0000000   0.0000000
 278.7115729  97.9111162 252.4568913 275.1611339 275.1611339 329.9794023 400.0000000   0.0000000   0.0000000   0.0000000   0.0000000   0.0000000   0.0000000
 280.4924742  97.9111162 252.4568913 276.9344568 276.9344568 331.8632020 400.0000000   0.0000000   0.0000000   0.0000000   0.0000000   0.0000000   0.0000000
 282.2771525  97.9111162 254.1801428 278.7115729 278.7115729 331.8632020 400.0000000   0.0000000   0.0000000   0.0000000   0.0000000   0.0000000   0.0000000
 284.0656000  97.9111162 254.1801428 280.4924742 280.4924742 333.7505728 400.0000000   0.0000000   0.0000000   0.0000000   0.0000000   0.0000000   0.0000000
 285.8578087  96.6585315 254.1801428 282.2771525 282.2771525 335.6415081 400.0000000   0.0000000   0.0000000   0.0000000   0.0000000   0.0000000   0.0000000
 287.6537707  96.6585315 255.9072975 284.0656000 284.0656000 335.6415081 400.0000000   0.0000000   0.0000000   0.0000000   0.0000000   0.0000000   0.0000000
 289.4534783  96.6585315 255.9072975 285.8578087 285.8578087 337.5360011 400.0000000   0.0000000   0.0000000   0.0000000   0.0000000   0.0000000   0.0000000
 291.2569235  96.6585315 255.9072975 285.8578087 287.6537707 337.5360011 400.0000000   0.0000000   0.0000000   0.0000000   0.0000000   0.0000000   0.0000000
 293.0640987  95.4113343 257.6383466 287.6537707 289.4534783 339.4340452 400.0000000   0.0000000   0.0000000   0.0000000   0.0000000   0.0000000   0.0000000
 294.8749962  95.4113343 257.6383466 289.4534783 291.2569235 339.4340452 400.0000000   0.0000000   0.0000000   0.0000000   0.0000000   0.0000000   0.0000000
 296.6896084  95.4113343 259.3732813 291.2569235 293.0640987 341.3356338 400.0000000   0.0000000   0.0000000   0.0000000   0.0000000   0.0000000   0.0000000
 298.5079277  95.4113343 259.3732813 293.0640987 294.8749962 343.2407601 400.0000000   0.0000000   0.0000000   0.0000000   0.0000000   0.0000000   0.0000000
 300.3299465  95.4113343 259.3732813 294.8749962 296.6896084 343.2407601 400.0000000   0.0000000   0.0000000   0.0000000   0.0000000   0.0000000   0.0000000
 302.1556573  95.4113343 261.1120930 296.6896084 298.5079277 345.1494178 400.0000000   0.0000000   0.0000000   0.0000000   0.0000000   0.0000000   0.0000000
 303.9850528  94.1695480 261.1120930 298.5079277 298.5079277 345.1494178 400.0000000   0.0000000   0.0000000   0.0000000   0.0000000   0.0000000   0.0000000
 305.8181254  94.1695480 261.1120930 300.3299465 300.3299465 347.0616002 400.0000000   0.0000000   0.0000000   0.0000000   0.0000000   0.0000000   0.0000000
 307.6548678  94.1695480 262.8547730 302.1556573 302.1556573 347.0616002 400.0000000   0.0000000   0.0000000   0.0000000   0.0000000   0.0000000   0.0000000
 309.4952728  94.1695480 262.8547730 303.9850528 303.9850528 348.9773009 400.0000000   0.0000000   0.0000000   0.0000000   0.0000000   0.0000000   0.0000000
 311.3393330  94.1695480 262.8547730 305.8181254 305.8181254 348.9773009 400.0000000   0.0000000   0.0000000   0.0000000   0.0000000   0.0000000   0.0000000
 313.1870411  94.1695480 264.6013128 307.6548678 307.6548678 350.8965135 400.0000000   0.0000000   0.0000000   0.0000000   0.0000000   0.0000000   0.0000000
 315.0383901  94.1695480 264.6013128 309.4952728 309.4952728 350.8965135 400.0000000   0.0000000   0.0000000   0.0000000   0.0000000   0.0000000   0.0000000
 316.8933728  94.1695480 264.6013128 311.3393330 311.3393330 352.8192314 400.0000000   0.0000000   0.0000000   0.0000000   0.0000000   0.0000000   0.0000000
 318.7519820  92.9331962 266.3517039 313.1870411 313.1870411 352.8192314 400.0000000   0.0000000   0.0000000   0.0000000   0.0000000   0.0000000   0.0000000
 320.6142107  92.9331962 266.3517039 315.0383901 315.0383901 354.7454484 400.0000000   0.0000000   0.0000000   0.0000000   0.0000000   0.0000000   0.0000000
 322.4800518  91.7023030 266.3517039 316.8933728 316.8933728 354.7454484 400.0000000   0.0000000   0.0000000   0.0000000   0.0000000   0.0000000   0.0000000
 324.3494985  91.7023030 268.1059377 318.7519820 318.7519820 356.6751581 400.0000000   0.0000000   0.0000000   0.0000000   0.0000000   0.0000000   0.0000000
 326.2225437  91.7023030 268.1059377 320.6142107 320.6142107 356.6751581 400.0000000   0.0000000   0.0000000   0.0000000   0.0000000   0.0000000   0.0000000
 328.0991806  91.7023030 268.1059377 322.4800518 322.4800518 356.6751581 400.0000000   0.0000000   0.0000000   0.0000000   0.0000000   0.0000000   0.0000000
 329.9794023  91.7023030 269.8640059 324.3494985 324.3494985 358.6083542 400.0000000   0.0000000   0.0000000   0.0000000   0.0000000   0.0000000   0.0000000
 331.8632020  91.7023030 269.8640059 326.2225437 326.2225437 358.6083542 400.0000000   0.0000000   0.0000000   0.0000000   0.0000000   0.0000000   0.0000000
 333.7505728  91.7023030 269.8640059 328.0991806 328.0991806 360.5450304 400.0000000   0.0000000   0.0000000   0.0000000   0.0000000   0.0000000   0.0000000
 335.6415081  90.4768927 271.6259002 329.9794023 329.9794023 360.5450304 400.0000000   0.0000000   0.0000000   0.0000000   0.0000000   0.0000000   0.0000000
 337.5360011  90.4768927 271.6259002 331.8632020 331.8632020 362.4851804 400.0000000   0.0000000   0.0000000   0.0000000   0.0000000   0.0000000   0.0000000
 339.4340452  90.4768927 271.6259002 333.7505728 333.7505728 362.4851804 400.0000000   0.0000000   0.0000000   0.0000000   0.0000000   0.0000000   0.0000000
 341.3356338  90.4768927 271.6259002 335.6415081 335.6415081 364.4287981 400.0000000   0.0000000   0.0000000   0.0000000   0.0000000   0.0000000   0.0000000
 343.2407601  89.2569899 273.3916123 337.5360011 337.5360011 364.4287981 400.0000000   0.0000000   0.0000000   0.0000000   0.0000000   0.0000000   0.0000000
 345.1494178  89.2569899 273.3916123 339.4340452 339.4340452 364.4287981 400.0000000   0.0000000   0.0000000   0.0000000   0.0000000   0.0000000   0.0000000
 347.0616002  89.2569899 273.3916123 341.3356338 341.3356338 366.3758772 400.0000000   0.0000000   0.0000000   0.0000000   0.0000000   0.0000000   0.0000000
 348.9773009  89.2569899 275.1611339 343.2407601 343.2407601 366.3758772 400.0000000   0.0000000   0.0000000   0.0000000   0.0000000   0.0000000   0.0000000
 350.8965135  89.2569899 275.1611339 345.1494178 345.1494178 368.3264118 400.0000000   0.0000000   0.0000000   0.0000000   0.0000000   0.0000000   0.0000000
 352.8192314  89.2569899 275.1611339 347.0616002 347.0616002 368.3264118 400.0000000   0.0000000   0.0000000   0.0000000   0.0000000   0.0000000   0.0000000
 354.7454484  89.2569899 275.1611339 348.9773009 348.9773009 370.2803955 400.0000000   0.0000000   0.0000000   0.0000000   0.0000000   0.0000000   0.0000000
 356.6751581  88.0426196 276.9344568 350.8965135 350.8965135 370.2803955 400.0000000   0.0000000   0.0000000   0.0000000   0.0000000   0.0000000   0.0000000
 358.6083542  88.0426196 276.9344568 352.8192314 352.8192314 370.2803955 400.0000000   0.0000000   0.0000000   0.0000000   0.0000000   0.0000000   0.0000000
 360.5450304  88.0426196 276.9344568 354.7454484 354.7454484 372.2378224 400.0000000   0.0000000   0.0000000   0.0000000   0.0000000   0.0000000   0.0000000
 362.4851804  88.0426196 276.9344568 356.6751581 356.6751581 372.2378224 400.0000000   0.0000000   0.0000000   0.0000000   0.0000000   0.0000000   0.0000000
 364.4287981  86.8338070 276.9344568 358.6083542 358.6083542 372.2378224 400.0000000   0.0000000   0.0000000   0.0000000   0.0000000   0.0000000   0.0000000
 366.3758772  78.5299407 278.7115729 360.5450304 360.5450304 374.1986863 400.0000000   0.0000000   0.0000000   0.0000000   0.0000000   0.0000000   0.0000000
 368.3264118  78.5299407 278.7115729 362.4851804 362.4851804 374.1986863 400.0000000   0.0000000   0.0000000   0.0000000   0.0000000   0.0000000   0.0000000
 370.2803955  78.5299407 278.7115729 362.4851804 364.4287981 376.1629814 400.0000000   0.0000000   0.0000000   0.0000000   0.0000000   0.0000000   0.0000000
 372.2378224  77.3665461 278.7115729 364.4287981 366.3758772 376.1629814 400.0000000   0.0000000   0.0000000   0.0000000   0.0000000   0.0000000   0.0000000
 374.1986863  77.3665461 280.4924742 364.4287981 368.3264118 376.1629814 400.0000000   0.0000000   0.0000000   0.0000000   0.0000000   0.0000000   0.0000000
 376.1629814  77.3665461 280.4924742 366.3758772 370.2803955 378.1307016 400.0000000   0.0000000   0.0000000   0.0000000   0.0000000   0.0000000   0.0000000
 378.1307016  76.2089540 280.4924742 366.3758772 372.2378224 378.1307016 400.0000000   0.0000000   0.0000000   0.0000000   0.0000000   0.0000000   0.0000000
 380.1018409  76.2089540 280.4924742 366.3758772 374.1986863 378.1307016 400.0000000   0.0000000   0.0000000   0.0000000   0.0000000   0.0000000   0.0000000
 382.0763935  76.2089540 280.4924742 368.3264118 376.1629814 380.1018409 400.0000000   0.0000000   0.0000000   0.0000000   0.0000000   0.0000000   0.0000000
 384.0543534  76.2089540 282.2771525 368.3264118 378.1307016 380.1018409 400.0000000   0.0000000   0.0000000   0.0000000   0.0000000   0.0000000   0.0000000
 386.0357147  76.2089540 282.2771525 368.3264118 380.1018409 382.0763935 400.0000000   0.0000000   0.0000000   0.0000000   0.0000000   0.0000000   0.0000000
 388.0204718  76.2089540 282.2771525 370.2803955 382.0763935 382.0763935 400.0000000   0.0000000   0.0000000   0.0000000   0.0000000   0.0000000   0.0000000
 390.0086187  76.2089540 282.2771525 370.2803955 384.0543534 384.0543534 400.0000000   0.0000000   0.0000000   0.0000000   0.0000000   0.0000000   0.0000000
 392.0001496  76.2089540 284.0656000 372.2378224 386.0357147 386.0357147 400.0000000   0.0000000   0.0000000   0.0000000   0.0000000   0.0000000   0.0000000
 393.9950590  76.2089540 284.0656000 372.2378224 386.0357147 388.0204718 400.0000000   0.0000000   0.0000000   0.0000000   0.0000000   0.0000000   0.0000000
 395.9933409  76.2089540 284.0656000 372.2378224 388.0204718 390.0086187 400.0000000   0.0000000   0.0000000   0.0000000   0.0000000   0.0000000   0.0000000
 397.9949898  76.2089540 284.0656000 374.1986863 390.0086187 392.0001496 400.0000000   0.0000000   0.0000000   0.0000000   0.0000000   0.0000000   0.0000000
 400.0000000  75.0571937 284.0656000 374.1986863 392.0001496 393.9950590 400.0000000   0.0000000   0.0000000   0.0000000   0.0000000   0.0000000   0.0000000
