   0.0000000  -1.2236107  -1.2236107  -1.2236107  -1.2236107  -1.2236107  -1.2236107************************************************************************
   0.0773665  -1.1294711  -1.1165139  -1.3302919  -1.3293012  -1.3225518  -1.3017159************************************************************************
   0.2188256  -0.9711909  -1.3465403  -1.3361551  -1.3341167  -1.3202302  -1.2773613************************************************************************
   0.4020084  -0.7714175  -1.3496934  -1.3338554  -1.3307467  -1.3095690  -1.4902432************************************************************************
   0.6189324  -0.5381496  -1.3482842  -1.5989843  -1.5947904  -1.5662196  -1.7738157************************************************************************
   0.8649843  -0.2759967  -1.6396552  -1.6127017  -1.6074114  -1.5713707  -1.7778663************************************************************************
   1.1370514   0.0119361  -1.6550201  -1.6224340  -1.9543298  -1.9107576  -2.1338943************************************************************************
   1.4328485   0.3233724  -1.6673173  -1.9867084  -1.9791993  -1.9280439  -2.5396440************************************************************************
   1.7506051   0.6565496  -2.0531536  -2.0091918  -2.0005631  -2.3352930  -2.9904641************************************************************************
   2.0888967   1.0100508  -2.0784466  -2.4390218  -2.4292676  -2.7891874  -3.0259320************************************************************************
   2.4465450  -1.4398492  -2.5276476  -2.4721920  -2.4613073  -2.8290380  -3.5283707************************************************************************
   2.8225539  -1.8528165  -2.5638671  -2.9594967  -2.9474768  -3.3369699  -4.0687700************************************************************************
   3.2160669  -1.8710575  -2.5977052  -3.0020394  -2.9888802  -3.3846871  -4.1195176************************************************************************
   3.6263376  -1.8882404  -3.1148859  -3.0420167  -3.0277141  -3.9418595  -4.7045768************************************************************************
   4.0527075  -1.9044921  -3.1584029  -3.5921384  -3.5766889  -3.9968638  -5.3230587************************************************************************
   4.4945902  -1.9199181  -3.1998546  -3.6407065  -3.6241067  -4.5995706  -5.9734451************************************************************************
   4.9514589  -1.9346072  -3.2394290  -3.6870684  -4.2197765  -4.6613945  -6.0458443************************************************************************
   5.4228375  -1.9486350  -3.8277495  -4.2939704  -4.2750609  -5.3066603  -6.7344605************************************************************************
   5.9082922  -1.9620663  -3.8761347  -4.3482956  -4.9142404  -5.3749164  -7.4521479************************************************************************
   6.4074262  -1.9749574  -3.9228139  -4.9980561  -4.9768256  -5.4407549  -8.1978915************************************************************************
   6.9198742  -1.9873573  -4.5653056  -5.0597703  -5.0373756  -6.1346440  -8.2891427************************************************************************
   7.4452991  -1.9993089  -4.6200997  -5.1195870  -5.7263300  -6.3363009  -9.0688536************************************************************************
   7.9833879  -2.5852576  -4.6733200  -5.8185264  -5.7937961  -6.9382208  -9.8746377************************************************************************
   8.5338492  -2.6080287  -5.3659644  -6.5469015  -6.5210000  -7.0162268  -9.9763987************************************************************************
   9.0964109  -2.6302279  -4.9050103  -5.9503858  -6.5949918  -7.7836188 -10.8139329************************************************************************
   9.6708183  -2.6518950  -5.4860617  -6.6954467  -6.6671969  -7.8672977 -11.6759264************************************************************************
  10.2568317  -2.6730658  -5.5439897  -6.7671378  -7.4388230  -8.6690686 -11.7876215************************************************************************
  10.8542259  -2.6937729  -6.2920465  -7.5478788  -7.5172729  -8.7581918 -12.6795327************************************************************************
  11.4627879  -2.7140457  -6.3570901  -7.6258596  -7.5940729  -9.5930088 -13.5945564************************************************************************
  12.0823164  -2.2121745  -6.4208213  -7.7022714  -8.4078341  -9.6873735 -14.5321739************************************************************************
  12.7126207  -2.7533943  -6.4833035  -8.5247813  -8.4906281 -10.5540480 -14.6590887************************************************************************
  13.3535196  -2.7725175  -7.2831269  -8.6072227  -8.5718836 -10.6534726 -15.6244493************************************************************************
  13.4831040  -2.6406147  -7.1481164  -8.4710015  -9.2008218 -10.5153951 -15.4813746************************************************************************
  14.6664200  -2.8097666  -7.4203681  -9.5505522  -9.5128370 -11.6552566 -16.7470071************************************************************************
  15.3381007  -2.8279296  -7.4872482  -9.6373215  -9.5984160 -11.7578554 -17.7603845************************************************************************
  16.0197331  -2.8458073  -8.3358275  -9.7227039 -10.4907965 -12.6916092 -18.7943482************************************************************************
  16.7111740  -2.8634150  -8.4091162  -9.8067531 -10.5819421 -12.7990048 -18.9384467************************************************************************
  17.4122861  -2.8807672  -8.4813037 -10.7142054 -10.6717205 -13.7615129 -19.9978154************************************************************************
  18.1229380  -2.8978772  -8.5524323 -10.8038625 -11.6010394 -13.8735655 -21.0769485************************************************************************
  18.8430031  -2.9147573  -8.6225414 -10.8922508 -11.6962012 -14.8640352 -21.2291637************************************************************************
  19.5723600  -2.9314192  -9.5244791 -11.8361394 -11.7900633 -14.9806168 -22.3327348************************************************************************
  20.3108919  -2.9478739  -9.6007059 -11.9299456 -12.7549727 -15.0956645 -23.4553398************************************************************************
  21.0584860  -2.9641316  -9.6759425 -12.0225392 -12.8540513 -16.1193101 -23.6153980************************************************************************
  21.8150339  -2.9802018  -9.7502228 -13.0015676 -12.9518891 -16.2388039 -24.7615768************************************************************************
  22.5804308  -2.9960938  -9.8235785 -13.0994070 -13.0485255 -17.2888603 -25.9261345************************************************************************
  23.3545756  -3.0118159 -10.7760282 -13.1960834 -14.0540803 -17.4126886 -26.0937879************************************************************************
  24.1373705  -3.0273762 -10.8552429 -13.2916322 -14.1557931 -18.4885381 -27.2811409************************************************************************
  24.9287209  -3.0427824 -10.9335543 -14.3108497 -14.2563522 -18.6165974 -28.4862810************************************************************************
  25.7285354  -3.0580416 -11.0109899 -14.4114962 -15.2950043 -18.7432618 -28.6613039************************************************************************
  26.5367253  -2.2403498 -11.0875760 -14.5110558 -15.4004979 -19.8498576 -29.8885334************************************************************************
  27.3532047  -2.2472883 -11.1633377 -14.6095590 -15.5048806 -19.9806831 -31.1330121************************************************************************
  28.1778902  -2.2541755 -12.1703147 -15.6675161 -15.6081829 -20.1101762 -31.3151977************************************************************************
  29.0107011  -2.2610150 -12.2516954 -15.7709785 -16.6848358 -21.2467349 -32.5811216************************************************************************
  29.8515587  -2.2678103 -12.3322657 -15.8734185 -16.7929497 -21.3803209 -32.7659216************************************************************************
  30.7003869  -2.2745647 -12.4120476 -15.9748627 -16.9000190 -22.5408323 -34.0529609************************************************************************
  31.5571114  -2.2812814 -12.4910623 -17.0702548 -17.0060703 -22.6784243 -35.3564967************************************************************************
  32.4216602  -1.4079748 -12.5693302 -17.1765287 -18.1194926 -22.8147598 -35.5482059************************************************************************
  33.2939630  -1.4070056 -12.6468707 -17.2818356 -18.2302395 -24.0039416 -36.8722923************************************************************************
  34.1739515  -1.4060721 -13.7118293 -17.3861990 -18.3399987 -24.1442209 -37.0665445************************************************************************
  35.0615593  -1.4051751 -13.7947621 -18.5178440 -18.4487938 -24.2832913 -38.4108905************************************************************************
  35.9567213  -1.4043155 -13.8769754 -18.6269162 -19.5978655 -25.5005040 -39.7710706************************************************************************
  36.8593745  -0.4934116 -13.9584870 -18.7350696 -19.7112467 -25.6434577 -39.9720022************************************************************************
  37.7694572  -0.4852601 -14.0393136 -18.8423251 -19.8236899 -26.8831269 -41.3519416************************************************************************
  38.6869091  -0.4772071 -14.1194715 -18.9487031 -19.9352160 -27.0298902 -41.5553485************************************************************************
  39.6116716  -0.4692519 -14.1989765 -20.1209966 -21.1189124 -27.1755028 -42.9547877************************************************************************
  40.5436873  -0.4613940 -14.2778436 -20.2319712 -21.2349215 -28.4421357 -43.1606600************************************************************************
  41.4829002  -0.4536326 -14.3560874 -20.3420883 -21.3500361 -28.5915028 -44.5793494************************************************************************
  42.4292557  -0.4459671 -14.4337221 -20.4513660 -21.4642752 -28.7397568 -46.0130868************************************************************************
  43.3827000   0.5150475 -15.5712034 -20.5598219 -21.5776569 -30.0328189 -46.2253755************************************************************************
  44.3431811   0.5295597 -15.6539910 -21.7714709 -22.8002794 -30.1847739 -47.6779324************************************************************************
  45.3106475   0.5439267 -15.7361714 -21.8844167 -22.9180484 -30.3356504 -47.8926229************************************************************************
  46.2850494   0.5581501 -15.8177576 -21.9965571 -23.0349787 -30.4854689 -49.3637745************************************************************************
  47.2663377   0.5722316 -15.8987620 -22.1079081 -23.1510868 -31.8091631 -49.5808563************************************************************************
  48.2544643   0.5861728 -15.9791968 -22.2184852 -23.2663888 -31.9626421 -51.0703853************************************************************************
  49.2493824   0.5999752 -16.0590737 -22.3283036 -24.5267990 -32.1150935 -52.5742827************************************************************************
  50.2510457   0.6136403 -16.1384040 -22.4373776 -24.6463963 -33.4641553 -52.7975442************************************************************************
  51.2594093   0.6271696 -16.2171988 -23.6974819 -24.7652029 -33.6202161 -54.3194433************************************************************************
  52.2744289   0.6405645 -16.2954686 -23.8109412 -24.8832336 -33.7752774 -55.8554230************************************************************************
  53.2960611   0.6538264 -16.3732239 -23.9236682 -25.0005025 -35.1492594 -56.0847404************************************************************************
  54.3242633   0.6669566 -16.4504746 -24.0356762 -25.1170234 -35.3078808 -57.6383683************************************************************************
  55.3589940   1.7081587 -16.5272305 -24.1469783 -26.4191307 -35.4655287 -57.8699724************************************************************************
  56.4002121   1.7275578 -16.6035011 -24.2575870 -26.5398583 -35.6222196 -59.4410624************************************************************************
  57.4478775   1.7467882 -16.6792955 -24.3675147 -26.6598502 -37.0251664 -59.6749432************************************************************************
  58.5019507   1.7658517 -16.7546227 -25.6743928 -26.7791192 -37.1853778 -61.2633150************************************************************************
  59.5623930   2.8324157 -16.8294913 -25.7886033 -26.8976776 -37.3446555 -61.4994624************************************************************************
  60.6291664   2.8575591 -16.9039098 -25.9021416 -27.0155375 -37.5030144 -63.1049411************************************************************************
  61.7022336   2.8825027 -16.9778863 -26.0150190 -27.1327106 -38.9343759 -63.3433445************************************************************************
  62.7815578   3.9676910 -17.0514288 -26.1272465 -27.2492083 -39.0962156 -64.9657603************************************************************************
  63.8671030   3.9985731 -17.1245452 -26.2388350 -28.6013934 -39.2571576 -65.2064093************************************************************************
  64.9588337   4.0292251 -17.1972428 -26.3497948 -28.7220079 -40.7120935 -66.8455973************************************************************************
  66.0567151   5.1327171 -17.2695291 -26.4601363 -28.8419557 -40.8764709 -67.0884813************************************************************************
  67.1607129   5.1691746 -17.3414112 -26.5698694 -28.9612476 -41.0399701 -67.3300920************************************************************************
  68.2707934   5.2053745 -17.4128961 -26.6790039 -29.0798937 -41.2026044 -68.9893894************************************************************************
  69.3869234   6.3268654 -17.4839906 -26.7875491 -29.1979043 -41.3643864 -69.2332429************************************************************************
  70.5090705   6.3687455 -17.5547013 -28.1588052 -29.3152891 -42.8510415 -70.9089671************************************************************************
  71.6372023   6.4103429 -17.6250347 -28.2715187 -29.4320577 -43.0162257 -71.1550518************************************************************************
  72.7712874   7.5495425 -17.6949970 -28.3836479 -29.5482195 -43.1805749 -72.8470521************************************************************************
  73.9112948   7.5967016 -17.7645944 -28.4952016 -29.6637837 -43.3441009 -73.0953565************************************************************************
  75.0571937   8.7475528 -16.5974811 -28.6061885 -31.0736371 -44.8576862 -73.3424567************************************************************************
  76.2089540   8.8001870 -16.6609319 -28.7166170 -31.1932225 -45.0245759 -75.0539987************************************************************************
  77.3665461   9.9625706 -16.7240590 -28.8264955 -31.3122158 -45.1906580 -75.3033231************************************************************************
  78.5299407  10.0205963 -16.7868677 -28.9358320 -31.4306255 -45.3559437 -77.0308240************************************************************************
  79.6991091  10.0782668 -16.8493630 -29.0446344 -31.5484600 -45.5204437 -77.2823607************************************************************************
  80.8740228  11.2577335 -16.9115500 -29.1529105 -31.6657277 -47.0646242 -77.5327386************************************************************************
  82.0546539  11.3206917 -16.9734336 -29.2606676 -31.7824363 -47.2324535 -79.2794188************************************************************************
  83.2409748  12.5114084 -17.0350185 -29.3679133 -31.8985939 -47.3995110 -79.5320115************************************************************************
  84.4329584  12.5795778 -17.0963095 -29.4746548 -32.0142081 -47.5658068 -81.2943506************************************************************************
  85.6305780  13.7814372 -17.1573111 -29.5808991 -32.1292863 -47.7313506 -81.5491457************************************************************************
  86.8338070  13.8547435 -15.9335926 -29.6866531 -32.2438360 -49.3055718 -81.8028236************************************************************************
  88.0426196  15.0676412 -15.9887967 -29.7919236 -32.3578642 -49.4744102 -83.5839980************************************************************************
  89.2569899  15.1460126 -16.0437457 -29.8967173 -32.4713781 -49.6425091 -83.8398791************************************************************************
  90.4768927  16.3698473 -16.0984435 -30.0010405 -32.5843846 -49.8098778 -85.6364284************************************************************************
  91.7023030  16.4532145 -16.1528938 -30.1048996 -32.6968903 -49.9765251 -85.8945002************************************************************************
  92.9331962  17.6878875 -16.2071005 -30.2083009 -32.8089019 -50.1424601 -87.7063001************************************************************************
  94.1695480  17.7761831 -14.9506812 -30.3112505 -32.9204260 -51.7501671 -87.9665504************************************************************************
  95.4113343  19.0215983 -14.9992827 -30.4137542 -33.0314687 -51.9193640 -88.2257333************************************************************************
  96.6585315  19.1147574 -15.0476714 -30.5158180 -33.1420364 -52.0878591 -90.0558961************************************************************************
  97.9111162  20.3708213 -15.0958503 -30.6174476 -33.2521351 -52.2556609 -90.3172568************************************************************************
  99.1690653  20.4687806 -15.1438226 -30.7186486 -33.3617709 -52.4227775 -92.1624069************************************************************************
 100.4323560  21.7354021 -13.8608088 -30.8194264 -33.4709495 -52.5892170 -92.4259329************************************************************************
 101.7009660  23.0072688 -13.9033267 -30.9197866 -33.5796767 -52.7549873 -92.6884253************************************************************************
 102.9748728  23.1151906 -13.9456660 -31.0197343 -33.6879582 -54.3994462 -94.5516343************************************************************************
 104.2540547  24.3974825 -13.9878294 -31.1192748 -33.7957995 -54.5684461 -94.8162904************************************************************************
 105.5384900  24.5100410 -14.0298196 -31.2184131 -33.9032060 -54.7367857 -96.6942362************************************************************************
 106.8281571  22.2437368 -12.7207682 -31.3171543 -34.0101831 -54.9044725 -96.9610437************************************************************************
 108.1230351  23.5415065 -12.7574441 -31.4155033 -34.1167359 -55.0715138 -98.8536167************************************************************************
 109.4231031  23.6467744 -12.7939724 -30.0897844 -34.2228695 -55.2379168 -99.1225634************************************************************************
 110.7283403  24.9547592 -12.8303556 -30.1826411 -34.3285891 -55.4036887 -99.3905173************************************************************************
 112.0387264  25.0645921 -12.8665957 -30.2751354 -34.4338995 -55.5688363-101.3007304************************************************************************
 113.3542413  26.3827114 -11.5320298 -30.3672715 -34.5388056 -57.2531313-101.5708209************************************************************************
 114.6748649  27.7058683 -11.5630861 -30.4590538 -34.6433121 -57.4214752-103.4954277************************************************************************
 116.0005778  27.8252308 -11.5940230 -30.5504865 -34.7474238 -57.5892022-103.7676429************************************************************************
 117.3313603  29.1584049 -11.6248425 -30.6415737 -34.8511452 -57.7563189-105.7065413************************************************************************
 118.6671932  29.2821886 -10.2702212 -30.7323197 -33.4888499 -57.9228317-105.9808691************************************************************************
 120.0080576  30.6253039 -10.2959587 -30.8227283 -33.5872169 -58.0887471-106.2542409************************************************************************
 121.3539345  31.9733617 -10.3216008 -30.9128035 -33.6852212 -58.2540713-108.2103878************************************************************************
 122.7048055  32.1064410  -8.9521363 -29.5369183 -33.7828670 -58.4188105-108.4858691************************************************************************
 124.0606521  33.4643293  -8.9727736 -29.6217510 -33.8801583 -58.5829708-108.7604116************************************************************************
 125.4214561  33.6016953  -8.9933365 -29.7062760 -33.9770991 -58.7465580-109.0340242************************************************************************
 126.7871995  34.9693421  -7.6091927 -29.7904969 -34.0736933 -58.9095782-111.0103168************************************************************************
 128.1578646  36.3418416  -7.6248248 -29.8744172 -34.1699449 -59.0720370-111.2860430************************************************************************
 129.5334336  36.4882834  -6.2309831 -29.9580402 -34.2658576 -59.2339402-111.5608555************************************************************************
 130.9138893  37.8704366  -6.2417379 -30.0413693 -32.8594982 -59.3952933-111.8347625************************************************************************
 132.2992143  39.2573910  -6.2524564 -28.6314646 -32.9502677 -61.1409357-112.1077722************************************************************************
 133.6893916  39.4127780  -4.8441966 -28.7097122 -33.0407226 -61.3054483-112.3798927************************************************************************
 135.0844044  40.8092845  -4.8501072 -28.7876893 -33.1308663 -61.4694158-114.3821808************************************************************************
 136.4842358  42.2105421  -3.4323192 -28.8653987 -33.2207024 -61.6328435-114.6564319************************************************************************
 137.8888695  42.3747484  -3.4334721 -28.9428436 -33.3102340 -61.7957368-114.9298085************************************************************************
 139.2982890  43.7854597  -3.4346237 -27.5091497 -33.3994646 -61.9581007-115.2023181************************************************************************
 140.7124781  45.2008737  -2.0026655 -27.5816238 -31.9597966 -62.1199403-115.4739683************************************************************************
 142.1314208  46.6209747  -1.9991248 -27.6538550 -32.0440356 -62.2812608-115.7447666************************************************************************
 143.5551012  46.7985497  -0.5577994 -27.7258460 -32.1279957 -62.4420670-116.0147202************************************************************************
 144.9835037  48.2279777  -0.5496138 -27.7975994 -32.2116798 -62.6023638-116.2838363************************************************************************
 146.4166126  49.6620460  -0.5414591 -26.3405170 -32.2950908 -62.7621561-116.5521221************************************************************************
 147.8544126  49.8481548   0.9138010 -26.4074041 -32.3782315 -62.9214484-116.8195846************************************************************************
 149.2968883  51.2914584   0.9265391 -26.4740738 -30.9106346 -63.0802456-117.0862307************************************************************************
 150.7440247  52.7393573   2.3910132 -26.5405285 -30.9889063 -63.2385522-117.3520672************************************************************************
 152.1958069  54.1918365   2.4082900 -26.6067705 -31.0669282 -63.3963727-119.3980021************************************************************************
 153.6522199  55.6488816   2.4255059 -25.1266811 -31.1447030 -63.5537117-119.6660168************************************************************************
 155.1132492  55.8525289   3.9036905 -25.1881555 -29.6587879 -63.7105734-119.9332338************************************************************************
 156.5788802  57.3186622   3.9253871 -25.2494362 -29.7317748 -63.8669622-120.1996597************************************************************************
 158.0490985  58.7893183   3.9470089 -23.7557180 -29.8045338 -64.0228824-120.4653010************************************************************************
 159.5238897  60.2644830   3.9685564 -23.8122925 -29.8770673 -64.1783382-120.7301639************************************************************************
 161.0032399  60.4808517   3.9900297 -23.8686914 -29.9493777 -64.3333338-120.9942548************************************************************************
 162.4871349  61.9649920   4.0114292 -23.9249167 -28.4408878 -64.4878733-121.2575799************************************************************************
 163.9755609  63.4535995   4.0327551 -22.4132238 -28.5085040 -62.9662563-121.5201452************************************************************************
 165.4685042  64.9466606   4.0540078 -22.4648179 -28.5759151 -63.1158819-121.7819568************************************************************************
 166.9659510  66.4441619   4.0751874 -22.5162555 -28.6431233 -63.2650729-122.0430206************************************************************************
 168.4678880  67.9460900   4.0962944 -20.9912250 -27.1168216 -63.4138331-122.3033424************************************************************************
 169.9743017  69.4524317   4.1173289 -21.0380885 -27.1794094 -63.5621662-122.5629282************************************************************************
 171.4851789  70.9631739   4.1382912 -21.0848120 -27.2418114 -63.7100760-122.8217835************************************************************************
 173.0005064  71.2096938   5.6700588 -19.5465630 -25.7022904 -63.8575661-123.0799142************************************************************************
 174.5202712  72.7291983   5.6953278 -19.5887678 -25.7601281 -64.0046401-123.3373256************************************************************************
 176.0444604  74.2530647   5.7205124 -19.6308483 -25.8177966 -64.1513016-123.5940235************************************************************************
 177.5730611  75.7812804   5.7456130 -18.0794970 -25.8752976 -64.2975541-123.8500131************************************************************************
 179.1060606  76.0399260   5.7706299 -18.1171125 -24.3183307 -64.4434010-124.1052999************************************************************************
 180.6434465  77.5768028   5.7955634 -18.1546189 -24.3713360 -64.5888458-124.3598891************************************************************************
 182.1852062  79.1179916   5.8204140 -16.5902782 -24.4241895 -64.7338919-124.6137862************************************************************************
 183.7313272  80.6634803   5.8451819 -16.6233717 -22.8542694 -63.1552910-126.7292248************************************************************************
 185.2817975  82.2132566   5.8698676 -16.6563707 -22.9026794 -63.2956464-126.9853653************************************************************************
 186.8366047  83.7673087   5.8944714 -15.0791508 -22.9509527 -63.4356217-127.2408218************************************************************************
 188.3957369  85.3256245   5.9189936 -15.1077874 -21.3681887 -63.5752201-127.4955996************************************************************************
 189.9591820  86.8881924   5.9434345 -15.1363435 -21.4120694 -63.7144446-127.7497034************************************************************************
 191.5269283  88.4550004   5.9677945 -13.5463519 -19.8208021 -63.8532984-128.0031383************************************************************************
 193.0989638  90.0260372   5.9920739 -13.5705946 -19.8603265 -63.9917844-128.2559092************************************************************************
 194.6752771  91.6012911   6.0162731 -11.9721469 -19.8997416 -64.1299057-128.5080208************************************************************************
 196.2558564  93.1807507   6.0403923 -11.9921117 -18.2958065 -64.2676653-128.7594778************************************************************************
 197.8406903  94.7644047   6.0644319 -10.3852537 -18.3309138 -62.6508321-129.0102850************************************************************************
 199.4297674  96.3522418   6.0883923 -10.4009755 -18.3659253 -62.7840424-129.2604471************************************************************************
 201.0230764  97.9442509   6.1122736  -8.7857523 -16.7494247 -62.9169078-129.5099685************************************************************************
 202.6206062  99.5404209   6.1360762  -8.7972652 -16.7801753 -63.0494313-129.7588539************************************************************************
 204.2223455 101.1407408   6.1598005  -8.8087469 -15.1553532 -63.1816154-130.0071077************************************************************************
 205.8282833 102.7451998   6.1834467  -7.1810587 -15.1818769 -63.3134629-132.1704351************************************************************************
 207.4384088 104.3537871   6.2070152  -7.1883765 -13.5487771 -61.6716535-132.4209509************************************************************************
 209.0527109 105.9664919   6.2305061  -5.5524327 -13.5711071 -61.7990424-132.6708418************************************************************************
 210.6711791 107.5833035   6.2539199  -5.5556192 -13.5933778 -61.9261107-132.9201121************************************************************************
 212.2938025 109.2042115   6.2772568  -3.9114624 -11.9479417 -62.0528608-133.1687663************************************************************************
 213.9205705 110.8292054   6.3005171  -3.9105498 -11.9660627 -62.1792952-133.4168084************************************************************************
 215.5514726 112.4582747   6.3237011  -2.2582220 -10.3124551 -62.3054164-133.6642427************************************************************************
 217.1864984 114.0914092   6.3468090  -2.2532418 -10.3264584 -60.6390181-133.9110733************************************************************************
 218.8256375 115.7285986   6.3698411  -0.5927844  -8.6647206 -60.7607667-134.1573042************************************************************************
 220.4688796 117.3698327   6.3927978  -0.5837675  -8.6746375 -60.8822172-134.4029396************************************************************************
 222.1162144 119.0151015   6.4156793   1.0847788  -7.0048103 -61.0033716-134.6479835************************************************************************
 223.7676318 120.6643950   6.4384858   1.0978019  -7.0106715 -59.3207872-136.8498666************************************************************************
 225.4231219 122.3177031   6.4612176   2.7743970  -5.3327951 -59.4376266-137.0971762************************************************************************
 227.0826744 123.9750162   8.1352925   2.7913964  -5.3346310 -59.5541844-137.3439000************************************************************************
 228.7462797 125.6363242   8.1619484   4.4760007  -3.6487448 -59.6704629-137.5900418************************************************************************
 230.4139277 127.3016177   8.1885203   6.1645949  -3.6465851 -57.9718518-137.8356054************************************************************************
 232.0856087 128.9708868   8.2150087   6.1895215  -1.9527281 -58.0838707-138.0805947************************************************************************
 233.7613130 130.6441221   8.2414139   7.8860667  -1.9466021 -58.1956240-138.3250134************************************************************************
 235.4410310 132.3213140   8.2677362   7.9148922  -0.2448128 -58.3071137-138.5688652************************************************************************
 237.1247531 134.0024530   8.2939758   7.9436460  -0.2347492 -56.5926310-140.8003005************************************************************************
 238.8124699 135.6875298   8.3201333   7.9723284   1.4749347 -56.6999148-141.0464135************************************************************************
 240.5041718 138.6504420   8.3462087   8.0009397   1.4889075 -56.8069483-141.2919647************************************************************************
 242.1998495 140.3433666  10.0559247   8.0294801   3.2064486 -56.9137334-141.5369577************************************************************************
 243.8994937 142.0402012  10.0858318   8.0579499   3.2243029 -55.1835294-141.7813960************************************************************************
 245.6030951 145.0095467  11.8033651   8.0863493   4.9496643 -55.2861605-142.0252832************************************************************************
 247.3106447 146.7141742  11.8370769   8.1146785   4.9713728 -55.3885559-140.2602569************************************************************************
 249.0221333 148.4226846  13.5623914   8.1429377   6.7045183 -53.6466572-138.4913364************************************************************************
 250.7375518 150.1350690  13.5998812   8.1711271   8.4415425 -53.7449384-136.7185304************************************************************************
 252.4568913 151.8513185  15.3329411   8.1992471   8.4709478 -53.8429963-134.9418481************************************************************************
 254.1801428 153.5714243  17.0698605   8.2272978   8.5002841 -53.9408324-133.1612983************************************************************************
 255.9072975 155.2953777  17.1149528   8.2552794   8.5295515 -52.1834658-131.3768897************************************************************************
 257.6383466 157.0231701  18.8595649   8.2831922   8.5587504 -52.2772368-129.5886310************************************************************************
 259.3732813 158.7547926  18.9083661   8.3110363   8.5878808 -50.5121887-127.7965311************************************************************************
 261.1120930 160.4902369  20.6606362   8.3388121   8.6169430 -50.6019221-126.0005983************************************************************************
 262.8547730 162.2294944  20.7131212   8.3665196   8.6459373 -50.6914557-124.2008414************************************************************************
 264.6013128 163.9725566  22.4730154   8.3941591   8.6748639 -48.9149498-122.3972689************************************************************************
 266.3517039 166.9827059  22.5291593   8.4217309   8.7037228 -49.0004827-120.5898891************************************************************************
 268.1059377 168.7333524  24.2966439   8.4492350   8.7325145 -49.0858272-118.7787104************************************************************************
 269.8640059 170.4877787  26.0679112   8.4766718   8.7612389 -47.2979393-116.9637413************************************************************************
 271.6259002 172.2459764  26.1314644   8.5040414   8.7898965 -47.3793192-115.1449899************************************************************************
 273.3916123 174.0079374  27.9102724   8.5313441   8.8184873 -45.5838846-113.3224645************************************************************************
 275.1611339 177.0316027  27.9774200   8.5585800   8.8470115 -45.6613259-111.4961733************************************************************************
 276.9344568 178.8010659  29.7637362   8.5857493   8.8754695 -45.7385990-109.6661244************************************************************************
 278.7115729 180.5742683  29.8344549   8.6128523   8.9038612 -43.9319055-107.8323258************************************************************************
 280.4924742 182.3512017  31.6282472   8.6398890   8.9321871 -44.0052748-105.9947856************************************************************************
 282.2771525 184.1318583  31.7025140   8.6668598   8.9604471 -42.1911154-104.1535118************************************************************************
 284.0656000 185.9162302  33.5037505   8.6937649   8.9886416 -42.2606058-102.3085121************************************************************************
 285.8578087 188.9568942  35.3086974   8.7206043   9.0167708 -42.3299474-100.4597946************************************************************************
 287.6537707 190.7486733  35.3901922   8.7473783   9.0448347 -40.5046483 -98.6073670************************************************************************
 289.4534783 192.5441444  37.2025365   8.7740870   9.0728336 -40.5701445 -96.7512371************************************************************************
 291.2569235 194.3432998  39.0185681  10.5966928   9.1007677 -38.7374577 -94.8914126************************************************************************
 293.0640987 197.3933290  39.1072300  10.6270171   9.1286372 -38.7991327 -93.0279012************************************************************************
 294.8749962 199.1998302  40.9306130  10.6572691   9.1564422 -36.9590888 -91.1607105************************************************************************
 296.6896084 201.0099929  41.0227257  10.6874488   9.1841829 -37.0169663 -89.2898480************************************************************************
 298.5079277 202.8238097  42.8534300  10.7175565   9.2118596 -37.0747219 -87.4153214************************************************************************
 300.3299465 204.6412732  44.6877837  10.7475924   9.2394723 -35.2236989 -85.5371380************************************************************************
 302.1556573 206.4623759  44.7869678  10.7775568   9.2670213 -35.2776888 -83.6553053************************************************************************
 303.9850528 209.5288967  46.6285982  10.8074499  11.1165255 -33.4193837 -81.7698307************************************************************************
 305.8181254 211.3572559  48.4738560  10.8372719  11.1476396 -33.4696308 -79.8807216************************************************************************
 307.6548678 213.1892324  48.5800539  10.8670230  11.1786830 -31.6040727 -77.9879852************************************************************************
 309.4952728 215.0248190  50.4325446  10.8967034  11.2096559 -31.6505998 -76.0916289************************************************************************
 311.3393330 216.8640085  52.2886410  10.9263134  11.2405586 -29.7778178 -74.1916597************************************************************************
 313.1870411 218.7067937  52.4017961  10.9558531  11.2713913 -29.8206471 -72.2880850************************************************************************
 315.0383901 220.5531677  54.2650825  10.9853228  11.3021542 -27.9406698 -70.3809118************************************************************************
 316.8933728 222.4031234  56.1319532  11.0147227  11.3328474 -27.9798234 -68.4701472************************************************************************
 318.7519820 225.4930054  56.2520101  11.0440530  11.3634712 -26.0926790 -66.5557982************************************************************************
 320.6142107 227.3501033  58.1260285  11.0733139  11.3940259 -26.1281787 -64.6378719************************************************************************
 322.4800518 230.4416552  60.0036103  11.1025055  11.4245115 -24.2338952 -62.7163753************************************************************************
 324.3494985 232.3058677  60.1305148  11.1316282  11.4549283 -24.2657623 -60.7913152************************************************************************
 326.2225437 234.1736272  62.0152028  11.1606821  11.4852766 -22.3643674 -58.8626985************************************************************************
 328.0991806 236.0449270  63.9034336  11.1896674  11.5155565 -20.4594271 -56.9305321************************************************************************
 329.9794023 237.9197601  64.0371323  11.2185843  11.5457681 -20.4841441 -54.9948227************************************************************************
 331.8632020 239.7981200  65.9324285  11.2474330  11.5759118 -18.5721332 -53.0555773************************************************************************
 333.7505728 241.6799999  67.8312474  11.2762136  11.6059877 -18.5932732 -51.1128023************************************************************************
 335.6415081 244.7908034  67.9716879  11.3049265  11.6359959 -16.6742185 -49.1665047************************************************************************
 337.5360011 246.6797034  69.8775321  11.3335718  11.6659367 -16.6918019 -47.2166909************************************************************************
 339.4340452 248.5721035  71.7868790  11.3621496  11.6958103 -14.7657300 -45.2633677************************************************************************
 341.3356338 250.4679972  73.6997221  11.3906602  11.7256169 -14.7797770 -43.3065416************************************************************************
 343.2407601 253.5872808  73.8503428  11.4191037  11.7553566 -12.8467141 -41.3462191************************************************************************
 345.1494178 255.4901423  75.7701588  11.4474803  11.7850296 -10.9101655 -39.3824067************************************************************************
 347.0616002 257.3964780  77.6934516  11.4757903  11.8146361 -10.9172167 -37.4151109************************************************************************
 348.9773009 259.3062815  77.8506931  11.5040338  11.8441764  -8.9737160 -35.4443382************************************************************************
 350.8965135 261.2195464  79.7809202  11.5322110  11.8736505  -8.9772832 -33.4700949************************************************************************
 352.8192314 263.1362664  81.7146049  11.5603220  11.9030587  -7.0268558 -31.4923874************************************************************************
 354.7454484 265.0564353  83.6517410  11.5883671  11.9324011  -7.0269583 -29.5112220************************************************************************
 356.6751581 268.1944170  83.8189993  11.6163464  11.9616779  -5.0696295 -27.5266051************************************************************************
 358.6083542 270.1214648  85.7630192  11.6442601  11.9908893  -3.1088594 -25.5385428************************************************************************
 360.5450304 272.0519427  87.7104719  11.6721083  12.0200355  -3.1020811 -23.5470413************************************************************************
 362.4851804 273.9858446  89.6613510  11.6998913  12.0491166  -1.1344469 -21.5521070************************************************************************
 364.4287981 277.1319769  91.6156504  11.7276093  12.0781328   0.8366100 -19.5537459************************************************************************
 366.3758772 287.3765747  91.7962480  11.7552623  12.1070844   0.8502196 -17.5519641************************************************************************
 368.3264118 289.3207119  93.7573698  11.7828506  12.1359713   2.8281038 -15.5467678************************************************************************
 370.2803955 291.2682488  95.7218938  13.7539920  12.1647939   2.8450975 -13.5381630************************************************************************
 372.2378224 294.3825740  97.6898139  13.7849129  12.1935523   4.8297847 -11.5261557************************************************************************
 374.1986863 296.3368923  97.8802229  15.7628425  12.2222466   6.8178646  -9.5107519************************************************************************
 376.1629814 298.2945924  99.8549174  15.7970781  12.2508771   6.8416109  -7.4919576************************************************************************
 378.1307016 301.4132605 101.8329902  17.7817721  12.2794438   8.8364580  -5.4697788************************************************************************
 380.1018409 303.3777065 103.8144354  19.7698395  12.3079470  10.8346800  -3.4442212************************************************************************
 382.0763935 305.3455167 105.7992472  19.8107398  12.3363868  10.8651315  -1.4152909************************************************************************
 384.0543534 307.3166852 106.0027414  21.8055364  12.3647633  12.8700855   0.6170064************************************************************************
 386.0357147 309.2912063 107.9942689  23.8036889  12.3930768  12.9038443   2.6526649************************************************************************
 388.0204718 311.2690742 109.9891456  23.8512078  12.4213274  14.9155072   4.6916788************************************************************************
 390.0086187 313.2502833 111.9873658  25.8560548  12.4495152  14.9525560   6.7340423************************************************************************
 392.0001496 315.2348277 112.2004763  25.9068136  12.4776404  14.9895435   8.7797498************************************************************************
 393.9950590 317.2227019 114.2053664  27.9183324  14.4904602  15.0264697  10.8287954************************************************************************
 395.9933409 319.2139003 116.2135829  29.9331785  14.5218506  15.0633349  12.8811736************************************************************************
 397.9949898 321.2084171 118.2251204  29.9904824  14.5531730  15.1001391  14.9368788************************************************************************
 400.0000000 324.3580072 120.2399730  32.0119665  14.5844277  15.1368826  16.9959053************************************************************************
