 t r r1 w w1
   1.0000000   0.0101010   0.0101010   2.0018584   2.0018584
   2.0000000   0.0101010   0.0101010   1.9789465   1.9786496
   3.0000000   0.0092597   0.0093955   1.9783412   1.9780948
   4.0000000   0.0093814   0.0094575   1.9785453   1.9782471
   5.0000000   0.0095098   0.0095478   1.9784333   1.9781503
   6.0000000   0.0096141   0.0085075   1.9786607   1.9789324
   7.0000000   0.0096890   0.0111439   1.9794359   1.9794916
   8.0000000   0.0097917   0.0102737   1.9798829   1.9800413
   9.0000000   0.0098639   0.0099794   1.9807442   1.9808443
  10.0000000   0.0099312   0.0100300   1.9815337   1.9815911
  11.0000000   0.0099888   0.0099859   1.9822461   1.9822858
  12.0000000   0.0100404   0.0101322   1.9829491   1.9829667
  13.0000000   0.0100785   0.0101542   1.9836176   1.9836210
  14.0000000   0.0101140   0.0102286   1.9843086   1.9843001
  15.0000000   0.0101310   0.0101541   1.9854135   1.9855128
  16.0000000   0.0101724   0.0102294   1.9863786   1.9864308
  17.0000000   0.0101973   0.0103082   1.9873065   1.9873478
  18.0000000   0.0102167   0.0102376   1.9881880   1.9882143
  19.0000000   0.0102324   0.0103386   1.9890345   1.9890523
  20.0000000   0.0102455   0.0103212   1.9898491   1.9898606
  21.0000000   0.0102543   0.0103148   1.9906305   1.9906348
  22.0000000   0.0102620   0.0103517   1.9913817   1.9913830
  23.0000000   0.0102696   0.0103297   1.9920661   1.9921398
  24.0000000   0.0102825   0.0090568   1.9925167   1.9930275
  25.0000000   0.0102850   0.0119317   1.9928078   1.9931419
  26.0000000   0.0102764   0.0105524   1.9931864   1.9935035
  27.0000000   0.0102745   0.0103198   1.9935686   1.9938380
  28.0000000   0.0102736   0.0102728   1.9939638   1.9942013
  29.0000000   0.0102723   0.0103158   1.9943637   1.9945758
  30.0000000   0.0102702   0.0104079   1.9947644   1.9949553
  31.0000000   0.0102682   0.0101850   1.9951648   1.9953357
  32.0000000   0.0102651   0.0103438   1.9955535   1.9957121
  33.0000000   0.0102619   0.0103357   1.9959406   1.9960899
  34.0000000   0.0102579   0.0103439   1.9963196   1.9964616
  35.0000000   0.0102534   0.0103497   1.9966896   1.9968234
  36.0000000   0.0102505   0.0102289   1.9970505   1.9971783
  37.0000000   0.0102481   0.0104263   1.9973981   1.9975274
  38.0000000   0.0102407   0.0102444   1.9976968   1.9977995
  39.0000000   0.0102349   0.0103161   1.9980021   1.9981115
  40.0000000   0.0102313   0.0103295   1.9983049   1.9984182
  41.0000000   0.0102264   0.0103004   1.9985998   1.9987133
  42.0000000   0.0102241   0.0105359   1.9988463   1.9988320
  43.0000000   0.0102206   0.0099521   1.9990247   1.9990590
  44.0000000   0.0102136   0.0102879   1.9992242   1.9992637
  45.0000000   0.0102081   0.0103163   1.9994173   1.9994690
  46.0000000   0.0102040   0.0102658   1.9996082   1.9996679
  47.0000000   0.0101993   0.0102789   1.9997943   1.9998598
  48.0000000   0.0101958   0.0102104   1.9999770   2.0000475
  49.0000000   0.0101921   0.0103360   2.0001486   2.0002265
  50.0000000   0.0101876   0.0102000   2.0003194   2.0004012
  51.0000000   0.0101838   0.0102736   2.0004848   2.0005700
  52.0000000   0.0101839   0.0103255   2.0005472   2.0005686
  53.0000000   0.0101784   0.0101693   2.0006152   2.0006538
  54.0000000   0.0101727   0.0102911   2.0006873   2.0007309
  55.0000000   0.0101702   0.0101645   2.0007643   2.0008144
  56.0000000   0.0101670   0.0102396   2.0008415   2.0009013
  57.0000000   0.0101635   0.0102481   2.0009185   2.0009866
  58.0000000   0.0101608   0.0102234   2.0009952   2.0010703
  59.0000000   0.0101577   0.0102011   2.0010704   2.0011515
  60.0000000   0.0101553   0.0102145   2.0011441   2.0012308
  61.0000000   0.0101528   0.0102547   2.0012151   2.0013067
  62.0000000   0.0101503   0.0101642   2.0012847   2.0013784
  63.0000000   0.0101488   0.0101871   2.0013524   2.0014491
  64.0000000   0.0101470   0.0102089   2.0014173   2.0015179
  65.0000000   0.0101443   0.0102179   2.0014701   2.0015712
  66.0000000   0.0101431   0.0101550   2.0015280   2.0016333
  67.0000000   0.0101404   0.0102146   2.0015778   2.0016839
  68.0000000   0.0101387   0.0101733   2.0016281   2.0017370
  69.0000000   0.0101364   0.0102217   2.0016752   2.0017863
  70.0000000   0.0101348   0.0101831   2.0017201   2.0018319
  71.0000000   0.0101337   0.0101164   2.0017625   2.0018745
  72.0000000   0.0101323   0.0102240   2.0018021   2.0019167
  73.0000000   0.0101314   0.0098895   2.0018388   2.0019560
  74.0000000   0.0101284   0.0102515   2.0018676   2.0020012
  75.0000000   0.0101278   0.0100799   2.0018897   2.0020455
  76.0000000   0.0101249   0.0103961   2.0019074   2.0020886
  77.0000000   0.0101251   0.0101623   2.0019282   2.0021234
  78.0000000   0.0101233   0.0101642   2.0019502   2.0021500
  79.0000000   0.0101218   0.0101252   2.0019705   2.0021736
  80.0000000   0.0101207   0.0101933   2.0019897   2.0021966
  81.0000000   0.0101198   0.0101602   2.0020097   2.0022142
  82.0000000   0.0101182   0.0102724   2.0020298   2.0022274
  83.0000000   0.0101183   0.0100867   2.0020519   2.0022328
  84.0000000   0.0101178   0.0100078   2.0020725   2.0022386
  85.0000000   0.0101168   0.0100987   2.0020890   2.0022466
  86.0000000   0.0101156   0.0100975   2.0021036   2.0022536
  87.0000000   0.0101157   0.0101173   2.0021175   2.0022635
  88.0000000   0.0101145   0.0101267   2.0021287   2.0022713
  89.0000000   0.0101135   0.0101081   2.0021380   2.0022775
  90.0000000   0.0101126   0.0101379   2.0021456   2.0022824
  91.0000000   0.0101122   0.0100994   2.0021533   2.0022873
  92.0000000   0.0101112   0.0101193   2.0021583   2.0022897
  93.0000000   0.0101107   0.0101222   2.0021624   2.0022915
  94.0000000   0.0101102   0.0100971   2.0021656   2.0022925
  95.0000000   0.0101091   0.0101190   2.0021673   2.0022923
  96.0000000   0.0101082   0.0101087   2.0021679   2.0022905
  97.0000000   0.0101081   0.0101012   2.0021684   2.0022889
  98.0000000   0.0101074   0.0101132   2.0021679   2.0022865
  99.0000000   0.0101066   0.0101032   2.0021667   2.0022830
 100.0000000   0.0101063   0.0101006   2.0021651   2.0022795
 101.0000000   0.0101055   0.0101028   2.0021626   2.0022750
 102.0000000   0.0101051   0.0101017   2.0021596   2.0022701
 103.0000000   0.0101043   0.0100928   2.0021558   2.0022644
 104.0000000   0.0101036   0.0101093   2.0021514   2.0022583
 105.0000000   0.0101030   0.0100893   2.0021464   2.0022512
 106.0000000   0.0101024   0.0100934   2.0021410   2.0022440
 107.0000000   0.0101025   0.0101101   2.0021357   2.0022372
 108.0000000   0.0101018   0.0100923   2.0021301   2.0022297
 109.0000000   0.0101010   0.0100894   2.0021239   2.0022213
 110.0000000   0.0101013   0.0100737   2.0021203   2.0022160
 111.0000000   0.0101004   0.0101261   2.0021153   2.0022100
 112.0000000   0.0100996   0.0100729   2.0021094   2.0022018
 113.0000000   0.0100989   0.0101033   2.0021027   2.0021935
 114.0000000   0.0100984   0.0101044   2.0020955   2.0021849
 115.0000000   0.0100979   0.0100663   2.0020886   2.0021752
 116.0000000   0.0100972   0.0100999   2.0020772   2.0021625
 117.0000000   0.0100965   0.0100890   2.0020729   2.0021565
 118.0000000   0.0100957   0.0100900   2.0020668   2.0021489
 119.0000000   0.0100916   0.0100747   2.0020560   2.0021362
 120.0000000   0.0101010   0.0101010   2.0018584   2.0018584
