 date d_e_o v_e cost mass
   1.0000000   0.0000000  10.4188024  17.3651482   0.0066204
   1.0000000   0.0000000  10.4188024  17.3651482   0.0252585
   1.0000000   0.0000000  10.4188024  17.3651482   0.0627055
   1.0000000   0.0000000  10.4188024  17.3651482   0.1101184
   1.0000000   0.0000000  10.4188024  17.3651482   0.1462289
   1.0000000   0.0000000  10.4188024  17.3651482   0.1548479
   1.0000000   0.0000000  10.4188024  17.3651482   0.1368894
   1.0000000   0.0000000  10.4188024  17.3651482   0.1055528
   1.0000000   0.0000000  10.4188024  17.3651482   0.0740043
   1.0000000   0.0000000  11.0545946  17.3651482   0.0487724
   1.0000000   0.0000000  12.5843830  17.3651482   0.0308169
   1.0000000   0.0000000  14.2394050  17.3651482   0.0187483
   1.0000000   0.0000000  15.6405922  17.3651482   0.0107776
   1.0000000   0.0000000  16.5977742  17.3651482   0.0054839
   1.0000000   0.0000000  17.0755790  17.3651482   0.0020358
   1.0000000   0.0000000  17.1810152  17.3651482   0.0004540
   1.0000000   0.0000000  17.2107819  17.3651482   0.0005596
   1.0000000   0.0000000  17.3502917  17.3651482   0.0014251
   1.0000000   1.0000000  17.6527286  17.3651482   0.0025082
   1.0000000   1.0000000  18.1671856  17.3651482   0.0036783
   1.0000000   1.0000000  18.9493461  17.3651482   0.0048116
   1.0000000   1.0000000  20.0679316  17.3651482   0.0057817
   1.0000000   1.0000000  21.6098980  17.3651482   0.0064677
   1.0000000   1.0000000  23.6843070  17.3651482   0.0067727
   1.0000000   1.0000000  26.4270699  17.3651482   0.0066463
   1.0000000   1.0000000  29.9912578  17.3651482   0.0061037
   1.0000000   1.0000000  34.5466223  17.3651482   0.0052294
   1.0000000   1.0000000  40.1794963  17.3651482   0.0041594
   1.0000000   1.0000000  46.8422817  17.3651482   0.0030418
   1.0000000   1.0000000  54.1886645  17.3651482   0.0019854
   1.0000000   1.0000000  61.2166896  17.3651482   0.0015141
