   0.0000000  -1.6314589  -1.6314589  -1.6314589  -1.6314589  -1.6314589  -1.6314589
   0.0501881  -1.5686891  -1.5557969  -1.5503639  -1.5496737  -1.5954458  -1.6744795
   0.1419533  -1.4642386  -1.6985227  -1.6873549  -1.6859362  -1.6768588  -1.6506884
   0.2607850  -1.3328428  -1.6939540  -1.6769316  -1.6747691  -1.6609331  -1.7806583
   0.4015047  -1.1797004  -1.6863463  -1.8398815  -1.8369652  -1.8183062  -1.7645112
   0.5611199  -1.0078063  -1.8686068  -1.8396574  -1.8359797  -1.8124493  -1.9507401
   0.7376112  -0.8191773  -1.8717727  -1.8367822  -1.8323370  -2.0233478  -1.9413514
   0.9294964  -0.6152922  -1.8729085  -2.0638450  -2.0586273  -2.0252435  -2.1729153
   1.1356268  -0.3972956  -2.1163264  -2.0691388  -2.0631441  -2.2800633  -2.4356292
   1.3550784  -0.1661076  -2.1258277  -2.3386386  -2.3318632  -2.2885126  -2.4401191
   1.5870867   0.0775109  -2.1337048  -2.3507860  -2.3432263  -2.5815096  -2.7384344
   1.8310056   0.3329175  -2.4268310  -2.6574992  -2.6491521  -2.5957461  -2.7475596
   2.0862796   0.5995598  -2.4418017  -2.6756623  -2.6665250  -2.9229802  -3.0782225
   2.3524244   0.8769564  -2.4553818  -2.6921329  -2.6822028  -2.9424593  -3.4325600
   2.6290128   1.1646831  -2.7915088  -3.0395109  -3.0287856  -3.3010091  -3.4522282
   2.9156644   1.4623622  -2.8113614  -3.0615041  -3.0499813  -3.3253176  -3.8347891
   3.2120376   1.7696543  -2.8299796  -3.4391306  -3.4268082  -3.7129043  -3.8582236
   3.5178234   2.0862528  -3.2045568  -3.4661868  -3.4530628  -3.7417147  -4.2673098
   3.8327404   2.4118785  -3.2288604  -3.4918504  -3.8580731  -4.1564961  -4.6962570
   4.1565312   2.7462760  -3.2520436  -3.9037571  -3.8890245  -4.1895404  -4.7285527
   4.4889590   3.0892103  -3.6617203  -3.9341770  -3.9186375  -4.2211049  -5.1816119
   4.8298049   3.4404644  -3.6901420  -4.3722305  -4.3558825  -4.6670402  -5.6528903
   5.1788659   3.7998371  -3.7175308  -4.4071063  -4.3899483  -4.7026845  -5.6932562
   5.5359531   4.1671408  -4.1597060  -4.4407733  -4.8519738  -5.1727255  -6.1867927
   5.9008899   4.5422007  -4.1919782  -4.9090243  -4.8902420  -5.2122486  -6.2301468
   6.2735110   4.9248529  -4.2232876  -4.9469332  -4.9273368  -5.7053121  -6.7450827
   6.6536610   5.3149434  -4.6958659  -5.4385476  -5.4181357  -5.7485405  -7.2763227
   7.0411937   5.7123273  -4.7317678  -5.4804828  -5.4592541  -6.2636775  -7.3269231
   7.4359711   6.1168678  -4.7667644  -5.5213360  -5.9724271  -6.3104590  -7.8782364
   7.8378626   6.5284355  -5.2680108  -6.0402484  -6.0173827  -6.8468295  -8.4449095
   8.2467443   6.9469079  -5.3073557  -6.0849676  -6.0612818  -6.8970296  -8.5023070
   8.6624988   7.3721684  -5.3458440  -6.6251953  -6.6006882  -7.0993965  -9.0879472
   9.0850143   7.8041064  -5.3835140  -6.6736159  -6.8016034  -7.5073809  -9.1479013
   9.5141842   8.2426164  -5.9169184  -7.2344020  -7.2082492  -8.0840404  -9.7519699
   9.9499070   8.6875977  -5.9587312  -7.2863781  -7.2594009  -8.1407286 -10.3701989
  10.3920856   9.1389543  -6.5131155  -7.3373867  -7.3095842  -8.1963324 -10.4364388
  10.8406269   9.5965940  -6.5588866  -7.3874647  -7.8938139  -8.7963610 -11.0722298
  11.2954421  10.0604288  -6.6038788  -7.9768958  -7.9474400  -8.8550855 -11.1408534
  11.7564457  10.5303742  -6.6481215  -8.0304349  -8.5507904  -9.4736291 -11.7937766
  12.2235558  11.0063490  -6.6916420  -8.6388540  -8.6077413  -9.5353825 -11.8647483
  12.6966935  11.4882751  -7.2799351  -8.6957357  -8.6637933 -10.1719376 -12.5344034
  13.1757830  11.9760776  -7.3272583  -8.7517494  -9.2898297 -10.2366358 -13.2169609
  13.6607513  12.4696841  -7.3738850  -9.3827194  -9.3491151 -10.8907377 -13.2937023
  14.1515279  12.9690250  -7.9857057  -9.4419816  -9.4075452 -10.9583032 -13.9923360
  14.6480449  13.4740329  -8.0359935  -9.5004159 -10.0555220 -11.6295217 -14.0712896
  15.1502367  13.9846430  -8.0856077 -10.1532036 -10.1171007 -11.6998831 -14.7856678
  15.3035537  14.1404972  -7.9250313  -9.9906372 -10.5541798 -11.5354464 -15.2575708
  16.1713931  15.0224207  -8.7732738 -10.2756026 -10.8471027 -12.4609087 -15.5966149
  16.6902370  15.5494690  -8.8257698 -10.9495419 -10.9109337 -12.5330871 -16.3383550
  17.2145141  16.0818803  -8.8776322 -11.0134260 -11.5970505 -13.2409450 -16.4248547
  17.7441686  16.6195995  -8.9288793 -11.7041495 -11.6638678 -13.3158084 -17.1815084
  18.2791464  17.1625733  -9.5934342 -11.7710309 -11.7299114 -14.0395848 -17.9497071
  18.8193952  17.7107496  -9.6481005 -11.8371597 -12.4362047 -14.1170744 -18.0413824
  19.3648640  18.2640782  -9.7021675 -12.5479641 -12.5051669 -14.1937080 -18.8240252
  19.9155034  18.8225100  -9.7556510 -12.6170213 -12.5733844 -14.9365069 -18.9177003
  20.4712651  19.3859975  -9.8085664 -12.6853530 -13.2993243 -15.0157260 -19.7145452
  21.0321024  19.9544944 -10.5019313 -13.4157151 -13.3703970 -15.7737498 -19.8101984
  21.5979699  20.5279556 -10.5581594 -13.4869107 -13.4407510 -15.8555021 -20.6210153
  22.1688231  21.1063374 -10.6138318 -13.5574052 -14.1858470 -16.6284673 -21.4426650
  22.7446189  21.6895971 -10.6689622 -14.3068411 -14.2589966 -16.7127034 -21.5431948
  23.3253153  22.2776930 -11.3863017 -14.3801389 -14.3314511 -16.7961430 -22.3784283
  23.9108712  22.8705846 -11.4446486 -14.4527579 -15.0952478 -17.5870151 -22.4808535
  24.5012466  23.4682323 -11.5024642 -14.5247132 -15.1704416 -17.6729037 -23.3294689
  25.0964026  -2.8395793 -11.5597606 -15.2961829 -15.2449620 -18.4781392 -23.4337710
  25.6963009  -2.2325342 -12.3003325 -15.3708898 -16.0270350 -18.5664321 -24.2955752
  26.3009044  -2.2347517 -12.3607571 -15.4449524 -16.1042416 -18.6539673 -24.4017358
  26.9101768  -2.2369607 -12.4206720 -16.2345533 -16.1807945 -19.4764473 -25.2765438
  27.5240826  -2.2391625 -12.4800882 -16.3113131 -16.9807468 -19.5663548 -25.3845450
  28.1425870  -2.2413579 -12.5390162 -16.3874463 -17.0599358 -20.4026824 -26.2721793
  28.7656561  -2.2435483 -13.3056780 -17.1947905 -17.1384894 -20.4949215 -27.1697720
  29.3932567  -2.2457345 -13.3676503 -17.2735697 -17.9559489 -20.5864369 -27.2822938
  30.0253564  -2.2479175 -13.4291423 -17.3517387 -18.0370909 -21.4394150 -28.1924109
  30.6619233  -2.2500984 -13.4901635 -18.1764623 -18.1176143 -21.5332325 -28.3067062
  31.3029262  -1.6024936 -13.5507233 -18.2572289 -18.9522313 -21.6263481 -29.2291889
  31.9483348  -1.6003263 -13.6108308 -18.3374005 -19.0352980 -22.4956767 -29.3452421
  32.5981192  -1.5981881 -14.4061820 -18.4169881 -19.1177618 -22.5910654 -30.2799375
  33.2522499  -1.5960792 -14.4692530 -19.2618840 -19.9692065 -23.4735409 -30.3977333
  33.9106985  -1.5939999 -14.5318775 -19.3440265 -20.0541707 -23.5711672 -31.3444940
  34.5734367  -1.5919504 -14.5940640 -19.4255985 -20.1385466 -23.6681192 -31.4640174
  35.2404370  -1.5899310 -14.6558205 -20.2871511 -20.2223445 -24.5664361 -32.4227012
  35.9116722  -1.5879417 -15.4756006 -20.3712340 -21.0933429 -24.6655989 -33.3906516
  36.5871159  -0.9063567 -15.5402476 -20.4547591 -21.1796036 -24.7641054 -33.5144071
  37.2667420  -0.9002715 -15.6044695 -20.5377359 -21.2652993 -25.6780046 -34.4940371
  37.9505248  -0.8942422 -15.6682738 -21.4186605 -22.1524674 -25.7786958 -34.6194645
  38.6384394  -0.8882685 -15.7316678 -21.5041089 -22.2405866 -26.7051377 -35.6106451
  39.3304610  -0.8823500 -15.7946586 -21.5890204 -22.3281531 -26.8079821 -35.7377310
  40.0265653  -0.8764864 -15.8572530 -22.4859618 -22.4151757 -26.9101931 -36.7403372
  40.7267286  -0.1705143 -16.7072263 -22.5733051 -23.3211665 -27.8517747 -36.8690687
  41.4309275  -0.1607243 -16.7726370 -22.6601220 -23.4105778 -27.9561147 -37.8829795
  42.1391390  -0.1510114 -16.8376549 -22.7464208 -23.4994562 -28.0598366 -38.0133437
  42.8513405  -0.1413751 -16.9022863 -23.6620217 -24.4210299 -29.0163310 -39.0384420
  43.5675097  -0.1318146 -16.9665376 -23.7507161 -24.5122610 -29.1221583 -39.1704263
  44.2876248  -0.1223293 -17.0304148 -23.8389022 -24.6029696 -29.2273817 -40.2065984
  45.0116642  -0.1129186 -17.0939239 -23.9265875 -24.6931635 -30.1985719 -40.3401904
  45.7396069  -0.1035820 -17.9731090 -24.8604937 -25.6329047 -30.3058777 -41.3873261
  46.4714320  -0.0943187 -18.0393644 -24.9505398 -25.7254190 -30.4125931 -41.5225138
  47.2071191  -0.0851283 -18.1052541 -25.0400938 -25.8174279 -31.3982713 -42.5805060
  47.9466478  -0.0760102 -18.1707837 -25.1291629 -25.9089389 -31.5070466 -42.7172775
  48.6899985  -0.0669639 -18.2359587 -26.0810397 -26.8665208 -31.6152442 -42.8533138
  49.4371515  -0.0579888 -18.3007844 -26.1724360 -26.9603207 -32.6152110 -43.9243660
  50.1880877  -0.0490843 -18.3652661 -26.2633553 -27.0536312 -32.7254467 -44.0619834
  50.9427879  -0.0402500 -18.4294087 -26.3538044 -27.1464590 -32.8351168 -45.1436667
  51.7012336  -0.0314853 -19.3399315 -26.4437897 -28.1215715 -33.8491807 -45.2828537
  52.4634063  -0.0227898 -19.4067510 -27.4160783 -28.2166578 -33.9608676 -46.3750703
  53.2292880  -0.0141630 -19.4732330 -27.5083591 -28.3112694 -34.0720001 -46.5158152
  53.9988606  -0.0056043 -19.5393823 -27.6001832 -28.4054125 -35.0999773 -47.6184702
  54.7721067   0.7724592 -19.6052035 -27.6915566 -29.3977610 -35.2131060 -47.7607618
  55.5490089   0.7845563 -19.6707014 -28.6811530 -29.4941333 -35.3256910 -48.8737625
  56.3295499   0.7965692 -19.7358803 -28.7747905 -29.5900443 -36.3674045 -49.0175898
  57.1137130   0.8084986 -19.8007446 -28.8679838 -29.6855000 -36.4819655 -49.1607322
  57.9014814   0.8203451 -19.8652987 -28.9607386 -30.6948041 -36.5959931 -50.2861984
  58.6928389   0.8321095 -19.9295468 -29.0530605 -30.7924605 -37.6512724 -50.4308730
  59.4877690   0.8437924 -20.8762537 -30.0623470 -30.8896683 -37.7672564 -51.5664890
  60.2862559   1.6467519 -20.9431062 -30.1569030 -30.9864330 -37.8827166 -51.7126850
  61.0882839   1.6618464 -21.0096532 -30.2510320 -31.0827601 -37.9976591 -52.8583657
  61.8938372   1.6768452 -21.0758988 -30.3447390 -32.1113633 -39.0687951 -53.0060725
  62.7029006   1.6917493 -21.1418469 -30.4380293 -32.2098642 -39.1856780 -54.1617348
  63.5154589   2.5085872 -21.2075013 -31.4666496 -32.3079335 -39.3020522 -54.3109420
  64.3314972   2.5268294 -21.2728657 -31.5621449 -32.4055763 -40.3864037 -54.4594995
  65.1510006   2.5449637 -21.3379439 -31.6572286 -32.5027975 -40.5046995 -55.6272022
  65.9739545   2.5629912 -21.4027394 -31.7519055 -33.5503648 -40.6224952 -55.7772563
  66.8003447   3.3934710 -21.4672559 -31.8461806 -33.6497336 -40.7397962 -56.9547640
  67.6301567   3.4147674 -21.5314969 -32.8937967 -33.7486863 -41.8396092 -57.1063045
  68.4633766   3.4359448 -21.5954656 -32.9902483 -33.8472276 -41.9588161 -58.2935405
  69.2999906   3.4570044 -21.6591655 -33.0863026 -33.9453622 -42.0775364 -58.4465573
  70.1399848   4.3009012 -21.7225999 -33.1819641 -35.0115749 -43.1902403 -59.6434464
  70.9833457   4.3251643 -21.7857720 -33.2772372 -35.1118314 -43.3108485 -59.7979298
  71.8300600   4.3492984 -21.8486850 -33.3721262 -35.2116860 -43.4309776 -61.0043987
  72.6801144   4.3733047 -21.9113419 -34.4409501 -35.3111431 -43.5506327 -61.1603391
  73.5334959   5.2304042 -21.9737459 -34.5379879 -35.4102071 -44.6784306 -61.3156661
  74.3901914   5.2575522 -22.9776787 -34.6346458 -36.4947618 -44.7999584 -62.5337040
  75.2501883   5.2845619 -23.0425897 -34.7309278 -36.5959225 -44.9210192 -62.6904840
  76.1134740   4.4680738 -23.1072471 -34.8268380 -36.6966945 -45.0416179 -63.9179451
  76.9800359   4.4914575 -23.1716538 -34.9223804 -36.7970819 -46.1843221 -64.0761686
  77.8498617   5.3647744 -23.2358126 -36.0120238 -36.8970887 -46.3067783 -65.3129847
  78.7229392   5.3912436 -23.2997264 -36.1096877 -36.9967190 -46.4287789 -65.4726426
  79.5992563   5.4175806 -23.3633979 -36.2069873 -38.1017750 -46.5503287 -65.6317086
  80.4788012   6.3004821 -23.4268300 -36.3039264 -38.2034774 -47.7077581 -66.8798301
  81.3615619   6.3298594 -23.4900252 -36.4005087 -38.3048071 -47.8311503 -67.0403262
  82.2475269   6.3590952 -23.5529863 -36.4967379 -38.4057679 -47.9540977 -68.2976567
  83.1366846   6.3881908 -23.6157157 -36.5926177 -38.5063636 -48.0766048 -68.4595740
  84.0290235   6.4171474 -23.6782161 -37.7051569 -38.6065977 -49.2485846 -68.6209144
  84.9245324   6.4459661 -23.7404900 -37.8031309 -39.7318042 -49.3729193 -69.8893794
  85.8232001   7.3477256 -23.8025399 -37.9007585 -39.8340863 -49.4968194 -70.0521367
  86.7250155   7.3795116 -23.8643681 -37.9980430 -39.9360102 -49.6202890 -70.2143267
  87.6299676   7.4111512 -23.9259770 -38.0949878 -40.0375795 -50.8066505 -71.4938367
  88.5380457   8.3221906 -23.9873691 -38.1915964 -40.1387977 -50.9319330 -71.6574392
  89.4492390   8.3567571 -24.0485466 -38.2878720 -40.2396682 -51.0567906 -71.8204835
  90.3635368   8.3911691 -24.1095118 -39.4228746 -40.3401944 -51.1812272 -73.1109511
  91.2809288   9.3113930 -24.1702669 -39.5212175 -41.4875859 -51.3052466 -73.2754034
  92.2014044   9.3486928 -24.2308142 -39.6192299 -41.5901357 -52.5080421 -73.4393065
  93.1249535   9.3858305 -24.2911557 -39.7169150 -41.6923441 -52.6338613 -74.7406460
  94.0515657   9.4228076 -24.3512937 -39.8142760 -41.7942142 -52.7592683 -74.9059523
  94.9812310  10.3551343 -23.4026186 -39.9113157 -41.8957492 -52.8842668 -75.0707181
  95.9139395  10.3949528 -23.4595501 -40.0080373 -41.9969522 -54.1011001 -75.2349478
  96.8496811  10.4346036 -23.5162921 -40.1044438 -42.0978264 -54.2278841 -76.5490100
  97.7884462  11.3759034 -23.5728463 -40.2005381 -42.1983747 -54.3542643 -76.7146418
  98.7302249  11.4183595 -23.6292149 -41.3623029 -43.3698834 -54.4802445 -76.8797457
  99.6750078  12.3655932 -23.6853996 -41.4604363 -43.4724308 -54.6058280 -78.2045014
 100.6227852  12.4108277 -23.7414023 -41.5582595 -43.5746547 -55.8387147 -78.3710023
 101.5735478  12.4558797 -23.7972248 -41.6557753 -43.6765581 -55.9660705 -78.5369831
 102.5272861  13.4119442 -23.8528690 -41.7529865 -43.7781438 -56.0930339 -78.7024479
 103.4839910  13.4597405 -23.9083365 -41.8498957 -43.8794146 -56.2196085 -80.0397251
 104.4436533  14.4216462 -23.9636292 -41.9465057 -43.9803734 -56.3457974 -80.2065852
 105.4062638  14.4721612 -24.0187488 -42.0428191 -44.0810228 -57.5945447 -80.3729367
 106.3718137  14.5224804 -24.0736969 -42.1388386 -44.1813656 -57.7224927 -81.7207369
 107.3402939  15.4930809 -24.1284753 -42.2345668 -44.2814045 -57.8500592 -81.8884783
 108.3116956  15.5460866 -24.1830855 -42.3300062 -45.4811372 -57.9772473 -82.0557183
 109.2860100  15.5988909 -24.2375293 -42.4251593 -45.5831493 -58.1040601 -82.2224607
 110.2632286  16.5781078 -23.2418993 -43.6200237 -45.6848592 -58.2305007 -83.5825899
 111.2433426  16.6335674 -23.2933194 -43.7171847 -45.7862697 -59.4970403 -83.7507199
 112.2263435  17.6184859 -23.3445845 -43.8140609 -45.8873831 -59.6252276 -83.9183590
 113.2122230  17.6765772 -23.3956963 -43.9106546 -45.9882021 -59.7530464 -85.2888482
 114.2009726  18.6671639 -23.4466562 -44.0069682 -46.0887292 -59.8804996 -85.4578695
 115.1925839  18.7278639 -23.4974656 -44.1030041 -46.1889666 -60.0075902 -85.6264065
 116.1870489  19.7240859 -23.5481259 -44.1987646 -46.2889170 -60.1343210 -85.7944628
 117.1843592  19.7873719 -23.5986386 -44.2942520 -46.3885826 -61.4184252 -87.1770964
 118.1845068  19.8504320 -23.6490050 -44.3894685 -46.4879658 -61.5468902 -87.3465320
 119.1874838  20.8550469 -23.6992265 -44.4844166 -46.5870690 -61.6749987 -87.5154931
 120.1932820  20.9206648 -22.6753793 -44.5790982 -46.6858944 -61.8027535 -88.9083307
 121.2018937  21.9308355 -22.7226795 -44.6735157 -47.9199321 -61.9301575 -89.0786655
 122.2133110  21.9989896 -22.7698453 -44.7676712 -48.0207016 -62.0572133 -89.2485319
 123.2275261  23.0146851 -22.8168779 -44.8615668 -48.1211944 -63.3586625 -89.4179332
 124.2445314  23.0853543 -22.8637784 -44.9552046 -48.2214130 -63.4874397 -90.8227382
 125.2643192  24.1065444 -22.9105481 -45.0485867 -48.3213595 -63.6158717 -90.9935100
 126.2868819  24.1797079 -22.9571883 -45.1417152 -48.4210359 -63.7439612 -91.1638225
 127.3122121  25.2063626 -23.0036999 -45.2345920 -48.5204446 -63.8717108 -91.3336787
 128.3403022  25.2820002 -21.9578449 -45.3272193 -48.6195875 -63.9991229 -92.7503594
 129.3711449  26.3140901 -22.0015119 -45.4195989 -48.7184667 -64.1262002 -92.9215828
 130.4047329  26.3921818 -22.0450601 -45.5117328 -48.8170843 -64.2529452 -93.0923556
 131.4410589  27.4296779 -22.0884904 -45.6036229 -48.9154424 -65.5756117 -94.5190128
 132.4801157  27.5102042 -22.1318041 -45.6952712 -49.0135429 -65.7040657 -94.6911470
 133.5218961  27.5904675 -22.1750020 -45.7866795 -49.1113879 -65.8321900 -94.8628358
 134.5663930  28.6360197 -21.1129501 -45.8778497 -49.2089792 -65.9599869 -95.0340822
 135.6135993  29.6842433 -21.1533587 -45.9687837 -49.3063188 -66.0874589 -96.4724488
 136.6635081  29.7695816 -21.1936606 -46.0594831 -49.4034087 -66.2146083 -96.6450530
 137.7161125  30.8231273 -21.2338568 -46.1499500 -49.5002506 -66.3414373 -96.8172199
 138.7714055  30.9108436 -21.2739482 -46.2401859 -49.5968466 -66.4679485 -98.2654228
 139.8293804  31.9696842 -20.1985911 -46.3301927 -49.6931984 -66.5941439 -98.4389418
 140.8900303  32.0597605 -20.2359379 -46.4199721 -49.7893078 -67.9397356 -98.6120284
 141.9533485  33.1238693 -20.2731885 -46.5095258 -49.8851767 -68.0676273 -98.7846853
 143.0193283  33.2162877 -20.3103437 -46.5988555 -49.9808068 -68.1952056-100.2444379
 144.0879631  34.2856383 -20.3474043 -46.6879629 -50.0761999 -68.3224727-100.4184431
 145.1592463  34.3803814 -20.3843712 -46.7768496 -50.1713578 -68.4494307-100.5920234
 146.2331715  35.4549477 -19.2932689 -46.8655172 -50.2662821 -68.5760817-102.0614777
 147.3097320  36.5321123 -19.3275414 -46.9539675 -50.3609746 -68.7024280-102.2364006
 148.3889215  36.6317548 -19.3617283 -47.0422019 -50.4554370 -68.8284716-102.4109031
 149.4707336  37.7140969 -19.3958302 -47.1302221 -50.5496709 -68.9542145-102.5849880
 150.5551619  37.8160174 -19.4298479 -47.2180296 -50.6436779 -69.0796589-104.0658382
 151.6422002  38.9035120 -18.3258014 -47.3056260 -50.7374597 -69.2048067-104.2412617
 152.7318421  39.0076942 -18.3571655 -47.3930128 -50.8310179 -69.3296601-104.4162718
 153.8240816  40.1003166 -18.3884531 -47.4801915 -50.9243541 -70.7037681-104.5908713
 154.9189123  41.1954938 -18.4196649 -47.5671636 -51.0174699 -70.8303040-104.7650626
 156.0163283  41.3044701 -18.4508014 -47.6539305 -51.1103669 -70.9565473-104.9388483
 157.1163234  42.4047387 -17.3339654 -47.7404938 -51.2030464 -71.0824999-105.1122310
 158.2188916  42.5159327 -17.3624875 -47.8268549 -51.2955102 -71.2081636-105.2852131
 159.3240269  43.6212690 -17.3909417 -47.9130152 -51.3877597 -71.3335404-106.7843442
 160.4317233  44.7291302 -17.4193286 -47.9989762 -51.4797964 -71.4586322-106.9586670
 161.5419750  44.8450457 -16.2923687 -48.0847391 -51.5716217 -71.5834409-107.1325932
 162.6547761  45.9579394 -16.3181725 -48.1703055 -51.6632372 -71.7079683-107.3061253
 163.7701207 163.2603896 -16.3439158 -48.2556767 -51.7546442 -71.8322162-107.4792655
 164.8880031 164.3782928 -15.2094241 -48.3408540 -51.8458443 -71.9561864-107.6520163
 166.0084174 165.4986923 -15.2326084 -48.4258388 -51.9368387 -72.0798808-107.8243801
 167.1313581 166.6215824 -15.2557392 -48.5106324 -52.0276290 -72.2033011-107.9963591
 168.2568195 167.7469574 -15.2788168 -47.3616656 -52.1182165 -72.3264492-108.1679556
 169.3847958 168.8748119 -14.1343620 -47.4437857 -52.2086026 -72.4493266-108.3391720
 170.5152816 170.0051403 -14.1549101 -47.5257228 -52.2987885 -72.5719352-108.5100106
 171.6482712 171.1379371 -14.1754116 -47.6074781 -51.1414985 -72.6942766-108.6804734
 172.7837591 172.2731969 -13.0235428 -47.6890529 -51.2290185 -72.8163526-108.8505629
 173.9217399 173.4109142 -13.0415377 -47.7704483 -51.3163466 -72.9381648-109.0202811
 175.0622080 174.5510837 -13.0594921 -47.8516656 -51.4034840 -73.0597149-109.1896302
 176.2051582 175.6937001 -11.9002581 -47.9327060 -51.4904319 -73.1810045-109.3586125
 177.3505849 176.8387580 -11.9157282 -48.0135706 -51.5771917 -73.3020353-109.5272300
 178.4984829 177.9862522 -11.9311641 -48.0942607 -51.6637646 -73.4228088-109.6954848
 179.6488469 179.1361774 -10.7646127 -48.1747774 -51.7501517 -73.5433266-109.8633791
 180.8016715 180.2885284 -10.7775860 -46.9987898 -51.8363544 -73.6635904-110.0309149
 181.9569516 181.4433000  -9.6061826 -47.0767097 -51.9223738 -73.7836016-108.8294910
 183.1146819 182.6004871  -9.6167092 -47.1544635 -52.0082112 -73.9033619-108.9942470
 184.2748572 183.7600847  -9.6272129 -47.2320526 -52.0938676 -75.3343816-109.1586539
 185.4374725 184.9220875  -8.4485699 -47.3094778 -50.9073215 -74.1421357-109.3227135
 186.6025225 186.0864907  -8.4566479 -47.3867404 -50.9903938 -74.2611522-109.4864278
 187.7700023 187.2532891  -8.4647084 -47.4638414 -51.0732927 -74.3799238-109.6497987
 188.9399068 188.4224778  -7.2788714 -47.5407817 -51.1560190 -75.8185749-109.8128283
 190.1122309 189.5940518  -7.2845268 -46.3455397 -51.2385741 -75.9390059-109.9755184
 191.2869697 190.7680062  -7.2901702 -46.4199362 -51.3209589 -74.7347836-110.1378710
 192.4641182 191.9443362  -6.0971838 -46.4941792 -51.4031746 -74.8525901-110.2998878
 193.6436716 193.1230369  -6.1004421 -46.5682695 -51.4852222 -74.9701589-110.4615708
 194.8256248 194.3041034  -4.9027138 -46.6422082 -51.5671028 -75.0874914-110.6229218
 196.0099731 195.4875309  -4.9036016 -46.7159963 -50.3590960 -75.2045890-110.7839427
 197.1967116 196.6733147  -4.9044878 -46.7896347 -50.4384505 -75.3214532-110.9446353
 198.3858355 197.8614501  -3.6996826 -45.5778047 -50.5176447 -75.4380852-111.1050013
 199.5773400 199.0519322  -3.6982177 -45.6489437 -50.5966798 -75.5544864-111.2650426
 200.7712204 200.2447565  -3.6967560 -45.7199397 -50.6755568 -75.6706582-111.4247609
 201.9674720 201.4399183  -2.4849165 -45.7907935 -50.7542765 -75.7866018-111.5841580
 203.1660901 202.6374129  -2.4811227 -45.8615060 -50.8328401 -75.9023187-110.3398750
 204.3670700 203.8372358  -1.2646170 -45.9320781 -49.6084109 -76.0178102-110.4966171
 205.5704070 205.0393824  -1.2585049 -44.7062147 -49.6844917 -76.1330774-110.6530460
 206.7760966 206.2438481  -1.2524056 -44.7743245 -49.7604228 -76.2481218-110.8091634
 207.9841343 207.4506283  -0.0289347 -44.8423002 -49.8362051 -76.3629446-110.9649711
 209.1945153 208.6597187  -0.0205355 -44.9101427 -49.9118396 -76.4775470-111.1204706
 210.4072352 209.8711148  -0.0121535 -44.9778528 -49.9873271 -76.5919303-111.2756635
 211.6222896 211.0848120   1.2182420 -43.7404205 -48.7490008 -76.7060957-111.4305516
 212.8396739 212.3008060   1.2289059 -43.8056985 -48.8220417 -76.8200445-111.5851364
 214.0593836 213.5190924   2.4638956 -43.8708502 -48.8949417 -76.9337779-111.7394196
 215.2814144 214.7396669   2.4768284 -43.9358764 -48.9677019 -77.0472971-111.8934026
 216.5057619 215.9625250   3.7163948 -44.0007777 -49.0403230 -77.1606033-112.0470871
 217.7324216 217.1876624   3.7315833 -44.0655549 -49.1128058 -77.2736977-112.2004747
 218.9613892 218.4150750   3.7467415 -42.8143859 -47.8607421 -77.3865814-112.3535668
 220.1926605 219.6447583   4.9931406 -42.8767656 -47.9308131 -76.1265176-112.5063651
 221.4262310 220.8767082   5.0105374 -42.9390270 -48.0007517 -76.2369208-112.6588710
 222.6620966 222.1109205   6.2614703 -43.0011708 -48.0705589 -76.3471199-112.8110860
 223.9002529 223.3473908   6.2810933 -41.7409300 -48.1402353 -76.4571161-112.9630117
 225.1406957 224.5861152   6.3006776 -41.8006996 -46.8768416 -76.5669104-113.1146495
 226.3834209 225.8270893   6.3202234 -41.8603573 -46.9441346 -76.6765040-113.2660009
 227.6284243 227.0703091   6.3397308 -41.9199037 -47.0113026 -76.7858979-113.4170674
 228.8757016 228.3157705   6.3591998 -40.6506581 -47.0783463 -76.8950933-113.5678503
 230.1252487 229.5634694   6.3786306 -40.7078530 -47.1452664 -77.0040912-113.7183512
 231.3770616 230.8134018   6.3980232 -40.7649421 -45.8706469 -75.7237386-112.4214696
 232.6311361 232.0655635   6.4173778 -40.8219260 -45.9352113 -75.8303063-112.5694538
 233.8874682 233.3199506   6.4366944 -39.5437410 -45.9996576 -75.9366828-112.7171627
 235.1460538 234.5765591   6.4559732 -39.5983956 -46.0639865 -76.0428689-112.8645979
 236.4068889 235.8353850   7.7315462 -39.6529503 -44.7804595 -76.1488658-113.0117606
 237.6699694 237.0964243   7.7530029 -39.7074057 -44.8424548 -76.2546743-113.1586523
 238.9352915 238.3596732   7.7744180 -38.4203455 -44.9043380 -76.3602957-113.3052742
 240.2028510 239.6251276   7.7957916 -38.4724932 -44.9661098 -75.0643908-113.4516277
 241.4726442 240.8927838   7.8171237 -38.5245467 -43.6737386 -75.1676200-113.5977141
 242.7446670 242.1626378   7.8384145 -38.5765065 -43.7331984 -75.2706677-113.7435348
 244.0189156 243.4346859   7.8596641 -37.2806340 -43.7925520 -75.3735350-113.8890911
 245.2953861 244.7089241   7.8808726 -37.3303072 -43.8517999 -75.4762228-114.0343841
 246.5740746 245.9853486   7.9020401 -37.3798918 -42.5506467 -74.1693268-114.1794154
 247.8549773 247.2639558   7.9231666 -36.0774503 -42.6076037 -74.2696493-114.3241860
 249.1380904 248.5447417   7.9442524 -36.1247646 -42.6644600 -74.3697980-114.4686973
 250.4234100 249.8277027   7.9652975 -36.1719951 -42.7212163 -74.4697738-114.6129505
 251.7109324 251.1128350   7.9863020 -36.2191422 -41.4113419 -74.5695775-114.7569469
 253.0006538 252.4001349   8.0072660 -34.9079950 -41.4658279 -73.2517855-114.9006877
 254.2925704 253.6895987   8.0281896 -34.9528921 -41.5202186 -73.3492501-115.0441742
 255.5866787 254.9812227   8.0490729 -34.9977105 -41.5745148 -73.4465482-115.1874075
 256.8829747 256.2750034   8.0699161 -33.6800730 -40.2559788 -73.5436807-115.3303889
 258.1814550 257.5709369   8.0907191 -33.7226571 -40.3080246 -73.6406482-115.4731195
 259.4821157 258.8690199   8.1114821 -33.7651670 -40.3599806 -72.3120528-115.6156006
 260.7849532 260.1692485   8.1322053 -32.4410720 -40.4118471 -72.4067067-115.7578334
 262.0899640 261.4716193   8.1528886 -32.4813631 -39.0847079 -72.5012010-115.8998189
 263.3971444 262.7761286   8.1735322 -32.5215844 -39.1343438 -72.5955365-116.0415585
 264.7064907 264.0827730   8.1941363 -32.5617366 -39.1838949 -71.2583636-116.1830531
 266.0179995 265.3915489   8.2147008 -31.2290818 -37.8503407 -71.3504058-116.3243041
 267.3316672 266.7024528   8.2352258 -31.2670341 -37.8976763 -71.4422943-116.4653124
 268.6474902 268.0154811   8.2557116 -31.3049215 -37.9449317 -71.5340301-116.6060793
 269.9654649 269.3306305   8.2761581 -29.9658839 -36.6049944 -70.1883363-116.7466059
 271.2855880 270.6478975   8.2965655 -30.0015862 -36.6500491 -70.2777986-115.3821921
 272.6078559 271.9672785   8.3169338 -30.0372279 -36.6950279 -70.3671130-114.0156580
 273.9322651 273.2887703   8.3372631 -28.6918388 -35.3487388 -70.4562804-112.6470073
 275.2588121 274.6123693   8.3575536 -28.7253099 -35.3915316 -69.1021213-111.2762433
 276.5874936 275.9380722   8.3778053 -27.3757035 -35.4342529 -69.1890346-109.9033694
 277.9183061 277.2658756   8.3980183 -27.4070146 -34.0816426 -69.2758057-108.5283890
 279.2512462 278.5957761   8.4181927 -27.4382729 -34.1221924 -69.3624353-107.1513055
 280.5863105 279.9277704   8.4383286 -26.0823661 -34.1626747 -67.9998654-105.7721223
 281.9234957 281.2618553   8.4584261 -26.1114785 -32.8037736 -68.0842599-104.3908427
 283.2627983 282.5980272   8.4784852 -26.1405422 -32.8420986 -68.1685177-103.0074700
 284.6042150 283.9362830   8.4985061 -24.7783649 -32.8803602 -68.2526393-101.6220076
 285.9477426 285.2766194   8.5184888 -24.8052965 -31.5151983 -66.8817121-100.2344588
 287.2933777 286.6190331   8.5384334 -23.4389554 -31.5513166 -66.9636173 -98.8448268
 288.6411169 287.9635209   8.5583400 -23.4637651 -30.1819972 -67.0453911 -97.4531149
 289.9909571 289.3100794   8.5782087 -22.0932733 -30.2159822 -65.6682303 -96.0593263
 291.3428949 290.6587056   8.5980396 -22.1159711 -30.2499115 -65.7478019 -94.6634644
 292.6969272 292.0093962   8.6178327 -22.1386312 -28.8743801 -65.8272465 -93.2655323
 294.0530506 293.3621479   8.6375882 -20.7619373 -28.9061897 -65.9065648 -91.8655332
 295.4112620 294.7169577   8.6573060 -20.7824988 -28.9379474 -64.5211379 -90.4634704
 296.7715581 296.0738224  10.0310187 -19.4016862 -27.5562329 -64.5982719 -89.0593470
 298.1339357 297.4327387  10.0527528 -19.4201589 -27.5858842 -64.6752840 -87.6531661
 299.4983918 298.7937037  10.0744463 -19.4386009 -26.2000634 -63.2836909 -86.2449310
 300.8649231 300.1567141  10.0960995 -18.0516339 -26.2276182 -63.3585325 -84.8346447
 302.2335264 301.5217669  10.1177122 -18.0680000 -26.2551282 -63.4332565 -83.4223104
 303.6041987 302.8888589  10.1392847 -16.6769457 -24.8631714 -62.0355252 -82.0079311
 304.9769368 304.2579871  10.1608169 -16.6912455 -24.8885978 -62.1080924 -80.5915101
 306.3517376 305.6291485  10.1823091 -15.2961161 -23.4925657 -62.1805461 -79.1730503
 307.7285981 307.0023399  10.2037613 -15.3083591 -23.5159180 -62.2528870 -77.7525548
 309.1075151 308.3775584  10.2251736 -15.3205813 -22.1158229 -60.8470147 -76.3300267
 310.4884856 309.7548009  10.2465461 -13.9193622 -22.1371105 -60.9172157 -74.9054690
 311.8715065 311.1340645  10.2678788 -13.9295401 -22.1583635 -60.9873079 -73.4788848
 313.2565749 312.5153460  10.2891719 -12.5242764 -20.7521966 -59.5753618 -72.0502769
 314.6436876 313.8986426  10.3104255 -12.5324190 -20.7713973 -59.6433272 -70.6196486
 316.0328417 315.2839513  10.3316396 -11.1231226 -19.3611975 -59.7111879 -69.1870026
 317.4240342 316.6712690  10.3528144 -11.1292390 -19.3783551 -58.2931949 -67.7523421
 318.8172621 318.0605930  10.3739498  -9.7159218 -17.9641342 -58.3589417 -66.3156699
 320.2125224 319.4519202  10.3950461  -9.7200210 -17.9792578 -56.9369321 -64.8769890
 321.6098122 320.8452477  10.4161033  -8.3026947 -16.5610276 -57.0005743 -63.4363023
 323.0091285 322.2405727  10.4371214  -8.3047857 -16.5741261 -57.0641191 -61.9936128
 324.4104684 323.6378922  10.4581007  -6.8834619 -15.1518983 -55.6361067 -60.5489233
 325.8138290 325.0372033  10.4790410  -6.8835534 -15.1629805 -55.6975596 -59.1022368
 327.2192073 326.4385032  10.4999426  -5.4582437 -13.7367666 -55.7589188 -57.6535561
 328.6266006 327.8417891  10.5208056  -5.4563444 -13.7458414 -54.3249296 -56.2028841
 330.0360058 329.2470580  10.5416299  -4.0270603 -13.7549005 -54.3842092 -54.7502236
 331.4474202 330.6543073  10.5624157  -4.0231788 -12.3227288 -54.4433991 -53.2955776
 332.8608408 332.0635339  10.5831631  -2.5899316 -12.3297922 -53.0034587 -51.8389487
 334.2762649 333.4747352  10.6038721  -2.5840765 -10.8936628 -53.0605811 -50.3803400
 335.6936896 334.8879084  10.6245429  -1.1468774 -10.8987389 -51.6166873 -48.9197541
 337.1131120 336.3030506  10.6451755  -1.1390571  -9.4586631 -51.6717511 -47.4571938
 338.5345295 337.7201591  10.6657700   0.3020827  -9.4617605 -51.7267319 -45.9926620
 339.9579391 339.1392312  10.6863264   0.3118597  -8.0177493 -50.2769290 -44.5261614
 341.3833381 340.5602640  10.7068450   1.7569291  -6.5717745 -48.8251620 -43.0576948
 342.8107237 341.9832549  10.7273256   1.7686547  -6.5709408 -47.3714334 -41.5872649
 344.2400932 343.4082011  10.7477685   3.2176428  -5.1210472 -45.9157462 -40.1148744
 345.6714438 344.8351000  10.7681736   3.2313086  -5.1182569 -44.4581030 -38.6405261
 347.1047728 346.2639487  10.7885412   4.6842045  -3.6644553 -42.9985065 -37.1642228
 348.5400774 347.6947447  10.8088711   6.1390503  -3.6597166 -41.5369595 -35.6859670
 349.9773549 349.1274853  10.8291637   6.1565955  -2.2020178 -40.0734645 -34.2057616
 351.4166027 350.5621677  10.8494188   7.6153329  -2.1953389 -38.6080244 -32.7236091
 352.8578180 351.9987893  10.8696366   7.6347968  -0.7337536 -37.1406417 -31.2395123
 354.3009981 353.4373475  10.8898171   9.0974152  -0.7251425 -35.6713191 -29.7534737
 355.7461404 354.8778397  10.9099605   9.1187900   0.7403187 -34.2000593 -28.2654962
 357.1932423 356.3202632  10.9300668  10.5852788   0.7508540 -32.7268648 -26.7755822
 358.6423010 357.7646154  12.3913513  12.0536989   2.2201806 -31.2517384 -25.2837344
 360.0933139 359.2108936  12.4133485  12.0789053   2.2326323 -29.7746826 -23.7899555
 361.5462784 360.6590954  13.8784863  12.1040783   3.7058138 -28.2957000 -22.2942481
 363.0011920 362.1092181  13.9023666  12.1292179   5.1809188 -26.8147932 -20.7966146
 364.4580518 363.5612592  15.3713472  12.1543241   5.1972001 -25.3319648 -19.2970578
 365.9168555 365.0152160  15.3971031  12.1793971   6.6761445 -23.8472174 -17.7955803
 367.3776004 366.4710861  16.8699164  12.2044369   6.6943214 -22.3605535 -16.2921844
 368.8402838 367.9288669  16.8975402  12.2294435   8.1770951 -20.8719756 -14.7868729
 370.3049034 369.3885559  18.3741759  12.2544171   8.1971600 -19.3814864 -13.2796483
 371.7714564 370.8501505  18.4036602  12.2793576   9.6837527 -17.8890883 -11.7705130
 373.2399403 372.3136482  19.8841082  12.3042651  11.1722512 -16.3947839 -10.2594697
 374.7103527 373.7790465  19.9154456  13.7937592  11.1960998 -14.8985757  -8.7465208
 376.1826909 375.2463430  21.3996958  13.8205344  12.6884022 -13.4004661  -7.2316688
 377.6569526 376.7155352  21.4328789  13.8472743  12.7141189 -11.9004577  -5.7149163
 379.1331350 378.1866206  22.9209215  13.8739790  12.7398029 -10.3985529  -4.1962657
 380.6112359 379.6595966  22.9559430  13.9006484  12.7654544  -8.8947543  -2.6757195
 382.0912526 381.1344610  24.4477681  13.9272826  12.7910733  -7.3890642  -1.1532801
 383.5731828 382.6112111  24.4846208  13.9538818  14.2928422  -5.8814851   0.3710499
 385.0570238 384.0898447  25.9802185  13.9804460  14.3203145  -4.3720195   1.8972682
 386.5427734 385.5703592  26.0188953  14.0069752  14.3477520  -2.8606699   3.4253723
 388.0304290 387.0527523  27.5182560  14.0334695  14.3751548  -1.3474385   4.9553598
 389.5199882 388.5370216  29.0194945  14.0599291  14.4025228   0.1676722   6.4872282
 391.0114485 390.0231645  29.0618637  14.0863538  14.4298561   1.6846597   8.0209752
 392.5048076 391.5111789  30.5668508  14.1127439  14.4571548   3.2035217   9.5565984
 394.0000630 393.0010622  30.6110251  14.1390994  14.4844190   4.7242557  11.0940953
 395.4972123 394.4928122  32.1197512  14.1654203  14.5116488   6.2468595  12.6334636
 396.9962532 395.9864264  32.1657237  14.1917067  14.5388441   7.7713306  14.1747009
 398.4971832 397.4819025  33.6781794  14.2179587  14.5660051   9.2976666  15.7178048
 400.0000000 398.9792382  33.7259433  14.2441763  14.5931318  10.8258653  17.2627730
