 ik k
   1.0000000   0.0000000
   2.0000000   0.0501881
   3.0000000   0.1419533
   4.0000000   0.2607850
   5.0000000   0.4015047
   6.0000000   0.5611199
   7.0000000   0.7376112
   8.0000000   0.9294964
   9.0000000   1.1356268
  10.0000000   1.3550784
  11.0000000   1.5870867
  12.0000000   1.8310056
  13.0000000   2.0862796
  14.0000000   2.3524244
  15.0000000   2.6290128
  16.0000000   2.9156644
  17.0000000   3.2120376
  18.0000000   3.5178234
  19.0000000   3.8327404
  20.0000000   4.1565312
  21.0000000   4.4889590
  22.0000000   4.8298049
  23.0000000   5.1788659
  24.0000000   5.5359531
  25.0000000   5.9008899
  26.0000000   6.2735110
  27.0000000   6.6536610
  28.0000000   7.0411937
  29.0000000   7.4359711
  30.0000000   7.8378626
  31.0000000   8.2467443
  32.0000000   8.6624988
  33.0000000   9.0850143
  34.0000000   9.5141842
  35.0000000   9.9499070
  36.0000000  10.3920856
  37.0000000  10.8406269
  38.0000000  11.2954421
  39.0000000  11.7564457
  40.0000000  12.2235558
  41.0000000  12.6966935
  42.0000000  13.1757830
  43.0000000  13.6607513
  44.0000000  14.1515279
  45.0000000  14.6480449
  46.0000000  15.1502367
  47.0000000  15.3035537
  48.0000000  16.1713931
  49.0000000  16.6902370
  50.0000000  17.2145141
  51.0000000  17.7441686
  52.0000000  18.2791464
  53.0000000  18.8193952
  54.0000000  19.3648640
  55.0000000  19.9155034
  56.0000000  20.4712651
  57.0000000  21.0321024
  58.0000000  21.5979699
  59.0000000  22.1688231
  60.0000000  22.7446189
  61.0000000  23.3253153
  62.0000000  23.9108712
  63.0000000  24.5012466
  64.0000000  25.0964026
  65.0000000  25.6963009
  66.0000000  26.3009044
  67.0000000  26.9101768
  68.0000000  27.5240826
  69.0000000  28.1425870
  70.0000000  28.7656561
  71.0000000  29.3932567
  72.0000000  30.0253564
  73.0000000  30.6619233
  74.0000000  31.3029262
  75.0000000  31.9483348
  76.0000000  32.5981192
  77.0000000  33.2522499
  78.0000000  33.9106985
  79.0000000  34.5734367
  80.0000000  35.2404370
  81.0000000  35.9116722
  82.0000000  36.5871159
  83.0000000  37.2667420
  84.0000000  37.9505248
  85.0000000  38.6384394
  86.0000000  39.3304610
  87.0000000  40.0265653
  88.0000000  40.7267286
  89.0000000  41.4309275
  90.0000000  42.1391390
  91.0000000  42.8513405
  92.0000000  43.5675097
  93.0000000  44.2876248
  94.0000000  45.0116642
  95.0000000  45.7396069
  96.0000000  46.4714320
  97.0000000  47.2071191
  98.0000000  47.9466478
  99.0000000  48.6899985
 100.0000000  49.4371515
 101.0000000  50.1880877
 102.0000000  50.9427879
 103.0000000  51.7012336
 104.0000000  52.4634063
 105.0000000  53.2292880
 106.0000000  53.9988606
 107.0000000  54.7721067
 108.0000000  55.5490089
 109.0000000  56.3295499
 110.0000000  57.1137130
 111.0000000  57.9014814
 112.0000000  58.6928389
 113.0000000  59.4877690
 114.0000000  60.2862559
 115.0000000  61.0882839
 116.0000000  61.8938372
 117.0000000  62.7029006
 118.0000000  63.5154589
 119.0000000  64.3314972
 120.0000000  65.1510006
 121.0000000  65.9739545
 122.0000000  66.8003447
 123.0000000  67.6301567
 124.0000000  68.4633766
 125.0000000  69.2999906
 126.0000000  70.1399848
 127.0000000  70.9833457
 128.0000000  71.8300600
 129.0000000  72.6801144
 130.0000000  73.5334959
 131.0000000  74.3901914
 132.0000000  75.2501883
 133.0000000  76.1134740
 134.0000000  76.9800359
 135.0000000  77.8498617
 136.0000000  78.7229392
 137.0000000  79.5992563
 138.0000000  80.4788012
 139.0000000  81.3615619
 140.0000000  82.2475269
 141.0000000  83.1366846
 142.0000000  84.0290235
 143.0000000  84.9245324
 144.0000000  85.8232001
 145.0000000  86.7250155
 146.0000000  87.6299676
 147.0000000  88.5380457
 148.0000000  89.4492390
 149.0000000  90.3635368
 150.0000000  91.2809288
 151.0000000  92.2014044
 152.0000000  93.1249535
 153.0000000  94.0515657
 154.0000000  94.9812310
 155.0000000  95.9139395
 156.0000000  96.8496811
 157.0000000  97.7884462
 158.0000000  98.7302249
 159.0000000  99.6750078
 160.0000000 100.6227852
 161.0000000 101.5735478
 162.0000000 102.5272861
 163.0000000 103.4839910
 164.0000000 104.4436533
 165.0000000 105.4062638
 166.0000000 106.3718137
 167.0000000 107.3402939
 168.0000000 108.3116956
 169.0000000 109.2860100
 170.0000000 110.2632286
 171.0000000 111.2433426
 172.0000000 112.2263435
 173.0000000 113.2122230
 174.0000000 114.2009726
 175.0000000 115.1925839
 176.0000000 116.1870489
 177.0000000 117.1843592
 178.0000000 118.1845068
 179.0000000 119.1874838
 180.0000000 120.1932820
 181.0000000 121.2018937
 182.0000000 122.2133110
 183.0000000 123.2275261
 184.0000000 124.2445314
 185.0000000 125.2643192
 186.0000000 126.2868819
 187.0000000 127.3122121
 188.0000000 128.3403022
 189.0000000 129.3711449
 190.0000000 130.4047329
 191.0000000 131.4410589
 192.0000000 132.4801157
 193.0000000 133.5218961
 194.0000000 134.5663930
 195.0000000 135.6135993
 196.0000000 136.6635081
 197.0000000 137.7161125
 198.0000000 138.7714055
 199.0000000 139.8293804
 200.0000000 140.8900303
 201.0000000 141.9533485
 202.0000000 143.0193283
 203.0000000 144.0879631
 204.0000000 145.1592463
 205.0000000 146.2331715
 206.0000000 147.3097320
 207.0000000 148.3889215
 208.0000000 149.4707336
 209.0000000 150.5551619
 210.0000000 151.6422002
 211.0000000 152.7318421
 212.0000000 153.8240816
 213.0000000 154.9189123
 214.0000000 156.0163283
 215.0000000 157.1163234
 216.0000000 158.2188916
 217.0000000 159.3240269
 218.0000000 160.4317233
 219.0000000 161.5419750
 220.0000000 162.6547761
 221.0000000 163.7701207
 222.0000000 164.8880031
 223.0000000 166.0084174
 224.0000000 167.1313581
 225.0000000 168.2568195
 226.0000000 169.3847958
 227.0000000 170.5152816
 228.0000000 171.6482712
 229.0000000 172.7837591
 230.0000000 173.9217399
 231.0000000 175.0622080
 232.0000000 176.2051582
 233.0000000 177.3505849
 234.0000000 178.4984829
 235.0000000 179.6488469
 236.0000000 180.8016715
 237.0000000 181.9569516
 238.0000000 183.1146819
 239.0000000 184.2748572
 240.0000000 185.4374725
 241.0000000 186.6025225
 242.0000000 187.7700023
 243.0000000 188.9399068
 244.0000000 190.1122309
 245.0000000 191.2869697
 246.0000000 192.4641182
 247.0000000 193.6436716
 248.0000000 194.8256248
 249.0000000 196.0099731
 250.0000000 197.1967116
 251.0000000 198.3858355
 252.0000000 199.5773400
 253.0000000 200.7712204
 254.0000000 201.9674720
 255.0000000 203.1660901
 256.0000000 204.3670700
 257.0000000 205.5704070
 258.0000000 206.7760966
 259.0000000 207.9841343
 260.0000000 209.1945153
 261.0000000 210.4072352
 262.0000000 211.6222896
 263.0000000 212.8396739
 264.0000000 214.0593836
 265.0000000 215.2814144
 266.0000000 216.5057619
 267.0000000 217.7324216
 268.0000000 218.9613892
 269.0000000 220.1926605
 270.0000000 221.4262310
 271.0000000 222.6620966
 272.0000000 223.9002529
 273.0000000 225.1406957
 274.0000000 226.3834209
 275.0000000 227.6284243
 276.0000000 228.8757016
 277.0000000 230.1252487
 278.0000000 231.3770616
 279.0000000 232.6311361
 280.0000000 233.8874682
 281.0000000 235.1460538
 282.0000000 236.4068889
 283.0000000 237.6699694
 284.0000000 238.9352915
 285.0000000 240.2028510
 286.0000000 241.4726442
 287.0000000 242.7446670
 288.0000000 244.0189156
 289.0000000 245.2953861
 290.0000000 246.5740746
 291.0000000 247.8549773
 292.0000000 249.1380904
 293.0000000 250.4234100
 294.0000000 251.7109324
 295.0000000 253.0006538
 296.0000000 254.2925704
 297.0000000 255.5866787
 298.0000000 256.8829747
 299.0000000 258.1814550
 300.0000000 259.4821157
 301.0000000 260.7849532
 302.0000000 262.0899640
 303.0000000 263.3971444
 304.0000000 264.7064907
 305.0000000 266.0179995
 306.0000000 267.3316672
 307.0000000 268.6474902
 308.0000000 269.9654649
 309.0000000 271.2855880
 310.0000000 272.6078559
 311.0000000 273.9322651
 312.0000000 275.2588121
 313.0000000 276.5874936
 314.0000000 277.9183061
 315.0000000 279.2512462
 316.0000000 280.5863105
 317.0000000 281.9234957
 318.0000000 283.2627983
 319.0000000 284.6042150
 320.0000000 285.9477426
 321.0000000 287.2933777
 322.0000000 288.6411169
 323.0000000 289.9909571
 324.0000000 291.3428949
 325.0000000 292.6969272
 326.0000000 294.0530506
 327.0000000 295.4112620
 328.0000000 296.7715581
 329.0000000 298.1339357
 330.0000000 299.4983918
 331.0000000 300.8649231
 332.0000000 302.2335264
 333.0000000 303.6041987
 334.0000000 304.9769368
 335.0000000 306.3517376
 336.0000000 307.7285981
 337.0000000 309.1075151
 338.0000000 310.4884856
 339.0000000 311.8715065
 340.0000000 313.2565749
 341.0000000 314.6436876
 342.0000000 316.0328417
 343.0000000 317.4240342
 344.0000000 318.8172621
 345.0000000 320.2125224
 346.0000000 321.6098122
 347.0000000 323.0091285
 348.0000000 324.4104684
 349.0000000 325.8138290
 350.0000000 327.2192073
 351.0000000 328.6266006
 352.0000000 330.0360058
 353.0000000 331.4474202
 354.0000000 332.8608408
 355.0000000 334.2762649
 356.0000000 335.6936896
 357.0000000 337.1131120
 358.0000000 338.5345295
 359.0000000 339.9579391
 360.0000000 341.3833381
 361.0000000 342.8107237
 362.0000000 344.2400932
 363.0000000 345.6714438
 364.0000000 347.1047728
 365.0000000 348.5400774
 366.0000000 349.9773549
 367.0000000 351.4166027
 368.0000000 352.8578180
 369.0000000 354.3009981
 370.0000000 355.7461404
 371.0000000 357.1932423
 372.0000000 358.6423010
 373.0000000 360.0933139
 374.0000000 361.5462784
 375.0000000 363.0011920
 376.0000000 364.4580518
 377.0000000 365.9168555
 378.0000000 367.3776004
 379.0000000 368.8402838
 380.0000000 370.3049034
 381.0000000 371.7714564
 382.0000000 373.2399403
 383.0000000 374.7103527
 384.0000000 376.1826909
 385.0000000 377.6569526
 386.0000000 379.1331350
 387.0000000 380.6112359
 388.0000000 382.0912526
 389.0000000 383.5731828
 390.0000000 385.0570238
 391.0000000 386.5427734
 392.0000000 388.0304290
 393.0000000 389.5199882
 394.0000000 391.0114485
 395.0000000 392.5048076
 396.0000000 394.0000630
 397.0000000 395.4972123
 398.0000000 396.9962532
 399.0000000 398.4971832
 400.0000000 400.0000000
