   0.0000000  -1.5438118  -1.5438118  -1.5438118  -1.5438118  -1.5438118  -1.5438118
   0.0613510  -1.4655845  -1.4498134  -1.6168558  -1.6160422  -1.6108669  -1.5961667
   0.1735269  -1.3369149  -1.6238101  -1.6106964  -1.6090511  -1.5985850  -1.5688565
   0.3187893  -1.1755136  -1.6181691  -1.5983705  -1.5958864  -1.5800851  -1.7303191
   0.4908082  -0.9876662  -1.8248387  -1.7983187  -1.7949912  -1.7738256  -1.7137051
   0.6859254  -0.7770004  -1.8323240  -1.7990554  -1.7948812  -2.0203079  -1.9448884
   0.9016723  -0.5459615  -1.8367971  -2.0650206  -2.0599969  -2.0280418  -2.2208860
   1.1362370  -0.2963439  -2.1225434  -2.0757159  -2.0698404  -2.3306393  -2.2244817
   1.3882153  -0.0295370  -2.1373599  -2.3957808  -2.3890516  -2.3462481  -2.5500069
   1.6564778   0.2533416  -2.1499521  -2.4148438  -2.4072592  -2.6971223  -2.9104932
   1.9400899   0.5513676  -2.4987638  -2.7818935  -2.7734519  -2.7197562  -2.9295275
   2.2382618   0.8637601  -2.5201426  -2.8083153  -2.7990154  -3.1136592  -3.3305905
   2.5503144   1.1898476  -2.9134853  -3.2174754  -3.2073159  -3.1426927  -3.7613078
   2.8756556   1.5290449  -2.9425649  -3.2505426  -3.2395223  -3.5757912  -3.7933359
   3.2137634   1.8808360  -2.9698778  -3.2815449  -3.6863204  -3.6107404  -4.2592678
   3.5641727   2.2447614  -3.4122528  -3.7373763  -3.7246315  -4.0800747  -4.7514093
   3.9264659   2.6204085  -3.4465635  -3.7746146  -3.7610061  -4.1205510  -4.7948772
   4.3002651   3.0074040  -3.4793204  -4.2655767  -4.2511036  -4.6237460  -5.3185605
   4.6852267   3.4054083  -3.9661484  -4.3086044  -4.2932659  -4.6694286  -5.8659857
   5.0810358   3.8141105  -4.0053605  -4.8325225  -4.8163179  -5.2045235  -5.9197929
   5.4874028   4.2332246  -4.5257558  -4.8809766  -4.8639050  -5.2551416  -6.4960412
   5.9040604   4.6624864  -4.5709578  -5.4360365  -5.4180974  -5.8204815  -7.0941520
   6.3307603   5.1016510  -4.6147893  -5.4896143  -5.4708069  -5.8758028  -7.3887478
   6.7672716   5.5504901  -5.1738276  -5.5416348  -6.0545957  -6.4699668  -7.7822824
   7.2133784   6.0087907  -5.2232998  -6.1327163  -6.1121706  -6.7610709  -8.4274678
   7.6688786   6.4763533  -5.2715091  -6.4209427  -6.3995269  -7.1515397  -8.4996306
   8.1335824   6.9529904  -5.8668316  -6.8087261  -6.7864397  -7.2156848  -9.1698120
   8.6073110   7.4385255  -5.5956918  -6.8703671  -6.8472095  -7.8639313  -9.8591388
   9.0898957   7.9327920  -5.9727642  -6.9306309  -7.4922512  -7.9322408  -9.9396129
   9.5811767   8.4356323  -6.6023974  -7.5824188  -7.5575174  -8.6060129 -10.6525177
  10.0810027   8.9468971  -6.6598667  -7.6472197  -8.2283990  -8.6783445 -11.3835412
  10.5892303   9.4664445  -6.7162307  -8.3246327  -8.2979856  -9.3767711 -11.4718770
  11.1057225   9.9941398  -6.7715384  -8.3937918  -8.3662710  -9.4529963 -12.2252776
  11.6303494  10.5298543  -7.4397260  -9.0959503  -9.0675556 -10.1752901 -12.9959198
  12.1629865  11.0734654  -7.4999147  -9.1693078  -9.1400387 -10.2552920 -13.0917338
  12.7035154  11.6248561  -7.5591004  -9.2414481  -9.8652729 -11.0007365 -13.8837191
  13.2518223  12.1839143  -8.2582107  -9.9728295  -9.9418102 -11.0844082 -14.6921850
  13.4831040  12.4196539  -8.0153829  -9.7270873 -10.3624955 -11.5153498 -14.4371443
  14.3713394  13.3246077  -8.3849936 -10.1241285 -10.7707330 -11.9395911 -15.6240513
  14.9423451  13.9060411  -8.4469846 -10.8836780 -10.8500307 -12.7294235 -15.7296892
  15.5207191  -2.8044033  -9.1812002 -10.9627281 -11.6260277 -12.8201472 -16.5785848
  16.1063687  -2.8154885  -9.2477060 -11.7445572 -11.7091561 -13.6313155 -17.4429469
  16.6992046  -2.8264273  -9.3133261 -11.8274603 -11.7911818 -13.7254357 -17.5553355
  17.2991408  -2.8372269 -10.0759137 -11.9092961 -12.5938278 -14.5574236 -18.4389398
  17.9060942  -2.8478943 -10.1458914 -12.7176296 -12.6795952 -14.6548619 -19.3374544
  18.5199846  -2.8584362 -10.2150160 -12.8032261 -13.5033940 -14.7511155 -19.4563466
  19.1407345  -2.8688587 -10.2833138 -12.8878047 -13.5928013 -15.6078722 -20.3734343
  19.7682688  -2.8791676 -11.0783420 -13.7218473 -13.6811767 -15.7073972 -20.4947863
  20.4025151  -2.8893685 -11.1508581 -13.8100996 -14.5302032 -16.5839495 -21.4301066
  21.0434029  -2.8994666 -11.2225742 -14.6645708 -14.6221412 -16.6866757 -22.3795737
  21.6908643  -2.9094668 -11.2935131 -14.7564014 -14.7130919 -17.5826092 -22.5071266
  22.3448331  -2.9193739 -12.1197703 -14.8472714 -15.5866580 -17.6884708 -23.4742543
  23.0052452  -2.9291923 -12.1947997 -15.7261679 -15.6810979 -18.6033963 -23.6041661
  23.6720383  -2.9389262 -12.2690742 -15.8205408 -15.7745900 -18.7123313 -24.5886606
  24.3451520  -2.9485797 -12.3426140 -15.9139903 -16.6720605 -18.8202047 -24.7209115
  25.0245274  -2.2603329 -12.4154381 -16.8166852 -16.7689721 -19.7578321 -25.7224932
  25.7101074  -2.2637948 -13.2765269 -16.9135661 -16.8649715 -19.8687397 -26.7373479
  26.4018363  -2.2672387 -13.3533235 -17.0095571 -17.7857580 -20.8245716 -26.8754654
  27.0996599  -2.2706664 -13.4294219 -17.9354691 -17.8851107 -20.9384572 -27.9069339
  27.8035255  -2.2740800 -13.5048393 -18.0348239 -17.9835832 -21.9121700 -28.0473026
  28.5133816  -2.2774813 -14.3949477 -18.1333191 -18.9271384 -22.0289806 -29.0951393
  29.2291781  -2.2808720 -14.4742284 -18.2309739 -19.0289014 -22.1448061 -30.1557020
  29.9508661  -2.2842538 -14.5528429 -19.1837024 -19.1298134 -23.1399522 -30.3017113
  30.6783978  -1.5485475 -14.6308066 -19.2846653 -20.0956265 -23.2586676 -31.3782247
  31.4117268  -1.5462088 -14.7081341 -19.3848140 -20.1997692 -24.2710326 -31.5264063
  32.1508076  -1.5439092 -14.7848397 -20.3596268 -20.3030877 -24.3925893 -32.6186530
  32.8955956  -1.5416489 -15.7118705 -20.4630220 -21.2906808 -24.5132101 -33.7231409
  33.6460476  -1.5394285 -15.7923347 -20.5656268 -21.3971730 -25.5462502 -33.8767612
  34.4021211  -1.5372483 -15.8721882 -21.5620567 -21.5028653 -25.6696794 -34.9966106
  35.1637746  -1.5351085 -15.9514438 -21.6678496 -22.5117900 -25.7922038 -35.1523318
  35.9309675  -0.7603170 -16.0301140 -21.7728742 -22.6206018 -26.8455375 -36.2873480
  36.7036601  -0.7527984 -16.9884954 -21.8771455 -22.7286363 -26.9708375 -36.4451551
  37.4818135  -0.7453592 -17.0708278 -22.8986390 -23.7584706 -28.0404943 -37.5951504
  38.2653897  -0.7379990 -17.1525838 -23.0060482 -23.8695730 -28.1685270 -37.7550284
  39.0543515  -0.7307172 -17.2337750 -23.1127235 -23.9799189 -28.2956942 -38.9198221
  39.8486622  -0.7235132 -17.3144122 -23.2186785 -24.0895221 -29.3849969 -39.0817560
  40.6482862   0.0832372 -17.3945062 -24.2646691 -25.1436292 -29.5148661 -40.2611735
  41.4531882   0.0955649 -17.4740674 -24.3737131 -25.2562564 -29.6438951 -40.4251483
  42.2633341   0.1077818 -18.4710667 -24.4820541 -25.3681594 -30.7525149 -41.6190213
  43.0786900   0.1198890 -18.5541934 -25.5482826 -25.4793509 -30.8842158 -41.7850223
  43.8992228   0.1318875 -18.6367937 -25.6596614 -26.5572159 -31.0150999 -42.9931879
  44.7249001   0.1437785 -18.7188772 -25.7703532 -26.6713883 -32.1427238 -43.1612006
  45.5556901   0.1555630 -18.8004531 -25.8803696 -26.7848656 -32.2762503 -44.3835012
  46.3915614   0.1672420 -18.8815306 -26.9701387 -26.8976595 -32.4089816 -44.5535111
  47.2324833   0.1788166 -18.9621183 -27.0831477 -27.9987981 -33.5553112 -45.7897943
  48.0784258   0.1902876 -19.0422248 -27.1954956 -28.1145309 -33.6906561 -45.9617874
  48.9293592   0.2016561 -20.0804367 -27.3071934 -28.2295949 -33.8252261 -47.2119055
  49.7852543   0.2129229 -20.1640128 -27.4182513 -28.3440009 -34.9899764 -47.3858676
  50.6460826   0.2240890 -20.2471120 -28.5346767 -29.4679568 -35.1271316 -48.6496776
  51.5118160   0.2351552 -20.3297421 -28.6486857 -29.5852608 -35.2635310 -48.8255949
  52.3824268   0.2461224 -20.4119109 -28.7620674 -29.7019200 -36.4464294 -50.1029580
  53.2578879   0.2569914 -20.4936260 -28.8748313 -29.8179443 -36.5853863 -50.2808168
  54.1381725   1.1432242 -20.5748946 -30.0138144 -30.9642866 -36.7236052 -51.5715984
  55.0232544   1.1587229 -20.6557241 -30.1294865 -31.0831691 -37.9243909 -51.7513853
  55.9131077   1.1740995 -20.7361213 -30.2445521 -31.2014288 -38.0651403 -53.0554546
  56.8077069   1.1893553 -20.8160932 -30.3590202 -31.3190749 -38.2051682 -53.2371564
  57.7070270   2.0943447 -20.8956463 -30.4728995 -32.4873955 -39.4235912 -54.5543864
  58.6110433   2.1141083 -20.9747872 -31.6374779 -32.6078611 -39.5661234 -54.7379899
  59.5197316   2.1337293 -21.0535222 -31.7542254 -32.7277241 -39.7079499 -56.0682573
  60.4330680   2.1532094 -22.1504040 -31.8703940 -32.8469929 -40.9437702 -56.2537498
  61.3510289   3.0765663 -22.2324945 -31.9859918 -32.9656759 -41.0880752 -57.5969344
  62.2735912   3.1004407 -22.3141807 -32.1010268 -34.1589562 -41.2316893 -57.7843032
  63.2007320   2.2108180 -22.3954683 -32.2155069 -34.2804230 -41.3746216 -59.1402882
  64.1324288   2.2297483 -22.4763632 -33.4085459 -34.4013136 -42.6307440 -59.3295209
  65.0686595   2.2485445 -22.5568713 -33.5258556 -34.5216358 -42.7761347 -60.6981925
  66.0094022   2.2672079 -22.6369980 -33.6426187 -34.6413972 -42.9208571 -60.8892769
  66.9546353   2.2857399 -22.7167488 -33.7588423 -35.8591565 -44.1938867 -62.2705245
  67.9043377   2.3041415 -22.7961291 -33.8745338 -35.9816664 -44.3410428 -62.4634486
  68.8584883   2.3224141 -22.8751440 -33.9897000 -36.1036240 -44.4875434 -63.8571642
  69.8170666   3.2857919 -22.9537988 -35.2105814 -36.2250365 -44.6333969 -64.0519160
  70.7800522   3.3082791 -23.0320984 -35.3285389 -36.3459109 -45.9261783 -64.2458268
  71.7474250   3.3306198 -23.1100478 -35.4459782 -36.4662540 -46.0744453 -65.6545624
  72.7191652   3.3528154 -23.1876516 -35.5629059 -37.7112824 -46.2220769 -65.8502986
  73.6952533   4.3334455 -23.2649147 -35.6793285 -37.8343399 -46.3690808 -67.2712737
  74.6756700   4.3597623 -23.3418417 -35.7952522 -37.9568735 -47.6813353 -67.4688235
  75.6603962   4.3859179 -23.4184369 -37.0433947 -38.0788896 -47.8307325 -67.6655597
  76.6494133   5.3792867 -23.4947050 -37.1620716 -38.2003945 -47.9795130 -69.1012904
  77.6427025   5.4094921 -23.5706501 -37.2802556 -38.3213944 -48.1276838 -69.2998371
  78.6402457   5.4395214 -23.6462766 -37.3979529 -38.4418954 -49.4591438 -70.7475908
  79.6420248   6.4454645 -23.7215886 -37.5151693 -39.7168269 -49.6096878 -70.9479363
  80.6480220   6.4794753 -23.7965901 -37.6319104 -39.8400086 -49.7596324 -71.1474935
  81.6582195   6.5132962 -23.8712853 -37.7481820 -39.9626974 -49.9089843 -72.6097514
  82.6726001   7.5316552 -23.9456779 -37.8639896 -40.0848991 -50.0577502 -72.8111038
  83.6911466   7.5693924 -24.0197719 -37.9793386 -40.2066193 -51.4110975 -73.0116836
  84.7138420   7.6069266 -24.0935710 -39.2637316 -40.3278637 -51.5622193 -74.4883150
  85.7406695   8.6375490 -24.1670789 -39.3817944 -40.4486376 -51.7127642 -74.6906859
  86.7716126   8.6789370 -24.2402992 -39.4994033 -40.5689464 -51.8627385 -74.8922994
  87.8066549   9.7176531 -24.3132356 -39.6165634 -41.8762583 -53.2347511 -76.3831768
  88.8457802   9.7628488 -24.3858915 -39.7332796 -41.9992132 -53.3870612 -76.5865768
  89.8889725  10.8095948 -23.3218268 -39.8495571 -42.1217079 -53.5388092 -76.7892339
  90.9362162  10.8585532 -23.3902120 -39.9654007 -42.2437474 -53.6900011 -78.2942328
  91.9874954  10.9072697 -23.4583389 -40.0808152 -42.3653368 -53.8406427 -78.4986716
  93.0427949  11.9659442 -23.5262106 -40.1958053 -42.4864809 -55.2339495 -78.7023812
  94.1020994  12.0183669 -23.5938303 -40.3103756 -42.6071845 -55.3869090 -80.2213802
  95.1653937  13.0849183 -23.6612009 -40.4245307 -42.7274525 -55.5393260 -80.4268664
  96.2326629  13.1410053 -23.7283255 -41.7504428 -42.8472894 -55.6912060 -80.6316366
  97.3038924  13.1968281 -23.7952068 -41.8672692 -42.9666998 -55.8425544 -82.1645172
  98.3790675  14.2750848 -23.8618479 -41.9836836 -44.3117495 -55.9933767 -82.3710585
  99.4581738  14.3345193 -23.9282515 -42.0996904 -44.4337693 -57.4105059 -82.5768964
 100.5411970  15.4205082 -23.9944204 -42.2152939 -44.5553663 -57.5636297 -84.1235430
 101.6281230  15.4835148 -22.8872448 -42.3304982 -44.6765449 -57.7162342 -84.3311464
 102.7189378  16.5771802 -22.9493483 -42.4453076 -44.7973093 -57.8683244 -84.5380585
 103.8136277  16.6437204 -23.0112361 -42.5597260 -44.9176638 -58.0199055 -86.0983581
 104.9121789  17.7450079 -23.0729107 -42.6737576 -45.0376125 -59.4577093 -86.3070299
 106.0145780  17.8150441 -23.1343746 -42.7874061 -45.1571596 -59.6115734 -86.5150218
 107.1208115  18.9239004 -23.1956300 -42.9006756 -45.2763091 -59.7649347 -86.7223401
 108.2308663  18.9973961 -23.2566794 -43.0135698 -45.3950649 -59.9177978 -88.2986099
 109.3447291  20.1137688 -23.3175252 -43.1260925 -45.5134309 -60.0701676 -88.5076868
 110.4623871  20.1906883 -22.1800565 -43.2382474 -45.6314111 -60.2220485 -88.7161009
 111.5838273  21.3145264 -22.2369726 -43.3500381 -45.7490092 -60.3734453 -90.3057887
 112.7090371  21.3948347 -22.2937021 -43.4614683 -45.8662288 -61.8371523 -90.5159551
 113.8380039  22.5260880 -22.3502471 -43.5725414 -45.9830738 -61.9908158 -90.7254691
 114.9707152  22.6097512 -22.4066097 -43.6832610 -46.0995477 -62.1440006 -92.3284698
 116.1071586  23.7483706 -22.4627917 -43.7936304 -46.2156541 -62.2967111 -92.5397297
 117.2473221  23.8353554 -21.3031394 -43.9036531 -46.3313964 -62.4489516 -92.7503472
 118.3911933  24.9812928 -21.3554882 -44.0133323 -46.4467783 -62.6007263 -92.9603277
 119.5387605  26.1308713 -21.4076723 -44.1226715 -46.5618029 -62.7520394 -94.5789150
 120.6900117  26.2247748 -21.4596936 -44.2316737 -46.6764738 -62.9028950 -94.7906391
 121.8449352  27.3816007 -21.5115537 -44.3403421 -46.7907943 -64.3948028 -95.0017357
 123.0035193  27.4787387 -20.3337445 -44.4486800 -46.9047675 -64.5479085 -96.6334166
 124.1657525  28.6427660 -20.3818485 -44.5566904 -47.0183968 -64.7005614 -96.8462500
 125.3316234  28.7431079 -20.4298061 -44.6643763 -47.1316852 -64.8527654 -97.0584650
 126.5011206  29.9142918 -20.4776190 -44.7717407 -47.2446360 -65.0045245 -98.7031415
 127.6742330  31.0890372 -20.5252887 -44.8787867 -47.3572521 -65.1558426 -98.9170865
 128.8509494  31.1961038 -19.3296071 -44.9855170 -47.4695367 -65.3067233 -99.1304218
 130.0312589  32.3779397 -19.3735937 -45.0919347 -47.5814926 -65.4571705-100.7879982
 131.2151505  32.4881295 -19.4174510 -45.1980426 -47.6931230 -65.6071878-101.0030567
 132.4026135  33.6770129 -19.4611803 -45.3038433 -47.8044307 -65.7567789-101.2175140
 133.5936370  34.8694041 -19.5047831 -45.4093398 -47.9154185 -65.9059473-101.4313748
 134.7882106  34.9861864 -18.2915006 -45.5145347 -48.0260893 -67.4335600-103.1040698
 135.9863237  36.1855620 -18.3314895 -45.6194307 -48.1364459 -67.5849614-103.3196503
 137.1879658  37.3884143 -18.3713649 -45.7240304 -48.2464910 -67.7359438-103.5346424
 138.3931267  37.5117100 -17.1476471 -45.8283365 -48.3562274 -67.8865108-105.2200366
 139.6017960  38.7214854 -17.1839521 -45.9323516 -48.4656578 -68.0366658-105.4367413
 140.8139637  38.8477812 -17.2201560 -44.6945725 -48.5747848 -68.1864120-105.6528654
 142.0296196  40.0644396 -17.2562599 -44.7948603 -48.6836110 -68.3357529-105.8684132
 143.2487538  41.2845246 -16.0187696 -44.8948719 -48.7921389 -68.4846917-107.5686985
 144.4713565  41.4172117 -16.0513561 -44.9946097 -48.9003712 -68.6332317-107.7859551
 145.6974176  42.6441210 -16.0838545 -45.0940761 -49.0083104 -68.7813760-108.0026427
 146.9269277  43.8744279 -16.1162658 -45.1932735 -49.1159589 -68.9291278-108.2187658
 148.1598769  44.0134331 -14.8651591 -45.2922040 -49.2233191 -69.0764902-108.4343283
 149.3962558  45.2505069 -14.8941040 -45.3908701 -49.3303936 -69.2234663-108.6493345
 150.6360548  46.4909502 -13.6362461 -45.4892739 -49.4371846 -69.3700592-108.8637883
 151.8792646  47.7347535 -13.6617535 -45.5874176 -48.1679057 -69.5162718-109.0776938
 153.1258757  47.8833565 -13.6871951 -45.6853035 -48.2710625 -69.6621071-110.8018044
 154.3758790  49.1338525 -12.4192798 -44.4102261 -48.3739497 -69.8075681-111.0174254
 155.6292653  50.3876813 -12.4413221 -44.5045213 -48.4765695 -69.9526576-111.2325047
 156.8860254  50.5424348 -12.4633092 -44.5985720 -48.5789240 -70.0973785-111.4470461
 158.1461504  51.8029022 -11.1854181 -44.6923801 -48.6810156 -70.2417336-111.6610534
 159.4096312  53.0666757 -11.2040431 -44.7859476 -48.7828463 -70.3857257-111.8745304
 160.6764591  54.3337464  -9.9195457 -44.8792766 -48.8844181 -70.5293576-112.0874809
 161.9466250  54.4978721  -9.9348356 -44.9723689 -48.9857333 -70.6726320-112.2999084
 163.2201204  55.7715114  -9.9500896 -43.6741336 -47.6865988 -70.8155515-112.5118167
 164.4969365  57.0484220  -8.6557478 -43.7637177 -47.7843859 -70.9581190-112.7232093
 165.7770648  58.3285956  -8.6677021 -43.8530776 -47.8819288 -71.1003369-112.9340898
 167.0604966  58.5019689  -7.3668401 -43.9422149 -47.9792296 -71.2422079-113.1444617
 168.3472234  59.7886431  -7.3755204 -44.0311316 -48.0762901 -71.3837345-113.3543286
 169.6372370  61.0785550  -7.3841831 -44.1198293 -48.1731123 -71.5249193-113.5636938
 170.9305288  62.3716966  -6.0736033 -44.2083099 -48.2696981 -71.6657648-113.7725607
 172.2270907  63.6680596  -6.0790257 -42.8873368 -48.3660492 -71.8062736-113.9809328
 173.5269144  63.8537731  -4.7620084 -42.9723866 -47.0409610 -71.9464479-114.1888133
 174.8299917  65.1565547  -4.7642154 -43.0572308 -47.1338721 -72.0862903-114.3962056
 176.1363146  66.4625336  -3.4407927 -43.1418710 -47.2265602 -72.2258032-114.6031129
 177.4458749  67.7717018  -3.4398085 -43.2263088 -47.3190271 -72.3649889-114.8095384
 178.7586648  69.0840515  -3.4388318 -41.8893391 -47.4112744 -72.5038498-115.0154854
 180.0746762  70.3995749  -2.1058605 -41.9704004 -47.5033040 -72.6423881-115.2209570
 181.3939013  70.6006063  -2.1017243 -42.0512703 -46.1590906 -72.7806063-115.4259563
 182.7163323  71.9224538  -0.7624261 -42.1319501 -46.2477438 -72.9185066-115.6304863
 184.0419615  73.2474519  -0.7551536 -42.2124415 -46.3361901 -73.0560911-115.8345503
 185.3707812  74.5755930   0.5904408 -40.8596708 -46.4244312 -73.1933622-116.0381512
 186.7027836  75.9068696   0.6008267 -40.9368378 -46.5124685 -73.3303219-114.6593454
 188.0379613  77.2412741   1.9526873 -41.0138266 -45.1525301 -73.4669726-114.8593545
 189.3763066  77.4573590   1.9661642 -41.0906387 -45.2372428 -73.6033163-115.0589140
 190.7178122  78.7979973   1.9796029 -39.7253634 -45.3217621 -73.7393552-115.2580266
 192.0624705  80.1417415   3.3408070 -39.7988924 -45.4060897 -73.8750913-115.4566953
 193.4102743  81.4885843   4.7051111 -39.8722547 -44.0337054 -72.4969771-115.6549228
 194.7612161  82.8385184   4.7247041 -39.9454515 -44.1147493 -72.6293188-115.8527120
 196.1152887  84.1915368   4.7442445 -38.5677888 -44.1956114 -72.7613692-116.0500656
 197.4724850  85.5476323   6.1178052 -38.6377425 -44.2762932 -72.8931301-116.2469864
 198.8327976  85.7815880   6.1403645 -38.7075403 -44.3567958 -73.0246035-116.4434770
 200.1962195  87.1438165   6.1628645 -38.7771835 -42.9690163 -73.1557914-116.6395402
 201.5627437  88.5091010   6.1853054 -37.3872474 -43.0462834 -73.2866957-116.8351786
 202.9323631  89.8774347   6.2076874 -37.4536862 -43.1233809 -73.4173182-117.0303949
 204.3050706  91.2488106   6.2300106 -37.5199795 -43.2003102 -73.5476610-117.2251916
 205.6808595  92.6232219   6.2522753 -36.1209113 -41.8003405 -73.6777258-117.4195714
 207.0597227  94.0006618   6.2744817 -36.1840299 -41.8740723 -72.2689917-117.6135367
 208.4416535  95.3811236   6.2966299 -36.2470120 -41.9476452 -72.3957563-117.8070902
 209.8266450  96.7646005   6.3187201 -36.3098587 -40.5386044 -72.5222533-118.0002343
 211.2146906  98.1510860   6.3407525 -34.8987093 -40.6090090 -72.6484846-118.1929715
 212.6057835  99.5405734   6.3627274 -34.9584179 -40.6792635 -72.7744517-118.3853043
 213.9999170 100.9330561   6.3846447 -35.0179996 -40.7493691 -72.9001566-118.5772351
 215.3970846 102.3285277   6.4065048 -33.5978589 -39.3283265 -73.0256008-118.7687663
 216.7972796 103.7269817   6.4283079 -33.6543308 -39.3953000 -73.1507861-118.9599003
 218.2004955 105.1284115   6.4500540 -33.7106841 -39.4621332 -71.7180444-119.1506394
 219.6067258 106.5328109   6.4717434 -32.2816105 -39.5288270 -71.8400008-119.3409861
 221.0159642 107.9401734   6.4933762 -32.3348814 -38.0958864 -71.9617079-119.5309426
 222.4282041 109.3504928   6.5149527 -32.3880419 -38.1594833 -72.0831674-119.7205112
 223.8434392 110.7637627   6.5364729 -30.9500926 -38.2229491 -72.2043809-119.9096942
 225.2616633 112.1799770   6.5579370 -31.0001976 -36.7811516 -72.3253499-120.0984939
 226.6828699 113.5991295   6.5793453 -31.0502000 -36.8415474 -70.8748729-120.2869125
 228.1070529 115.0212139   6.6006978 -29.6034313 -36.9018202 -70.9926649-120.4749522
 229.5342060 116.4462242   6.6219948 -29.6504045 -35.4512216 -71.1102217-120.6626152
 230.9643231 117.8741544   6.6432364 -29.6972829 -35.5084508 -71.2275447-120.8499037
 232.3973980 119.3049982   6.6644228 -28.2417499 -35.5655649 -71.3446355-121.0368198
 233.8334247 120.7387498   6.6855540 -28.2856247 -34.1062199 -69.8795489-121.2233657
 235.2723971 122.1754032   6.7066304 -28.3294121 -34.1603162 -69.9935050-119.7390654
 236.7143092 123.6149525   6.7276520 -26.8651688 -34.2143049 -70.1072376-119.9223443
 238.1591550 125.0573917   8.1875914 -26.9059779 -32.7462672 -70.2207483-120.1052630
 239.6069286 126.5027150   8.2114436 -25.4359574 -32.7972634 -68.7440818-120.2878236
 241.0576240 127.9509165   8.2352356 -25.4738064 -31.3234601 -68.8544915-120.4700282
 242.5112353 129.4019906   8.2589674 -23.9980319 -31.3714820 -68.9646877-120.6518788
 243.9677568 130.8559314   8.2826394 -24.0329388 -31.4194103 -69.0746718-120.8333773
 245.4271827 132.3127332   8.3062516 -24.0677782 -29.9370018 -67.5865188-121.0145257
 246.8895071 133.7723904   8.3298043 -22.5834159 -29.9819801 -67.6934346-121.1953260
 248.3547244 135.2348972   8.3532976 -22.6153372 -28.4938634 -67.8001466-121.3757802
 249.8228287 136.7002481   8.3767318 -21.1252780 -28.5359094 -67.9066559-121.5558900
 251.2938146 138.1684374   8.4001070 -21.1542985 -28.5778750 -66.4071075-121.7356575
 252.7676762 139.6394597   8.4234234 -19.6585648 -27.0812380 -66.5105805-121.9150845
 254.2444082 141.1133094   8.4466811 -19.6847016 -27.1202948 -66.6138589-122.0941728
 255.7240047 142.5899810   8.4698804 -18.1833156 -25.6180053 -65.1058223-122.2729244
 257.2064604 144.0694691   8.4930214 -18.2065856 -25.6541704 -65.2060889-122.4513411
 258.6917697 146.6769780   8.5161043 -18.2298128 -25.6902678 -65.3061685-122.6294247
 260.1799272 148.1620828   8.5391292 -16.7199891 -24.1795404 -65.4060625-122.8071770
 261.6709274 149.6499878   8.5620964 -16.7403719 -24.2127688 -63.8867848-122.9845997
 263.1647649 151.1406878   8.5850060 -15.2249499 -22.6964430 -63.9836973-123.1616948
 264.6614343 264.2180048   8.6078581 -15.2425049 -22.7268188 -64.0804316-123.3384638
 266.1609303 265.7142788   8.6306530 -13.7215058 -21.2049159 -62.5527792-121.7944800
 267.6632475 267.2133320   8.6533907 -13.7362490 -21.2324556 -62.6465553-120.2477142
 269.1683808 268.7151591   8.6760715 -12.2096940 -19.7049965 -62.7401607-118.6981716
 270.6763247 270.2197550   8.6986956 -12.2216413 -19.7297160 -61.2041808-117.1458573
 272.1870741 271.7271144   8.7212630 -10.6895510 -18.1967215 -61.2948509-115.5907767
 273.7006238 273.2372324   8.7437739 -10.6987183 -18.2186367 -61.3853574-114.0329347
 275.2169686 274.7501037   8.7662286  -9.1611131 -16.6801273 -59.8410964-112.4723366
 276.7361033 276.2657233   8.7886271  -9.1675159 -16.6992539 -59.9286901-110.9089873
 278.2580230 277.7840862   8.8109696  -7.6244162 -15.1552500 -60.0161270-109.3428920
 279.7827223 279.3051873   8.8332563  -7.6280698 -15.1716034 -58.4636308-107.7740556
 281.3101964 280.8290217   8.8554873  -6.0794957 -13.6221249 -58.5481769-106.2024832
 282.8404402 282.3555844   8.8776628  -6.0804152 -13.6357204 -58.6325732-104.6281797
 284.3734486 283.8848705   8.8997829  -4.5263866 -12.0807873 -57.0718865-103.0511501
 285.9092168 285.4168751   8.9218478  -4.5245870 -12.0916400 -57.1534136-101.4713992
 287.4477396 286.9515932   8.9438577  -2.9651235 -10.5312719 -55.5872913 -99.8889320
 288.9890123 288.4890201   8.9658125  -1.4029498 -10.5393967 -55.6659646 -98.3037534
 290.5330300 290.0291510   8.9877127  -1.3957405  -8.9736129 -55.7445005 -96.7158681
 292.0797876 291.5719809   9.0095582   0.1718390  -8.9790245 -54.1702610 -95.1252809
 293.6292805 293.1175052   9.0313492   0.1817285  -7.4078444 -54.2459641 -93.5319967
 295.1815038 294.6657191   9.0530858   1.7546948  -7.4105572 -54.3215360 -91.9360203
 296.7364526 296.2166178   9.0747683   1.7672502  -5.8339998 -52.7392224 -90.3373563
 298.2941223 297.7701967   9.0963967   3.3455842  -4.2547607 -52.8119821 -88.7360094
 299.8545081 299.3264511   9.1179712   4.9265952  -4.2521123 -51.2243093 -87.1319844
 301.4176052 300.8853764   9.1394919   4.9444745  -2.6675240 -51.2942715 -85.5252859
 302.9834090 302.4469679   9.1609590   6.5308253  -2.6622147 -49.7012582 -83.9159185
 304.5519148 304.0112209   9.1823725   6.5513332  -1.0722957 -49.7684375 -82.3038869
 306.1231179 305.5781311  10.7668299   8.1430053  -1.0643394 -49.8355027 -80.6891956
 307.6970138 307.1476937  10.7908435   9.7373313   0.5308919 -48.2345130 -79.0718492
 309.2735978 308.7199042  12.3806032   9.7631034   2.1287725 -48.2988149 -77.4518522
 310.8528653 310.2947582  13.9730073  11.3627235   2.1420069 -46.6925304 -75.8292093
 312.4348118 311.8722511  14.0022475  11.3910879   3.7451727 -46.7540833 -74.2039247
 314.0194328 313.4523785  15.5999269  11.4194001   3.7610179 -45.1425220 -72.5760031
 315.6067238 315.0351360  15.6317316  11.4476602   5.3694510 -45.2013400 -70.9454489
 317.1966802 316.6205191  17.2346686  11.4758681   6.9805111 -45.2600597 -69.3122665
 318.7892977 318.2085234  17.2690246  11.5040242   7.0015764 -43.6406164 -67.6764603
 320.3845717 319.7991446  18.8772016  11.5321285   8.6178773 -43.6966200 -66.0380346
 321.9824979 321.3923783  20.4879920  11.5601811   8.6415181 -42.0719440 -64.3969940
 323.5830719 322.9882202  20.5274956  11.5881822  10.2630424 -42.1252450 -62.7533426
 325.1862893 324.5866660  22.1434999  11.6161319  11.8871720 -40.4953536 -61.1070848
 326.7921457 326.1877113  22.1855208  11.6440304  11.9159763 -40.5459657 -59.4582249
 328.4006368 327.7913519  23.8067218  11.6718776  11.9447295 -38.9108761 -57.8067672
 330.0117583 329.3975836  25.4305148  11.6996739  11.9734317 -38.9588125 -56.1527160
 331.6255060 331.0064022  25.4776281  11.7274192  12.0020830 -37.3185417 -54.4960754
 333.2418755 332.6178034  27.1065924  11.7551137  12.0306836 -37.3638155 -52.8368496
 334.8608626 334.2317830  27.1561896  11.7827576  12.0592336 -35.7183804 -51.1750430
 336.4824631 335.8483369  28.7903085  11.8103509  12.0877331 -35.7610047 -49.5106596
 338.1066727 337.4674610  28.8423774  11.8378938  12.1161822 -34.1104219 -47.8437035
 339.7334874 339.0891511  30.4816343  11.8653864  12.1445810 -34.1504096 -46.1741790
 341.3629029 340.7134031  32.1234540  11.8928288  12.1729297 -32.4946956 -44.5020902
 342.9949150 342.3402130  32.1805415  11.9202211  12.2012284 -32.5320595 -42.8274410
 344.6295197 343.9695766  33.8274745  11.9475635  12.2294771 -30.8712307 -41.1502357
 346.2667129 345.6014899  33.8870018  11.9748560  12.2576760 -30.9059833 -39.4704782
 347.9064904 347.2359490  35.5390321  12.0020987  12.2858253 -29.2400559 -37.7881726
 349.5488482 348.8729497  37.1936049  12.0292919  12.3139250 -29.2722097 -36.1033229
 351.1937823 350.5124881  37.2580989  12.0564355  12.3419752 -27.6011998 -34.4159331
 352.8412886 352.1545603  38.9177449  12.0835298  12.3699761 -27.6307671 -32.7260072
 354.4913631 353.7991622  40.5799216  12.1105748  12.3979277 -25.9546905 -31.0335491
 356.1440018 355.4462900  40.6493510  12.1375706  12.4258302 -25.9816835 -29.3385628
 357.7992008 357.0959397  42.3165773  12.1645173  12.4536837 -24.3005560 -27.6410522
 359.4569561 358.7481075  43.9863224  12.1914151  12.4814883 -22.6169089 -25.9410211
 361.1172637 360.4027894  44.0606563  12.2182641  12.5092441 -22.6388241 -24.2384736
 362.7801198 362.0599816  45.7354277  12.2450643  12.5369512 -20.9501494 -22.5334134
 364.4455204 363.7196803  45.8121323  12.2718159  12.5646098 -20.9695220 -20.8258444
 366.1134617 365.3818816  47.4919144  12.2985190  12.5922198 -19.2758351 -19.1157705
 367.7839397 367.0465817  49.1741962  12.3251737  12.6197815 -19.2926769 -17.4031954
 369.4569508 368.7137769  49.2557566  12.3517800  12.6472950 -17.5939931 -15.6881229
 371.1324909 370.3834633  50.9430264  12.3783382  12.6747602 -15.8928166 -13.9705569
 372.8105563 372.0556372  52.6327845  12.4048483  12.7021774 -15.9046501 -12.2505011
 374.4911433 373.7302949  52.7191708  12.4313104  12.7295467 -14.1984993 -10.5279591
 376.1742480 375.4074326  54.4138945  12.4577245  12.7568681 -14.2078325  -8.8029349
 377.8598667 377.0870467  56.1110953  12.4840909  12.7841418 -12.4967223  -7.0754320
 379.5479956 378.7691334  56.2022785  12.5104097  12.8113679 -10.7831380  -5.3454542
 381.2386310 380.4536890  57.9044226  12.5366808  12.8385464  -9.0670832  -3.6130052
 382.9317691 382.1407100  59.6090328  12.5629044  12.8656774  -7.3485615  -1.8780886
 384.6274064 383.8301927  59.7049841  14.2772096  12.8927611  -5.6275768  -0.1407080
 386.3255392 385.5221334  61.4145157  14.3058451  12.9197976  -3.9041324   1.5991329
 388.0261636 387.2165286  63.1265026  14.3344297  12.9467870  -2.1782322   3.3414304
 389.7292762 388.9133746  63.2271936  14.3629635  12.9737293  -0.4498796   5.0861811
 391.4348733 390.6126679  64.9440802  14.3914467  13.0006246   1.2809217   6.8333813
 393.1429512 392.3144049  66.6634115  14.4198793  13.0274731   3.0141682   8.5830274
 394.8535065 394.0185821  66.7688142  14.4482614  14.7573875   4.7498564  10.3351159
 396.5665354 395.7251959  68.4930238  14.4765933  14.7866270   6.4879826  12.0896432
 398.2820344 397.4342428  70.2196674  14.5048749  14.8158164   8.2285434  13.8466059
 400.0000000 399.1457194  70.3297543  14.5331064  14.8449558   9.9715353  15.6060005
