 date d_e_o v_e cost mass
   1.0000000   0.0000000   9.9626150  15.1358645   0.0066425
   1.0000000   0.0000000   9.9626150  15.1358645   0.0253709
   1.0000000   0.0000000   9.9626150  15.1358645   0.0629938
   1.0000000   0.0000000   9.9626150  15.1358645   0.1105674
   1.0000000   0.0000000   9.9626150  15.1358645   0.1466855
   1.0000000   0.0000000   9.9626150  15.1358645   0.1551410
   1.0000000   0.0000000   9.9626150  15.1358645   0.1369543
   1.0000000   0.0000000   9.9626150  15.1358645   0.1054401
   1.0000000   0.0000000   9.9626150  15.1358645   0.0738093
   1.0000000   0.0000000  10.0388782  15.1358645   0.0485723
   1.0000000   0.0000000  11.0648786  15.1358645   0.0306510
   1.0000000   0.0000000  12.2238541  15.1358645   0.0186280
   1.0000000   0.0000000  13.2607819  15.1358645   0.0107002
   1.0000000   0.0000000  13.9806722  15.1358645   0.0054419
   1.0000000   0.0000000  14.3429519  15.1358645   0.0020197
   1.0000000   0.0000000  14.4228328  15.1358645   0.0004497
   1.0000000   0.0000000  14.4452499  15.1358645   0.0005514
   1.0000000   0.0000000  14.5504037  15.1358645   0.0014043
   1.0000000   0.0000000  14.7788618  15.1358645   0.0024716
   1.0000000   1.0000000  15.1689785  15.1358645   0.0036248
   1.0000000   1.0000000  15.7654639  15.1358645   0.0047422
   1.0000000   1.0000000  16.6248849  15.1358645   0.0056993
   1.0000000   1.0000000  17.8203883  15.1358645   0.0063773
   1.0000000   1.0000000  19.4456059  15.1358645   0.0066807
   1.0000000   1.0000000  21.6165646  15.1358645   0.0065598
   1.0000000   1.0000000  24.4686683  15.1358645   0.0060289
   1.0000000   1.0000000  28.1425584  15.1358645   0.0051707
   1.0000000   1.0000000  32.7595491  15.1358645   0.0041183
   1.0000000   1.0000000  38.2936229  15.1358645   0.0030168
   1.0000000   1.0000000  44.4185682  15.1358645   0.0019731
   1.0000000   1.0000000  50.3302391  15.1358645   0.0015131
