 l entrants
   2.16854517516196       1.560846794165812E-003
   2.23458240561837       1.012198116706611E-003
   2.28963581111831       6.306047453315147E-004
   2.33258023587583       3.792999096582865E-004
   2.36319036579252       2.162254247183722E-004
   2.38217260864155       1.094335344313120E-004
   2.39119452814601       4.051509633929780E-005
   2.39314206718291       8.885546467990578E-006
   2.39365043770915       1.032880861952769E-005
   2.39602109005474       2.630926808842050E-005
   2.40109483594335       4.632291249074255E-005
   2.40953263603069       6.798529733668204E-005
   2.42194196950160       8.904861597301705E-005
   2.43893070674074       1.072223927684877E-004
   2.46114414100849       1.203236567191412E-004
   2.48929700655357       1.265818502762945E-004
   2.52420534801354       1.250276019753536E-004
   2.56682117804950       1.158322443413453E-004
   2.61827233444223       1.004014135970391E-004
   2.67990998568862       8.107077863922396E-005
   2.75336686294281       6.039183543550220E-005
   2.84062940803959       4.029609862921619E-005
   2.94412932557394       3.270320855867247E-005
   2.33667168256119       1.057235650220578E-006
   2.36158979826352       7.731787608881541E-017
   2.38652469092860       7.728640893676493E-018
   2.40871072485357       4.641272057919220E-004
   2.40871072485357       3.830746661918463E-004
   2.43610454112725       9.527325985034114E-005
   2.43610454112725       5.205969012229140E-006
   2.46351725130380       1.943009514115331E-005
   2.46351725130380       2.946410381414591E-005
   2.46351725130380       5.008307225400781E-014
   2.49094841801305       7.145097867504466E-015
   2.49094841801305       1.050957605449922E-014
   2.49396987452712       3.176852448693889E-004
   2.49396987452712       2.733736322844254E-004
   2.52355618562005       1.540857329480121E-004
   2.52355618562005       8.419629518440306E-006
   2.55316290281056       5.518714923229316E-005
   2.55316290281056       8.773724876177168E-005
   2.55316290281056       3.869940889999740E-012
   2.58278955372308       1.000042546750537E-012
   2.58278955372308       1.473475917796100E-012
   2.56504806037951       1.435603491919935E-004
   2.56504806037951       1.281381789690375E-004
   2.59646219352837       1.310318075645242E-004
   2.59646219352837       7.159905422243638E-006
   2.62789799344955       7.575581585330688E-005
   2.62789799344955       1.274778561418319E-004
   2.62789799344955       6.417171327236864E-011
   2.65935495858446       2.644112334819029E-011
   2.65935495858446       3.905048108122537E-011
   2.62049261964919       5.429288624489195E-005
   2.62049261964919       4.981680614022247E-005
   2.65333254591727       7.875898799356338E-005
   2.65333254591727       4.303587927746861E-006
   2.68619512234737       6.802715865125186E-005
   2.68619512234737       1.215376282740793E-004
   2.68619512234737       3.439231739630255E-010
   2.71907982461664       2.022815647508560E-010
   2.71907982461664       2.995590223065814E-010
   2.66001265448495       1.986413388356660E-005
   2.66001265448495       1.855306835641591E-005
   2.69386886430694       3.969945810710271E-005
   2.69386886430694       2.169277602472270E-006
   2.72774842523611       4.694797963268594E-005
   2.72774842523611       8.853374128777762E-005
   2.72774842523611       7.826577905113506E-010
   2.76165079672360       5.941536246651502E-010
   2.76165079672360       8.821995534191226E-010
   2.68452019171841       7.258606610008720E-006
   2.68452019171841       6.846454108958528E-006
   2.71900662889573       1.766699639110954E-005
   2.71900662889573       9.653688337709478E-007
   2.75351685185697       2.585405413659926E-005
   2.75351685185697       5.073464010282380E-005
   2.75351685185697       8.794737735635664E-010
   2.78805030999104       7.854182333227861E-010
   2.78805030999104       1.168586328106921E-009
   2.69616818452575       2.252765930312704E-006
   2.69616818452575       2.134329876564533E-006
   2.73095415745944       6.042607850309620E-006
   2.73095415745944       3.301831938067330E-007
   2.76576412277109       9.890393309720504E-006
   2.76576412277109       1.983747508935621E-005
   2.76576412277109       4.762193424307367E-010
   2.80059752506724       4.620386111212787E-010
   2.80059752506724       6.882597594109127E-010
   2.69868260739138       4.642477740249475E-007
   2.69868260739138       4.404722911128180E-007
   2.73353324035426       1.286798390334638E-006
   2.73353324035426       7.031387983985812E-008
   2.76840791029204       2.190423273852141E-006
   2.76840791029204       4.427977308748078E-006
   2.76840791029204       1.187604466478777E-010
   2.80330606077888       1.186502294353798E-010
   2.80330606077888       1.768219083081632E-010
   2.69933895288750       5.264622793940381E-007
   2.69933895288750       4.997745679455907E-007
   2.73420646420426       1.478045523674834E-006
   2.73420646420426       8.076410114445795E-008
   2.76909802413716       2.555513769775332E-006
   2.76909802413716       5.182347494498067E-006
   2.76909802413716       1.452578954573296E-010
   2.80401307599089       1.468664345279898E-010
   2.80401307599089       2.189127326193433E-010
   2.70239964761621       1.278018338117718E-006
   2.70239964761621       1.214488637346820E-006
   2.73734586670054       3.677175534372708E-006
   2.73734586670054       2.009300606963844E-007
   2.77231618868688       6.553201593794045E-006
   2.77231618868688       1.337164634632822E-005
   2.77231618868688       4.080696023513383E-010
   2.80731005562325       4.223372454614587E-010
   2.80731005562325       6.297519348409594E-010
   2.70895024425893       2.037652449135055E-006
   2.70895024425893       1.940299518343876E-006
   2.74406491622201       6.160132578745108E-006
   2.74406491622201       3.366050386703062E-007
   2.77920380727143       1.168229134579081E-005
   2.77920380727143       2.414518291493412E-005
   2.77920380727143       8.736748437293799E-010
   2.81436635676570       9.481738263134644E-010
   2.81436635676570       1.414942385044109E-009
   2.71984409391904       2.529282686821279E-006
   2.71984409391904       2.416026352725018E-006
   2.75523890835402       8.285741032071501E-006
   2.75523890835402       4.527535965923525E-007
   2.79065813509356       1.743803175044237E-005
   2.79065813509356       3.683863408972530E-005
   2.79065813509356       1.749795953182052E-009
   2.82610120902343       2.052307640977046E-009
   2.82610120902343       3.066808822573699E-009
   2.73586549900270       2.565044753916532E-006
   2.73586549900270       2.460507576493273E-006
   2.77167231435228       9.434387492060394E-006
   2.77167231435228       5.155185097075560E-007
   2.80750382616928       2.324389103265794E-005
   2.80750382616928       5.080034134680266E-005
   2.80750382616928       3.534111250492500E-009
   2.84335946276146       4.640030542724698E-009
   2.84335946276146       6.948858510471405E-009
   2.75779926698519       2.133288835331213E-006
   2.75779926698519       2.056674014250292E-006
   2.79417012352978       9.162127372297984E-006
   2.79417012352978       5.006415363681808E-007
   2.83056606556900       2.829527969355730E-005
   2.83056606556900       6.503085492633963E-005
   2.83056606556900       7.384435375474006E-009
   2.86698651240510       1.128828865536479E-008
   2.86698651240510       1.696214293961721E-008
   2.78647852115602       1.425480615470388E-006
   2.78647852115602       1.381836410773663E-006
   2.82358688348657       7.455894420215380E-006
   2.82358688348657       4.074087038804565E-007
   2.86072083997992       3.155656417403058E-005
   2.86072083997992       7.800301829184463E-005
   2.86072083997992       1.593073187427518E-008
   2.89787979816330       2.958426870607528E-008
   2.89787979816330       4.468208293150538E-008
   2.82282603846796       7.359293221861904E-007
   2.82282603846796       7.172967640361004E-007
   2.86086910098851       4.896582364513662E-006
   2.86086910098851       2.675614972714145E-007
   2.89893840234781       3.198700763417989E-005
   2.89893840234781       8.773541611547826E-005
   2.89893840234781       3.472119761965869E-008
   2.93703333514966       8.184041594661985E-008
   2.93703333514966       1.245697331188856E-007
   2.86789539538710       2.774821053064824E-007
   2.86789539538710       2.718050116733291E-007
   2.90709744590988       2.452920715476889E-006
   2.90709744590988       1.340337179003526E-007
   2.94632653464186       2.902633482929186E-005
   2.94632653464186       9.220698774891054E-005
   2.94632653464186       7.367505219668861E-008
   2.98558203568237       2.299861271390856E-007
   2.98558203568237       3.542077028160822E-007
   2.92291571356802       7.103128223411523E-008
   2.92291571356802       6.986913325359083E-008
   2.96353264757283       8.699634059724660E-007
   2.96353264757283       4.753697459686282E-008
   3.00417759565200       2.310697169355898E-005
   3.00417759565200       8.992185019951242E-005
   3.00417759565200       1.450300810224199E-007
   3.04484990931483       6.231979391320806E-007
   3.04484990931483       9.767765291498469E-007
   2.98934311843413       1.128377999769790E-008
   2.98934311843413       1.113519026609277E-008
   3.03166827661879       1.993565948555806E-007
   3.03166827661879       1.089334254786660E-008
   3.07402262706421       1.571479397295979E-005
   3.07402262706421       8.020683275131941E-005
   3.07402262706421       2.502798225363857E-007
   3.11640549400613       1.533151071633387E-006
   3.11640549400613       2.463687527479267E-006
   3.06892207256079       9.987832105942196E-010
   3.06892207256079       9.879342121458433E-010
   3.11329365561964       2.650395968653767E-008
   3.11329365561964       1.448242592373010E-009
   3.15769584238745       8.774953593335478E-006
   3.15769584238745       6.336345466197788E-005
   3.15769584238745       3.545505573578984E-007
   3.20212792442672       3.212321625155609E-006
   3.20212792442672       5.335560601257312E-006
   3.16376055759539       4.335221823845489E-011
   3.16376055759539       4.294842807225037E-011
   3.21057097435010       1.803306751169160E-009
   3.21057097435010       9.853718746348363E-011
   3.25741367691190       3.767141990378747E-006
   3.25741367691190       4.162727371284948E-005
   3.25741367691190       3.800697058572422E-007
   3.30428791790481       5.353082608236836E-006
   3.30428791790481       9.262280334165863E-006
   3.27642322291132       7.933973207755054E-013
   3.27642322291132       7.867734853168381E-013
   3.32613083382025       5.421128922465898E-011
   3.32613083382025       2.962240320735238E-012
   3.37587272877209       1.118128276717744E-006
   3.37587272877209       2.045449773221487E-005
   3.37587272877209       2.760380127337152E-007
   3.42564811413421       6.550628336173697E-006
   3.42564811413421       1.189674825942090E-005
   3.41004958639253       5.134594597946690E-015
   3.41004958639253       5.094590194130651E-015
   3.46319348667064       6.077013252456365E-013
   3.46319348667064       3.320631909613448E-014
   3.51637404104907       2.126662120265985E-007
   3.51637404104907       7.477882656293182E-006
   3.51637404104907       1.398430167270124E-007
   3.56959040103136       8.356109724337268E-006
   3.56959040103136       1.651670692779239E-005
   2.42907541087182       4.075792901015311E-017
   2.46142632134300       8.648998361243781E-006
   2.48642469314535       2.186973977688964E-005
   2.51143810459300       1.900117027966805E-005
   2.51143810459300       4.166475136424623E-007
   2.53646625108217       1.452419437339518E-008
   2.53646625108217       4.970880355909362E-008
   2.53646625108217       2.916634672163501E-013
   2.56150884027236       2.118767212512332E-011
   2.56150884027236       3.153226047523422E-011
   2.56150884027236       2.184519539930582E-014
   2.58656559135702       3.860049390971781E-013
   2.58656559135702       3.411523010244725E-013
   2.61163623439117       4.156400205163348E-023
   2.61163623439117       5.935300700055708E-023
   2.54586447053012       2.334751224868072E-004
   2.54586447053012       5.174075540100972E-005
   2.57334857662971       1.121363434501312E-004
   2.57334857662971       2.046937101030710E-005
   2.60084957747944       1.402597217162800E-006
   2.60084957747944       2.076246852582329E-004
   2.60084957747944       4.146962743967404E-005
   2.62836712361865       1.831885095948841E-005
   2.62836712361865       5.993947506575187E-005
   2.62836712361865       1.005527400729837E-006
   2.65590087994917       2.918156100659541E-007
   2.65590087994917       6.463578272816021E-007
   2.65590087994917       1.628162924145620E-011
   2.68345052486380       5.069706184735017E-010
   2.68345052486380       7.962592008221246E-010
   2.68345052486380       1.088917943333931E-012
   2.71101574944398       4.723608694209694E-011
   2.71101574944398       3.322577491803706E-011
   2.73859625672008       1.279371955458549E-019
   2.73859625672008       1.826931211636378E-019
   2.64210087411501       1.830514011465814E-004
   2.64210087411501       4.916400942042295E-005
   2.67178470148137       1.269540349599309E-005
   2.67178470148137       1.274662939574858E-004
   2.67178470148137       2.229847544959898E-005
   2.70148677578815       4.373653570203628E-006
   2.70148677578815       1.820399655997225E-004
   2.70148677578815       4.037460561900866E-005
   2.73120671960522       2.294935566309072E-005
   2.73120671960522       9.863308740675450E-005
   2.73120671960522       1.108631087820676E-006
   2.76094417101444       2.014836718770421E-006
   2.76094417101444       3.214363912177063E-006
   2.76094417101444       1.783092149274260E-010
   2.79069878266843       3.869509227105028E-009
   2.79069878266843       6.275399246160169E-009
   2.79069878266843       1.050413262102399E-011
   2.82047022092398       1.132210181598947E-009
   2.82047022092398       6.472741842646851E-010
   2.85025816504317       3.440079799343643E-017
   2.85025816504317       4.912401846176261E-017
   2.72233049176852       1.008265223362804E-004
   2.72233049176852       3.246350766643078E-005
   2.75384816567946       1.001349989529603E-005
   2.75384816567946       9.949127582531761E-005
   2.75384816567946       1.511866425627305E-005
   2.78538521381432       7.049479517724567E-006
   2.78538521381432       1.217755626244201E-004
   2.78538521381432       2.728685133006941E-005
   2.81694123542558       1.894440482184319E-005
   2.81694123542558       1.044370098578694E-004
   2.81694123542558       7.569599529695245E-007
   2.84851584623607       5.764502197562234E-006
   2.84851584623607       8.099831347807357E-006
   2.84851584623607       6.455259802338158E-010
   2.88010867743949       1.243600794923206E-008
   2.88010867743949       2.056019316449137E-008
   2.88010867743949       3.346754077289146E-011
   2.91171937478041       8.248541618071788E-009
   2.91171937478041       4.117159092449736E-009
   2.94334759770593       1.506952256430255E-015
   2.94334759770593       2.151913757349434E-015
   2.78491362804064       4.804911633485946E-005
   2.78491362804064       1.788852215693051E-005
   2.81786179447489       6.210338002532451E-006
   2.81786179447489       6.283324949040595E-005
   2.81786179447489       7.933793548390188E-006
   2.85083021447088       7.520437598812742E-006
   2.85083021447088       7.359805719984825E-005
   2.85083021447088       1.533349257995501E-005
   2.88381846909235       1.221447309490368E-005
   2.88381846909235       8.199486560130044E-005
   2.88381846909235       3.989333217710278E-007
   2.91682615662095       8.753394997130543E-006
   2.91682615662095       1.196372217206441E-005
   2.91682615662095       1.119054758740403E-009
   2.94985289151138       2.118088937959122E-008
   2.94985289151138       3.542048605384952E-008
   2.94985289151138       5.186932495242477E-011
   2.98289830342962       2.502301077742957E-008
   2.98289830342962       1.169359877815002E-008
   3.01596203636607       1.681743100585521E-014
   3.01596203636607       2.401513451428294E-014
   2.82952193150959       2.183383030150492E-005
   2.82952193150959       8.997260655336853E-006
   2.86348973116121       3.348205938807856E-006
   2.86348973116121       3.484440539724570E-005
   2.86348973116121       3.689998387262638E-006
   2.89747841115312       5.974017133237893E-006
   2.89747841115312       4.161338334153822E-005
   2.89747841115312       7.831709362412524E-006
   2.93148753958444       6.783065968056787E-006
   2.93148753958444       5.233592090386383E-005
   2.93148753958444       1.860887786777999E-007
   2.96551670230498       8.542258905157186E-006
   2.96551670230498       1.174220069401227E-005
   2.96551670230498       1.176174753098312E-009
   2.99956550183815       2.264462729452425E-008
   2.99956550183815       3.804459560183928E-008
   2.99956550183815       5.006353183520490E-011
   3.03363355638934       3.924673454005139E-008
   3.03363355638934       1.794133228637743E-008
   3.06772049893169       6.447657595197275E-014
   3.06772049893169       9.207194868038437E-014
   2.85718485394198       9.367774451396630E-006
   2.85718485394198       4.106234691874775E-006
   2.89178495817388       1.584183587771048E-006
   2.89178495817388       1.688966393349490E-005
   2.89178495817388       1.571115329692779E-006
   2.92640633142990       3.610134271565044E-006
   2.92640633142990       2.088590732008022E-005
   2.92640633142990       3.612642033310988E-006
   2.96104853376940       3.272437876451999E-006
   2.96104853376940       2.751919427030633E-005
   2.96104853376940       7.940087042798215E-008
   2.99571114333289       5.777619647752126E-006
   2.99571114333289       8.036569076641707E-006
   2.99571114333289       8.271240483358261E-010
   3.03039375524479       1.630702189429347E-008
   3.03039375524479       2.739084278836052E-008
   3.03039375524479       3.331011524530917E-011
   3.06509598060347       3.543678988900568E-008
   3.06509598060347       1.615214158945159E-008
   3.09981744554992       1.008343411003981E-013
   3.09981744554992       1.439904979745154E-013
   2.87033254473005       3.173437810843846E-006
   2.87033254473005       1.433654040789456E-006
   2.90523317198606       5.618165473630975E-007
   2.90523317198606       6.073649702556427E-006
   2.90523317198606       5.265697869645949E-007
   2.94015525300065       1.447936901127886E-006
   2.94015525300065       7.693404030321046E-006
   2.94015525300065       1.268592246840951E-006
   2.97509834401203       1.172222704105569E-006
   2.97509834401203       1.028646907516412E-005
   2.97509834401203       2.664537332767097E-008
   3.01006201949659       2.441676590497355E-006
   3.01006201949659       3.423724330570273E-006
   3.01006201949659       3.557053313723607E-010
   3.04504587106217       7.131116085154836E-009
   3.04504587106217       1.195865387283489E-008
   3.04504587106217       1.392544362649480E-011
   3.08004950642928       1.726872229865380E-008
   3.08004950642928       7.884118649932205E-009
   3.11507254849173       6.461977053173081E-014
   3.11507254849173       9.227642920380132E-014
   2.87317070362099       6.745298665301418E-007
   2.87317070362099       3.078473928172287E-007
   2.90813620402519       1.212359569095593E-007
   2.90813620402519       1.317264497756777E-006
   2.90813620402519       1.113941749699308E-007
   2.94312319806613       3.259521874131087E-007
   2.94312319806613       1.684097394653275E-006
   2.94312319806613       2.729602531202084E-007
   2.97813124115716       2.538367008345660E-007
   2.97813124115716       2.259962030867603E-006
   2.97813124115716       5.639438818910442E-009
   3.01315990698371       5.593125188549683E-007
   3.01315990698371       7.866961796691741E-007
   3.01315990698371       8.194679807974344E-011
   3.04820878639449       1.653939341864094E-009
   3.04820878639449       2.771151964035916E-009
   3.04820878639449       3.176673054554882E-012
   3.08327748638086       4.154214023874961E-009
   3.08327748638086       1.898668536442746E-009
   3.11836562913566       1.710654845843829E-014
   3.11836562913566       2.442799153815252E-014
   2.87391155466510       7.743758408565858E-007
   2.87391155466510       3.548250677692449E-007
   2.90889398905412       1.399997878397052E-007
   2.90889398905412       1.524221987004620E-006
   2.90889398905412       1.276231182681133E-007
   2.94389792748936       3.827514423334267E-007
   2.94389792748936       1.956139229414177E-006
   2.94389792748936       3.148708043514512E-007
   2.97892292516887       2.935263583901828E-007
   2.97892292516887       2.628261441200253E-006
   2.97892292516887       6.462311710350899E-009
   3.01396855557160       6.612791504349505E-007
   3.01396855557160       9.313072288431799E-007
   3.01396855557160       9.710165174758987E-011
   3.04903440934812       1.965401987893516E-009
   3.04903440934812       3.291650116411799E-009
   3.04903440934812       3.749359750125708E-012
   3.08412009329943       5.008433239468162E-009
   3.08412009329943       2.290258966720666E-009
   3.11922522943541       2.144032116877966E-014
   3.11922522943541       3.061657852013217E-014
   2.87736631880819       1.925225642087666E-006
   2.87736631880819       8.889116979594976E-007
   2.91242772038502       3.519691781792458E-007
   2.91242772038502       3.847219750224943E-006
   2.91242772038502       3.159720612113096E-007
   2.94751067455000       9.938711149660984E-007
   2.94751067455000       4.975067732355265E-006
   2.94751067455000       7.900736507895335E-007
   2.98261473549707       7.399104315411435E-007
   2.98261473549707       6.698266282463279E-006
   2.98261473549707       1.600579245233541E-008
   3.01773947574240       1.739726043839373E-006
   3.01773947574240       2.456384782490560E-006
   3.01773947574240       2.565409605966497E-010
   3.05288448501252       5.222694118184734E-009
   3.05288448501252       8.739163821624315E-009
   3.05288448501252       9.830316942828488E-012
   3.08804936922084       1.368395528582215E-008
   3.08804936922084       6.264394492001061E-009
   3.12323374952400       6.318047161457505E-014
   3.12323374952400       9.022112378350718E-014
   2.88476031540145       3.224646673753577E-006
   2.88476031540145       1.511917193219691E-006
   2.91999072507654       6.027315875465882E-007
   2.91999072507654       6.642860405559388E-006
   2.91999072507654       5.242817620609385E-007
   2.95524279123071       1.817314737902202E-006
   2.95524279123071       8.731504493423567E-006
   2.95524279123071       1.348252453519446E-006
   2.99051606590897       1.273964098424985E-006
   2.99051606590897       1.179095152276155E-005
   2.99051606590897       2.658052052287820E-008
   3.02581011956687       3.264984703562913E-006
   3.02581011956687       4.635081773384770E-006
   3.02581011956687       4.854532336215656E-010
   3.06112453995328       1.001026382334953E-008
   3.06112453995328       1.671357717573084E-008
   3.06112453995328       1.831467364210366E-011
   3.09645893108198       2.771428589891099E-008
   3.09645893108198       1.272182616744412E-008
   3.13181291228344       1.490656296608559E-013
   3.13181291228344       2.128643278819085E-013
   2.89705676588797       4.351211049519649E-006
   2.89705676588797       2.091406638009227E-006
   2.93256824138257       8.421866781974313E-007
   2.93256824138257       9.414433935945140E-006
   2.93256824138257       6.947199028770131E-007
   2.96810154613018       2.827583305310294E-006
   2.96810154613018       1.274212897158808E-005
   2.96810154613018       1.875581544547462E-006
   3.00365622860205       1.796215251096689E-006
   3.00365622860205       1.723255406644510E-005
   3.00365622860205       3.527797414558646E-008
   3.03923185582685       5.293520452721524E-006
   3.03923185582685       7.587566500692671E-006
   3.03923185582685       7.971100027950503E-010
   3.07482801226453       1.684205419498230E-008
   3.07482801226453       2.798499380987019E-008
   3.07482801226453       2.931133840165433E-011
   3.11044429876973       5.082754723308908E-008
   3.11044429876973       2.346472851801770E-008
   3.14608033163596       3.499087393062531E-013
   3.14608033163596       4.996664139271436E-013
   2.91514095288177       5.016245438249888E-006
   2.91514095288177       2.498352919584825E-006
   2.95106578724309       1.018534854399148E-006
   2.95106578724309       1.163978280019991E-005
   2.95106578724309       7.751756105541341E-007
   2.98701270495317       4.002642487365758E-006
   2.98701270495317       1.653615197398019E-005
   2.98701270495317       2.260485692736145E-006
   3.02298124922741       2.201809134338757E-006
   3.02298124922741       2.224541569565117E-005
   3.02298124922741       3.947947384446781E-008
   3.05897098205462       7.933973093875967E-006
   3.05897098205462       1.155108089279773E-005
   3.05897098205462       1.214765170993303E-009
   3.09498148305781       2.683473864231982E-008
   3.09498148305781       4.413268462267130E-008
   3.09498148305781       4.301342951405366E-011
   3.13101234844551       9.088911232560612E-008
   3.13101234844551       4.242066984845205E-008
   3.16706319004482       8.897661549092972E-013
   3.16706319004482       1.270577764758695E-012
   2.93989872909443       5.028215671499805E-006
   2.93989872909443       2.625331514818000E-006
   2.97638946372658       1.083351220348494E-006
   2.97638946372658       1.278989647932175E-005
   2.97638946372658       7.345626317999690E-007
   3.01290262957196       5.281288160546845E-006
   3.01290262957196       1.962264233052396E-005
   3.01290262957196       2.407591332341849E-006
   3.04943776265052       2.386992980027702E-006
   3.04943776265052       2.584090719978658E-005
   3.04943776265052       3.762550071991434E-008
   3.08599441805138       1.125989183281774E-005
   3.08599441805138       1.679188296481470E-005
   3.08599441805138       1.757410515674796E-009
   3.12257216877564       4.214396384319598E-008
   3.12257216877564       6.783041352572138E-008
   3.12257216877564       5.906263691514596E-011
   3.15917060467114       1.630331483483806E-007
   3.15917060467114       7.759406501383071E-008
   3.19578933145038       2.535160739414316E-012
   3.19578933145038       3.620185874475527E-012
   2.97227048379132       4.373569581183732E-006
   2.97227048379132       2.423079091011367E-006
   3.00950115502332       1.007321509036233E-006
   3.00950115502332       1.245483300869354E-005
   3.00950115502332       5.821251714433789E-007
   3.04675471231483       6.517525013361458E-006
   3.04675471231483       2.152588414722874E-005
   3.04675471231483       2.268167288764249E-006
   3.08403068227753       2.278722800284210E-006
   3.08403068227753       2.691665065888439E-005
   3.08403068227753       3.018878622082503E-008
   3.12132861097891       1.517104329007229E-005
   3.12132861097891       2.344871757263506E-005
   3.12132861097891       2.413601259390190E-009
   3.15864806276162       6.756935709974293E-008
   3.15864806276162       1.041218718038359E-007
   3.15864806276162       7.566746576071749E-011
   3.19598861915672       2.950468499862844E-007
   3.19598861915672       1.450847244099803E-007
   3.23334987788158       8.126983006621712E-012
   3.23334987788158       1.160525588190971E-011
   3.01329780295571       3.251655584875719E-006
   3.01329780295571       1.935046476700823E-006
   3.05146625514296       8.006150009906268E-007
   3.05146625514296       1.054890561328053E-005
   3.05146625514296       3.733122625717287E-007
   3.08965816985290       7.443750866195559E-006
   3.08965816985290       2.186219528925744E-005
   3.08965816985290       1.870291226304074E-006
   3.12787306177331       1.878921015580561E-006
   3.12787306177331       2.464373704713727E-005
   3.12787306177331       1.996405927855761E-008
   3.16611046553783       1.919186091722012E-005
   3.16611046553783       3.124480756104545E-005
   3.16611046553783       3.098681003367340E-009
   3.20436993451562       1.158745524318493E-007
   3.20436993451562       1.650472930652750E-007
   3.20436993451562       8.869776845653815E-011
   3.24265103969718       5.341232631058078E-007
   3.24265103969718       2.764720470112814E-007
   3.28095336866700       2.875342243553337E-011
   3.28095336866700       4.105961887371038E-011
   3.06416991273383       2.012369660890491E-006
   3.06416991273383       1.301459919897974E-006
   3.10350117293963       5.233572491253562E-007
   3.10350117293963       7.503736079960912E-006
   3.10350117293963       1.851457968379688E-007
   3.14285661045763       7.692793501338692E-006
   3.14285661045763       2.044890058394564E-005
   3.14285661045763       1.324914699701960E-006
   3.18223572519050       1.297054482846215E-006
   3.18223572519050       1.912988321842916E-005
   3.18223572519050       1.079909495084876E-008
   3.22163803759443       2.230963615139473E-005
   3.22163803759443       3.909868464537731E-005
   3.22163803759443       3.613999638200001E-009
   3.26106308743188       2.232127426183345E-007
   3.26106308743188       2.837950545596320E-007
   3.26106308743188       9.185597636441900E-011
   3.30051043262353       9.493248666948825E-007
   3.30051043262353       5.303630625175118E-007
   3.33997964818955       1.077793087678341E-010
   3.33997964818955       1.539078469841682E-010
   3.12627418618838       9.973760976452076E-007
   3.12627418618838       7.083250832431292E-007
   3.16702499332222       2.658702330429486E-007
   3.16702499332222       4.245860269029732E-006
   3.16702499332222       6.821680863006851E-008
   3.20780085037771       6.951717883135704E-006
   3.20780085037771       1.741095997775460E-005
   3.20780085037771       7.866747689298844E-007
   3.24860123920797       7.251984052397459E-007
   3.24860123920797       1.193044372943513E-005
   3.24860123920797       5.132456308214602E-009
   3.28942566296145       2.313050749939567E-005
   3.28942566296145       4.488332655939116E-005
   3.28942566296145       3.671946890690122E-009
   3.33027364478970       4.829200195245975E-007
   3.33027364478970       5.458311246593682E-007
   3.33027364478970       7.973250234652011E-011
   3.37114472665780       1.614013930596524E-006
   3.37114472665780       1.004469818316957E-006
   3.41203846824755       4.025282435018605E-010
   3.41203846824755       5.748065748050104E-010
   3.20125422725458       3.753822525938471E-007
   3.20125422725458       2.950245010240608E-007
   3.24371888886316       9.712055288913079E-008
   3.24371888886316       1.769603758092381E-006
   3.24371888886316       1.930184470115288E-008
   3.28620965391658       5.247396647968485E-006
   3.28620965391658       1.322900278773247E-005
   3.28620965391658       3.799831844433683E-007
   3.32872598247628       3.355971885208650E-007
   3.32872598247628       5.568253443261019E-006
   3.32872598247628       2.623762347837599E-009
   3.37126735679466       2.064304580299078E-005
   3.37126735679466       4.584163044965511E-005
   3.37126735679466       3.069990830589563E-009
   3.41383327996847       1.082175001556531E-006
   3.41383327996847       1.118883360733876E-006
   3.41383327996847       5.380360997136890E-011
   3.45642327469925       2.543423796431602E-006
   3.45642327469925       1.828342969361981E-006
   3.49903688215035       1.385273804513915E-009
   3.49903688215035       1.978158063674030E-009
   3.29107910089595       9.984151816636971E-008
   3.29107910089595       8.708828341904243E-008
   3.33559693238072       2.307776515515694E-008
   3.33559693238072       4.926917223560713E-007
   3.33559693238072       5.284665869396612E-009
   3.38014212941403       3.129568938228033E-006
   3.38014212941403       8.687794469635006E-006
   3.38014212941403       1.435958840011813E-007
   3.42471412595126       1.714161170872569E-007
   3.42471412595126       1.831376010429678E-006
   3.42471412595126       1.509062426592504E-009
   3.46931237921164       1.528507572597866E-005
   3.46931237921164       4.003331295470003E-005
   3.46931237921164       1.959908250562092E-009
   3.51393636826664       2.233572047936666E-006
   3.51393636826664       2.174965949010615E-006
   3.51393636826664       2.542043023193298E-011
   3.55858559274037       3.579973731726401E-006
   3.55858559274037       3.075719752402695E-006
   3.60325957161139       4.032054431801720E-009
   3.60325957161139       5.757736096251335E-009
   3.39812819481861       1.702548234392526E-008
   3.39812819481861       1.640861702047719E-008
   3.44509289837796       3.157823440906527E-009
   3.44509289837796       8.264965794410365E-008
   3.44509289837796       1.616517274581675E-009
   3.49208647160217       1.384418227363252E-006
   3.49208647160217       4.686760028196817E-006
   3.49208647160217       3.989886898282104E-008
   3.53910831733460       1.461108302715080E-007
   3.53910831733460       4.980351354955984E-007
   3.53910831733460       7.277587190072402E-010
   3.58615786296118       9.076499030518766E-006
   3.58615786296118       2.825992907187240E-005
   3.58615786296118       8.698146657346624E-010
   3.63323455892110       3.808221680477156E-006
   3.63323455892110       3.542240352137525E-006
   3.63323455892110       7.332105459174109E-012
   3.68033787733590       4.299071643103648E-006
   3.68033787733590       4.505671770961019E-006
   3.72746731074534       9.133844552175594E-009
   3.72746731074534       1.304304477162282E-008
   3.52529636116565       1.634895267736067E-009
   3.52529636116565       1.719587211756164E-009
   3.57516780801080       2.158530639806059E-010
   3.57516780801080       7.795656352803158E-009
   3.57516780801080       3.873140765369905E-010
   3.62506991132447       4.212719090213418E-007
   3.62506991132447       1.909336377079517E-006
   3.62506991132447       7.345618067766756E-009
   3.67500203699075       1.422001533089240E-007
   3.67500203699075       2.300740344331794E-007
   3.67500203699075       2.222424798444254E-010
   3.72496357695531       4.164847393752511E-006
   3.72496357695531       1.478207135026768E-005
   3.72496357695531       2.401274033955918E-010
   3.77495394764388       4.854984991081159E-006
   3.77495394764388       4.324637889240831E-006
   3.77495394764388       1.098891726393636E-012
   3.82497258850648       4.136031487105230E-006
   3.82497258850648       5.275034724273301E-006
   3.87501896067510       1.483777539165727E-008
   3.87501896067510       2.118820477392207E-008
   3.67612733584460       7.630576133618713E-011
   3.67612733584460       8.619004528517144E-011
   3.72944639804454       6.314826008439077E-012
   3.72944639804454       4.383216285059394E-010
   3.72944639804454       5.527668600824231E-011
   3.78279823599603       8.755685447064805E-008
   3.78279823599603       5.873336119654864E-007
   3.78279823599603       8.043036268299853E-010
   3.83618217174673       1.423042943702239E-007
   3.83618217174673       2.173002676164044E-007
   3.83618217174673       3.868927537395303E-011
   3.88959755520745       1.691897172999070E-006
   3.88959755520745       5.993314370600822E-006
   3.88959755520745       3.888098983426697E-011
   3.94304376246143       6.696475727658637E-006
   3.94304376246143       5.562714115992852E-006
   3.94304376246143       7.539783906926530E-014
   3.99652019420783       4.484551023973818E-006
   3.99652019420783       7.171069288381474E-006
   4.05002627432670       2.765578199063184E-008
   4.05002627432670       3.949219856299526E-008
   2.51847858668801       1.336971875455255E-016
   2.54085920899526       2.216545278042961E-011
   2.56325133680208       1.026537994466037E-012
   2.58565477038864       1.959834989086197E-012
   2.58565477038864       6.078045801174478E-012
   2.58565477038864       1.497171135367383E-014
   2.60806931694660       2.249979100033799E-016
   2.60806931694660       3.818923331580284E-016
   2.60806931694660       2.938004923481786E-021
   2.63049479022481       1.217985994826560E-017
   2.63049479022481       7.661124786853794E-018
   2.65293101019890       3.109130891556404E-023
   2.65293101019890       1.886706681195580E-023
   2.51143810459300       1.392262673457078E-020
   2.53646625108217       1.543908823786595E-005
   2.53646625108217       3.145259766882769E-011
   2.56150884027236       2.558439944263164E-005
   2.58656559135702       8.716500872828916E-008
   2.58656559135702       1.593965128533785E-005
   2.58656559135702       2.486992856015280E-006
   2.61163623439117       4.609788860484620E-006
   2.61163623439117       3.608633546463627E-005
   2.61163623439117       2.043208347268845E-006
   2.63672050967031       2.506593926522610E-007
   2.63672050967031       1.030612760171224E-006
   2.63672050967031       2.122585280663586E-008
   2.66181816715594       2.080231369154921E-012
   2.66181816715594       1.836392343202811E-007
   2.66181816715594       1.762159916592604E-007
   2.66181816715594       6.013469962386290E-014
   2.68692896594336       1.334501488025097E-010
   2.68692896594336       2.648961616891492E-009
   2.68692896594336       5.803923227006609E-010
   2.68692896594336       5.776595829465285E-024
   2.71205267376791       2.898409117558143E-012
   2.71205267376791       1.107717189019319E-010
   2.71205267376791       1.565063298879461E-011
   2.73718906654627       8.900318614137820E-011
   2.73718906654627       3.726277936583709E-010
   2.73718906654627       1.215467488712333E-012
   2.76233792794972       3.353545672690242E-013
   2.76233792794972       5.778952014883394E-013
   2.76233792794972       4.625436397324035E-018
   2.78749904900663       3.472706682010296E-015
   2.78749904900663       2.780799519473972E-015
   2.78749904900663       7.431951264585113E-030
   2.81267222773174       3.752336871434071E-019
   2.81267222773174       2.294298136985445E-019
   2.60084957747944       5.040816906039030E-005
   2.60084957747944       1.092124172378388E-004
   2.60084957747944       2.379147879908615E-009
   2.62836712361865       2.639237475819295E-005
   2.62836712361865       5.364704398226610E-005
   2.62836712361865       9.018456739708052E-018
   2.65590087994917       1.553450335841219E-008
   2.65590087994917       2.870100121042932E-005
   2.65590087994917       3.542799792669269E-005
   2.65590087994917       1.000805584628293E-009
   2.68345052486380       4.485705279070206E-006
   2.68345052486380       1.430798696555887E-004
   2.68345052486380       4.294860828700432E-005
   2.71101574944398       2.268954922229487E-007
   2.71101574944398       2.305652910873721E-005
   2.71101574944398       3.827167727282767E-006
   2.73859625672008       1.445263315600389E-005
   2.73859625672008       7.617665966994956E-005
   2.73859625672008       5.087688195514802E-006
   2.76619176098814       6.301757215537888E-007
   2.76619176098814       2.307862751369973E-006
   2.76619176098814       2.618469155865854E-008
   2.79380198717789       3.215920854942366E-011
   2.79380198717789       1.626058982128671E-006
   2.79380198717789       1.292118208870841E-006
   2.79380198717789       2.855275072631604E-012
   2.82142667026725       7.745342232735289E-010
   2.82142667026725       1.972550235027060E-008
   2.82142667026725       4.398342496126535E-009
   2.82142667026725       7.833744658169613E-021
   2.84906555473917       1.984366452778770E-010
   2.84906555473917       1.814030101093907E-009
   2.84906555473917       1.195065316106158E-010
   2.87671839407697       7.558890527108084E-010
   2.87671839407697       5.067297690366289E-009
   2.87671839407697       4.869142001351320E-011
   2.90438495029487       4.045596481360341E-011
   2.90438495029487       7.239662568831720E-011
   2.90438495029487       7.727884499568065E-016
   2.93206499350077       1.448251555495675E-013
   2.93206499350077       1.524039184913072E-013
   2.93206499350077       2.287611768095179E-026
   2.95975830148830       2.453296799546642E-016
   2.95975830148830       1.512426464913806E-016
   2.67178470148137       9.402131341471424E-007
   2.67178470148137       2.692709397743821E-006
   2.70148677578815       4.021135726182174E-005
   2.70148677578815       1.025381971808778E-004
   2.70148677578815       1.378649090546858E-008
   2.73120671960522       2.051749554895602E-005
   2.73120671960522       4.253793353385637E-005
   2.73120671960522       6.968600952569768E-016
   2.76094417101444       4.945537304257899E-008
   2.76094417101444       4.324374334368386E-005
   2.76094417101444       4.543597053251900E-005
   2.76094417101444       6.807601699518297E-009
   2.79069878266843       3.840289751620004E-006
   2.79069878266843       1.272310693923477E-004
   2.79069878266843       4.296128787795133E-005
   2.82047022092398       3.764201029219734E-007
   2.82047022092398       2.244624306664044E-005
   2.82047022092398       3.621501335285998E-006
   2.85025816504317       2.063537834192853E-005
   2.85025816504317       1.007865826607823E-004
   2.85025816504317       6.562988117924523E-006
   2.88006230645539       7.924164258728035E-007
   2.88006230645539       2.998108451218957E-006
   2.88006230645539       1.674724193685263E-008
   2.90988234807482       1.229365212751860E-010
   2.90988234807482       5.237725651054763E-006
   2.90988234807482       4.274464322779478E-006
   2.90988234807482       2.752587765847040E-011
   2.93971800366804       1.665147839244418E-009
   2.93971800366804       6.766566233368769E-008
   2.93971800366804       1.419301132070249E-008
   2.93971800366804       1.093383176156424E-018
   2.96956899726741       2.773632237990385E-009
   2.96956899726741       1.666113419572718E-008
   2.96956899726741       8.505709241982791E-010
   2.99943506262599       2.178548336910028E-009
   2.99943506262599       2.469992098714588E-008
   2.99943506262599       5.298202609254478E-010
   3.02931594271059       8.305744095304228E-010
   3.02931594271059       1.565770019122576E-009
   3.02931594271059       4.341278641558189E-014
   3.05921138922938       1.619130884045198E-012
   3.05921138922938       2.206550645378903E-012
   3.05921138922938       6.151117349875338E-024
   3.08912116219149       1.922988999075341E-014
   3.08912116219149       1.200621930684841E-014
   2.75384816567946       5.469856118212788E-007
   2.75384816567946       1.566531293692083E-006
   2.78538521381432       2.285377670722052E-005
   2.78538521381432       6.894248379567238E-005
   2.78538521381432       3.000571460869456E-008
   2.81694123542558       1.093247064592035E-005
   2.81694123542558       2.215173025372966E-005
   2.81694123542558       1.155539774246764E-014
   2.84851584623607       6.948769458461380E-008
   2.84851584623607       4.250701926446091E-005
   2.84851584623607       4.081577798973057E-005
   2.84851584623607       1.676206138754077E-008
   2.88010867743949       2.265957167551923E-006
   2.88010867743949       8.147714171158608E-005
   2.88010867743949       3.064186169753128E-005
   2.91171937478041       4.653792655620343E-007
   2.91171937478041       2.267546905257492E-005
   2.91171937478041       3.028680461757367E-006
   2.94334759770593       1.871659419058918E-005
   2.94334759770593       9.480862769266479E-005
   2.94334759770593       5.777835868464211E-006
   2.97499301858217       7.696054035440928E-007
   2.97499301858217       2.994984852483977E-006
   2.97499301858217       1.462255472870185E-008
   3.00665532196953       1.970715279129802E-010
   3.00665532196953       8.573712733592212E-006
   3.00665532196953       7.809652546974790E-006
   3.00665532196953       8.996405882813662E-011
   3.03833420395131       1.889567463695532E-009
   3.03833420395131       1.306488872751556E-007
   3.03833420395131       2.908079211140806E-008
   3.03833420395131       2.879880966813303E-017
   3.07002937151075       1.252935101273177E-008
   3.07002937151075       6.399822357717514E-008
   3.07002937151075       3.599195426971599E-009
   3.10174054195239       3.122822479168637E-009
   3.10174054195239       5.688047100077067E-008
   3.10174054195239       1.947668137910560E-009
   3.13346744236367       4.955066485116504E-009
   3.13346744236367       9.959343700037207E-009
   3.13346744236367       9.152631704027635E-013
   3.16520980911349       7.119240654378468E-012
   3.16520980911349       1.204272788020618E-011
   3.16520980911349       2.694542193971928E-022
   3.19696738738449       3.249196414089639E-013
   3.19696738738449       2.062724450181956E-013
   2.81786179447489       2.428540791251476E-007
   2.81786179447489       6.955183217408302E-007
   2.85083021447088       1.130779970530406E-005
   2.85083021447088       3.934480179547665E-005
   2.85083021447088       3.564931395624394E-008
   2.88381846909235       5.053100746929906E-006
   2.88381846909235       9.658609718445481E-006
   2.88381846909235       6.193023164469363E-014
   2.91682615662095       6.068768327193962E-008
   2.91682615662095       3.172528980186793E-005
   2.91682615662095       2.921284492540963E-005
   2.91682615662095       2.174820451960067E-008
   2.94985289151138       1.120649877780093E-006
   2.94985289151138       4.442624750981686E-005
   2.94985289151138       1.788733577669844E-005
   2.98289830342962       4.302298904881373E-007
   2.98289830342962       2.075621077677774E-005
   2.98289830342962       2.380871880836886E-006
   3.01596203636607       1.333386758982672E-005
   3.01596203636607       7.094618568356632E-005
   3.01596203636607       4.075842236002284E-006
   3.04904374781656       7.787537246754285E-007
   3.04904374781656       2.742937739677299E-006
   3.04904374781656       1.859285297826301E-008
   3.08214310802463       1.889074676952041E-010
   3.08214310802463       9.109704387128136E-006
   3.08214310802463       9.350767520632885E-006
   3.08214310802463       1.440243406007649E-010
   3.11525979927971       1.460526609765537E-009
   3.11525979927971       1.791793459444788E-007
   3.11525979927971       5.060095026963970E-008
   3.11525979927971       2.193425138455688E-016
   3.14839351526588       2.590611833301891E-008
   3.14839351526588       1.267180676288546E-007
   3.14839351526588       8.338201022779137E-009
   3.18154396045700       2.900799482515017E-009
   3.18154396045700       7.629215868862600E-008
   3.18154396045700       3.392279860856775E-009
   3.21471084955382       1.248351114532306E-008
   3.21471084955382       2.687997128862447E-008
   3.21471084955382       6.628184620092238E-012
   3.24789390695981       1.605061119254326E-011
   3.24789390695981       3.195568999146529E-011
   3.24789390695981       3.007081163064434E-021
   3.28109286629223       1.778812345725040E-012
   3.28109286629223       1.150768509686004E-012
   2.86348973116121       9.751879966212753E-008
   2.86348973116121       2.792875134052453E-007
   2.89747841115312       5.315695989039742E-006
   2.89747841115312       2.049782333580077E-005
   2.89747841115312       2.890203474066196E-008
   2.93148753958444       2.287014966615476E-006
   2.93148753958444       4.082460661362188E-006
   2.93148753958444       1.409331558160805E-013
   2.96551670230498       3.996661043794147E-008
   2.96551670230498       1.975611338628745E-005
   2.96551670230498       1.785445417984716E-005
   2.96551670230498       1.870408701919197E-008
   2.99956550183815       5.148215077247865E-007
   2.99956550183815       2.228800329322653E-005
   2.99956550183815       9.306461882229141E-006
   3.03363355638934       3.114843087715989E-007
   3.03363355638934       1.545648216384477E-005
   3.03363355638934       1.674840057235126E-006
   3.06772049893169       8.185353286394546E-006
   3.06772049893169       4.494554805419598E-005
   3.06772049893169       2.477884936792162E-006
   3.10182597636168       7.246193771491402E-007
   3.10182597636168       2.208177440572710E-006
   3.10182597636168       1.880572858420370E-008
   3.13594964871802       1.325735301606857E-010
   3.13594964871802       7.184778143613189E-006
   3.13594964871802       8.125253667912263E-006
   3.13594964871802       1.429180069278588E-010
   3.17009118845807       8.960903270441976E-010
   3.17009118845807       1.913768588231240E-007
   3.17009118845807       6.844658724399627E-008
   3.17009118845807       6.414834108365752E-016
   3.20425027978651       3.087223065496712E-008
   3.20425027978651       1.523028625499849E-007
   3.20425027978651       1.145161399204204E-008
   3.23842661803164       2.062523753839429E-009
   3.23842661803164       6.925566444930288E-008
   3.23842661803164       3.559034245870472E-009
   3.27261990906519       1.696948441090438E-008
   3.27261990906519       3.888384066850186E-008
   3.27261990906519       1.911821545144681E-011
   3.30682986876186       2.214765261769902E-011
   3.30682986876186       4.907012708964549E-011
   3.30682986876186       1.152888909944488E-020
   3.34105622249526       4.131327532360585E-012
   3.34105622249526       2.721387718278994E-012
   2.89178495817388       3.741043173151037E-008
   2.89178495817388       1.071410485968883E-007
   2.92640633142990       2.336335517497280E-006
   2.92640633142990       9.596014318939424E-006
   2.92640633142990       1.732936820695303E-008
   2.96104853376940       9.982599164785064E-007
   2.96104853376940       1.691693929864923E-006
   2.96104853376940       1.583668058613579E-013
   2.99571114333289       2.109544055621854E-008
   2.99571114333289       1.030763499484740E-005
   2.99571114333289       9.237118808612919E-006
   2.99571114333289       1.162360533090323E-008
   3.03039375524479       2.205883361626764E-007
   3.03039375524479       1.016955753109017E-005
   3.03039375524479       4.321184817804237E-006
   3.06509598060347       1.777464775997163E-007
   3.06509598060347       9.032956144854431E-006
   3.06509598060347       9.718869715868613E-007
   3.09981744554992       4.273254552359775E-006
   3.09981744554992       2.381030677354475E-005
   3.09981744554992       1.280677203832457E-006
   3.13455779040766       5.101524115992559E-007
   3.13455779040766       1.402091067021881E-006
   3.13455779040766       1.325307218314207E-008
   3.16931666888709       7.278300834641815E-011
   3.16931666888709       4.322351323527408E-006
   3.16931666888709       5.210533155174842E-006
   3.16931666888709       9.689810386882616E-011
   3.20409374734842       4.549594091481220E-010
   3.20409374734842       1.476133583309328E-007
   3.20409374734842       6.060458040892925E-008
   3.20409374734842       8.451048912439338E-016
   3.23888870411784       2.348011501267410E-008
   3.23888870411784       1.182559461609187E-007
   3.23888870411784       9.717546748845008E-009
   3.27370122885226       1.176161074619422E-009
   3.27370122885226       4.500120861538112E-008
   3.27370122885226       2.497520251507640E-009
   3.30853102194826       1.396448918784480E-008
   3.30853102194826       3.348579250395595E-008
   3.30853102194826       2.507208251026503E-011
   3.34337779399159       1.961396766368778E-011
   3.34337779399159       4.601960103420352E-011
   3.34337779399159       1.802992666403399E-020
   3.37824126524375       4.716190413684583E-012
   3.37824126524375       3.150330956401896E-012
   2.90523317198606       1.186212774004604E-008
   2.90523317198606       3.397236401279720E-008
   2.94015525300065       8.016627329701607E-007
   2.94015525300065       3.395696877262647E-006
   2.94015525300065       6.885309522305979E-009
   2.97509834401203       3.440468144158305E-007
   2.97509834401203       5.675023511675660E-007
   2.97509834401203       8.575279720345297E-014
   3.01006201949659       7.867411590840079E-009
   3.01006201949659       3.848779357318175E-006
   3.01006201949659       3.436838217237846E-006
   3.01006201949659       4.700605278513474E-009
   3.04504587106217       7.449335500870490E-008
   3.04504587106217       3.551293927470100E-006
   3.04504587106217       1.519967480339153E-006
   3.08004950642928       6.927470029372542E-008
   3.08004950642928       3.566094827589295E-006
   3.08004950642928       3.855604270270386E-007
   3.11507254849173       1.600572083672460E-006
   3.11507254849173       8.966143468221326E-006
   3.11507254849173       4.765267216458021E-007
   3.15011463444902       2.229421862183505E-007
   3.15011463444902       5.817585301161746E-007
   3.15011463444902       5.727286409910470E-009
   3.18517541500382       2.768202550972538E-011
   3.18517541500382       1.730261612074870E-006
   3.18517541500382       2.154809005385914E-006
   3.18517541500382       4.090758144225435E-011
   3.22025455361846       1.666518468863443E-010
   3.22025455361846       6.794114806123874E-008
   3.22025455361846       2.964833206781745E-008
   3.22025455361846       4.961721529392383E-016
   3.25535172582522       1.050096655041459E-008
   3.25535172582522       5.366459486331933E-008
   3.25535172582522       4.615219603290514E-009
   3.29046661858548       4.631678738187317E-010
   3.29046661858548       1.867005579664184E-008
   3.29046661858548       1.073211054651237E-009
   3.32559892969357       6.490606506405409E-009
   3.32559892969357       1.595577035902120E-008
   3.32559892969357       1.469677702193227E-011
   3.36074836722152       9.708638314997751E-012
   3.36074836722152       2.333414227236142E-011
   3.36074836722152       1.155449335037319E-020
   3.39591464900112       2.576871199561522E-012
   3.39591464900112       1.735089325086370E-012
   2.90813620402519       2.461296851573837E-009
   2.90813620402519       7.048994448351264E-009
   2.94312319806613       1.711631774395593E-007
   2.94312319806613       7.325753096392202E-007
   2.94312319806613       1.543684143678549E-009
   2.97813124115716       7.367925054397641E-008
   2.97813124115716       1.204260418501904E-007
   2.97813124115716       2.138518869310345E-014
   3.01315990698371       1.726045466444485E-009
   3.01315990698371       8.456983801411071E-007
   3.01315990698371       7.543267765070609E-007
   3.01315990698371       1.060260584606717E-009
   3.04820878639449       1.581114088052819E-008
   3.04820878639449       7.626549841842903E-007
   3.04820878639449       3.271540495294579E-007
   3.08327748638086       1.544176545352691E-008
   3.08327748638086       7.985101147099703E-007
   3.08327748638086       8.659145054319575E-008
   3.11836562913566       3.522243267915654E-007
   3.11836562913566       1.976047319928980E-006
   3.11836562913566       1.045986027964899E-007
   3.15347285118401       5.174842404966116E-008
   3.15347285118401       1.326649670517184E-007
   3.15347285118401       1.322237784270472E-009
   3.18859880257931       6.114203445296054E-012
   3.18859880257931       3.892808744509155E-007
   3.18859880257931       4.902892598747219E-007
   3.18859880257931       9.363968683663605E-012
   3.22374314615836       3.634579640220910E-011
   3.22374314615836       1.607401235433117E-008
   3.22374314615836       7.153588480811791E-009
   3.22374314615836       1.273210780258506E-016
   3.25890555685029       2.452126466085339E-009
   3.25890555685029       1.260321930420231E-008
   3.25890555685029       1.101265525196439E-009
   3.29408572103460       1.038996321589948E-010
   3.29408572103460       4.250886800222761E-009
   3.29408572103460       2.472081396318999E-010
   3.32928333594391       1.535780268454671E-009
   3.32928333594391       3.809439949644661E-009
   3.32928333594391       3.769514834335988E-012
   3.36449810910760       2.359844282004435E-012
   3.36449810910760       5.714093131609025E-012
   3.36449810910760       3.058777503918935E-021
   3.39972975783297       6.447873119281877E-013
   3.39972975783297       4.354476315218450E-013
   2.90889398905412       2.798407825172993E-009
   2.90889398905412       8.014458398731431E-009
   2.94389792748936       1.968489880920076E-007
   2.94389792748936       8.459323624952409E-007
   2.94389792748936       1.809522328378979E-009
   2.97892292516887       8.485754760115807E-008
   2.97892292516887       1.382026305229527E-007
   2.97892292516887       2.615658319918924E-014
   3.01396855557160       2.006019899002481E-009
   3.01396855557160       9.836508809038861E-007
   3.01396855557160       8.769916542541707E-007
   3.01396855557160       1.245825086860695E-009
   3.04903440934812       1.814030598282217E-008
   3.04903440934812       8.790838561411841E-007
   3.04903440934812       3.774191145357648E-007
   3.08412009329943       1.806182964723317E-008
   3.08412009329943       9.356855390398991E-007
   3.08412009329943       1.016072621407203E-007
   3.11922522943541       4.099497141999021E-007
   3.11922522943541       2.301127922054874E-006
   3.11922522943541       1.216131886772506E-007
   3.15434945410516       6.151955796991442E-008
   3.15434945410516       1.566117860592035E-007
   3.15434945410516       1.568182116699605E-009
   3.18949241719258       7.124876949784734E-012
   3.18949241719258       4.570163240495018E-007
   3.18949241719258       5.781863409612735E-007
   3.18949241719258       1.106732342864020E-011
   3.22465378137118       4.214394877876574E-011
   3.22465378137118       1.925902992219793E-008
   3.22465378137118       8.636805763687564E-009
   3.22465378137118       1.575502728882245E-016
   3.25983322141266       2.921328620273311E-009
   3.25983322141266       1.505065900644706E-008
   3.25983322141266       1.323551279769166E-009
   3.29503042354465       1.218995630536153E-010
   3.29503042354465       5.014009568848616E-009
   3.29503042354465       2.929166133372303E-010
   3.33024508485311       1.839289381231550E-009
   3.33024508485311       4.579004730373173E-009
   3.33024508485311       4.663654794852177E-012
   3.36547691272579       2.859392986069661E-012
   3.36547691272579       6.943355520853926E-012
   3.36547691272579       3.833688147389568E-021
   3.40072562433308       7.897516499261171E-013
   3.40072562433308       5.340062200175646E-013
   2.91242772038502       6.826634668080240E-009
   2.91242772038502       1.955103865080302E-008
   2.94751067455000       4.910894117356543E-007
   2.94751067455000       2.126848385482015E-006
   2.94751067455000       4.681987169428057E-009
   2.98261473549707       2.123654107967093E-007
   2.98261473549707       3.435192114886859E-007
   2.98261473549707       7.348107633913999E-014
   3.01773947574240       5.105265139075586E-009
   3.01773947574240       2.507848345076953E-006
   3.01773947574240       2.234069202215887E-006
   3.01773947574240       3.238384724756031E-009
   3.05288448501252       4.504245990559241E-008
   3.05288448501252       2.202547587792254E-006
   3.05288448501252       9.471279556938624E-007
   3.08804936922084       4.654712788689332E-008
   3.08804936922084       2.419832587679219E-006
   3.08804936922084       2.635538988268696E-007
   3.12323374952400       1.046608237832013E-006
   3.12323374952400       5.880392166639789E-006
   3.12323374952400       3.098298054691422E-007
   3.15843726145019       1.636317688828318E-007
   3.15843726145019       4.109665528282634E-007
   3.15843726145019       4.150716073324672E-009
   3.19365955409301       1.822586924267438E-011
   3.19365955409301       1.186239818810988E-006
   3.19365955409301       1.513832615406341E-006
   3.19365955409301       2.909487037194051E-011
   3.22890028936449       1.067844262004636E-010
   3.22890028936449       5.202249219416868E-008
   3.22890028936449       2.366971815919272E-008
   3.22890028936449       4.527787758873124E-016
   3.26415914130219       7.799171392509872E-009
   3.26415914130219       4.037389657095550E-008
   3.26415914130219       3.594844352093025E-009
   3.29943579542545       3.162865119608050E-010
   3.29943579542545       1.313213831119914E-008
   3.29943579542545       7.738733400007895E-010
   3.33472994813645       4.960574865528088E-009
   3.33472994813645       1.243872744533108E-008
   3.33472994813645       1.339827731484589E-011
   3.37004130616240       7.899527336648722E-012
   3.37004130616240       1.928324033508659E-011
   3.37004130616240       1.129713604887504E-020
   3.40536958603527       2.224795451994278E-012
   3.40536958603527       1.508037951022613E-012
   2.91999072507654       1.098876422726282E-008
   2.91999072507654       3.147110759219726E-008
   2.95524279123071       8.283957991626230E-007
   2.95524279123071       3.644036661468104E-006
   2.95524279123071       8.493511296637069E-009
   2.99051606590897       3.610627358011248E-007
   2.99051606590897       5.761993581347970E-007
   2.99051606590897       1.573225928070754E-013
   3.02581011956687       8.956454595585023E-009
   3.02581011956687       4.420134432070993E-006
   3.02581011956687       3.931203849781552E-006
   3.02581011956687       5.929748282436467E-009
   3.06112453995328       7.522801831210517E-008
   3.06112453995328       3.747315817754658E-006
   3.06112453995328       1.616295605644168E-006
   3.09645893108198       8.381896911402904E-008
   3.09645893108198       4.388851868039783E-006
   3.09645893108198       4.814228249678319E-007
   3.13181291228344       1.850439468508786E-006
   3.13181291228344       1.041343891463461E-005
   3.13181291228344       5.453202620043002E-007
   3.16718611732898       3.143267011468622E-007
   3.16718611732898       7.683399780572399E-007
   3.16718611732898       7.885975246105245E-009
   3.20257819362071       3.230878279695462E-011
   3.20257819362071       2.167518206714779E-006
   3.20257819362071       2.815243173158847E-006
   3.20257819362071       5.450385327361202E-011
   3.23798880144096       1.857110356046582E-010
   3.23798880144096       1.032092714896997E-007
   3.23798880144096       4.828656604843559E-008
   3.23798880144096       1.015184379125841E-015
   3.27341761325604       1.507379034906073E-008
   3.27341761325604       7.883727492682682E-008
   3.27341761325604       7.198815128364133E-009
   3.30886431306937       5.796281573855062E-010
   3.30886431306937       2.443134676816516E-008
   3.30886431306937       1.464702023840635E-009
   3.34432859581970       9.785591392653641E-009
   3.34432859581970       2.490570901192813E-008
   3.34432859581970       3.002224462955426E-011
   3.37981016682056       1.644847812617062E-011
   3.37981016682056       4.054003300869270E-011
   3.37981016682056       2.665403811423003E-020
   3.41530874123749       4.791113921981642E-012
   3.41530874123749       3.264357690048589E-012
   2.93256824138257       1.384131767611193E-008
   2.93256824138257       3.964063554316551E-008
   2.96810154613018       1.131164366316052E-006
   2.96810154613018       5.102052293497364E-006
   2.96810154613018       1.301908706282875E-008
   3.00365622860205       5.017009484800694E-007
   3.00365622860205       7.839553459666942E-007
   3.00365622860205       3.150856845812958E-013
   3.03923185582685       1.299828721318061E-008
   3.03923185582685       6.482773861654180E-006
   3.03923185582685       5.751084411875666E-006
   3.03923185582685       9.228260732320074E-009
   3.07482801226453       1.009603288218962E-007
   3.07482801226453       5.186960779400270E-006
   3.07482801226453       2.247217402110394E-006
   3.11044429876973       1.271917644997332E-007
   3.11044429876973       6.739531155767342E-006
   3.11044429876973       7.502157378800748E-007
   3.14608033163596       2.730500778003722E-006
   3.14608033163596       1.539229180551378E-005
   3.14608033163596       7.981191513675479E-007
   3.18173574171281       5.307788546361937E-007
   3.18173574171281       1.242527366009593E-006
   3.18173574171281       1.304358044340964E-008
   3.21741017358936       4.769353476219384E-011
   3.21741017358936       3.369504507978555E-006
   3.21741017358936       4.504310968506683E-006
   3.21741017358936       8.802656168124003E-011
   3.25310328483771       2.658421076196125E-010
   3.25310328483771       1.841928728937328E-007
   3.25310328483771       8.982080741984281E-008
   3.25310328483771       2.192320831833493E-015
   3.28881474531113       2.561849208047095E-008
   3.28881474531113       1.364672246999145E-007
   3.28881474531113       1.298519849792676E-008
   3.32454423649203       9.169102784784762E-010
   3.32454423649203       3.909595444996351E-008
   3.32454423649203       2.407834410157770E-009
   3.36029145088541       1.718846731155390E-008
   3.36029145088541       4.486445489526565E-008
   3.36029145088541       6.477991726367429E-011
   3.39605609145381       3.205218443044572E-011
   3.39605609145381       8.000226428960795E-011
   3.39605609145381       6.256627295769007E-020
   3.43183787109039       9.693039045402917E-012
   3.43183787109039       6.663445954084762E-012
   2.95106578724309       1.431086301110329E-008
   2.95106578724309       4.098538290977711E-008
   2.98701270495317       1.327726393743753E-006
   2.98701270495317       6.204340210423438E-006
   2.98701270495317       1.795576478950232E-008
   3.02298124922741       6.105921821623279E-007
   3.02298124922741       9.285187308720112E-007
   3.02298124922741       6.363872660254307E-013
   3.05897098205462       1.655506686948753E-008
   3.05897098205462       8.440310027278803E-006
   3.05897098205462       7.461362895590778E-006
   3.05897098205462       1.301024196096686E-008
   3.09498148305781       1.153243314564691E-007
   3.09498148305781       6.205344010064745E-006
   3.09498148305781       2.702967837834636E-006
   3.13101234844551       1.736151301412336E-007
   3.13101234844551       9.362616439397313E-006
   3.13101234844551       1.071545716170546E-006
   3.16706319004482       3.593801959771062E-006
   3.16706319004482       2.026787784086356E-005
   3.16706319004482       1.036145624841306E-006
   3.20313363440837       8.478115697873136E-007
   3.20313363440837       1.868566152803105E-006
   3.20313363440837       2.011849196376162E-008
   3.23922332198820       6.227317020668513E-011
   3.23922332198820       4.767077465706986E-006
   3.23922332198820       6.644840858737068E-006
   3.23922332198820       1.309412203020298E-010
   3.27533190637051       3.322568872028863E-010
   3.27533190637051       3.203898607260777E-007
   3.27533190637051       1.645382818635803E-007
   3.27533190637051       4.938377527652870E-015
   3.31145905356559       4.103827953518495E-008
   3.31145905356559       2.252623508544406E-007
   3.31145905356559       2.275139394015635E-008
   3.34760444134829       1.378260450090489E-009
   3.34760444134829       5.768395045414908E-008
   3.34760444134829       3.685456052888470E-009
   3.38376775864429       2.885936263406281E-008
   3.38376775864429       7.829384011911105E-008
   3.38376775864429       1.457868850943655E-010
   3.41994870495860       6.478722826086329E-011
   3.41994870495860       1.635903599415647E-010
   3.41994870495860       1.590967754247645E-019
   3.45614698984238       1.989329922777626E-011
   3.45614698984238       1.387029711481617E-011
   2.97638946372658       1.217601110741761E-008
   2.97638946372658       3.487130560637912E-008
   3.01290262957196       1.365716581893923E-006
   3.01290262957196       6.679960459944982E-006
   3.01290262957196       2.269099622161447E-008
   3.04943776265052       6.741201519055762E-007
   3.04943776265052       9.971158685020882E-007
   3.04943776265052       1.329714971220697E-012
   3.08599441805138       1.877064098546006E-008
   3.08599441805138       9.989111577251702E-006
   3.08599441805138       8.789247344594508E-006
   3.08599441805138       1.693679740667707E-008
   3.12257216877564       1.140533834942032E-007
   3.12257216877564       6.543835168887240E-006
   3.12257216877564       2.865749527890791E-006
   3.15917060467114       2.180856407311254E-007
   3.15917060467114       1.205020735759986E-005
   3.15917060467114       1.447779077481866E-006
   3.19578933145038       4.330457578011461E-006
   3.19578933145038       2.434421939866763E-005
   3.19578933145038       1.221161203630038E-006
   3.23242796978329       1.318930627703787E-006
   3.23242796978329       2.693340923188361E-006
   3.23242796978329       2.965052597717793E-008
   3.26908615445821       7.304958834971470E-011
   3.26908615445821       6.294832720890200E-006
   3.26908615445821       9.282230633165464E-006
   3.26908615445821       1.832732371602491E-010
   3.30576353360449       3.679568036328233E-010
   3.30576353360449       5.630292679609763E-007
   3.30576353360449       3.059059099568797E-007
   3.30576353360449       1.194573260782557E-014
   3.34245976797132       6.349815535712048E-008
   3.34245976797132       3.651276974131857E-007
   3.34245976797132       3.993475202426468E-008
   3.37917453025773       2.146693083270839E-009
   3.37917453025773       8.086111315977425E-008
   3.37917453025773       5.406094286879394E-009
   3.41590750448928       4.751171028825700E-008
   3.41590750448928       1.363206459793542E-007
   3.41590750448928       3.523470845928427E-010
   3.45265838543745       1.457858485278307E-010
   3.45265838543745       3.697846368591516E-010
   3.45265838543745       4.533055079684343E-019
   3.48942687807817       4.259157505347362E-011
   3.48942687807817       3.034034172079170E-011
   3.00950115502332       8.336447572979157E-009
   3.00950115502332       2.387504482579012E-008
   3.04675471231483       1.231660880494774E-006
   3.04675471231483       6.359627330529124E-006
   3.04675471231483       2.613864056080732E-008
   3.08403068227753       6.912802375278116E-007
   3.08403068227753       1.005411469210210E-006
   3.08403068227753       2.868646226640817E-012
   3.12132861097891       1.876147537709021E-008
   3.12132861097891       1.080317909797388E-005
   3.12132861097891       9.445134782211412E-006
   3.12132861097891       2.027601992678884E-008
   3.15864806276162       9.790825352029353E-008
   3.15864806276162       6.096378130080126E-006
   3.15864806276162       2.679621427218864E-006
   3.19598861915672       2.527097165028680E-007
   3.19598861915672       1.442002638162604E-005
   3.19598861915672       1.874257624328346E-006
   3.23334987788158       4.813750854456006E-006
   3.23334987788158       2.678546215892691E-005
   3.23334987788158       1.310944809551899E-006
   3.27073145191430       2.011004335704216E-006
   3.27073145191430       3.755823600370207E-006
   3.27073145191430       4.184945401410503E-008
   3.30813296863770       7.635167883115391E-011
   3.30813296863770       7.799465781901080E-006
   3.30813296863770       1.235148618123653E-005
   3.30813296863770       2.410851727794483E-010
   3.34555406904611       3.579567516868121E-010
   3.34555406904611       1.010215404467845E-006
   3.34555406904611       5.798386727332724E-007
   3.34555406904611       3.103365666728180E-014
   3.38299440700959       9.508225068123449E-008
   3.38299440700959       5.858605380882798E-007
   3.38299440700959       7.079647753208973E-008
   3.42045364859038       3.828952958301651E-009
   3.42045364859038       1.098618874189014E-007
   3.42045364859038       7.734305266987700E-009
   3.45793147140688       7.689589623183441E-008
   3.45793147140688       2.386654504606964E-007
   3.45793147140688       9.147207149726719E-010
   3.49542756404136       3.834290401081029E-010
   3.49542756404136       9.665551114727332E-010
   3.49542756404136       1.453164725530809E-018
   3.53294162548742       9.529049163746062E-011
   3.53294162548742       7.008139781747727E-011
   3.05146625514296       4.407305344207452E-009
   3.05146625514296       1.262223647815656E-008
   3.08965816985290       9.631737224815934E-007
   3.08965816985290       5.269875548382502E-006
   3.08965816985290       2.683177105800559E-008
   3.12787306177331       6.681746581994418E-007
   3.12787306177331       9.786203447491023E-007
   3.12787306177331       6.252244612623345E-012
   3.16611046553783       1.606200058586028E-008
   3.16611046553783       1.061718924495335E-005
   3.16611046553783       9.197424704612162E-006
   3.16611046553783       2.185491914583605E-008
   3.20436993451562       7.371854907483899E-008
   3.20436993451562       5.000295848172487E-006
   3.20436993451562       2.195160466642784E-006
   3.24265103969718       2.672518385453421E-007
   3.24265103969718       1.589775865693770E-005
   3.24265103969718       2.324077670828163E-006
   3.28095336866700       4.913605101416046E-006
   3.28095336866700       2.677433563899400E-005
   3.28095336866700       1.268809585476048E-006
   3.31927652465475       2.975882589099230E-006
   3.31927652465475       5.041235006776434E-006
   3.31927652465475       5.587273715866856E-008
   3.35762012565760       6.922367756306854E-011
   3.35762012565760       8.999639774563794E-006
   3.35762012565760       1.553007124349448E-005
   3.35762012565760       2.932613258259823E-010
   3.39598380362710       2.978326661737039E-010
   3.39598380362710       1.832083695800975E-006
   3.39598380362710       1.105464882228600E-006
   3.39598380362710       8.469265127889719E-014
   3.43436720371487       1.359778440103917E-007
   3.43436720371487       9.249619530823605E-007
   3.43436720371487       1.257267560431546E-007
   3.47276998357177       8.311747222210283E-009
   3.47276998357177       1.497824755362616E-007
   3.47276998357177       1.113385842817313E-008
   3.51119181269594       1.208217717969210E-007
   3.51119181269594       4.177012472434013E-007
   3.51119181269594       2.495109028837227E-009
   3.54963237182553       1.188348857223849E-009
   3.54963237182553       2.955342210892988E-009
   3.54963237182553       5.141324792676309E-018
   3.58809135237228       2.191915777019694E-010
   3.58809135237228       1.689349641656443E-010
   3.10350117293963       1.697549713203603E-009
   3.10350117293963       4.861672210128170E-009
   3.14285661045763       6.404033344471048E-007
   3.14285661045763       3.689418138816638E-006
   3.14285661045763       2.358468129422757E-008
   3.18223572519050       6.063824319521199E-007
   3.18223572519050       9.189327346450492E-007
   3.18223572519050       1.326666358768353E-011
   3.22163803759443       1.122728712766989E-008
   3.22163803759443       9.352088776922694E-006
   3.22163803759443       7.989306126385709E-006
   3.22163803759443       2.042611379354367E-008
   3.26106308743188       5.203479437291524E-008
   3.26106308743188       3.640215750650523E-006
   3.26106308743188       1.574741489341587E-006
   3.30051043262353       2.525606829543671E-007
   3.30051043262353       1.585178441120785E-005
   3.30051043262353       2.723877642596359E-006
   3.33997964818955       4.530466406174178E-006
   3.33997964818955       2.387383515141807E-005
   3.33997964818955       1.082165532765687E-006
   3.37947032527194       4.177810434165287E-006
   3.37947032527194       6.404908003573852E-006
   3.37947032527194       6.888037691115950E-008
   3.41898207023009       5.201483908889685E-011
   3.41898207023009       9.496235322281925E-006
   3.41898207023009       1.807511210381958E-005
   3.41898207023009       3.210719999513198E-010
   3.45851450380291       2.026857489990556E-010
   3.45851450380291       3.267287121027928E-006
   3.45851450380291       2.063690864037286E-006
   3.45851450380291       2.330232258504031E-013
   3.49806726033149       1.810265756150078E-007
   3.49806726033149       1.411415040628769E-006
   3.49806726033149       2.186077066222596E-007
   3.53763998703698       2.093334506780844E-008
   3.53763998703698       2.213142208032128E-007
   3.53763998703698       1.739755115946731E-008
   3.57723234334873       1.798365048198374E-007
   3.57723234334873       7.189097577121764E-007
   3.57723234334873       6.862959215285052E-009
   3.61684400027851       4.149301517842736E-009
   3.61684400027851       1.018263115490401E-008
   3.61684400027851       1.927173829647460E-017
   3.65647463983688       5.034271609740082E-010
   3.65647463983688       4.151243043738149E-010
   3.16702499332222       4.422714030451386E-010
   3.16702499332222       1.266636595555805E-009
   3.20780085037771       3.522444296432555E-007
   3.20780085037771       2.085287879676510E-006
   3.20780085037771       1.671776914830381E-008
   3.24860123920797       4.989877097959905E-007
   3.24860123920797       7.959514963537783E-007
   3.24860123920797       2.611556066336128E-011
   3.28942566296145       5.979982823175297E-009
   3.28942566296145       7.220256540547292E-006
   3.28942566296145       6.039965811353786E-006
   3.28942566296145       1.564097654211922E-008
   3.33027364478970       4.097932917342914E-008
   3.33027364478970       2.483008010618398E-006
   3.33027364478970       1.017260491151327E-006
   3.37114472665780       2.067771318628966E-007
   3.37114472665780       1.393344099807803E-005
   3.37114472665780       2.934334859178428E-006
   3.41203846824755       3.657468306617408E-006
   3.41203846824755       1.849994654840072E-005
   3.41203846824755       7.855100152583770E-007
   3.45295444594440       5.379243530341117E-006
   3.45295444594440       7.503684390274803E-006
   3.45295444594440       7.571968041431328E-008
   3.49389225190044       3.029399398692629E-011
   3.49389225190044       8.900405545170141E-006
   3.49389225190044       1.882525070999166E-005
   3.49389225190044       3.070242880369125E-010
   3.53485149316624       1.057659911663679E-010
   3.53485149316624       5.503788154686035E-006
   3.53485149316624       3.638853229574995E-006
   3.53485149316624       6.110409414537322E-013
   3.57583179088552       2.160905682485940E-007
   3.57583179088552       2.020356025648834E-006
   3.57583179088552       3.586122327229655E-007
   3.61683277954690       5.453932949531212E-008
   3.61683277954690       3.887190256815652E-007
   3.61683277954690       3.271586286805437E-008
   3.65785410628783       2.447674679166868E-007
   3.65785410628783       1.185246443928477E-006
   3.65785410628783       1.799319373447314E-008
   3.69889543024621       1.501553731638741E-008
   3.69889543024621       3.652720793720984E-008
   3.69889543024621       7.197502984935270E-017
   3.73995642195570       1.111422610738590E-009
   3.73995642195570       1.007054905257407E-009
   3.24371888886316       7.121355793541250E-011
   3.24371888886316       2.039510082715452E-010
   3.28620965391658       1.544144168231345E-007
   3.28620965391658       8.930245314984359E-007
   3.28620965391658       8.781017029052088E-009
   3.32872598247628       3.480970384884735E-007
   3.32872598247628       5.890362003569638E-007
   3.32872598247628       4.506787724440325E-011
   3.37126735679466       2.215288331250838E-009
   3.37126735679466       4.720997865161536E-006
   3.37126735679466       3.833096818260920E-006
   3.37126735679466       9.052201501749906E-009
   3.41383327996847       3.993128076670002E-008
   3.41383327996847       1.785483035100168E-006
   3.41383327996847       6.321323661787038E-007
   3.45642327469925       1.403763631244726E-007
   3.45642327469925       1.046034477238839E-005
   3.45642327469925       2.779410504180358E-006
   3.49903688215035       2.457203443060341E-006
   3.49903688215035       1.212375587929530E-005
   3.49903688215035       4.688941678303574E-007
   3.54167366089131       6.077817114887286E-006
   3.54167366089131       7.840563843719122E-006
   3.54167366089131       7.089164566114897E-008
   3.58433318592135       1.249025895974945E-011
   3.58433318592135       7.109913444238780E-006
   3.58433318592135       1.669655830471042E-005
   3.58433318592135       2.552010186397575E-010
   3.62701504776482       3.882492939945761E-011
   3.62701504776482       8.342028525217650E-006
   3.62701504776482       5.810472012356763E-006
   3.62701504776482       1.430352260097445E-012
   3.66971885163189       2.198772458913737E-007
   3.66971885163189       2.598743668530752E-006
   3.66971885163189       5.275304636577045E-007
   3.71244421663887       1.321780081483237E-007
   3.71244421663887       7.945284959782404E-007
   3.71244421663887       7.349136755879239E-008
   3.75519077508290       2.907902273025395E-007
   3.75519077508290       1.803068672765324E-006
   3.75519077508290       4.211547964822387E-008
   3.79795817176628       5.104718965283826E-008
   3.79795817176628       1.236212472674432E-007
   3.79795817176628       2.476972114105940E-016
   3.84074606336629       2.257643259137442E-009
   3.84074606336629       2.315358679587748E-009
   3.33559693238072       6.364582235978875E-012
   3.33559693238072       1.822775047178997E-011
   3.38014212941403       5.098284557811196E-008
   3.38014212941403       2.670390081486167E-007
   3.38014212941403       3.055173825959669E-009
   3.42471412595126       1.883560356591248E-007
   3.42471412595126       3.420230551919717E-007
   3.42471412595126       6.384390413101525E-011
   3.46931237921164       5.106458122217415E-010
   3.46931237921164       2.477161264965050E-006
   3.46931237921164       1.934348499526860E-006
   3.46931237921164       3.550150118459071E-009
   3.51393636826664       3.954443867969230E-008
   3.51393636826664       1.423675992329552E-006
   3.51393636826664       3.919865366577304E-007
   3.55858559274037       7.402994750245996E-008
   3.55858559274037       6.443523704656854E-006
   3.55858559274037       2.173247145578899E-006
   3.60325957161139       1.273598322141623E-006
   3.60325957161139       6.688008084609850E-006
   3.60325957161139       2.412929782539287E-007
   3.64795784210602       5.702894135644333E-006
   3.64795784210602       7.027140843259236E-006
   3.64795784210602       5.336035979788201E-008
   3.69267995867469       3.255723137209408E-012
   3.69267995867469       4.591955033912432E-006
   3.69267995867469       1.177044958132045E-005
   3.69267995867469       2.031081169579159E-010
   3.73742549204354       9.006520769075104E-012
   3.73742549204354       1.077264921852367E-005
   3.73742549204354       8.017442976111645E-006
   3.73742549204354       2.788488886610287E-012
   3.78219402833464       1.783849014389435E-007
   3.78219402833464       2.832675966043374E-006
   3.78219402833464       6.520496503314531E-007
   3.82698516824854       2.742287021757297E-007
   3.82698516824854       1.619484473173317E-006
   3.82698516824854       1.677972120546072E-007
   3.87179852630391       2.840840701086115E-007
   3.87179852630391       2.404507110113573E-006
   3.87179852630391       8.210086022143204E-008
   3.91663373012920       1.479359523641806E-007
   3.91663373012920       3.575470876579299E-007
   3.91663373012920       7.209611816513497E-016
   3.96149041980205       4.015769727584069E-009
   3.96149041980205       4.781057499992745E-009
   3.44509289837796       2.780355954997894E-013
   3.44509289837796       7.962759014089847E-013
   3.49208647160217       1.154415736461609E-008
   3.49208647160217       5.066079369293397E-008
   3.49208647160217       6.145333440077831E-010
   3.53910831733460       7.176333977972127E-008
   3.53910831733460       1.438541491336715E-007
   3.53910831733460       6.843913614091058E-011
   3.58615786296118       6.447162019444385E-011
   3.58615786296118       9.576577247670255E-007
   3.58615786296118       7.136339951968585E-007
   3.58615786296118       8.231485077173974E-010
   3.63323455892110       3.078545222808455E-008
   3.63323455892110       1.080652919887405E-006
   3.63323455892110       2.267277522378723E-007
   3.68033787733590       2.757922676112563E-008
   3.68033787733590       3.067911666180326E-006
   3.68033787733590       1.285438847738184E-006
   3.72746731074534       4.613792276366664E-007
   3.72746731074534       3.332325491144716E-006
   3.72746731074534       1.481891754414530E-007
   3.77462237093991       4.154249088542315E-006
   3.77462237093991       5.159918084837502E-006
   3.77462237093991       3.009067370078448E-008
   3.82180258788091       4.707813867817840E-013
   3.82180258788091       2.292973100715540E-006
   3.82180258788091       6.030639003769333E-006
   3.82180258788091       1.872771552370496E-010
   3.86900750869993       1.164557110180797E-012
   3.86900750869993       1.116234715800447E-005
   3.86900750869993       9.074589882377363E-006
   3.86900750869993       4.201196449541125E-012
   3.91623669677071       1.056087709982626E-007
   3.91623669677071       2.417266993820610E-006
   3.91623669677071       6.229326294384366E-007
   3.96348973084676       4.521990802677286E-007
   3.96348973084676       2.808537759179693E-006
   3.96348973084676       3.272215997571000E-007
   4.01076620425921       2.113309138562119E-007
   4.01076620425921       2.623990521830972E-006
   4.01076620425921       1.236920469156500E-007
   4.05806572416952       3.346255588971161E-007
   4.05806572416952       8.081083599066571E-007
   4.05806572416952       1.633199023658441E-015
   4.10538791087261       5.897452087508845E-009
   4.10538791087261       8.262033773325110E-009
   3.57516780801080       5.108708025309031E-015
   3.57516780801080       1.463100823682608E-014
   3.62506991132447       1.551769583172476E-009
   3.62506991132447       5.479228334984111E-009
   3.62506991132447       6.136623667064082E-011
   3.67500203699075       1.745890985064372E-008
   3.67500203699075       4.081439331649497E-008
   3.67500203699075       4.970615348292213E-011
   3.72496357695531       3.861350946847252E-012
   3.72496357695531       2.393845359013876E-007
   3.72496357695531       1.693868711391480E-007
   3.72496357695531       9.660382123808233E-011
   3.77495394764388       1.554802849698344E-008
   3.77495394764388       6.313047840396675E-007
   3.77495394764388       1.114154400304051E-007
   3.82497258850648       6.445665991608545E-009
   3.82497258850648       1.022042542926139E-006
   3.82497258850648       5.086019483385825E-007
   3.87501896067510       1.093471386191631E-007
   3.87501896067510       1.686504125944892E-006
   3.87501896067510       1.294213245477895E-007
   3.92509254572396       2.167981747314224E-006
   3.92509254572396       2.920047312432874E-006
   3.92509254572396       1.164459307202273E-008
   3.97519284452265       3.263493742094059E-014
   3.97519284452265       9.451505654907673E-007
   3.97519284452265       2.070863512899963E-006
   3.97519284452265       1.839833167073283E-010
   4.02531937617381       7.272838941292413E-014
   4.02531937617381       8.702226871973047E-006
   4.02531937617381       7.937244844241958E-006
   4.02531937617381       4.465549327952167E-012
   4.07547167702746       4.050687774247332E-008
   4.07547167702746       1.447149358617463E-006
   4.07547167702746       4.109605922603802E-007
   4.12564929976530       5.463406382056710E-007
   4.12564929976530       3.670289190573375E-006
   4.12564929976530       4.789260249413034E-007
   4.17585181254887       1.082243633510459E-007
   4.17585181254887       2.135155805423840E-006
   4.17585181254887       1.314736518953669E-007
   4.22607879822605       5.433308422908047E-007
   4.22607879822605       1.311723032992946E-006
   4.22607879822605       2.653104083881723E-015
   4.27632985359099       6.640027898785509E-009
   4.27632985359099       1.093809748784961E-008
   3.72944639804454       3.313776116867504E-017
   3.72944639804454       9.490439739498159E-017
   3.78279823599603       1.053824687660256E-010
   3.78279823599603       3.039641051664846E-010
   3.78279823599603       2.610470759202573E-012
   3.83618217174673       2.625368873355090E-009
   3.83618217174673       7.975732371179122E-009
   3.83618217174673       2.518152621122216E-011
   3.88959755520745       9.372532238399202E-014
   3.88959755520745       3.424328293182905E-008
   3.88959755520745       2.304444806724172E-008
   3.88959755520745       4.930846879229781E-012
   3.94304376246143       4.677726476485970E-009
   3.94304376246143       3.032050659226358E-007
   3.94304376246143       5.958199721048513E-008
   3.99652019420783       8.826900016099158E-010
   3.99652019420783       2.237682345429978E-007
   3.99652019420783       1.251440122018627E-007
   4.05002627432670       2.909482589502301E-008
   4.05002627432670       1.068892388929182E-006
   4.05002627432670       1.560499238598792E-007
   4.10356144855341       8.960271321750056E-007
   4.10356144855341       1.452670538961433E-006
   4.10356144855341       3.099530057569002E-009
   4.15712518325269       9.272346599438643E-016
   4.15712518325269       6.825030883385619E-007
   4.15712518325269       7.201153319231570E-007
   4.15712518325269       2.096036160898123E-010
   4.21071696428271       1.875470379834905E-015
   4.21071696428271       6.796799250075105E-006
   4.21071696428271       7.397864589773517E-006
   4.21071696428271       4.085650238250741E-012
   4.26433629594134       9.411457119550001E-009
   4.26433629594134       6.160217622784134E-007
   4.26433629594134       1.909678081411622E-007
   4.31798269998714       6.802675485815025E-007
   4.31798269998714       5.268595686482474E-006
   4.31798269998714       8.011926839928913E-007
   4.37165571472865       3.879161462727713E-008
   4.37165571472865       1.506665282676050E-006
   4.37165571472865       1.202880013687213E-007
   4.42535489417600       1.012537384586773E-006
   4.42535489417600       2.444205241814085E-006
   4.42535489417600       4.945058555310335E-015
   4.47907980724971       8.242661026800041E-009
   4.47907980724971       1.662305135598431E-008
