   0.0000000  -2.0639934  -2.0639934  -2.0639934  -2.0639934  -2.0639934  -2.0639934
   0.0773665  -1.9636350  -2.1633897  -2.1557886  -2.1548986  -2.1493330  -2.1339756
   0.2188256  -2.2012194  -2.3792468  -2.3637439  -2.3619287  -2.3505773  -2.3192547
   0.4020084  -2.2122620  -2.3992965  -2.6478412  -2.6450869  -2.6278636  -2.5803382
   0.6189324  -2.2189631  -2.7074949  -2.6758756  -2.6721732  -2.9667779  -2.9028933
   0.8649843  -2.5186110  -3.0748663  -3.0350921  -3.0304349  -3.3589602  -3.2785991
   1.1370514  -2.5423875  -3.1179571  -3.4459903  -3.4403727  -3.7987577  -4.1120969
   1.4328485  -2.9208576  -3.5493344  -3.9033891  -3.8968067  -4.2820147  -4.6103169
   1.7506051  -2.9576679  -4.0260176  -4.4034104  -4.3958592  -4.8055080  -5.1465894
   2.0888967  -2.9916692  -4.5444247  -4.9430103  -4.9344868  -5.3666419  -5.7187027
   2.4465450  -3.4496553  -4.6162505  -5.5197169  -5.5102181  -5.4508197  -6.3247906
   2.8225539  -3.4947295  -5.1830733  -5.6060462  -6.1209942  -6.0554797  -6.9632511
   3.2160669  -4.0088645  -5.7858224  -6.2260615  -6.2146040  -6.6934189  -7.6326894
   3.6263376  -4.0636435  -6.4226357  -6.8789535  -6.8665132  -7.3631278  -8.3318768
   4.0527075  -4.1161915  -6.5175046  -7.5632689  -7.5498435  -8.0632852  -9.0597202
   4.4945902  -4.6921497  -7.1948610  -8.2777312  -8.2633187  -8.7927227  -9.9448234
   4.9514589  -4.7535171  -7.9029062  -9.0212076  -9.0058062  -9.6799811 -11.2692274
   5.4228375  -4.8129223  -8.0101517  -9.2709474  -9.2545554 -10.3353682 -12.0972781
   5.9082922  -4.8705232  -8.8847160  -9.9195656 -10.5738620 -11.1467860 -12.9500248
   6.4074262  -5.5124714  -9.5282636 -10.7246225 -10.7062443 -11.9838742 -13.8268329
   6.9198742  -5.5782430  -9.6469942 -11.5557250 -11.5363515 -12.8459212 -14.7271143
   7.4452991  -5.6423666 -10.4542713 -12.4121333 -12.3917631 -13.7322717 -15.6503220
   7.9833879  -5.7049508 -11.2877045 -13.2931673 -13.2717989 -14.6423195 -16.5959453
   8.5338492  -6.4069921 -11.4171937 -13.4416506 -14.1758308 -15.5755017 -17.5635065
   9.0964109  -5.9554665 -12.2825321 -14.3524997 -14.3291314 -15.7399432 -18.5525570
   9.6708183  -6.5459767 -13.1724028 -15.2866125 -15.2622424 -16.7010150 -19.5626746
  10.2568317  -6.6133928 -13.3120452 -16.2434578 -16.2180847 -17.6840903 -20.5934610
  10.8542259  -6.6795250 -14.2319714 -16.4060597 -17.1961620 -18.6887164 -21.6445398
  11.4627879  -7.4455528 -15.1750753 -17.3905801 -18.1960089 -19.7144677 -22.7155544
  12.0823164  -7.5188536 -15.3243566 -18.3967479 -18.3683597 -20.7609430 -23.8061664
  12.7126207  -7.5909308 -16.2959549 -19.4241334 -19.3947382 -21.8277627 -24.9160538
  13.3535196  -7.6618419 -16.4487211 -20.4723316 -20.4419284 -22.9145679 -26.0449104
  13.4831040  -7.5287604 -17.1521701 -20.3331983 -20.3025932 -22.7739699 -26.8328436
  14.6664200  -7.8003770 -18.4688328 -21.7270021 -22.5972333 -24.2220253 -29.3188561
  15.3381007  -7.8680971 -18.6306515 -22.8206223 -22.7871897 -25.3523572 -30.5168389
  16.0197331  -8.7089892 -19.6779239 -23.9338742 -23.8994300 -26.5016261 -31.7325005
  16.7111740  -8.7834544 -19.8430645 -24.1272227 -25.0309791 -27.6695416 -32.9656040
  17.4122861  -8.8569307 -20.9162173 -25.2645556 -26.1815303 -28.8558260 -34.2159215
  18.1229380  -8.9294568 -22.0094178 -26.4208080 -26.3833245 -29.0720871 -35.4832338
  18.8430031  -9.0010689 -22.1831142 -26.6212897 -27.5571933 -30.2807873 -36.7673301
  19.5723600  -9.0718014 -23.3011782 -27.8008037 -28.7494168 -31.5072732 -38.0680069
  20.3108919  -9.1416865 -23.4780493 -28.9985973 -28.9580675 -32.7513037 -39.3850682
  21.0584860  -9.2107546 -24.6204664 -30.2144098 -30.1728632 -34.0126470 -40.7183247
  21.8150339  -9.2790347 -24.8004882 -30.4263595 -31.4054276 -34.2434150 -42.0675935
  22.5804308  -9.3465538 -25.9667773 -31.6643727 -32.6555211 -35.5259473 -43.4326978
  23.3545756  -9.4133380 -26.1499241 -32.9198493 -32.8752482 -36.8253010 -44.8134664
  24.1373705  -9.4794117 -27.3396315 -33.1384885 -34.1469412 -38.1412718 -46.2097338
  24.9287209  -9.5447982 -27.5258767 -34.4155179 -35.4356507 -39.4736625 -47.6213393
  25.7285354  -9.6095196 -28.7385729 -35.7095031 -35.6618418 -39.7182851 -49.0481274
  26.5367253  -9.6735970 -28.9278893 -35.9346908 -36.9715533 -41.0708190 -49.3265525
  27.3532047  -9.7370506 -30.1631676 -37.2496342 -38.2978110 -42.4393515 -50.7717380
  28.1778902  -9.7998993 -30.3555273 -38.5810677 -38.5303407 -43.8237066 -52.2317780
  29.0107011  -9.8621615 -31.6130015 -38.8126695 -39.8770495 -45.2237137 -53.7065309
  29.8515587  -9.9238546 -31.8083767 -40.1645129 -41.2398711 -45.4816159 -55.1958591
  30.7003869  -9.9849952 -33.0876795 -41.5324168 -41.4786190 -46.9008611 -56.6996289
  31.5571114 -10.0455994 -33.2860423 -41.7703052 -42.8613816 -48.3353920 -56.9922996
  32.4216602 -10.1056823 -34.5868240 -43.1581113 -44.2598557 -49.7850549 -58.5136240
  33.2939630  -9.2189032 -34.7881467 -43.3981857 -44.5047069 -50.0520809 -60.0491055
  34.1739515  -9.2708979 -36.1100735 -44.8056341 -45.9226481 -51.5203714 -61.5986216
  35.0615593  -9.3224658 -36.3143286 -46.2285335 -47.3559281 -53.0034618 -63.1620526
  35.9567213  -9.3736186 -37.6570820 -46.4747426 -47.6067726 -54.5012123 -64.7392820
  36.8593745  -9.4243675 -37.8642421 -47.9168301 -49.0590778 -54.7771356 -65.0457608
  37.7694572  -9.4747235 -39.2275173 -49.3740134 -50.5263742 -56.2929577 -66.6398059
  38.6869091  -9.5246970 -39.4375557 -49.6262425 -50.7831072 -57.8231372 -68.2474000
  39.6116716  -8.5861713 -39.6461470 -51.1021897 -52.2690156 -58.1042559 -69.8684354
  40.5436873  -8.6286180 -41.0339508 -51.3565491 -52.5278040 -59.6521550 -71.5028071
  41.4829002  -8.6707572 -41.2454222 -52.8510410 -54.0321113 -59.9349447 -73.1504123
  42.4292557  -8.7125969 -42.6531216 -54.3601187 -55.5509104 -61.5003835 -74.8111505
  43.3827000  -8.7541449 -42.8674456 -54.6203586 -55.8154611 -63.0797421 -76.4849238
  44.3431811  -7.7803890 -43.0804036 -56.1475969 -57.3522842 -63.3676672 -76.8108320
  45.3106475  -7.8147629 -44.5119234 -56.4099391 -57.6188696 -64.9642423 -78.5005284
  46.2850494  -7.8489092 -44.7277313 -57.9551388 -59.1735224 -66.5744769 -80.2030485
  47.2663377  -7.8828337 -46.1785731 -58.2195843 -59.4421463 -66.8674785 -81.9183009
  48.2544643  -6.8818116 -46.3972031 -59.7825521 -61.0144402 -68.4946233 -83.6461962
  49.2493824  -6.9088221 -46.6145374 -60.0491011 -61.2851048 -68.7893041 -85.3866468
  50.2510457  -6.9356675 -48.0885474 -61.6296495 -62.8748570 -70.4332013 -87.1395668
  51.2594093  -5.9146869 -48.3086980 -61.8983011 -64.4783460 -72.0903786 -88.9048722
  52.2744289  -5.9348073 -48.5275953 -63.4962484 -64.7545964 -72.3900702 -90.6824805
  53.2960611  -5.9548142 -50.0244419 -63.7670006 -66.3752220 -74.0637169 -92.4723111
  54.3242633  -5.9747107 -50.2461474 -65.3821704 -66.6534862 -74.3650918 -94.2742847
  55.3589940  -4.9277267 -50.4666387 -65.6550206 -68.2910803 -76.0550613 -96.0883236
  56.4002121  -4.9411183 -51.9860032 -67.2872416 -68.5713581 -77.7579613 -97.9143517
  57.4478775  -4.9544456 -52.2092930 -67.5621865 -70.2257573 -78.0642791 -99.7522941
  58.5019507  -3.8883864 -52.4314048 -69.2112921 -70.5080477 -79.7832393-101.6020775
  59.5623930  -3.8953705 -53.9729806 -69.4883278 -70.7889157 -80.0912396-103.4636297
  60.6291664  -3.9023322 -54.1978798 -71.1541563 -72.4633944 -81.8261237-105.3368802
  61.7022336  -2.8175422 -54.4216348 -71.4332784 -72.7462974 -83.5736144-107.2217593
  62.7815578  -2.8183127 -54.6442627 -73.1156723 -74.4372412 -83.8864890-107.5940097
  63.8671030  -1.7212178 -56.2116570 -73.3968759 -74.7221759 -85.6496593-109.4931321
  64.9588337  -1.7159046 -56.4370742 -73.6767394 -76.4294347 -85.9642120-109.8663465
  66.0567151  -1.7106426 -56.6613947 -75.3789619 -76.7163973 -87.7429343-111.7796235
  67.1607129  -0.5953515 -58.2503777 -75.6609225 -78.4398248 -89.5339624-112.1538270
  68.2707934  -0.5841427 -58.4774732 -77.3793817 -78.7288111 -89.8533210-114.0811712
  69.3869234   0.5431120 -58.7035006 -77.6634329 -80.4682650 -91.6596732-114.4563872
  70.5090705   0.5601697 -58.9284746 -79.3979842 -80.7592704 -91.9807026-116.3977121
  71.6372023   0.5771121 -60.5425871 -79.6841191 -82.5146117 -93.8022596-116.7739626
  72.7712874   0.5939398 -60.7703330 -79.9689907 -82.8076312 -95.6358417-118.7291829
  73.9112948   0.6106539 -60.9970515 -81.7228334 -83.0993746 -95.9616094-119.1064883
  75.0571937   0.6272552 -61.2227563 -82.0097997 -84.8737531 -97.8101829-119.4822109
  76.2089540   0.6437446 -61.4474608 -83.7794313 -85.1675236 -98.1376123-121.4538992
  77.3665461   0.6601229 -63.0901210 -84.0684844 -86.9574986-100.0010651-121.8307215
  78.5299407   0.6763908 -63.3176020 -85.8537714 -87.2532898-101.8762807-122.2060049
  79.6991091   0.6925493 -63.5441058 -86.1449034 -89.0587329-102.2083819-124.1940691
  80.8740228   0.7085990 -63.7696448 -86.4348385 -89.3565387-104.0982765-124.5704930
  82.0546539   0.7245408 -63.9942312 -88.2389186 -89.6531354-104.4320288-126.5721872
  83.2409748   0.7403755 -65.6650137 -88.5309401 -91.4771383-106.3364970-126.9497665
  84.4329584   0.7561036 -65.8923767 -88.8217941 -91.7757587-106.6719028-127.3258707
  85.6305780   0.7717261 -66.1188076 -90.6444939 -93.6149595-108.5908412-129.3437581
  86.8338070   0.7872435 -66.3443180 -90.9374402 -93.9155964-108.9279023-129.7210533
  88.0426196   0.8026567 -66.5689190 -92.7753679 -94.2150688-110.8612097-130.0969110
  89.2569899   0.8179662 -66.7926216 -93.0703971 -96.0725222-111.1999277-132.1308992
  90.4768927   0.8331727 -68.4947868 -93.3643005 -96.3740180-113.1475049-132.5079806
  91.7023030   0.8482770 -68.7212696 -95.2205357 -98.2464121-113.4878808-134.5553411
  92.9331962   0.8632797 -68.9468719 -95.5165261 -98.5499236-113.8270069-134.9336566
  94.1695480   2.1090745 -69.1716040 -95.8114161 -98.8523112-115.7916648-136.9943118
  95.4113343   2.1293344 -69.3954760 -97.6857971-100.7426643-116.1324655-137.3738713
  96.6585315   2.1494705 -69.6184977 -97.9827769-101.0470726-116.4720455-137.7520671
  97.9111162   2.1694838 -69.8406790 -98.2786806-101.3503820-118.4536596-139.8285573
  99.1690653   2.1893751 -70.0620294-100.1710494-103.2585420-118.7949290-140.2080243
 100.4323560   2.2091454 -70.2825582-100.4690448-103.5638760-119.1350053-142.2976479
 101.7009660   2.2287956 -72.0264639-100.7659869-103.8681348-121.1334531-142.6783940
 102.9748728   3.5116172 -72.2497887-102.6761891-105.7939530-121.4752321-144.7810768
 104.2540547   3.5363488 -72.4723064-102.9752238-106.1002394-121.8158440-145.1631093
 105.5384900   4.8295504 -72.6940259-103.2732271-106.4054730-122.1553006-145.5438436
 106.8281571   4.8593003 -72.9149559-105.2011118-108.3488038-124.1733313-147.6621039
 108.1230351   6.1627975 -73.1351048-105.5012076-108.6560670-124.5145156-148.0441475
 109.4231031   6.1975045 -73.3544811-105.8002930-108.9622990-124.8545690-150.1753123
 110.7283403   7.5112147 -73.5730931-106.0983779-109.2675099-125.1935024-150.5586709
 112.0387264   7.5508192 -73.7909487-108.0468898-111.2312625-125.5313268-152.7026693
 113.3542413   8.8746619 -74.0080560-108.3470762-111.5385143-127.5716542-153.0873482
 114.6748649  10.2035413 -74.2244228-108.6462816-111.8447651-127.9112402-155.2441104
 116.0005778  10.2530026 -74.4400569-108.9445155-112.1500246-128.2497395-155.6301146
 117.3313603  11.5918973 -74.6549657-109.2417875-114.1340203-128.5871624-157.7995719
 118.6671932  11.6461037 -74.8691568-111.2138110-114.4413299-128.9235187-158.1869058
 120.0080576  12.9949376 -75.0826374-111.5132003-114.7476669-130.9859733-160.3689905
 121.3539345  13.0538352 -75.2954148-111.8116453-115.0530405-131.3241208-160.7576582
 122.7048055  14.4125341 -75.5074961-112.1091550-115.3574597-131.6612224-162.9523036
 124.0606521  15.7761382 -75.7188882-112.4057381-115.6609336-131.9972877-163.3423089
 125.4214561  17.1446295 -75.9295980-112.7014033-117.6710203-132.3323260-165.5494492
 126.7871995  17.2179223 -76.1396323-114.6997606-117.9765684-134.4167376-167.7665064
 128.1578646  18.5961350 -76.3489977-114.9975635-118.2811880-134.7535924-168.1603659
 129.5334336  18.6739449 -76.5577007-115.2944645-118.5848874-135.0894391-170.3897989
 130.9138893  20.0618094 -76.7657479-115.5904718-118.8876750-135.4242867-170.7849929
 132.2992143  21.4544742 -76.9731455-115.8855935-119.1895590-135.7581440-173.0267387
 133.6893916  21.5415364 -77.1798999-116.1798375-119.4905475-136.0910196-173.4232703
 135.0844044  22.9437515 -77.3860171-116.4732117-119.7906484-138.2000382-175.6772666
 136.4842358  24.3507169 -77.5915032-116.7657238-121.8325496-138.5347610-177.9409795
 137.8888695  24.4469015 -77.7963643-118.7961930-122.1347585-138.8685193-178.3413240
 139.2982890  25.8633188 -78.0006061-119.0908720-122.4360945-139.2013213-180.6171751
 140.7124781  27.2844380 -76.5568996-119.3847027-122.7365652-139.5331751-181.0188529
 142.1314208  28.7102432 -76.7558376-119.6776927-123.0361780-139.8640887-183.3067825
 143.5551012  28.8200952 -76.9541836-119.9698491-123.3349404-141.9975153-185.6042888
 144.9835037  30.2552258 -77.1519430-120.2611791-123.6328595-142.3303021-186.0097451
 146.4166126  31.6949959 -77.3491212-120.5516898-123.9299425-142.6621643-188.3192221
 147.8544126  33.1393903 -77.5457236-120.8413880-124.2261964-142.9931096-188.7260068
 149.2968883  33.2626812 -77.7417553-121.1302806-124.5216283-143.3231456-191.0473972
 150.7440247  34.7162793 -76.2655405-121.4183745-124.8162450-145.4779903-193.3782301
 152.1958069  36.1744570 -76.4564231-121.7056762-125.1100533-145.8099141-193.7887595
 153.6522199  37.6371997 -76.6467599-121.9921924-125.4030598-146.1409431-196.1314022
 155.1132492  39.1044928 -76.8365558-122.2779296-125.6952712-146.4710843-198.4834047
 156.5788802  39.2455397 -77.0258156-122.5628940-125.9866940-146.8003449-198.8976522
 158.0490985  40.7218909 -77.2145441-122.8470922-126.2773345-147.1287319-201.2613637
 159.5238897  42.2027501 -75.7110441-123.1305302-126.5671991-149.3076010-201.6769272
 161.0032399  43.6881031 -75.8947481-123.4132143-126.8562941-149.6378949-204.0522939
 162.4871349  43.8421033 -76.0779438-123.6951506-128.9592378-149.9673284-206.4368949
 163.9755609  45.3364028 -76.2606358-123.9763450-129.2505191-150.2959083-206.8561436
 165.4685042  46.8351552 -76.4428284-124.2568034-129.5410414-150.6236410-209.2523028
 166.9659510  48.3383469 -74.9169762-124.5365317-129.8308109-150.9505332-211.6576188
 168.4678880  49.8459647 -75.0942438-124.8155357-130.1198333-153.1532281-212.0805275
 169.9743017  51.3579953 -75.2710336-125.0938211-130.4081146-153.4820431-214.4973070
 171.4851789  51.5335613 -75.4473499-125.3713934-130.6956604-153.8100297-216.9231676
 173.0005064  53.0543785 -75.6231965-125.6482582-130.9824765-154.1371942-217.3497113
 174.5202712  54.5795696 -74.0753260-125.9244211-131.2685685-154.4635427-215.7668613
 176.0444604  56.1091219 -74.2463422-126.1998874-131.5539419-154.7890813-214.1796406
 177.5730611  57.6430227 -74.4169092-126.4746625-131.8386022-157.0154045-212.5880620
 179.1060606  59.1812595 -74.5870310-126.7487516-132.1225549-157.3428790-210.9921379
 180.6434465  60.7238200 -73.0217764-127.0221600-132.4058052-157.6695548-209.3918810
 182.1852062  62.2706917 -73.1871415-127.2948928-132.6883585-157.9954378-207.7873035
 183.7313272  62.4759855 -73.3520810-127.5669552-132.9702199-158.3205337-206.1784177
 185.2817975  64.0314433 -71.7739182-127.8383521-133.2513946-158.6448482-204.5652358
 186.8366047  65.5911761 -71.9341568-128.1090885-133.5318878-160.8946039-202.9477698
 188.3957369  67.1551719 -72.0939886-128.3791693-133.8117044-161.2208651-201.3260317
 189.9591820  68.7234189 -72.2534168-128.6485994-134.0908493-161.5463552-199.7000333
 191.5269283  70.2959055 -70.6582109-128.9173836-132.4855280-161.8710798-198.0697863
 193.0989638  71.8726201 -70.8130074-129.1855266-132.7597733-162.1950442-196.4353025
 194.6752771  73.4535511 -70.9674184-129.4530330-133.0333683-162.5182537-194.7965934
 196.2558564  73.6878161 -69.3595526-127.8361080-133.3063177-164.7912482-193.1536705
 197.8406903  75.2771458 -69.5093840-128.0987840-133.5786262-165.1164131-191.5065451
 199.4297674  76.8706579 -67.8931353-128.3608441-133.8502984-165.4408327-189.8552285
 201.0230764  78.4683412 -68.0384239-128.6222925-134.1213388-165.7645122-188.1997320
 202.6206062  80.0701848 -68.1833584-128.8831336-134.3917519-166.0874567-186.5400666
 204.2223455  81.6761777 -66.5546187-129.1433719-134.6615421-166.4096711-184.8762433
 205.8282833  83.2863089 -66.6950602-129.4030115-134.9307139-168.7057131-183.2082732
 207.4384088  84.9005677 -65.0580479-129.6620567-135.1992716-169.0298897-181.5361669
 209.0527109  86.5189433 -65.1940315-128.0118540-135.4672194-169.3533451-179.8599353
 210.6711791  88.1414251 -63.5487894-128.2661982-135.7345616-169.6760842-178.1795891
 212.2938025  89.7680026 -63.6803497-128.5199668-136.0013025-169.9981118-176.4951388
 213.9205705  91.3986653 -62.0269202-128.7731640-134.3377364-170.3194325-174.8065951
 215.5514726  93.0334028 -62.1540911-129.0257936-134.5998005-172.6383331-173.1139682
 217.1864984  94.6722047 -62.2809633-129.2778596-134.8612818-172.9616212-171.4172685
 218.8256375  96.3150609 -60.6153305-129.5293658-135.1221843-173.2842107-169.7165064
 220.4688796  97.9619612 -60.7378592-129.7803162-135.3825119-171.5977404-168.0116920
 222.1162144  99.6128955 -59.0641419-128.0975184-135.6422685-169.9072305-166.3028355
 223.7676318 101.2678538 -57.3863975-128.3438882-135.9014580-168.2126910-164.5899468
 225.4231219 102.9268262 -57.5005978-128.5897196-136.1600841-166.5141320-162.8730361
 227.0826744 104.5898027 -55.8148287-128.8350162-136.4181508-164.8115632-161.1521130
 228.7462797 106.2567737 -55.9247696-129.0797817-134.7182347-163.1049946-159.4271876
 230.4139277 107.9277294 -54.2310152-129.3240196-134.9717563-161.3944359-157.6982696
 232.0856087 108.2468136 -54.3367278-127.6171989-135.2247354-159.6798967-155.9653685
 233.7613130 109.9257098 -52.6350266-127.8569429-135.4771757-157.9613866-154.2284941
 235.4410310 111.6085620 -52.7365416-128.0961758-135.7290806-156.2389152-152.4876559
 237.1247531 113.2953608 -51.0269317-128.3349011-135.9804538-154.5124919-150.7428633
 238.8124699 114.9860967 -49.3133816-128.5731220-136.2312985-152.7821262-148.9941258
 240.5041718 116.6807604 -49.4067981-126.8465468-134.5036585-151.0478273-147.2414527
 242.1998495 118.3793428 -47.6853955-127.0803438-134.7500553-149.3096045-145.4848533
 243.8994937 120.0818346 -47.7746926-127.3136523-134.9959399-147.5674671-143.7243368
 245.6030951 121.7882268 -46.0454742-127.5464754-135.2413154-145.8214241-141.9599123
 247.3106447 123.4985102 -46.1306808-127.7788163-135.4861852-144.0714846-140.1915890
 249.0221333 125.2126759 -44.3936828-126.0327182-133.7390215-142.3176577-138.4193758
 250.7375518 126.9307151 -42.6528085-126.2607024-133.9795111-140.5599522-136.6432816
 252.4568913 128.6526187 -42.7300855-126.4882195-134.2195103-138.7983771-134.8633155
 254.1801428 130.3783780 -40.9814851-126.7152724-134.4590221-137.0329412-133.0794862
 255.9072975 132.1079844 -39.2290348-124.9537172-132.6964009-135.2636533-131.2918025
 257.6383466 133.8414290 -39.2984541-125.1764666-132.9315860-133.4905220-129.5002731
 259.3732813 135.5787033 -37.5383301-125.3987663-133.1662985-131.7135560-127.7049067
 261.1120930 137.3197986 -37.6037774-123.6257099-131.3921756-129.9327639-125.9057118
 262.8547730 139.0647066 -35.8360139-123.8437462-129.6142360-128.1481542-124.1026971
 264.6013128 142.1692653 -34.0644434-122.0630651-127.8324880-126.3597354-122.2958709
 266.3517039 143.9217732 -34.1221469-122.2768661-126.0469402-124.5675159-120.4852418
 268.1059377 145.6780685 -32.3429875-122.4902428-124.2576009-122.7715041-118.6708180
 269.8640059 147.4381429 -30.5600462-120.6981875-122.4644785-120.9717083-116.8526080
 271.6259002 149.2019881 -30.6100736-120.9073676-120.6675810-119.1681367-115.0306199
 273.3916123 150.9695961 -28.8195931-119.1077708-118.8669168-117.3607975-113.2048620
 275.1611339 152.7409587 -27.0253552-117.3044156-117.0624940-115.5496989-111.3753424
 276.9344568 154.5160678 -27.0677730-115.4973100-115.2543207-113.7348490-109.5420693
 278.7115729 156.2949154 -25.2660446-113.6864620-113.4424049-111.9162557-107.7050506
 280.4924742 158.0774935 -23.4605829-111.8718796-111.6267546-110.0939272-105.8642944
 282.2771525 159.8637941 -21.6513958-110.0535708-109.8073777-108.2678713-104.0198087
 284.0656000 161.6538096 -21.6825515-108.2315435-107.9842822-106.4380960-102.1716013
 285.8578087 163.4475319 -19.8659374-106.4058055-106.1574758-104.6046090-100.3196800
 287.6537707 165.2449534 -18.0456214-104.5763645-104.3269663-102.7674181 -98.4640527
 289.4534783 167.0460663 -18.0693195-102.7432283-102.4927616-100.9265312 -96.6047272
 291.2569235 168.8508630 -16.2416229-100.9064046-100.6548692 -99.0819558 -94.7417111
 293.0640987 170.6593358 -14.4102476 -99.0659011 -98.8132968 -97.2336997 -92.8750120
 294.8749962 172.4714771 -14.4265500 -97.2217253 -96.9680520 -95.3817703 -91.0046376
 296.6896084 174.2872794 -12.5878398 -95.3738847 -95.1191424 -93.5261754 -89.1305955
 298.5079277 176.1067353 -10.7454734 -93.5223870 -93.2665754 -91.6669224 -87.2528931
 300.3299465 177.9298372 -10.7544410 -91.6672394 -91.4103585 -89.8040187 -85.3715380
 302.1556573 179.7565779  -8.9047846 -89.8084496 -89.5504992 -87.9374717 -83.4865375
 303.9850528 181.5869499  -7.0514942 -87.9460247 -87.6870047 -86.0672889 -81.5978990
 305.8181254 183.4209459  -5.1945772 -86.0799721 -85.8198824 -84.1934775 -79.7056298
 307.6548678 185.2585587  -5.1926500 -84.2102991 -83.9491396 -82.3160448 -77.8097373
 309.4952728 187.0997811  -3.3285015 -82.3370130 -82.0747836 -80.4349981 -75.9102287
 311.3393330 188.9446058  -1.4607480 -80.4601209 -80.1968214 -78.5503445 -74.0071111
 313.1870411 190.7930258   0.4106033 -78.5796300 -78.3152602 -76.6620912 -72.1003918
 315.0383901 192.6450340   0.4233166 -76.6955473 -76.4301073 -74.7702454 -70.1900778
 316.8933728 194.5006232   2.3018422 -74.8078799 -74.5413695 -72.8748140 -68.2761763
 318.7519820 196.3597866   4.1839445 -72.9166350 -72.6490540 -70.9758041 -66.3586942
 320.6142107 198.2225171   4.2037753 -71.0218193 -70.7531677 -69.0732227 -64.4376385
 322.4800518 200.0888078   6.0930100 -69.1234399 -68.8537175 -67.1670767 -62.5130163
 324.3494985 203.3095228   7.9858005 -67.2215037 -66.9507104 -65.2573730 -60.5848344
 326.2225437 205.1829134   9.8821399 -65.3160175 -65.0441532 -63.3441186 -58.6530996
 328.0991806 207.0598436   9.9125749 -63.4069882 -63.1340527 -61.4273201 -56.7178189
 329.9794023 208.9403067   9.9429467 -61.4944225 -61.2204158 -59.5069844 -54.7789989
 331.8632020 210.8242960   9.9732555 -59.5783272 -59.3032491 -57.5831183 -52.8366465
 333.7505728 212.7118047  10.0035014 -57.6587089 -57.3825594 -55.6557283 -50.8907683
 335.6415081 214.6028264  10.0336847 -55.7355744 -55.4583533 -53.7248213 -48.9413711
 337.5360011 216.4973542  10.0638054 -53.8089302 -53.5306374 -51.7904039 -46.9884615
 339.4340452 218.3953817  10.0938638 -51.8787830 -51.5994184 -49.8524826 -45.0320460
 341.3356338 220.2969023  10.1238599 -49.9451393 -49.6647028 -47.9110639 -43.0721313
 343.2407601 222.2019095  10.1537940 -48.0080057 -47.7264971 -45.9661545 -41.1087239
 345.1494178 224.1103968  10.1836662 -46.0673885 -45.7848078 -44.0177608 -39.1418302
 347.0616002 226.0223578  10.2134766 -44.1232943 -43.8396413 -42.0658892 -37.1714567
 348.9773009 227.9377861  10.2432255 -42.1757294 -41.8910041 -40.1105461 -35.1976098
 350.8965135 229.8566754  10.2729128 -40.2247003 -39.9389025 -38.1517380 -33.2202959
 352.8192314 233.1248962  10.3025389 -38.2702133 -37.9833428 -36.1894711 -31.2395214
 354.7454484 235.0506884  12.2513164 -36.3122746 -36.0243314 -34.2237519 -29.2552926
 356.6751581 236.9799227  12.2843258 -34.3508906 -34.0618746 -32.2545864 -27.2676157
 358.6083542 238.9125927  12.3172680 -32.3860674 -32.0959785 -30.2819811 -25.2764971
 360.5450304 240.8486925  12.3501430 -30.4178113 -30.1266494 -28.3059420 -23.2819428
 362.4851804 242.7882157  12.3829513 -28.4461285 -28.1538934 -26.3264754 -21.2839591
 364.4287981 244.7311564  12.4156928 -26.4710250 -26.1777167 -24.3435874 -19.2825521
 366.3758772 246.6775082  12.4483678 -24.4925071 -24.1981254 -22.3572841 -17.2777280
 368.3264118 248.6272654  12.4809765 -22.5105807 -22.2151255 -20.3675716 -15.2694928
 370.2803955 250.5804217  12.5135190 -20.5252519 -20.2287232 -18.3744559 -13.2578526
 372.2378224 252.5369712  12.5459956 -18.5365267 -18.2389243 -16.3779430 -11.2428133
 374.1986863 254.4969079  12.5784063 -16.5444110 -16.2457348 -14.3780389  -9.2243810
 376.1629814 256.4602260  12.6107513 -14.5489109 -14.2491608 -12.3747496  -7.2025616
 378.1307016 258.4269194  12.6430309 -12.5500322 -12.2492081 -10.3680809  -5.1773611
 380.1018409 260.3969824  12.6752452 -10.5477808 -10.2458826  -8.3580388  -3.1487853
 382.0763935 262.3704091  12.7073943  -8.5421626  -8.2391902  -6.3446290  -1.1168400
 384.0543534 264.3471936  12.7394785  -6.5331833  -6.2291366  -4.3278575   0.9184688
 386.0357147 266.3273303  12.7714978  -4.5208489  -4.2157277  -2.3077300   2.9571354
 388.0204718 268.3108133  12.8034525  -2.5051649  -2.1989692  -0.2842522   4.9991540
 390.0086187 270.2976370  12.8353427  -0.4861372  -0.1788669   1.7425700   7.0445190
 392.0001496 272.2877956  12.8671686   1.5362285   1.8445736   3.7727310   9.0932245
 393.9950590 274.2812835  12.8989304   3.5619267   3.8713465   5.8062252  11.1452649
 395.9933409 277.6189594  12.9306281   5.5909515   5.9014463   7.8430468  13.2006345
 397.9949898 279.6190890  12.9622620   7.6232975   7.9348673   9.8831903  15.2593278
 400.0000000 281.6225310  12.9938322   9.6589589   9.9716039  11.9266500  17.3213390
