    0.0000000    0.0000000    0.0000000    0.0000000    0.0000000    0.0000000    0.0000000    0.0000000    0.0000000    0.0000000    0.0000000    0.0000000    0.0000000
    0.0773665    0.0000000  393.7474283  393.7474283  393.7474283  393.7474283  393.7474283    0.0000000  395.5839449  395.5763438  395.5754538  395.5698882  395.5545308
    0.2188256  394.5980986  391.6743236  391.6743236  391.6743236  391.6743236  391.6743236  393.6101674  393.7474283  393.7319254  393.7301101  393.7187588  393.6874362
    0.4020084  391.3548848  394.7034948  392.3170980  392.3170980  392.3170980  392.3170980  389.9680642  394.5881801  394.6523694  394.6496151  394.6323918  394.5848664
    0.6189324  392.8941765  390.2507532  390.2507532  390.2507532  388.9659576  388.9659576  391.3548848  390.9233993  390.8917800  390.8880776  391.6536770  391.5897924
    0.8649843  389.4996302  391.5558330  391.5558330  391.5558330  390.3008279  390.3008279  388.5887236  392.8774053  392.8376311  392.8329739  393.3673809  393.2870198
    1.1370514  387.8565558  390.3008279  389.4380642  389.4380642  388.0678456  386.8977484  386.8348439  390.9482004  391.3628123  391.3571947  391.5965259  392.3170980
    1.4328485  388.8899019  388.0678456  386.8977484  386.8977484  385.7936230  384.5546922  388.4624183  389.4092601  389.4631757  389.4565932  389.8283026  390.2507532
    1.7506051  388.1831078  385.7936230  384.5546922  384.5546922  383.8946052  382.8596864  387.6638928  387.8293630  387.7660091  387.7584578  388.4717682  388.9300246
    2.0888967  387.0818988  383.8946052  382.8596864  382.8596864  385.5095445  385.0309213  386.5172151  386.6282357  386.7251983  386.7166748  390.6316921  391.5152735
    2.4465450  384.8740780  382.8596864  385.0309213  385.0309213  385.0309213  383.2547895  384.9404711  385.2456814  389.5310791  389.5215802  389.4621818  390.2556274
    2.8225539  383.9055766  385.0309213  384.0840498  383.2547895  383.2547895  381.3397416  383.9402466  388.1058436  388.1250856  388.4401775  388.3746630  388.9114949
    3.2160669  381.8627240  383.2547895  382.2687650  382.2687650  381.3397416  379.4651905  382.5614614  387.0757227  387.0452771  387.0338197  387.1725713  387.6536661
    3.6263376  381.1209672  381.3397416  380.4398673  380.4398673  379.4651905  377.6080731  381.8010672  385.9269091  385.9718129  385.9593725  386.0342503  386.4543948
    4.0527075  380.1159010  380.4398673  378.5228063  378.5228063  377.6080731  375.8562241  380.7955326  384.8257318  384.8318628  384.8184374  384.9371815  385.3969577
    4.4945902  380.1753034  378.5228063  376.7516047  376.7516047  375.8562241  374.0308140  381.5311787  383.7075579  383.8577027  383.8432903  383.9683758  384.5546922
    4.9514589  381.2405739  376.7516047  374.9980609  374.9980609  374.0308140  371.5889215  382.5866333  382.7546535  382.9227412  382.9073398  383.1769292  383.8946052
    5.4228375  380.3065636  375.8562241  374.0308140  374.0308140  372.4976744  369.7803743  381.6718701  381.7365546  381.9474510  381.9310590  382.2460570  382.8596864
    5.9082922  379.4793038  374.0308140  372.4976744  371.5889215  370.6537657  369.8957660  380.8695000  380.9504100  381.0654015  381.1979926  381.2572123  383.7627917
    6.4074262  377.8709516  372.4976744  370.6537657  370.6537657  369.0966092  370.0422310  379.9945190  380.0953300  380.1024445  380.0840664  380.5753726  384.7279003
    6.9198742  376.9622788  371.5889215  369.0966092  369.0966092  370.4660012  368.3350239  379.1200218  379.1183677  379.4443790  379.4250055  382.8135930  383.8873830
    7.4452991  376.1470807  369.7803743  370.4660012  370.4660012  369.1759008  366.5219435  378.3424425  378.2096003  381.7044900  381.6841198  382.4413378  382.9701006
    7.9833879  375.3147118  369.8957660  369.1759008  369.1759008  367.3795186  364.6397807  377.5512207  379.2266708  381.3524452  381.3310769  381.5899271  382.0112276
    8.5338492  373.6228623  370.4660012  368.3350239  367.3795186  365.6707083  362.8793709  376.6381129  379.7546243  380.4196192  380.4973754  380.8469193  381.1986100
    9.0964109  373.4579285  369.1759008  366.5219435  366.5219435  364.6397807  361.0284885  375.9299837  379.4081816  379.5823619  379.5589936  379.6861341  380.3211986
    9.6708183  371.8633970  367.3795186  364.6397807  364.6397807  362.8793709  359.0475989  374.9789293  378.5812145  378.6967247  378.6723546  378.9291858  379.3390176
   10.2568317  370.9087611  366.5219435  362.8793709  362.8793709  361.0284885  357.0889712  374.0781282  377.7278672  377.9514255  377.9260524  378.1028777  378.4020679
   10.8542259  370.0949344  364.6397807  361.9069799  361.0284885  359.0475989  355.1173268  373.3181111  376.8427965  376.9485062  377.1097691  377.1678056  377.4747538
   11.4627879  368.4940119  362.8793709  360.0425956  359.0475989  357.0889712  353.2119523  372.5455684  376.0984108  376.1292260  376.1841472  376.2744529  376.6349626
   12.0823164  367.6861475  361.9069799  358.0770069  358.0770069  355.1173268  351.2831882  371.7980952  375.1579659  375.2289253  375.2005371  375.3876339  375.7933790
   12.7126207  366.7373929  360.0425956  356.0893217  356.0893217  353.2119523  349.2939385  370.9121007  374.3364657  374.3257000  374.2963047  374.5855866  374.9127720
   13.3535196  365.9694341  359.0475989  354.1658015  354.1658015  351.2831882  347.3310862  370.2058198  373.3906182  373.5047302  373.4743269  373.7792971  374.0786898
   13.4831040  365.9694341  358.0770069  354.1658015  354.1658015  351.2831882  346.2714157  370.0587823  373.2401034  373.2889267  373.2583215  373.5448041  373.9918392
   14.6664200  364.2869520  355.1173268  351.2831882  350.2685633  348.3049155  342.1167037  368.6496065  371.6177991  371.7731882  371.8360098  371.9408330  372.4362920
   15.3381007  363.3636088  354.1658015  349.2939385  349.2939385  346.2714157  340.0309839  367.7906569  370.7349054  370.9315167  370.8980841  371.0776441  371.5441091
   16.0197331  361.6871870  352.2480301  347.3310862  347.3310862  344.2009787  337.9067570  367.0057174  369.9293923  370.1339417  370.0994975  370.1957754  370.6330103
   16.7111740  360.8257587  351.2831882  346.2714157  345.2262423  342.1167037  335.8002099  366.2142353  369.0458441  369.1325202  369.1780970  369.3178860  369.7582495
   17.4122861  362.6682323  349.2939385  344.2009787  343.1679436  340.2046954  333.6746926  368.0997342  368.1934259  368.2528947  368.3203337  368.6280155  368.8831966
   18.1229380  361.4440297  347.3310862  342.1167037  342.1167037  338.9934637  331.4982588  366.9492595  367.3856034  367.3770326  367.3395490  367.4684654  367.9759002
   18.8430031  361.0381495  346.2714157  341.0903367  340.2046954  336.9258334  331.0407466  366.6088917  366.4242390  366.4315822  366.6504832  366.6496092  368.7881944
   19.5723600  360.3302485  344.2009787  338.9934637  337.9067570  335.0435403  330.3333844  365.9694341  365.5330456  365.5665967  365.5964226  366.0311277  369.3707078
   20.3108919  359.4074975  343.1679436  336.9258334  336.9258334  332.8761043  328.6037145  365.1171381  364.6078875  364.7475640  364.7070343  365.1470646  368.9584353
   21.0584860  358.5072576  341.0903367  335.0435403  335.0435403  330.7853610  326.4090832  364.2869520  363.7323229  364.1288317  364.0872851  364.3554606  368.1028922
   21.8150339  357.5131308  340.2046954  333.8285803  332.8761043  331.0407466  324.1747407  363.3636088  362.9620178  363.0221537  363.2018792  364.6882708  367.2248315
   22.5804308  356.4664031  337.9067570  331.7091190  330.7853610  330.3333844  321.9028829  362.3879546  361.8906696  362.1908146  362.4088581  365.2891840  366.3261947
   23.3545756  355.6975995  336.9258334  331.0407466  331.0407466  328.6037145  319.6277028  361.6871870  361.0342183  362.8124522  362.7678511  364.8940763  365.4406109
   24.1373705  354.7667918  335.0435403  331.6973047  330.3333844  326.4090832  317.3555875  360.8257587  360.3963443  363.5756909  363.3660966  364.0545612  364.5741917
   24.9287209  353.8729279  333.8285803  329.4991048  328.6037145  324.1747407  315.0348884  360.0006134  359.3157517  362.7042257  362.9683174  363.1914805  363.6756026
   25.7285354  352.8398184  331.7091190  327.7527832  327.7527832  323.2142713  312.6974377  359.0373118  358.4647271  362.2961289  362.2484676  362.3538665  362.7761633
   26.5367253  351.9316114  330.7853610  326.4090832  325.0561088  320.9761766  311.7093067  358.1973511  357.6794467  361.0944369  360.9143470  361.5084623  361.8812415
   27.3532047  350.9569811  331.6973047  324.1747407  323.2142713  318.6957816  309.2809450  357.2913115  359.8508365  360.2239597  360.4422033  360.6365357  360.9151156
   28.1778902  350.0220726  330.3333844  321.9028829  321.9028829  316.3322397  306.9318360  356.4242712  358.6363627  359.3319862  359.2812592  359.6975065  360.0425956
   29.0107011  349.0067832  328.6037145  320.9761766  319.6277028  314.0433979  304.2180630  355.4773249  358.2135703  358.5570129  358.4004639  358.8475044  358.8240451
   29.8515587  347.9926952  327.7527832  318.6957816  317.3555875  312.6974377  301.9655818  354.5312362  357.5131308  357.6767565  357.5380434  357.6566028  358.0770069
   30.7003869  347.0026800  325.0561088  316.3322397  316.3322397  310.3623364  299.4139453  353.6086465  356.1537250  356.7294853  356.6756875  356.7809495  357.0484899
   31.5571114  346.0881029  324.1747407  315.0348884  314.0433979  307.9833242  298.2631008  352.7604071  355.4289875  355.6003059  355.8165000  355.8765592  356.0376556
   32.4216602  344.9358257  321.9028829  312.6974377  311.7093067  305.5764544  295.7996023  351.6765115  354.5105883  354.6985016  354.9275297  354.9591974  355.1173268
   33.2939630  344.9358257  320.9761766  311.7093067  310.3623364  304.2180630  293.2901918  350.7707092  353.7465026  353.8828756  353.7571271  353.7759529  354.1658015
   34.1739515  344.0318735  318.6957816  309.2809450  307.9833242  301.9655818  290.7641630  349.9254790  352.8398184  352.9103938  352.8429680  353.0307411  353.2119523
   35.0615593  343.0942635  317.3555875  306.9318360  305.5764544  299.4139453  288.2005679  349.0466213  351.6716538  352.0311777  351.9159361  352.0036682  352.2349166
   35.9567213  341.9227056  315.0348884  305.5764544  304.2180630  297.0918483  285.6485126  347.9358522  350.7449741  350.8630905  350.7456628  351.2180242  351.2831882
   36.8593745  341.0749701  314.0433979  303.1778448  301.9655818  295.7996023  284.3945498  347.1453682  349.9270674  349.9537393  349.9902950  350.1182159  350.2069652
   37.7694572  340.2046954  311.7093067  300.7340944  299.4139453  293.2901918  281.8201426  346.3322752  349.0067832  349.0142090  348.9531786  349.1657167  349.2523471
   38.6869091  338.9934637  310.3623364  299.4139453  298.2631008  290.7641630  279.1641763  345.1813437  347.8417858  347.8914193  347.9990534  348.2106733  348.2305346
   39.6116716  338.9934637  309.2809450  297.0918483  295.7996023  289.5132276  276.4532411  344.2300338  346.9403845  347.0907774  347.0675873  347.1638094  347.1677441
   40.5436873  337.8530730  306.9318360  295.7996023  294.5311485  287.0136218  273.8185166  343.1422272  346.0286187  346.0014496  346.0030521  346.2530304  346.1937385
   41.4829002  336.9258334  305.5764544  293.2901918  292.0131848  285.6485126  271.1770001  342.2651914  344.8604908  345.0335786  345.0358127  345.1001096  345.2262423
   42.4292557  336.0585479  303.1778448  290.7641630  289.5132276  283.1234626  268.3892116  341.4472659  343.9188530  344.0633369  344.1003927  344.1819585  344.1270700
   43.3827000  335.0435403  301.9655818  289.5132276  288.2005679  280.4879375  265.6545136  340.4828555  342.8967831  343.0243139  343.0016810  343.1679436  343.0934922
   44.3431811  335.0435403  300.7340944  287.0136218  285.6485126  279.1641763  264.3396509  339.4997700  341.8560301  342.0980714  342.0324576  342.0664959  341.9975041
   45.3106475  333.8285803  298.2631008  285.6485126  284.3945498  276.4532411  261.5336287  338.3305707  340.8655233  340.9511559  340.9971294  340.9952425  340.9109381
   46.2850494  332.8761043  297.0918483  283.1234626  281.8201426  273.8185166  258.6203298  337.4210357  339.8885458  340.0173538  340.0233375  340.0127096  339.7309443
   47.2663377  331.7091190  294.5311485  281.8201426  280.4879375  272.4396693  255.9275576  336.2989457  338.8278822  338.9364951  338.9155516  338.8665960  338.7819589
   48.2544643  331.7091190  293.2901918  279.1641763  277.8324808  269.7647516  253.0795543  335.2909308  337.7859233  337.8905165  337.8788784  337.8613237  337.6918940
   49.2493824  330.7853610  292.0131848  277.8324808  276.4532411  268.3892116  250.4527514  334.4029533  336.7083913  336.7862251  336.7292887  336.7239932  336.8333309
   50.2510457  329.5603027  289.5132276  275.1700435  273.8185166  265.6545136  247.5666539  333.2165423  335.7301065  335.7510799  335.7303059  335.6763742  335.7304954
   51.2594093  329.5603027  288.2005679  273.8185166  271.1770001  262.9923242  244.5914697  332.1902523  334.6211317  334.6316120  334.7379438  334.7134667  334.5518109
   52.2744289  328.4640543  287.0136218  271.1770001  269.7647516  261.5336287  241.5455667  331.1248023  333.6366131  333.6342360  333.5638576  333.5027186  333.3153806
   53.2960611  327.5537402  284.3945498  269.7647516  267.0101209  258.6203298  238.8239486  330.2433246  332.5623694  332.4589283  332.4763696  332.3077294  332.4121789
   54.3242633  326.3105380  283.1234626  267.0101209  265.6545136  257.4057381  236.0210567  329.0321877  331.4982588  331.3664517  331.3626587  331.3434978  331.4406247
   55.3589940  326.3105380  281.8201426  265.6545136  262.9923242  254.5837300  232.9837666  327.9813890  330.4021412  330.2513294  330.3833725  330.2552171  330.2490487
   56.4002121  325.2590281  279.1641763  262.9923242  261.5336287  251.6271214  229.9853256  326.9536312  329.3130693  329.2670838  329.1717346  329.0462933  329.1078904
   57.4478775  324.1577946  277.8324808  261.5336287  258.6203298  250.4527514  226.9166591  325.8765883  328.1924431  328.0538662  327.9603692  328.1300404  327.9090926
   58.5019507  324.1577946  276.4532411  258.6203298  257.4057381  247.5666539  225.9914936  324.8078381  327.0245722  326.8375742  326.9943705  327.0069691  328.8441721
   59.5623930  323.1360480  273.8185166  257.4057381  255.9275576  246.1090696  224.7714926  323.8032159  325.9779687  325.8698467  325.7678017  325.8146782  329.4991048
   60.6291664  322.1097136  272.4396693  254.5837300  253.0795543  243.0703068  221.4987678  322.7940321  324.8139620  324.7603277  324.6408930  324.5563512  328.1335115
   61.7022336  322.1097136  271.1770001  253.0795543  251.6271214  240.3439044  219.2091368  321.7074912  323.7647299  323.5096165  323.4435627  323.6195785  327.7527832
   62.7815578  320.9069122  269.7647516  250.4527514  248.9580826  238.8239486  217.5696590  320.5174577  322.5671451  322.6095944  322.5099966  322.3731063  326.4090832
   63.8671030  320.9069122  267.0101209  248.9580826  247.5666539  236.0210567  214.2825729  319.4193795  321.4266752  321.3718871  321.3766905  321.3762352  325.0561088
   64.9588337  319.7832743  265.6545136  247.5666539  244.5914697  234.5287888  212.6348854  318.3016577  320.2885200  320.2365011  320.1560622  320.1611138  323.7097484
   66.0567151  318.6892659  264.3396509  244.5914697  243.0703068  231.5271681  210.1987793  317.2133205  319.1903827  319.0110542  318.8978411  318.9829811  323.2142713
   67.1607129  318.6892659  261.5336287  243.0703068  240.3439044  228.4666177  208.5475908  316.0977277  318.0199510  317.7506580  317.9393869  317.7585516  321.8695976
   68.2707934  317.6381219  260.0835014  240.3439044  238.8239486  226.9166591  205.2364440  315.0458864  316.7911784  316.7874275  316.6857834  316.4934027  320.5226656
   69.3869234  317.6381219  258.6203298  238.8239486  236.0210567  225.9914936  203.5764257  313.9194651  315.5491311  315.5315643  315.6673471  317.3982496  319.1741203
   70.5090705  316.5396278  257.4057381  236.0210567  234.5287888  226.4041317  201.0032908  312.8147707  314.5527995  314.5083948  314.4444857  318.0796850  318.5724776
   71.6372023  315.3937612  254.5837300  234.5287888  231.5271681  223.1363883  199.3384385  311.6632918  313.3908100  313.2831986  313.2449173  316.6804925  317.2237617
   72.7712874  314.0988490  253.0795543  232.9837666  229.9853256  219.8585826  195.9994804  310.3643711  312.1109800  312.0056795  311.9762238  315.2831257  315.8784457
   73.9112948  312.9423259  251.6271214  229.9853256  228.4666177  219.2091368  194.3253294  309.2025681  310.8819653  310.8078453  310.7303586  314.9197881  314.5249090
   75.0571937  311.8900227  250.4527514  228.4666177  225.3628638  215.9274845  192.6480353  308.1441219  309.9278091  309.5595141  309.4484016  313.5335098  313.1692024
   76.2089540  310.8060380  248.9580826  225.3628638  225.9914936  214.2825729  189.9432032  307.0544826  308.6561216  308.2729160  310.3315244  312.1880071  312.4692422
   77.3665461  309.6332088  246.1090696  225.9914936  224.7714926  210.9843851  188.2599320  305.8769986  307.4949288  309.1535193  310.9298087  310.8001341  311.1116641
   78.5299407  308.4494367  244.5914697  224.7714926  223.1363883  208.5475908  186.5734438  304.6887914  306.2036440  309.7472072  309.5748900  310.2765866  309.7516267
   79.6991091  307.1672426  243.0703068  223.1363883  219.8585826  206.8934893  183.1907517  303.4032562  304.9083740  308.3897217  308.1511518  308.9283443  308.3978600
   80.8740228  305.9782206  241.5455667  221.4987678  219.2091368  203.5764257  182.0597254  302.2100702  303.6090955  307.0295033  307.7750267  307.5479052  307.5914877
   82.0546539  304.8634753  240.3439044  219.2091368  217.5696590  201.9134064  178.6633715  301.0905262  302.6291887  306.5826978  306.4185432  306.1939581  306.2381445
   83.2409748  304.3594001  237.3305832  217.5696590  214.2825729  199.3384385  176.9602457  300.5756529  301.3325188  305.2235602  305.0038614  305.5626567  304.8689999
   84.4329584  305.0138281  236.0210567  215.9274845  212.6348854  197.6705094  175.2538045  301.2078043  300.2488626  303.8614572  303.6421509  304.2068897  303.4970201
   85.6305780  303.5641267  234.5287888  212.6348854  210.1987793  194.3253294  172.3138981  299.7569735  298.9838019  302.4399817  303.0848847  302.8274326  302.6124077
   86.8338070  302.1916755  232.9837666  210.9843851  208.5475908  192.6480353  170.5999157  298.3827255  297.6660178  301.0724781  301.7225557  301.4653582  301.2363439
   88.0426196  301.3959334  231.5271681  208.5475908  206.8934893  189.9432032  168.8825765  297.5795239  296.4352709  300.5132161  300.3570335  300.7340944  299.8572600
   89.2569899  300.3542764  229.9853256  206.8934893  203.5764257  188.2599320  165.4377917  296.5329703  295.1196255  299.1449424  298.9455595  299.3689950  298.4894472
   90.4768927  298.9797302  226.9166591  205.2364440  201.9134064  184.8837222  164.1160703  295.1569593  293.7985041  297.7733913  297.5739819  297.9872137  297.5052135
   91.7023030  297.6020390  225.3628638  201.9134064  199.3384385  183.1907517  160.6550201  293.7779373  292.4739997  296.3547172  296.9118835  296.6153383  296.1348244
   92.9331962  296.2211529  225.9914936  201.0032908  197.6705094  182.0597254  158.9193931  292.3958540  293.3095798  295.7253577  295.5381737  295.7996023  294.7439091
   94.1695480  296.2211529  226.4041317  199.3384385  195.9994804  178.6633715  155.7732960  291.1616970  293.9308084  294.3484101  294.1610212  294.4148747  293.6987493
   95.4113343  295.6351520  224.7714926  195.9994804  192.6480353  176.9602457  154.0290579  290.5611949  292.5266899  292.9317876  292.7478646  293.0354901  292.3022984
   96.6585315  294.2535559  223.1363883  194.3253294  191.6232747  175.2538045  152.2813944  289.1731761  291.1196055  291.5483085  292.0131848  291.6525778  290.9025146
   97.9111162  292.8686066  221.4987678  192.6480353  189.9432032  172.3138981  148.7757727  287.7819594  289.7095027  290.1612888  290.6293395  290.7365802  289.5175967
   99.1690653  291.4802646  219.8585826  189.9432032  186.5734438  170.5999157  147.2888901  286.3875048  288.2963318  289.3901129  289.2155570  289.3488478  288.3788341
  100.4323560  290.0376986  219.2091368  188.2599320  184.8837222  168.8825765  143.7652097  284.9394884  287.8634622  287.9997990  287.8247703  287.9574950  286.9892441
  101.7009660  289.3915187  215.9274845  186.5734438  183.1907517  165.4377917  141.9981990  284.2800133  286.3717869  286.6058454  286.4303303  286.5583725  285.5759255
  102.9748728  289.3915187  214.2825729  183.1907517  180.3631938  164.1160703  138.6660831  283.0116071  284.9563221  285.1811035  285.5706886  285.5612527  284.3891015
  104.2540547  287.9976535  212.6348854  182.0597254  178.6633715  162.3872436  136.8897010  281.6068844  283.5375751  284.3396344  284.1720285  284.1607572  282.9692042
  105.5384900  287.9976535  210.9843851  180.3631938  176.9602457  160.6550201  135.1098619  280.3284817  282.1155086  282.9378383  282.7696363  282.7565398  281.5457649
  106.8281571  286.6002396  210.1987793  176.9602457  174.0245330  157.1803566  131.6977371  278.9152653  281.5491523  281.5104156  281.8201426  281.3472709  280.2955149
  108.1230351  286.6002396  208.5475908  175.2538045  172.3138981  155.7732960  129.9082401  277.6269242  280.1253338  280.1013446  280.4128352  280.2674497  278.8651077
  109.4231031  285.1570417  206.8934893  174.0245330  170.5999157  154.0290579  126.4277177  276.1634590  278.6980961  279.1641763  279.0017313  278.8534280  277.5600678
  110.7283403  285.1570417  205.2364440  172.3138981  168.8825765  152.2813944  124.6940767  274.8652381  277.2674091  277.7499553  277.5868129  277.4356057  276.1874928
  112.0387264  283.7530113  203.5764257  168.8825765  165.4377917  150.5303007  121.1486003  273.4356824  275.8332441  276.3146773  276.1533927  276.0139650  274.8309917
  113.3542413  283.7530113  201.9134064  167.1618713  164.1160703  147.2888901  119.3393920  272.1276405  274.3955742  274.8929763  275.1326053  274.8577066  273.3860847
  114.6748649  283.7530113  201.0032908  165.4377917  162.3872436  145.5287724  115.7105863  270.8148277  273.7027459  273.4674170  273.7082758  273.4295294  271.9598526
  116.0005778  282.9944728  199.3384385  164.1160703  160.6550201  143.7652097  114.0110602  270.0145067  272.2621960  272.4396693  272.2800691  271.9974919  270.6259592
  117.3313603  282.9944728  197.6705094  162.3872436  157.1803566  141.9981990  110.3625346  268.6919546  270.8180690  271.0083587  270.8369506  270.5615803  269.1928931
  118.6671932  281.5866550  195.9994804  158.9193931  155.7732960  140.4390101  108.5330820  267.2441263  269.3703432  269.5599532  269.7330820  269.3309417  267.7327526
  120.0080576  281.5866550  194.3253294  157.1803566  154.0290579  136.8897010  104.8638031  265.9118942  267.9189982  268.1209785  268.2948802  267.8917379  266.2917549
  121.3539345  280.1402105  192.6480353  155.7732960  152.2813944  135.1098619  103.0239796  264.4211572  266.4640146  267.0101209  266.8527545  266.4449836  264.8236822
  122.7048055  280.1402105  191.6232747  154.0290579  150.5303007  133.4837731   99.3339721  263.0793040  265.6545136  265.5649147  265.4066958  265.1499509  263.3747046
  124.0606521  280.1402105  189.9432032  152.2813944  148.7757727  131.6977371   97.7463753  261.7327570  264.1957311  264.1157707  263.9566954  263.6960712  262.1586290
  125.4214561  280.1402105  188.2599320  150.5303007  145.5287724  129.9082401   94.0378839  260.3815242  262.7332589  262.6626810  262.7645305  262.2382584  260.7038226
  126.7871995  278.7254533  186.5734438  147.2888901  143.7652097  126.4277177   90.3156150  258.9078196  261.2670818  261.4642298  261.3079654  260.8888274  259.2451829
  128.1578646  278.7254533  184.8837222  145.5287724  141.9981990  124.6940767   88.4493196  257.5470728  259.7971855  260.0046082  259.8474366  259.4885848  257.7580429
  129.5334336  277.3069478  183.1907517  143.7652097  140.4390101  122.9289927   84.7064189  256.0651588  258.3235564  258.5410196  258.5920982  258.0566916  256.2913266
  130.9138893  277.3069478  182.0597254  141.9981990  138.6660831  121.1486003   82.8298187  254.6949566  257.4057381  257.0734587  257.1246029  256.6091150  254.7961839
  132.2992143  277.3069478  180.3631938  140.4390101  136.8897010  119.3393920   79.0663318  253.3201261  255.9275576  255.8110806  255.6531283  255.1324772  253.3213688
  133.6893916  276.4442315  178.6633715  138.6660831  135.1098619  117.5267206   77.1794506  252.3792234  254.4456095  254.3365392  254.1776704  253.6518722  251.8182122
  135.0844044  276.4442315  176.9602457  136.8897010  133.4837731  114.0110602   73.3954271  250.9950201  252.9598834  252.8580131  252.8538622  252.2919070  250.3352816
  136.4842358  276.4442315  175.2538045  135.1098619  129.9082401  112.1885277   69.5977423  249.6062224  251.4703698  251.3754992  251.3675794  250.8037615  248.8484411
  137.8888695  275.0211258  174.0245330  131.6977371  128.2236485  110.3625346   67.6937845  248.1014419  250.4527514  250.0394369  249.9881907  249.3116409  247.3330464
  139.2982890  275.0211258  172.3138981  129.9082401  126.4277177  108.5330820   63.8756543  246.7033534  248.9580826  248.5497263  248.4980089  247.8155425  245.8380671
  140.7124781  275.0211258  172.3138981  128.2236485  124.6940767  106.7001711   61.9614884  245.3007049  247.4946285  247.1633038  247.0689256  246.3154636  244.3146524
  142.1314208  275.0211258  170.5999157  126.4277177  122.9289927  104.8638031   58.1229717  243.8935061  245.9917813  245.6660863  245.6081440  244.8114022  242.8115300
  143.5551012  273.7027459  168.8825765  124.6940767  121.1486003  101.1807020   54.2708982  242.4787766  244.4851230  244.2299662  244.1316366  243.3097060  241.3044673
  144.9835037  273.7027459  167.1618713  122.9289927  119.3393920   99.3339721   52.3397864  241.0623930  242.9746474  242.7621475  242.6260305  241.7975694  239.7688303
  146.4166126  273.7027459  165.4377917  121.1486003  117.5267206   97.7463753   48.9373270  239.6414939  241.4603485  241.2786034  241.1164240  240.5414079  238.7188167
  147.8544126  273.7027459  164.1160703  119.3393920  115.7105863   95.8938528   46.9978798  238.2160891  240.3439044  239.7659615  239.6028174  239.0224006  237.1769440
  149.2968883  272.2621960  162.3872436  117.5267206  114.0110602   94.0378839   43.1088866  236.6670106  238.8239486  238.2493210  238.2040806  237.4994098  235.6571333
  150.7440247  272.2621960  162.3872436  115.7105863  112.1885277   90.3156150   39.2064534  235.2325261  237.3305832  236.7286827  236.6829952  235.9800373  234.1333693
  152.1958069  272.2621960  160.6550201  114.0110602  110.3625346   88.4493196   37.2502062  233.7935708  235.8024726  235.3229170  235.1579117  234.4489791  232.5793158
  153.6522199  272.2621960  158.9193931  112.1885277  108.5330820   86.5795867   33.3276699  232.3501551  234.2705292  233.7948062  233.6288314  232.9139416  231.0474176
  155.1132492  272.2621960  157.1803566  110.3625346  106.7001711   84.7064189   29.3917704  230.9022890  232.7347496  232.2627012  232.0957558  231.3749260  229.5115625
  156.5788802  271.1770001  155.7732960  108.5330820  104.8638031   82.8298187   27.4188191  229.6873032  231.5271681  230.7266038  230.5586867  229.8319332  227.9453637
  158.0490985  271.1770001  154.0290579  106.7001711  103.0239796   80.9497887   23.4629336  228.2304853  229.9853256  229.1865161  229.0176261  228.2849650  226.4013893
  159.5238897  271.1770001  154.0290579  104.8638031  101.1807020   77.1794506   21.4800073  226.7692520  228.4666177  227.6424402  227.4725763  226.7416517  224.8272341
  161.0032399  271.1770001  152.2813944  103.0239796   99.3339721   75.2891480   17.5042075  225.3036136  226.9166591  226.0943786  225.9235397  225.1866446  223.2751560
  162.4871349  269.7647516  150.5303007  101.1807020   95.8938528   73.3954271   13.5151720  223.7519320  225.3628638  224.5423340  224.6308805  223.6276706  221.7191268
  163.9755609  269.7647516  148.7757727   99.3339721   94.0378839   71.4982908   11.5157010  222.2774430  223.8052301  222.9863092  223.0749993  222.0647322  220.1328943
  165.4685042  269.7647516  147.2888901   97.7463753   92.1784705   69.5977423    7.5068729  220.7985833  222.5121298  221.6862651  221.5151402  220.4978319  218.5687851
  166.9659510  269.7647516  147.2888901   95.8938528   90.3156150   67.6937845    3.4848908  219.3153636  220.9725439  220.1233849  219.9513063  218.9269724  217.0007310
  168.4678880  269.7647516  145.5287724   94.0378839   88.4493196   63.8756543    1.4689773  217.8277940  219.4042745  218.5565344  218.3835011  217.3598000  215.4024701
  169.9743017  269.7647516  143.7652097   92.1784705   86.5795867   61.9614884    0.0000000  216.3358852  217.8321734  216.9857171  216.8117282  215.7809457  216.3733109
  171.4851789  268.3227682  141.9981990   90.3156150   84.7064189   60.0439264    0.0000000  214.7332639  216.2562403  215.4109368  215.2359914  214.1981443  218.8074440
  173.0005064  268.3227682  140.4390101   88.4493196   82.8298187   58.1229717    0.0000000  213.2326507  214.8856351  213.8321973  213.6562945  212.6113992  219.2091368
  174.5202712  268.3227682  140.4390101   86.5795867   80.9497887   56.1986278    0.0000000  211.7277320  213.3253322  212.2495027  212.0726417  211.0207140  217.5696590
  176.0444604  268.3227682  138.6660831   84.7064189   79.0663318   54.2708982    0.0000000  210.2185183  211.7385199  210.6628572  210.4850371  209.4260925  215.9274845
  177.5730611  268.3227682  136.8897010   82.8298187   77.1794506   50.4052959    0.0000000  208.7050200  210.1478856  209.0722650  208.8934850  207.8351896  214.2825729
  179.1060606  268.3227682  135.1098619   80.9497887   75.2891480   48.9373270    0.0000000  207.1872473  208.5534302  207.4777305  207.2979899  206.6978263  212.6348854
  180.6434465  268.3227682  135.1098619   79.0663318   73.3954271   46.9978798    0.0000000  205.6652107  206.9767429  205.8792584  205.6985564  205.0931152  210.9843851
  182.1852062  268.3227682  133.4837731   77.1794506   71.4982908   45.0550651    0.0000000  204.1389204  205.5299425  204.2768531  204.0951890  203.4844866  209.3310369
  183.7313272  266.9160572  131.6977371   75.2891480   69.5977423   43.1088866    0.0000000  202.5415875  203.9244102  202.6705196  202.4878927  201.8719449  207.6748069
  185.2817975  266.9160572  131.6977371   73.3954271   67.6937845   41.1593481    0.0000000  201.0067802  202.3355813  201.0602626  200.8766722  200.2554945  206.0156631
  186.8366047  266.9160572  129.9082401   71.4982908   65.7864208   37.2502062    0.0000000  199.4677522  200.7221022  199.4460871  199.2615325  198.6445704  204.3535748
  188.3957369  266.9160572  128.2236485   69.5977423   63.8756543   35.2906104    0.0000000  197.9245138  199.2121094  197.8279981  197.6424788  197.0202450  202.6885126
  189.9591820  266.9160572  126.4277177   67.6937845   61.9614884   33.3276699    0.0000000  196.3770750  197.5915231  196.2060008  196.0195161  195.3920271  201.0204486
  191.5269283  266.9160572  126.4277177   65.7864208   61.9614884   31.3613886    0.0000000  194.8254461  195.9864897  194.5801003  194.3917741  193.7599216  199.3493562
  193.0989638  266.9160572  124.6940767   63.8756543   60.0439264   29.3917704    0.0000000  193.2696371  194.4230993  192.9503020  192.7609845  192.1239334  197.6752098
  194.6752771  266.9160572  122.9289927   61.9614884   58.1229717   27.4188191    0.0000000  191.7096583  192.8282268  191.3166112  191.1263019  190.4840675  195.9979852
  196.2558564  265.6545136  122.9289927   61.9614884   56.1986278   23.4629336    0.0000000  190.2271826  191.2111819  189.6793935  189.4877317  188.8497697  194.3176592
  197.8406903  265.6545136  121.1486003   60.0439264   54.2708982   21.4800073    0.0000000  188.6588658  189.5967206  188.0378908  187.8452794  187.2020987  192.6342099
  199.4297674  265.6545136  121.1486003   58.1229717   52.3397864   19.4937639    0.0000000  187.0864108  187.9717883  186.3925125  186.1989506  185.5505675  190.9476161
  201.0230764  265.6545136  119.3393920   56.1986278   50.4052959   17.5042075    0.0000000  185.5098276  186.3243920  184.7432641  184.5487509  183.8951813  189.2578579
  202.6206062  265.6545136  117.5267206   54.2708982   48.9373270   15.5113422    0.0000000  183.9291260  184.6732390  183.0901514  183.3598837  182.2359454  187.5649163
  204.2223455  265.6545136  117.5267206   52.3397864   46.9978798   13.5151720    0.0000000  182.3443159  183.0363853  181.4331800  181.7037312  180.5728653  185.8687730
  205.8282833  265.6545136  115.7105863   50.4052959   45.0550651    9.5129333    0.0000000  180.7554071  181.3774345  179.7723557  180.0437253  178.9154030  184.1694108
  207.4384088  265.6545136  115.7105863   48.9373270   43.1088866    7.5068729    0.0000000  179.1624095  179.7327470  178.5728819  178.3798717  177.2445920  182.4668134
  209.0527109  265.6545136  114.0110602   48.9373270   41.1593481    5.4975241    0.0000000  177.5653327  178.1848948  176.9047876  176.7121764  175.5699551  180.7609651
  210.6711791  265.6545136  114.0110602   46.9978798   39.2064534    3.4848908    0.0000000  175.9641866  176.5323943  175.2341653  175.0406453  173.8914979  179.0518511
  212.2938025  265.6545136  112.1885277   45.0550651   37.2502062    1.4689773    0.0000000  174.3589808  174.8584485  173.5597143  173.3652843  172.2092260  177.3394574
  213.9205705  265.6545136  112.1885277   43.1088866   37.2502062    0.0000000    0.0000000  172.7497249  173.1981562  171.8814403  171.6834749  171.0678551  175.6237707
  215.5514726  265.6545136  110.3625346   41.1593481   35.2906104    0.0000000    0.0000000  171.1364285  171.5164936  170.1993494  170.0004418  173.3951597  173.9047782
  217.1864984  265.6545136  108.5330820   39.2064534   33.3276699    0.0000000    0.0000000  169.5191012  169.8311247  168.5134476  168.3135970  173.7101280  172.1824680
  218.8256375  265.6545136  108.5330820   37.2502062   31.3613886    0.0000000    0.0000000  167.8977525  168.1590791  166.8237409  166.6229465  174.0245330  170.4568287
  220.4688796  265.6545136  106.7001711   35.2906104   29.3917704    0.0000000    0.0000000  166.2723919  166.4660326  165.1302355  164.9284964  172.3138981  168.7278497
  222.1162144  265.6545136  106.7001711   35.2906104   27.4188191    0.0000000    0.0000000  164.6430288  164.7862547  163.4315817  163.2302529  170.5999157  166.9955208
  223.7676318  265.6545136  106.7001711   33.3276699   25.4425389    0.0000000    0.0000000  163.0096726  163.1027203  161.7304490  161.5282221  168.8825765  165.2598323
  225.4231219  265.6545136  104.8638031   31.3613886   23.4629336    0.0000000    0.0000000  161.3723326  161.3980706  160.0255363  159.8224102  167.1618713  163.5207754
  227.0826744  265.6545136  104.8638031   29.3917704   21.4800073    0.0000000    0.0000000  159.7310181  159.7068347  158.3168497  158.1128234  165.4377917  161.7783415
  228.7462797  265.6545136  103.0239796   27.4188191   21.4800073    0.0000000    0.0000000  158.0857384  157.9945774  156.6043953  156.3969064  163.7103295  160.0325225
  230.4139277  265.6545136  103.0239796   25.4425389   19.4937639    0.0000000    0.0000000  156.4365027  156.2956635  154.8881794  154.6797540  161.9794774  158.2833110
  232.0856087  264.3396509  101.1807020   25.4425389   17.5042075    0.0000000    0.0000000  154.8168314  154.5758258  153.1669027  152.9588455  160.2452282  156.5307000
  233.7613130  264.3396509  101.1807020   23.4629336   15.5113422    0.0000000    0.0000000  153.1597057  152.8692578  151.4431323  151.2341870  158.5075753  154.7746828
  235.4410310  264.3396509   99.3339721   21.4800073   13.5151720    0.0000000    0.0000000  151.4986520  151.1418671  149.7156194  149.5057849  156.7665125  153.0152532
  237.1247531  264.3396509   99.3339721   19.4937639   11.5157010    0.0000000    0.0000000  149.8336795  149.4276692  147.9843701  147.7736454  155.0220341  151.2524055
  238.8124699  264.3396509   99.3339721   17.5042075    9.5129333    0.0000000    0.0000000  148.1647969  147.7097509  146.2493909  146.0377747  153.2741347  149.4861343
  240.5041718  264.3396509   97.7463753   17.5042075    9.5129333    0.0000000    0.0000000  146.4920132  146.2309070  144.5094505  144.2956891  151.5228093  147.7164348
  242.1998495  264.3396509   97.7463753   15.5113422    7.5068729    0.0000000    0.0000000  144.8153373  144.5053923  142.7669778  142.5523375  149.7680533  145.9433021
  243.8994937  264.3396509   95.8938528   13.5151720    5.4975241    0.0000000    0.0000000  143.1347780  142.7602028  141.0207941  140.8052737  148.0098624  144.1667322
  245.6030951  264.3396509   95.8938528   11.5157010    3.4848908    0.0000000    0.0000000  141.4503440  141.0271165  139.2709058  139.0545040  146.2482328  142.3867210
  247.3106447  264.3396509   94.0378839    9.5129333    1.4689773    0.0000000    0.0000000  139.7620442  139.2744708  137.5173190  137.3000348  144.4831607  140.6032651
  249.0221333  264.3396509   94.0378839    9.5129333    1.4689773    0.0000000    0.0000000  138.0698870  137.5338377  135.7588448  135.5394898  142.7146430  138.8163611
  250.7375518  264.3396509   94.0378839    7.5068729    0.0000000    0.0000000    0.0000000  136.3738813  135.7895159  133.9978263  134.3223100  140.9426766  137.0260060
  252.4568913  264.3396509   92.1784705    5.4975241    0.0000000    0.0000000    0.0000000  134.6740355  134.0256080  132.2331285  134.5589764  139.1672589  135.2321973
  254.1801428  264.3396509   92.1784705    3.4848908    0.0000000    0.0000000    0.0000000  132.9703582  132.2737743  130.4647576  134.7952036  137.3883874  133.4349324
  255.9072975  264.3396509   92.1784705    3.4848908    0.0000000    0.0000000    0.0000000  131.2628579  130.5182652  128.6915988  133.0200304  135.6060601  131.6342093
  257.6383466  264.3396509   90.3156150    1.4689773    0.0000000    0.0000000    0.0000000  129.5515431  128.7431587  126.9158453  133.2521160  133.8202750  129.8300261
  259.3732813  264.3396509   90.3156150    0.0000000    0.0000000    0.0000000    0.0000000  127.8364221  126.9801732  125.6811478  133.4837731  132.0310306  128.0223813
  261.1120930  264.3396509   88.4493196    0.0000000    0.0000000    0.0000000    0.0000000  126.1175032  125.1977210  123.8970849  131.6977371  130.2383254  126.2112733
  262.8547730  264.3396509   88.4493196    0.0000000    0.0000000    0.0000000    0.0000000  124.3947949  123.4272844  124.1125679  129.9082401  128.4421583  124.3967012
  264.6013128  265.6545136   88.4493196    0.0000000    0.0000000    0.0000000    0.0000000  122.6347908  121.6531968  122.3213305  128.1152810  126.6425284  122.5786639
  266.3517039  265.6545136   86.5795867    0.0000000    0.0000000    0.0000000    0.0000000  120.9045232  119.8596506  122.5327258  126.3188593  124.8394350  120.7571608
  268.1059377  265.6545136   86.5795867    0.0000000    0.0000000    0.0000000    0.0000000  119.1704902  118.0781477  122.7437300  124.5189743  123.0328775  118.9321914
  269.8640059  265.6545136   86.5795867    0.0000000    0.0000000    0.0000000    0.0000000  117.4327003  116.2930083  120.9416556  122.7156259  121.2228557  117.1037554
  271.6259002  265.6545136   84.7064189    0.0000000    0.0000000    0.0000000    0.0000000  115.6911613  114.4884305  121.1486003  120.9088137  119.4093694  115.2718526
  273.3916123  265.6545136   84.7064189    0.0000000    0.0000000    0.0000000    0.0000000  113.9458814  112.6959120  119.3393920  119.0985380  117.5924187  113.4364832
  275.1611339  265.6545136   84.7064189    0.0000000    0.0000000    0.0000000    0.0000000  112.1968686  110.8997716  117.5267206  117.2847990  115.7720039  111.5976474
  276.9344568  265.6545136   82.8298187    0.0000000    0.0000000    0.0000000    0.0000000  110.4441308  109.0842243  115.7105863  115.4675971  113.9481253  109.7553456
  278.7115729  265.6545136   82.8298187    0.0000000    0.0000000    0.0000000    0.0000000  108.6876759  107.2807410  113.8909898  113.6469328  112.1207836  107.9095785
  280.4924742  265.6545136   82.8298187    0.0000000    0.0000000    0.0000000    0.0000000  106.9275119  105.4736510  112.0679319  111.8228068  110.2899795  106.0603467
  282.2771525  265.6545136   82.8298187    0.0000000    0.0000000    0.0000000    0.0000000  105.1636466  103.6629584  110.2414133  109.9952202  108.4557138  104.2076512
  284.0656000  265.6545136   80.9497887    0.0000000    0.0000000    0.0000000    0.0000000  103.3960877  101.8327989  108.4114352  108.1641739  106.6179876  102.3514929
  285.8578087  265.6545136   80.9497887    0.0000000    0.0000000    0.0000000    0.0000000  101.6248430  100.0148107  106.5779987  106.3296690  104.7768022  100.4918732
  287.6537707  265.6545136   80.9497887    0.0000000    0.0000000    0.0000000    0.0000000   99.8499202   98.1932354  104.7411051  104.4917069  102.9321587   98.6287933
  289.4534783  265.6545136   79.0663318    0.0000000    0.0000000    0.0000000    0.0000000   98.0713269   96.3522496  102.9007558  102.6502891  101.0840587   96.7622547
  291.2569235  265.6545136   79.0663318    0.0000000    0.0000000    0.0000000    0.0000000   96.2890708   94.5234150  101.0569525  100.8054170   99.2325036   94.8922589
  293.0640987  265.6545136   79.0663318    0.0000000    0.0000000    0.0000000    0.0000000   94.5031595   92.6910087   99.2096967   98.9570924   97.3774953   93.0188076
  294.8749962  265.6545136   77.1794506    0.0000000    0.0000000    0.0000000    0.0000000   92.7136004   90.8392566   97.3589903   97.1053170   95.5190354   91.1419027
  296.6896084  265.6545136   77.1794506    0.0000000    0.0000000    0.0000000    0.0000000   90.9204010   88.9996274   95.5048352   95.2500928   93.6571259   89.2615460
  298.5079277  265.6545136   77.1794506    0.0000000    0.0000000    0.0000000    0.0000000   89.1235689   87.1564422   93.6472334   93.3914218   91.7917688   87.3777396
  300.3299465  265.6545136   75.2891480    0.0000000    0.0000000    0.0000000    0.0000000   87.3231113   85.2939832   91.7861871   91.5293062   89.9229663   85.4904856
  302.1556573  265.6545136   75.2891480    0.0000000    0.0000000    0.0000000    0.0000000   85.5190358   83.4436112   89.9216984   89.6637480   88.0507205   83.5997863
  303.9850528  265.6545136   75.2891480    0.0000000    0.0000000    0.0000000    0.0000000   83.7113495   81.5896989   88.0537696   87.7947497   86.1750338   81.7056439
  305.8181254  265.6545136   75.2891480    0.0000000    0.0000000    0.0000000    0.0000000   81.9000597   79.7322509   86.1824032   85.9223136   84.2959086   79.8080610
  307.6548678  265.6545136   73.3954271    0.0000000    0.0000000    0.0000000    0.0000000   80.0851738   77.8555287   84.3076017   84.0464422   82.4133473   77.9070398
  309.4952728  265.6545136   73.3954271    0.0000000    0.0000000    0.0000000    0.0000000   78.2666989   75.9909412   82.4293676   82.1671381   80.5273526   76.0025832
  311.3393330  265.6545136   73.3954271    0.0000000    0.0000000    0.0000000    0.0000000   76.4446422   74.1228338   80.5477035   80.2844040   78.6379271   74.0946937
  313.1870411  265.6545136   73.3954271    0.0000000    0.0000000    0.0000000    0.0000000   74.6190108   72.2512113   78.6626122   78.3982425   76.7450735   72.1833741
  315.0383901  265.6545136   71.4982908    0.0000000    0.0000000    0.0000000    0.0000000   72.7898118   70.3603304   76.7740966   76.5086566   74.8487947   70.2686271
  316.8933728  265.6545136   71.4982908    0.0000000    0.0000000    0.0000000    0.0000000   70.9570522   68.4816153   74.8821594   74.6156490   72.9490935   68.3504557
  318.7519820  265.6545136   71.4982908    0.0000000    0.0000000    0.0000000    0.0000000   69.1207390   66.5994010   72.9868037   72.7192227   71.0459728   66.4288629
  320.6142107  265.6545136   69.5977423    0.0000000    0.0000000    0.0000000    0.0000000   67.2808792   64.6980268   71.0880324   70.8193807   69.1394358   64.5038516
  322.4800518  265.6545136   69.5977423    0.0000000    0.0000000    0.0000000    0.0000000   65.4374798   62.8087555   69.1858486   68.9161262   67.2294854   62.5754250
  324.3494985  266.9160572   69.5977423    0.0000000    0.0000000    0.0000000    0.0000000   63.5088730   60.9160009   67.2802555   67.0094622   65.3161248   60.6435861
  326.2225437  266.9160572   69.5977423    0.0000000    0.0000000    0.0000000    0.0000000   61.6584020   59.0197677   65.3712562   65.0993919   63.3993572   58.7083383
  328.0991806  266.9160572   67.6937845    0.0000000    0.0000000    0.0000000    0.0000000   59.8044117   57.1044134   63.4588540   63.1859186   61.4791859   56.7696847
  329.9794023  266.9160572   65.7864208    0.0000000    0.0000000    0.0000000    0.0000000   57.9469090   55.1857504   61.5430522   61.2690455   59.5556141   54.8276286
  331.8632020  266.9160572   63.8756543    0.0000000    0.0000000    0.0000000    0.0000000   56.0859006   53.2637818   59.6238542   59.3487761   57.6286452   52.8821735
  333.7505728  266.9160572   61.9614884    0.0000000    0.0000000    0.0000000    0.0000000   54.2213933   51.3385105   57.7012632   57.4251137   55.6982827   50.9333227
  335.6415081  266.9160572   60.0439264    0.0000000    0.0000000    0.0000000    0.0000000   52.3533936   49.4099399   55.7752829   55.4980618   53.7645299   48.9810797
  337.5360011  266.9160572   58.1229717    0.0000000    0.0000000    0.0000000    0.0000000   50.4819083   47.4780730   53.8459167   53.5676239   51.8273904   47.0254480
  339.4340452  266.9160572   56.1986278    0.0000000    0.0000000    0.0000000    0.0000000   48.6069440   45.5429132   51.9131681   51.6338035   49.8868677   45.0664311
  341.3356338  266.9160572   54.2708982    0.0000000    0.0000000    0.0000000    0.0000000   46.7285071   43.6044637   49.9770407   49.6966041   47.9429653   43.1040327
  343.2407601  266.9160572   52.3397864    0.0000000    0.0000000    0.0000000    0.0000000   44.8466043   41.6627278   48.0375381   47.7560295   45.9956869   41.1382563
  345.1494178  266.9160572   50.4052959    0.0000000    0.0000000    0.0000000    0.0000000   42.9612420   39.7177091   46.0946639   45.8120832   44.0450362   39.1691056
  347.0616002  266.9160572   48.9373270    0.0000000    0.0000000    0.0000000    0.0000000   41.0724268   38.2346085   44.1484220   43.8647690   42.0910168   37.1965843
  348.9773009  266.9160572   46.9978798    0.0000000    0.0000000    0.0000000    0.0000000   39.1801649   36.2848059   42.1988158   41.9140905   40.1336325   35.2206962
  350.8965135  266.9160572   45.0550651    0.0000000    0.0000000    0.0000000    0.0000000   37.2844628   34.3317310   40.2458493   39.9600515   38.1728870   33.2414450
  352.8192314  268.3227682   43.1088866    0.0000000    0.0000000    0.0000000    0.0000000   35.4521178   32.3753873   38.2895262   38.0026558   36.2087841   31.2588344
  354.7454484  268.3227682   43.1088866    0.0000000    0.0000000    0.0000000    0.0000000   33.5495402   30.4302704   36.3298504   36.0419072   34.2413276   29.2728684
  356.6751581  268.3227682   41.1593481    0.0000000    0.0000000    0.0000000    0.0000000   31.6435414   28.4670083   34.3668255   34.0778096   32.2705214   27.2835507
  358.6083542  268.3227682   39.2064534    0.0000000    0.0000000    0.0000000    0.0000000   29.7341275   26.5004901   32.4004557   32.1103668   30.2963693   25.2908853
  360.5450304  268.3227682   37.2502062    0.0000000    0.0000000    0.0000000    0.0000000   27.8213049   24.5307192   30.4307446   30.1395827   28.3188753   23.2948761
  362.4851804  268.3227682   35.2906104    0.0000000    0.0000000    0.0000000    0.0000000   25.9050797   22.5576993   28.4576962   28.1654612   26.3380432   21.2955268
  364.4287981  268.3227682   33.3276699    0.0000000    0.0000000    0.0000000    0.0000000   23.9854581   20.5814341   26.4813146   26.1880063   24.3538769   19.2928417
  366.3758772  268.3227682   31.3613886    0.0000000    0.0000000    0.0000000    0.0000000   22.0624462   18.6019272   24.5016035   24.2072219   22.3663806   17.2868245
  368.3264118  268.3227682   29.3917704    0.0000000    0.0000000    0.0000000    0.0000000   20.1360502   16.6191823   22.5185671   22.2231120   20.3755580   15.2774792
  370.2803955  268.3227682   27.4188191    0.0000000    0.0000000    0.0000000    0.0000000   18.2062760   14.6332032   20.5322093   20.2356806   18.3814133   13.2648100
  372.2378224  268.3227682   25.4425389    0.0000000    0.0000000    0.0000000    0.0000000   16.2731297   12.6439936   18.5425341   18.2449317   16.3839504   11.2488208
  374.1986863  268.3227682   23.4629336    0.0000000    0.0000000    0.0000000    0.0000000   14.3366174   10.6515573   16.5495456   16.2508694   14.3831735    9.2295156
  376.1629814  268.3227682   21.4800073    0.0000000    0.0000000    0.0000000    0.0000000   12.3967449    8.6558980   14.5532478   14.2534977   12.3790864    7.2068985
  378.1307016  268.3227682   19.4937639    0.0000000    0.0000000    0.0000000    0.0000000   10.4535183    6.6570196   12.5536447   12.2528206   10.3716934    5.1809736
  380.1018409  268.3227682   17.5042075    0.0000000    0.0000000    0.0000000    0.0000000    8.5069434    4.6549259   10.5507405   10.2488423    8.3609985    3.1517450
  382.0763935  268.3227682   15.5113422    0.0000000    0.0000000    0.0000000    0.0000000    6.5570261    2.6496208    8.5445393    8.2415669    6.3470057    1.1192167
  384.0543534  268.3227682   13.5151720    0.0000000    0.0000000    0.0000000    0.0000000    4.6037723    0.6411080    6.5350451    6.2309984    4.3297192   -0.9166070
  386.0357147  268.3227682   11.5157010    0.0000000    0.0000000    0.0000000    0.0000000    2.6471878   -1.3706085    4.5222621    4.2171409    2.3091432   -2.9557222
  388.0204718  268.3227682    9.5129333    0.0000000    0.0000000    0.0000000    0.0000000    0.6872784   -3.3853951    2.5061943    2.1999987    0.2852817   -4.9981246
  390.0086187  268.3227682    7.5068729    0.0000000    0.0000000    0.0000000    0.0000000   -1.2759502   -5.4032868    0.4868460    0.1795757   -1.7418612   -7.0438102
  392.0001496  268.3227682    5.4975241    0.0000000    0.0000000    0.0000000    0.0000000   -3.2424922   -7.4243697   -1.5357788   -1.8441238   -3.7722812   -9.0927747
  393.9950590  268.3227682    3.4848908    0.0000000    0.0000000    0.0000000    0.0000000   -5.2123420   -9.4486401   -3.5616758   -3.8710956   -5.8059743  -11.1450140
  395.9933409  269.7647516    1.4689773    0.0000000    0.0000000    0.0000000    0.0000000   -7.0791365  -11.4760938   -5.5908409   -5.9013357   -7.8429362  -13.2005239
  397.9949898  269.7647516    0.0000000    0.0000000    0.0000000    0.0000000    0.0000000   -9.0555994  -12.9620169   -7.6232700   -7.9348399   -9.8831629  -15.2593003
  400.0000000  269.7647516    0.0000000    0.0000000    0.0000000    0.0000000    0.0000000  -11.0353530  -12.9935888   -9.6589589   -9.9716039  -11.9266500  -17.3213390
