 ieps grid_eps grid_z put_eps grid_eps_original cut_off_data
   1.0000000   0.3965561   1.0000000   0.0064705   0.8271885   0.1727065   0.0001051   0.0000000   0.0000000   0.0000000   0.0000000   0.0000000   0.0000000   0.0000000   0.0000000   0.0000000   0.0000000   0.0000000   0.0000000   0.0000000   0.0000000   0.0000000   0.0000000   0.0000000   0.0000000   0.0000000   0.0000000   0.0000000   0.0000000   0.0000000   0.0000000   0.0000000   0.0000000   0.0000000   0.0000000   0.4287866   1.5875153
   2.0000000   0.4879401   1.0000000   0.0245026   0.0456101   0.7719192   0.1820855   0.0003852   0.0000000   0.0000000   0.0000000   0.0000000   0.0000000   0.0000000   0.0000000   0.0000000   0.0000000   0.0000000   0.0000000   0.0000000   0.0000000   0.0000000   0.0000000   0.0000000   0.0000000   0.0000000   0.0000000   0.0000000   0.0000000   0.0000000   0.0000000   0.0000000   0.0000000   0.0000000   0.0000000   0.5275979   1.5875153
   3.0000000   0.5878628   1.0000000   0.0607647   0.0000100   0.0734043   0.7326829   0.1926701   0.0012325   0.0000002   0.0000000   0.0000000   0.0000000   0.0000000   0.0000000   0.0000000   0.0000000   0.0000000   0.0000000   0.0000000   0.0000000   0.0000000   0.0000000   0.0000000   0.0000000   0.0000000   0.0000000   0.0000000   0.0000000   0.0000000   0.0000000   0.0000000   0.0000000   0.0000000   0.0000000   0.6356421   1.5875153
   4.0000000   0.6940108   1.0000000   0.1070794   0.0000000   0.0000997   0.1091265   0.6836821   0.2036383   0.0034487   0.0000046   0.0000000   0.0000000   0.0000000   0.0000000   0.0000000   0.0000000   0.0000000   0.0000000   0.0000000   0.0000000   0.0000000   0.0000000   0.0000000   0.0000000   0.0000000   0.0000000   0.0000000   0.0000000   0.0000000   0.0000000   0.0000000   0.0000000   0.0000000   0.0000000   0.7504174   1.5875153
   5.0000000   0.8034953   1.0000000   0.1431050   0.0000000   0.0000000   0.0006705   0.1513971   0.6259380   0.2134831   0.0084535   0.0000576   0.0000002   0.0000000   0.0000000   0.0000000   0.0000000   0.0000000   0.0000000   0.0000000   0.0000000   0.0000000   0.0000000   0.0000000   0.0000000   0.0000000   0.0000000   0.0000000   0.0000000   0.0000000   0.0000000   0.0000000   0.0000000   0.0000000   0.0000000   0.8688003   1.5875153
   6.0000000   0.9130368   1.0000000   0.1527974   0.0000000   0.0000000   0.0000003   0.0031882   0.1970201   0.5612631   0.2199452   0.0181018   0.0004736   0.0000075   0.0000001   0.0000000   0.0000000   0.0000000   0.0000000   0.0000000   0.0000000   0.0000000   0.0000000   0.0000000   0.0000000   0.0000000   0.0000000   0.0000000   0.0000000   0.0000000   0.0000000   0.0000000   0.0000000   0.0000000   0.0000000   0.9872449   1.5875153
   7.0000000   1.0191986   1.0000000   0.1363751   0.0000000   0.0000000   0.0000000   0.0000097   0.0111958   0.2402980   0.4919384   0.2203066   0.0335179   0.0025629   0.0001575   0.0000116   0.0000013   0.0000002   0.0000000   0.0000000   0.0000000   0.0000000   0.0000000   0.0000000   0.0000000   0.0000000   0.0000000   0.0000000   0.0000000   0.0000000   0.0000000   0.0000000   0.0000000   0.0000000   0.0000000   1.1020352   1.5875153
   8.0000000   1.1186450   1.0000000   0.1062582   0.0000000   0.0000000   0.0000000   0.0000000   0.0001757   0.0302513   0.2733052   0.4203853   0.2120753   0.0528131   0.0090829   0.0014788   0.0002851   0.0000690   0.0000174   0.0000034   0.0000041   0.0000094   0.0000132   0.0000132   0.0000097   0.0000052   0.0000020   0.0000005   0.0000001   0.0000000   0.0000000   0.0000000   0.0000000   0.0000000   0.0000000   1.2095641   1.5875153
   9.0000000   1.2083944   1.0000000   0.0752931   0.0000000   0.0000000   0.0000000   0.0000000   0.0000015   0.0017159   0.0649439   0.2882061   0.3489118   0.1938371   0.0696843   0.0209389   0.0062992   0.0020119   0.0005824   0.0001202   0.0001478   0.0003489   0.0005253   0.0005923   0.0005198   0.0003524   0.0001786   0.0000641   0.0000152   0.0000022   0.0000002   0.0000000   0.0000000   0.0000000   0.0000000   1.3066080   1.5875153
  10.0000000   1.2860430   1.0000000   0.0501181   0.0000000   0.0000000   0.0000000   0.0000000   0.0000000   0.0000726   0.0097833   0.1127626   0.2806154   0.2795665   0.1659016   0.0759122   0.0314159   0.0123294   0.0039585   0.0008464   0.0010563   0.0025682   0.0041043   0.0051016   0.0051573   0.0042305   0.0027347   0.0013246   0.0004483   0.0000971   0.0000121   0.0000008   0.0000000   0.0000000   0.0000000   1.3905676   1.5875153
  11.0000000   1.3499370   1.0000000   0.0319435   0.0000000   0.0000000   0.0000000   0.0000000   0.0000000   0.0000036   0.0013492   0.0349636   0.1596865   0.2515629   0.2140996   0.1304611   0.0668811   0.0301763   0.0104023   0.0022794   0.0028743   0.0071355   0.0118960   0.0158539   0.0177584   0.0167719   0.0130368   0.0079591   0.0035642   0.0010709   0.0001938   0.0000186   0.0000008   0.0000000   0.0000000   1.4596546   1.5875153
  12.0000000   1.3992841   1.0000000   0.0195705   0.0000000   0.0000000   0.0000000   0.0000000   0.0000000   0.0000003   0.0002308   0.0111664   0.0826150   0.1861453   0.2068224   0.1540155   0.0912462   0.0451691   0.0163211   0.0036350   0.0046156   0.0116185   0.0199255   0.0278234   0.0333902   0.0346955   0.0306162   0.0220008   0.0120649   0.0046208   0.0011066   0.0001456   0.0000091   0.0000002   0.0000000   1.5130125   1.5875153
  13.0000000   1.4342078   1.0000000   0.0113084   0.0000000   0.0000000   0.0000000   0.0000000   0.0000000   0.0000000   0.0000592   0.0044204   0.0462008   0.1348515   0.1809026   0.1544596   0.1007105   0.0529527   0.0197234   0.0044390   0.0056617   0.0143802   0.0251153   0.0361375   0.0453249   0.0500592   0.0479070   0.0382434   0.0239572   0.0108024   0.0031360   0.0005134   0.0000408   0.0000013   0.0000000   1.5507746   1.5875153
  14.0000000   1.4557641   1.0000000   0.0057730   0.0000000   0.0000000   0.0000000   0.0000000   0.0000000   0.0000000   0.0000245   0.0023809   0.0308045   0.1057445   0.1595430   0.1481104   0.1022890   0.0557399   0.0211362   0.0047864   0.0061207   0.0156284   0.0275891   0.0403998   0.0519919   0.0594914   0.0596667   0.0506137   0.0342563   0.0170066   0.0055412   0.0010358   0.0000954   0.0000036   0.0000000   1.5740830   1.5875153
  15.0000000   1.4659830   1.0000000   0.0021467   0.0000000   0.0000000   0.0000000   0.0000000   0.0000000   0.0000000   0.0000159   0.0017545   0.0251102   0.0931385   0.1486418   0.1435728   0.1018693   0.0564439   0.0215816   0.0049012   0.0062753   0.0160622   0.0284959   0.0420678   0.0547851   0.0637158   0.0652907   0.0569432   0.0399282   0.0207200   0.0071232   0.0014170   0.0001398   0.0000058   0.0000001   1.5851324   1.5875153
  16.0000000   1.4681867   1.0000000   0.0004839   0.0000000   0.0000000   0.0000000   0.0000000   0.0000000   0.0000000   0.0000145   0.0016411   0.0240030   0.0905347   0.1462534   0.1424801   0.1016827   0.0565423   0.0216577   0.0049215   0.0063029   0.0161414   0.0286668   0.0423936   0.0553495   0.0645959   0.0664960   0.0583377   0.0412149   0.0215904   0.0075081   0.0015137   0.0001516   0.0000063   0.0000001   1.5875153   1.5875153
  17.0000000   1.4688349   1.0000000   0.0006177   0.0000000   0.0000000   0.0000000   0.0000000   0.0000000   0.0000000   0.0000141   0.0016090   0.0236851   0.0897769   0.1455490   0.1421514   0.1016215   0.0565676   0.0216787   0.0049272   0.0063106   0.0161637   0.0287153   0.0424870   0.0555128   0.0648525   0.0668497   0.0587496   0.0415975   0.0218512   0.0076244   0.0015432   0.0001553   0.0000065   0.0000001   1.5882161   1.5875153
  18.0000000   1.4718571   1.0000000   0.0015730   0.0000000   0.0000000   0.0000000   0.0000000   0.0000000   0.0000000   0.0000124   0.0014671   0.0222483   0.0862921   0.1422555   0.1405763   0.1012981   0.0566639   0.0217685   0.0049517   0.0063443   0.0162616   0.0289312   0.0429081   0.0562573   0.0660340   0.0684931   0.0606795   0.0434062   0.0230963   0.0081861   0.0016874   0.0001733   0.0000075   0.0000001   1.5914839   1.5875153
  19.0000000   1.4783232   1.0000000   0.0027679   0.0000000   0.0000000   0.0000000   0.0000000   0.0000000   0.0000000   0.0000094   0.0012014   0.0194162   0.0791104   0.1351747   0.1369825   0.1004004   0.0567502   0.0219148   0.0049939   0.0064032   0.0164376   0.0293347   0.0437265   0.0577536   0.0684748   0.0719691   0.0648533   0.0474084   0.0259223   0.0094985   0.0020356   0.0002184   0.0000099   0.0000002   1.5984757   1.5875153
  20.0000000   1.4890706   1.0000000   0.0040576   0.0000000   0.0000000   0.0000000   0.0000000   0.0000000   0.0000000   0.0000059   0.0008564   0.0153791   0.0680223   0.1234009   0.1304060   0.0983137   0.0565367   0.0220197   0.0050326   0.0064608   0.0166273   0.0298245   0.0448274   0.0599278   0.0722329   0.0775774   0.0718757   0.0544316   0.0311158   0.0120410   0.0027515   0.0003174   0.0000155   0.0000003   1.6100966   1.5875153
  21.0000000   1.5048630   1.0000000   0.0053043   0.0000000   0.0000000   0.0000000   0.0000000   0.0000000   0.0000000   0.0000029   0.0005134   0.0107543   0.0536829   0.1064211   0.1196496   0.0940174   0.0554442   0.0218645   0.0050185   0.0064545   0.0166718   0.0301264   0.0458301   0.0623498   0.0769596   0.0852595   0.0821947   0.0654647   0.0398770   0.0166905   0.0041859   0.0005365   0.0000295   0.0000006   1.6271725   1.5875153
  22.0000000   1.5264572   1.0000000   0.0063666   0.0000000   0.0000000   0.0000000   0.0000000   0.0000000   0.0000000   0.0000011   0.0002483   0.0064079   0.0377502   0.0846005   0.1036123   0.0861705   0.0525885   0.0210912   0.0048691   0.0062778   0.0162960   0.0297434   0.0459894   0.0640562   0.0816202   0.0942328   0.0957400   0.0814752   0.0539468   0.0250469   0.0071147   0.0010516   0.0000676   0.0000016   1.6505218   1.5875153
  23.0000000   1.5546479   1.0000000   0.0071095   0.0000000   0.0000000   0.0000000   0.0000000   0.0000000   0.0000000   0.0000003   0.0000920   0.0031062   0.0227057   0.0598402   0.0820937   0.0735762   0.0469603   0.0192519   0.0044781   0.0057921   0.0151324   0.0279805   0.0441831   0.0634325   0.0841783   0.1024051   0.1111253   0.1026871   0.0753853   0.0398193   0.0132358   0.0023482   0.0001851   0.0000053   1.6810037   1.5875153
  24.0000000   1.5903053   1.0000000   0.0074251   0.0000000   0.0000000   0.0000000   0.0000000   0.0000000   0.0000000   0.0000001   0.0000245   0.0011537   0.0110498   0.0358228   0.0569044   0.0561618   0.0379618   0.0160042   0.0037584   0.0048811   0.0128574   0.0241690   0.0391939   0.0584543   0.0816052   0.1058899   0.1244926   0.1269840   0.1053640   0.0648455   0.0260345   0.0057787   0.0005863   0.0000224   1.7195592   1.5875153
  25.0000000   1.6344117   1.0000000   0.0072591   0.0000000   0.0000000   0.0000000   0.0000000   0.0000000   0.0000000   0.0000000   0.0000043   0.0003043   0.0040434   0.0169391   0.0323865   0.0361362   0.0262708   0.0114742   0.0027274   0.0035605   0.0094764   0.0181885   0.0305004   0.0477078   0.0709171   0.0995668   0.1288828   0.1476774   0.1411438   0.1034299   0.0515935   0.0149083   0.0020503   0.0001101   1.7672504   1.5875153
  26.0000000   1.6881006   1.0000000   0.0066320   0.0000000   0.0000000   0.0000000   0.0000000   0.0000000   0.0000000   0.0000000   0.0000005   0.0000519   0.0010138   0.0057724   0.0138629   0.0180414   0.0143796   0.0065679   0.0015853   0.0020831   0.0056180   0.0110719   0.0193712   0.0321735   0.0517226   0.0800127   0.1163221   0.1528415   0.1717509   0.1529594   0.0970460   0.0377570   0.0073976   0.0005969   1.8253030   1.5875153
  27.0000000   1.7527012   1.0000000   0.0056428   0.0000000   0.0000000   0.0000000   0.0000000   0.0000000   0.0000000   0.0000000   0.0000000   0.0000051   0.0001555   0.0012630   0.0039745   0.0062396   0.0055748   0.0026933   0.0006628   0.0008782   0.0024084   0.0049089   0.0090652   0.0162505   0.0288501   0.0504010   0.0845354   0.1308922   0.1774452   0.1964946   0.1618485   0.0869008   0.0252713   0.0032812   1.8951540   1.5875153
  28.0000000   1.8297894   1.0000000   0.0044473   0.0000000   0.0000000   0.0000000   0.0000000   0.0000000   0.0000000   0.0000000   0.0000000   0.0000003   0.0000127   0.0001546   0.0006619   0.0012928   0.0013235   0.0006843   0.0001724   0.0002308   0.0006464   0.0013738   0.0027145   0.0053577   0.0107886   0.0220017   0.0442127   0.0839006   0.1424028   0.2023742   0.2216758   0.1673413   0.0741281   0.0165486   1.9785076   1.5875153
  29.0000000   1.9212509   1.0000000   0.0032154   0.0000000   0.0000000   0.0000000   0.0000000   0.0000000   0.0000000   0.0000000   0.0000000   0.0000000   0.0000005   0.0000090   0.0000543   0.0001354   0.0001617   0.0000904   0.0000234   0.0000317   0.0000910   0.0002032   0.0004351   0.0009645   0.0022664   0.0056069   0.0141690   0.0348324   0.0783097   0.1501761   0.2273187   0.2470437   0.1691310   0.0689460   2.0774028   1.5875153
  30.0000000   2.0293573   1.0000000   0.0020704   0.0000000   0.0000000   0.0000000   0.0000000   0.0000000   0.0000000   0.0000000   0.0000000   0.0000000   0.0000000   0.0000002   0.0000018   0.0000059   0.0000084   0.0000051   0.0000014   0.0000019   0.0000055   0.0000130   0.0000306   0.0000773   0.0002170   0.0006737   0.0022465   0.0076300   0.0245435   0.0687373   0.1538085   0.2519884   0.2723288   0.2176752   2.1942956   1.5875153
  31.0000000   2.1568615   1.0000000   0.0015215   0.0000000   0.0000000   0.0000000   0.0000000   0.0000000   0.0000000   0.0000000   0.0000000   0.0000000   0.0000000   0.0000000   0.0000000   0.0000001   0.0000001   0.0000001   0.0000000   0.0000000   0.0000001   0.0000003   0.0000008   0.0000022   0.0000076   0.0000303   0.0001383   0.0006845   0.0034039   0.0153981   0.0567161   0.1532180   0.2761233   0.4942761   2.3321629   1.5875153
