   0.0000000   0.0000000   0.0000000   0.0000000   0.0000000   0.0000000   0.0000000
   0.0501881   0.0000000   0.0000000   0.0000000   0.0000000   0.0000000   0.0000000
   0.1419533   0.0000000   0.0000000   0.0000000   0.0000000   0.0000000   0.0000000
   0.2607850   0.0000000   0.0000000   0.0000000   0.0000000   0.0000000   0.5611199
   0.4015047   0.0000000   0.0000000   0.0000000   0.0000000   0.0000000   0.9294964
   0.5611199   0.0000000   0.0000000   0.0000000   0.0000000   0.0000000   1.3550784
   0.7376112   0.0000000   0.0000000   0.0000000   0.0000000   0.0000000   1.8310056
   0.9294964   0.0000000   0.0000000   0.0000000   0.0000000   0.0000000   2.3524244
   1.1356268   0.0000000   0.0000000   0.0000000   0.0000000   0.0000000   2.6290128
   1.3550784   0.0000000   0.0000000   0.0000000   0.0000000   2.3524244   3.2120376
   1.5870867   0.0000000   0.0000000   0.0000000   0.0000000   2.9156644   3.8327404
   1.8310056   0.0000000   0.0000000   0.0000000   0.0000000   3.5178234   4.4889590
   2.0862796   0.0000000   0.0000000   0.0000000   0.0000000   4.1565312   5.1788659
   2.3524244   0.0000000   0.0000000   0.0000000   0.0000000   4.8298049   5.9008899
   2.6290128   0.0000000   0.0000000   0.0000000   0.0000000   5.1788659   6.2735110
   2.9156644   0.0000000   0.0000000   0.0000000   0.0000000   5.9008899   7.0411937
   3.2120376   0.0000000   0.0000000   0.0000000   0.0000000   6.6536610   7.8378626
   3.5178234   0.0000000   0.0000000   0.0000000   0.0000000   7.0411937   8.6624988
   3.8327404   0.0000000   0.0000000   0.0000000   6.2735110   7.8378626   9.5141842
   4.1565312   0.0000000   0.0000000   0.0000000   7.0411937   8.6624988  10.3920856
   4.4889590   0.0000000   0.0000000   7.0411937   7.8378626   9.0850143  10.8406269
   4.8298049   0.0000000   0.0000000   8.2467443   8.6624988   9.9499070  11.7564457
   5.1788659   0.0000000   0.0000000   8.6624988   9.0850143  10.8406269  12.6966935
   5.5359531   0.0000000   0.0000000   9.5141842   9.9499070  11.2954421  13.4831040
   5.9008899   0.0000000   0.0000000   9.9499070  10.3920856  12.2235558  14.6480449
   6.2735110   0.0000000   0.0000000  10.8406269  10.8406269  12.6966935  15.1502367
   6.6536610   0.0000000   0.0000000  11.2954421  12.2235558  13.4831040  16.1713931
   7.0411937   0.0000000   0.0000000  12.2235558  12.6966935  14.6480449  17.2145141
   7.4359711   0.0000000   0.0000000  13.1757830  13.4831040  15.1502367  18.2791464
   7.8378626   0.0000000   0.0000000  14.1515279  14.1515279  16.1713931  19.3648640
   8.2467443   0.0000000   0.0000000  14.6480449  15.1502367  16.6902370  19.9155034
   8.6624988   0.0000000   0.0000000  15.6580399  15.6580399  17.7441686  21.0321024
   9.0850143   0.0000000   0.0000000  16.1713931  16.6902370  18.8193952  22.1688231
   9.5141842   0.0000000   0.0000000  16.6902370  17.2145141  19.3648640  23.3253153
   9.9499070   0.0000000   0.0000000  17.7441686  18.2791464  20.4712651  24.5012466
  10.3920856   0.0000000   0.0000000  18.2791464  18.8193952  21.0321024  25.0964026
  10.8406269   0.0000000   0.0000000  19.3648640  19.9155034  22.1688231  26.3009044
  11.2954421   0.0000000   0.0000000  19.9155034  20.4712651  22.7446189  27.5240826
  11.7564457   0.0000000   0.0000000  21.0321024  21.5979699  23.9108712  28.7656561
  12.2235558   0.0000000   0.0000000  22.1688231  22.7446189  25.0964026  29.3932567
  12.6966935   0.0000000   0.0000000  22.7446189  23.3253153  25.6963009  30.6619233
  13.1757830   0.0000000   0.0000000  23.9108712  24.5012466  26.9101768  31.9483348
  13.4831040   0.0000000   0.0000000  24.5012466  24.5012466  27.5240826  32.5981192
  14.1515279   0.0000000   0.0000000  25.6963009  25.6963009  28.7656561  33.9106985
  14.6480449   0.0000000   0.0000000  26.3009044  26.9101768  29.3932567  35.2404370
  15.1502367   0.0000000   0.0000000  26.9101768  27.5240826  30.6619233  36.5871159
  15.6580399   0.0000000   0.0000000  28.1425870  28.7656561  31.3029262  37.9505248
  16.1713931   0.0000000   0.0000000  28.7656561  29.3932567  32.5981192  38.6384394
  16.6902370   0.0000000   0.0000000  30.0253564  30.6619233  33.2522499  40.0265653
  17.2145141   0.0000000   0.0000000  30.6619233  31.3029262  34.5734367  41.4309275
  17.7441686   0.0000000   0.0000000  31.9483348  32.5981192  35.2404370  42.8513405
  18.2791464   0.0000000   0.0000000  32.5981192  33.2522499  36.5871159  43.5675097
  18.8193952   0.0000000   0.0000000  33.2522499  33.9106985  37.2667420  45.0116642
  19.3648640   0.0000000   0.0000000  34.5734367  35.2404370  38.6384394  46.4714320
  19.9155034   0.0000000   0.0000000  35.2404370  35.9116722  39.3304610  47.9466478
  20.4712651   0.0000000   0.0000000  36.5871159  37.2667420  40.7267286  48.6899985
  21.0321024   0.0000000   0.0000000  37.2667420  37.9505248  41.4309275  50.1880877
  21.5979699   0.0000000  28.1425870  37.9505248  38.6384394  42.8513405  51.7012336
  22.1688231   0.0000000  29.3932567  39.3304610  40.0265653  43.5675097  52.4634063
  22.7446189   0.0000000  30.0253564  40.0265653  40.7267286  44.2876248  53.9988606
  23.3253153   0.0000000  30.6619233  40.7267286  41.4309275  45.7396069  55.5490089
  23.9108712   0.0000000  31.3029262  42.1391390  42.8513405  46.4714320  56.3295499
  24.5012466   0.0000000  31.9483348  42.8513405  43.5675097  47.9466478  57.9014814
  25.0964026   0.0000000  32.5981192  43.5675097  44.2876248  48.6899985  59.4877690
  25.6963009   0.0000000  33.2522499  45.0116642  45.7396069  50.1880877  60.2862559
  26.3009044   0.0000000  33.9106985  45.7396069  46.4714320  50.9427879  61.8938372
  26.9101768   0.0000000  35.2404370  46.4714320  47.2071191  52.4634063  63.5154589
  27.5240826   0.0000000  35.9116722  47.9466478  48.6899985  53.2292880  64.3314972
  28.1425870   0.0000000  36.5871159  48.6899985  49.4371515  53.9988606  65.9739545
  28.7656561   0.0000000  39.3304610  49.4371515  50.1880877  55.5490089  67.6301567
  29.3932567   0.0000000  40.7267286  50.9427879  51.7012336  56.3295499  68.4633766
  30.0253564   0.0000000  41.4309275  51.7012336  52.4634063  57.9014814  70.1399848
  30.6619233   0.0000000  42.1391390  52.4634063  53.2292880  58.6928389  71.8300600
  31.3029262   0.0000000  42.8513405  53.2292880  54.7721067  59.4877690  72.6801144
  31.9483348   0.0000000  44.2876248  54.7721067  55.5490089  61.0882839  74.3901914
  32.5981192   0.0000000  45.0116642  55.5490089  56.3295499  61.8938372  76.1134740
  33.2522499   0.0000000  45.7396069  56.3295499  57.1137130  63.5154589  76.9800359
  33.9106985   0.0000000  47.2071191  57.1137130  58.6928389  64.3314972  78.7229392
  34.5734367   0.0000000  49.4371515  58.6928389  59.4877690  65.1510006  80.4788012
  35.2404370   0.0000000  50.9427879  59.4877690  60.2862559  66.8003447  81.3615619
  35.9116722   0.0000000  51.7012336  60.2862559  61.0882839  67.6301567  83.1366846
  36.5871159   0.0000000  52.4634063  61.0882839  62.7029006  68.4633766  84.9245324
  37.2667420   0.0000000  53.2292880  62.7029006  63.5154589  70.1399848  85.8232001
  37.9505248   0.0000000  53.9988606  63.5154589  64.3314972  70.9833457  87.6299676
  38.6384394   0.0000000  54.7721067  64.3314972  65.1510006  71.8300600  88.5380457
  39.3304610   0.0000000  55.5490089  65.1510006  66.8003447  73.5334959  90.3635368
  40.0265653   0.0000000  56.3295499  65.9739545  67.6301567  74.3901914  92.2014044
  40.7267286   0.0000000  57.1137130  67.6301567  68.4633766  75.2501883  93.1249535
  41.4309275   0.0000000  57.9014814  68.4633766  69.2999906  76.9800359  94.9812310
  42.1391390   0.0000000  58.6928389  69.2999906  70.1399848  77.8498617  95.9139395
  42.8513405   0.0000000  59.4877690  70.1399848  71.8300600  78.7229392  97.7884462
  43.5675097   0.0000000  60.2862559  70.9833457  72.6801144  80.4788012  99.6750078
  44.2876248   0.0000000  61.0882839  72.6801144  73.5334959  81.3615619 100.6227852
  45.0116642   0.0000000  61.8938372  73.5334959  74.3901914  82.2475269 102.5272861
  45.7396069   0.0000000  62.7029006  74.3901914  75.2501883  84.0290235 103.4839910
  46.4714320   0.0000000  63.5154589  75.2501883  76.9800359  84.9245324 105.4062638
  47.2071191   0.0000000  64.3314972  76.1134740  77.8498617  85.8232001 107.3402939
  47.9466478   0.0000000  65.1510006  76.9800359  78.7229392  86.7250155 108.3116956
  48.6899985   0.0000000  65.9739545  78.7229392  79.5992563  88.5380457 110.2632286
  49.4371515   0.0000000  66.8003447  79.5992563  80.4788012  89.4492390 111.2433426
  50.1880877   0.0000000  67.6301567  80.4788012  81.3615619  90.3635368 113.2122230
  50.9427879   0.0000000  68.4633766  81.3615619  83.1366846  92.2014044 114.2009726
  51.7012336   0.0000000  69.2999906  82.2475269  84.0290235  93.1249535 116.1870489
  52.4634063   0.0000000  70.1399848  83.1366846  84.9245324  94.0515657 117.1843592
  53.2292880   0.0000000  70.9833457  84.0290235  85.8232001  94.9812310 119.1874838
  53.9988606   0.0000000  71.8300600  84.9245324  86.7250155  96.8496811 120.1932820
  54.7721067   0.0000000  72.6801144  85.8232001  87.6299676  97.7884462 122.2133110
  55.5490089   0.0000000  73.5334959  87.6299676  88.5380457  98.7302249 124.2445314
  56.3295499   0.0000000  74.3901914  88.5380457  89.4492390  99.6750078 125.2643192
  57.1137130   0.0000000  75.2501883  89.4492390  91.2809288 101.5735478 127.3122121
  57.9014814   0.0000000  76.1134740  90.3635368  92.2014044 102.5272861 128.3403022
  58.6928389   0.0000000  76.9800359  91.2809288  93.1249535 103.4839910 129.3711449
  59.4877690   0.0000000  76.9800359  92.2014044  94.0515657 104.4436533 131.4410589
  60.2862559   0.0000000  77.8498617  93.1249535  94.9812310 105.4062638 132.4801157
  61.0882839   0.0000000  78.7229392  94.0515657  95.9139395 107.3402939 134.5663930
  61.8938372   0.0000000  79.5992563  94.9812310  96.8496811 108.3116956 135.6135993
  62.7029006   0.0000000  80.4788012  95.9139395  97.7884462 109.2860100 137.7161125
  63.5154589   0.0000000  81.3615619  96.8496811  98.7302249 110.2632286 138.7714055
  64.3314972   0.0000000  82.2475269  97.7884462  99.6750078 111.2433426 140.8900303
  65.1510006   0.0000000  83.1366846  98.7302249 100.6227852 113.2122230 141.9533485
  65.9739545   0.0000000  83.1366846  99.6750078 101.5735478 114.2009726 144.0879631
  66.8003447   0.0000000  84.0290235 100.6227852 102.5272861 115.1925839 145.1592463
  67.6301567   0.0000000  84.9245324 101.5735478 104.4436533 116.1870489 147.3097320
  68.4633766   0.0000000  85.8232001 102.5272861 105.4062638 117.1843592 148.3889215
  69.2999906   0.0000000  86.7250155 103.4839910 106.3718137 118.1845068 150.5551619
  70.1399848   0.0000000  87.6299676 104.4436533 107.3402939 120.1932820 151.6422002
  70.9833457   0.0000000  88.5380457 105.4062638 108.3116956 121.2018937 152.7318421
  71.8300600   0.0000000  88.5380457 106.3718137 109.2860100 122.2133110 154.9189123
  72.6801144   0.0000000  89.4492390 107.3402939 110.2632286 123.2275261 156.0163283
  73.5334959   0.0000000  90.3635368 108.3116956 111.2433426 124.2445314 158.2188916
  74.3901914   0.0000000  91.2809288 109.2860100 112.2263435 125.2643192 159.3240269
  75.2501883   0.0000000  92.2014044 110.2632286 113.2122230 126.2868819 161.5419750
  76.1134740   0.0000000  92.2014044 111.2433426 114.2009726 128.3403022 162.6547761
  76.9800359   0.0000000  93.1249535 112.2263435 115.1925839 129.3711449 163.7701207
  77.8498617   0.0000000  94.0515657 113.2122230 116.1870489 130.4047329 166.0084174
  78.7229392   0.0000000  94.9812310 114.2009726 117.1843592 131.4410589 167.1313581
  79.5992563   0.0000000  94.9812310 115.1925839 118.1845068 132.4801157 169.3847958
  80.4788012   0.0000000  95.9139395 116.1870489 119.1874838 133.5218961 170.5152816
  81.3615619   0.0000000  96.8496811 117.1843592 119.1874838 134.5663930 172.7837591
  82.2475269   0.0000000  97.7884462 118.1845068 120.1932820 135.6135993 173.9217399
  83.1366846   0.0000000  97.7884462 119.1874838 121.2018937 136.6635081 175.0622080
  84.0290235   0.0000000  98.7302249 120.1932820 122.2133110 138.7714055 177.3505849
  84.9245324   0.0000000  99.6750078 121.2018937 123.2275261 139.8293804 178.4984829
  85.8232001   0.0000000  99.6750078 122.2133110 124.2445314 140.8900303 180.8016715
  86.7250155   0.0000000 100.6227852 123.2275261 125.2643192 141.9533485 181.9569516
  87.6299676   0.0000000 101.5735478 123.2275261 126.2868819 143.0193283 183.1146819
  88.5380457   0.0000000 101.5735478 124.2445314 127.3122121 144.0879631 185.4374725
  89.4492390   0.0000000 102.5272861 125.2643192 128.3403022 145.1592463 186.6025225
  90.3635368   0.0000000 103.4839910 126.2868819 129.3711449 146.2331715 188.9399068
  91.2809288   0.0000000 103.4839910 127.3122121 130.4047329 147.3097320 190.1122309
  92.2014044   0.0000000 104.4436533 128.3403022 131.4410589 148.3889215 191.2869697
  93.1249535   0.0000000 105.4062638 129.3711449 131.4410589 149.4707336 193.6436716
  94.0515657   0.0000000 105.4062638 130.4047329 132.4801157 150.5551619 194.8256248
  94.9812310   0.0000000 106.3718137 130.4047329 133.5218961 151.6422002 196.0099731
  95.9139395   0.0000000 107.3402939 131.4410589 134.5663930 152.7318421 198.3858355
  96.8496811   0.0000000 107.3402939 132.4801157 135.6135993 153.8240816 199.5773400
  97.7884462   0.0000000 108.3116956 133.5218961 136.6635081 154.9189123 201.9674720
  98.7302249   0.0000000 108.3116956 134.5663930 137.7161125 156.0163283 203.1660901
  99.6750078   0.0000000 109.2860100 134.5663930 137.7161125 157.1163234 204.3670700
 100.6227852   0.0000000 110.2632286 135.6135993 138.7714055 158.2188916 206.7760966
 101.5735478   0.0000000 110.2632286 136.6635081 139.8293804 159.3240269 207.9841343
 102.5272861   0.0000000 111.2433426 137.7161125 140.8900303 160.4317233 209.1945153
 103.4839910   0.0000000 111.2433426 138.7714055 141.9533485 161.5419750 211.6222896
 104.4436533   0.0000000 112.2263435 138.7714055 143.0193283 162.6547761 212.8396739
 105.4062638   0.0000000 113.2122230 139.8293804 143.0193283 163.7701207 214.0593836
 106.3718137   0.0000000 113.2122230 140.8900303 144.0879631 164.8880031 216.5057619
 107.3402939   0.0000000 114.2009726 141.9533485 145.1592463 166.0084174 217.7324216
 108.3116956   0.0000000 114.2009726 143.0193283 146.2331715 167.1313581 218.9613892
 109.2860100   0.0000000 115.1925839 143.0193283 147.3097320 168.2568195 221.4262310
 110.2632286   0.0000000 115.1925839 144.0879631 147.3097320 169.3847958 222.6620966
 111.2433426   0.0000000 116.1870489 145.1592463 148.3889215 170.5152816 223.9002529
 112.2263435   0.0000000 116.1870489 145.1592463 149.4707336 171.6482712 226.3834209
 113.2122230   0.0000000 117.1843592 146.2331715 150.5551619 172.7837591 227.6284243
 114.2009726   0.0000000 117.1843592 147.3097320 150.5551619 173.9217399 228.8757016
 115.1925839   0.0000000 118.1845068 148.3889215 151.6422002 175.0622080 231.3770616
 116.1870489   0.0000000 118.1845068 148.3889215 152.7318421 175.0622080 232.6311361
 117.1843592   0.0000000 119.1874838 149.4707336 152.7318421 176.2051582 233.8874682
 118.1845068   0.0000000 119.1874838 150.5551619 153.8240816 177.3505849 235.1460538
 119.1874838   0.0000000 120.1932820 150.5551619 154.9189123 178.4984829 236.4068889
 120.1932820   0.0000000 120.1932820 151.6422002 154.9189123 179.6488469 238.9352915
 121.2018937   0.0000000 121.2018937 152.7318421 156.0163283 180.8016715 240.2028510
 122.2133110   0.0000000 121.2018937 152.7318421 157.1163234 181.9569516 241.4726442
 123.2275261   0.0000000 122.2133110 153.8240816 158.2188916 183.1146819 242.7446670
 124.2445314   0.0000000 123.2275261 154.9189123 158.2188916 184.2748572 244.0189156
 125.2643192   0.0000000 124.2445314 154.9189123 159.3240269 184.2748572 245.2953861
 126.2868819   0.0000000 125.2643192 156.0163283 160.4317233 185.4374725 247.8549773
 127.3122121   0.0000000 126.2868819 156.0163283 160.4317233 186.6025225 249.1380904
 128.3403022   0.0000000 126.2868819 157.1163234 161.5419750 187.7700023 250.4234100
 129.3711449   0.0000000 127.3122121 158.2188916 162.6547761 188.9399068 251.7109324
 130.4047329   0.0000000 128.3403022 158.2188916 162.6547761 190.1122309 253.0006538
 131.4410589   0.0000000 129.3711449 159.3240269 163.7701207 190.1122309 254.2925704
 132.4801157   0.0000000 130.4047329 159.3240269 163.7701207 191.2869697 256.8829747
 133.5218961   0.0000000 131.4410589 160.4317233 164.8880031 192.4641182 258.1814550
 134.5663930   0.0000000 132.4801157 161.5419750 166.0084174 193.6436716 259.4821157
 135.6135993   0.0000000 133.5218961 161.5419750 166.0084174 194.8256248 260.7849532
 136.6635081   0.0000000 134.5663930 162.6547761 167.1313581 196.0099731 262.0899640
 137.7161125   0.0000000 135.6135993 162.6547761 167.1313581 196.0099731 263.3971444
 138.7714055   0.0000000 136.6635081 163.7701207 168.2568195 197.1967116 264.7064907
 139.8293804   0.0000000 137.7161125 163.7701207 169.3847958 198.3858355 266.0179995
 140.8900303   0.0000000 138.7714055 164.8880031 169.3847958 199.5773400 267.3316672
 141.9533485   0.0000000 139.8293804 164.8880031 170.5152816 199.5773400 269.9654649
 143.0193283   0.0000000 140.8900303 166.0084174 170.5152816 200.7712204 271.2855880
 144.0879631   0.0000000 141.9533485 167.1313581 171.6482712 201.9674720 272.6078559
 145.1592463   0.0000000 143.0193283 167.1313581 171.6482712 203.1660901 273.9322651
 146.2331715   0.0000000 144.0879631 168.2568195 172.7837591 203.1660901 275.2588121
 147.3097320   0.0000000 145.1592463 168.2568195 172.7837591 204.3670700 276.5874936
 148.3889215   0.0000000 146.2331715 169.3847958 173.9217399 205.5704070 277.9183061
 149.4707336   0.0000000 147.3097320 169.3847958 175.0622080 206.7760966 279.2512462
 150.5551619   0.0000000 148.3889215 170.5152816 175.0622080 206.7760966 280.5863105
 151.6422002   0.0000000 149.4707336 170.5152816 176.2051582 207.9841343 281.9234957
 152.7318421   0.0000000 150.5551619 170.5152816 176.2051582 209.1945153 283.2627983
 153.8240816   0.0000000 151.6422002 171.6482712 177.3505849 209.1945153 284.6042150
 154.9189123   0.0000000 152.7318421 171.6482712 177.3505849 210.4072352 285.9477426
 156.0163283   0.0000000 153.8240816 172.7837591 177.3505849 211.6222896 287.2933777
 157.1163234   0.0000000 154.9189123 172.7837591 178.4984829 211.6222896 289.9909571
 158.2188916   0.0000000 156.0163283 173.9217399 178.4984829 212.8396739 291.3428949
 159.3240269   0.0000000 157.1163234 173.9217399 179.6488469 214.0593836 292.6969272
 160.4317233   0.0000000 158.2188916 175.0622080 179.6488469 214.0593836 294.0530506
 161.5419750   0.0000000 159.3240269 175.0622080 180.8016715 215.2814144 295.4112620
 162.6547761   0.0000000 160.4317233 175.0622080 180.8016715 216.5057619 296.7715581
 163.7701207   0.0000000 161.5419750 176.2051582 181.9569516 216.5057619 298.1339357
 164.8880031   0.0000000 161.5419750 176.2051582 181.9569516 217.7324216 299.4983918
 166.0084174   0.0000000 162.6547761 177.3505849 181.9569516 218.9613892 300.8649231
 167.1313581   0.0000000 163.7701207 177.3505849 183.1146819 218.9613892 302.2335264
 168.2568195   0.0000000 164.8880031 177.3505849 183.1146819 220.1926605 303.6041987
 169.3847958   0.0000000 166.0084174 178.4984829 184.2748572 221.4262310 304.9769368
 170.5152816   0.0000000 167.1313581 178.4984829 184.2748572 221.4262310 306.3517376
 171.6482712   0.0000000 168.2568195 178.4984829 185.4374725 222.6620966 307.7285981
 172.7837591   0.0000000 169.3847958 179.6488469 185.4374725 222.6620966 309.1075151
 173.9217399   0.0000000 170.5152816 179.6488469 185.4374725 223.9002529 310.4884856
 175.0622080   0.0000000 171.6482712 180.8016715 186.6025225 225.1406957 311.8715065
 176.2051582   0.0000000 172.7837591 180.8016715 186.6025225 225.1406957 313.2565749
 177.3505849   0.0000000 173.9217399 180.8016715 186.6025225 226.3834209 314.6436876
 178.4984829   0.0000000 175.0622080 181.9569516 187.7700023 226.3834209 316.0328417
 179.6488469   0.0000000 176.2051582 181.9569516 187.7700023 227.6284243 317.4240342
 180.8016715   0.0000000 177.3505849 181.9569516 188.9399068 227.6284243 318.8172621
 181.9569516   0.0000000 178.4984829 183.1146819 188.9399068 228.8757016 320.2125224
 183.1146819   0.0000000 179.6488469 183.1146819 188.9399068 228.8757016 321.6098122
 184.2748572   0.0000000 180.8016715 183.1146819 190.1122309 230.1252487 323.0091285
 185.4374725   0.0000000 181.9569516 184.2748572 190.1122309 231.3770616 324.4104684
 186.6025225   0.0000000 183.1146819 184.2748572 190.1122309 231.3770616 325.8138290
 187.7700023   0.0000000 183.1146819 185.4374725 191.2869697 232.6311361 327.2192073
 188.9399068   0.0000000 183.1146819 186.6025225 191.2869697 232.6311361 328.6266006
 190.1122309   0.0000000 184.2748572 187.7700023 191.2869697 233.8874682 330.0360058
 191.2869697   0.0000000 184.2748572 188.9399068 192.4641182 233.8874682 331.4474202
 192.4641182   0.0000000 184.2748572 190.1122309 192.4641182 235.1460538 332.8608408
 193.6436716   0.0000000 185.4374725 191.2869697 192.4641182 235.1460538 334.2762649
 194.8256248   0.0000000 185.4374725 192.4641182 193.6436716 236.4068889 335.6936896
 196.0099731   0.0000000 185.4374725 193.6436716 193.6436716 236.4068889 337.1131120
 197.1967116   0.0000000 186.6025225 194.8256248 194.8256248 237.6699694 338.5345295
 198.3858355   0.0000000 186.6025225 196.0099731 196.0099731 237.6699694 339.9579391
 199.5773400   0.0000000 186.6025225 197.1967116 197.1967116 238.9352915 341.3833381
 200.7712204   0.0000000 187.7700023 198.3858355 198.3858355 238.9352915 342.8107237
 201.9674720   0.0000000 187.7700023 199.5773400 199.5773400 238.9352915 344.2400932
 203.1660901   0.0000000 187.7700023 200.7712204 200.7712204 240.2028510 345.6714438
 204.3670700   0.0000000 188.9399068 201.9674720 201.9674720 240.2028510 347.1047728
 205.5704070   0.0000000 188.9399068 203.1660901 203.1660901 241.4726442 348.5400774
 206.7760966   0.0000000 188.9399068 204.3670700 204.3670700 241.4726442 349.9773549
 207.9841343   0.0000000 188.9399068 205.5704070 205.5704070 242.7446670 349.9773549
 209.1945153   0.0000000 190.1122309 206.7760966 206.7760966 242.7446670 351.4166027
 210.4072352   0.0000000 190.1122309 207.9841343 207.9841343 244.0189156 352.8578180
 211.6222896   0.0000000 190.1122309 207.9841343 209.1945153 244.0189156 354.3009981
 212.8396739   0.0000000 191.2869697 209.1945153 210.4072352 244.0189156 355.7461404
 214.0593836   0.0000000 191.2869697 210.4072352 211.6222896 245.2953861 357.1932423
 215.2814144   0.0000000 191.2869697 211.6222896 212.8396739 245.2953861 358.6423010
 216.5057619   0.0000000 191.2869697 212.8396739 214.0593836 245.2953861 360.0933139
 217.7324216   0.0000000 192.4641182 214.0593836 214.0593836 246.5740746 361.5462784
 218.9613892   0.0000000 192.4641182 215.2814144 215.2814144 246.5740746 363.0011920
 220.1926605   0.0000000 192.4641182 216.5057619 216.5057619 247.8549773 364.4580518
 221.4262310   0.0000000 193.6436716 217.7324216 217.7324216 247.8549773 365.9168555
 222.6620966   0.0000000 193.6436716 218.9613892 218.9613892 247.8549773 365.9168555
 223.9002529   0.0000000 193.6436716 220.1926605 220.1926605 249.1380904 367.3776004
 225.1406957   0.0000000 193.6436716 221.4262310 221.4262310 249.1380904 368.8402838
 226.3834209   0.0000000 194.8256248 222.6620966 222.6620966 250.4234100 370.3049034
 227.6284243   0.0000000 194.8256248 223.9002529 223.9002529 250.4234100 371.7714564
 228.8757016   0.0000000 194.8256248 225.1406957 225.1406957 250.4234100 373.2399403
 230.1252487   0.0000000 194.8256248 226.3834209 226.3834209 250.4234100 374.7103527
 231.3770616   0.0000000 196.0099731 227.6284243 227.6284243 251.7109324 376.1826909
 232.6311361   0.0000000 196.0099731 228.8757016 228.8757016 251.7109324 377.6569526
 233.8874682   0.0000000 196.0099731 230.1252487 230.1252487 251.7109324 377.6569526
 235.1460538   0.0000000 196.0099731 231.3770616 231.3770616 253.0006538 379.1331350
 236.4068889   0.0000000 197.1967116 232.6311361 232.6311361 253.0006538 380.6112359
 237.6699694   0.0000000 197.1967116 233.8874682 233.8874682 253.0006538 382.0912526
 238.9352915   0.0000000 197.1967116 235.1460538 235.1460538 254.2925704 383.5731828
 240.2028510   0.0000000 197.1967116 236.4068889 236.4068889 254.2925704 385.0570238
 241.4726442   0.0000000 198.3858355 237.6699694 237.6699694 254.2925704 386.5427734
 242.7446670   0.0000000 198.3858355 238.9352915 238.9352915 255.5866787 386.5427734
 244.0189156   0.0000000 198.3858355 240.2028510 240.2028510 255.5866787 388.0304290
 245.2953861   0.0000000 198.3858355 241.4726442 241.4726442 255.5866787 389.5199882
 246.5740746   0.0000000 198.3858355 242.7446670 242.7446670 255.5866787 391.0114485
 247.8549773   0.0000000 199.5773400 244.0189156 244.0189156 256.8829747 391.0114485
 249.1380904   0.0000000 199.5773400 245.2953861 245.2953861 256.8829747 392.5048076
 250.4234100   0.0000000 199.5773400 246.5740746 246.5740746 256.8829747 394.0000630
 251.7109324   0.0000000 199.5773400 247.8549773 247.8549773 258.1814550 395.4972123
 253.0006538   0.0000000 199.5773400 249.1380904 249.1380904 258.1814550 395.4972123
 254.2925704   0.0000000 200.7712204 250.4234100 250.4234100 258.1814550 396.9962532
 255.5866787   0.0000000 200.7712204 251.7109324 251.7109324 258.1814550 398.4971832
 256.8829747   0.0000000 200.7712204 253.0006538 253.0006538 259.4821157 400.0000000
 258.1814550   0.0000000 200.7712204 254.2925704 254.2925704 259.4821157 400.0000000
 259.4821157   0.0000000 200.7712204 255.5866787 255.5866787 259.4821157 400.0000000
 260.7849532   0.0000000 201.9674720 256.8829747 256.8829747 259.4821157 400.0000000
 262.0899640   0.0000000 201.9674720 258.1814550 258.1814550 260.7849532 400.0000000
 263.3971444   0.0000000 201.9674720 259.4821157 259.4821157 260.7849532 400.0000000
 264.7064907   0.0000000 201.9674720 260.7849532 260.7849532 260.7849532 400.0000000
 266.0179995   0.0000000 201.9674720 262.0899640 262.0899640 262.0899640 400.0000000
 267.3316672   0.0000000 201.9674720 262.0899640 263.3971444 263.3971444 400.0000000
 268.6474902   0.0000000 201.9674720 263.3971444 264.7064907 264.7064907 400.0000000
 269.9654649   0.0000000 203.1660901 264.7064907 266.0179995 266.0179995 400.0000000
 271.2855880   0.0000000 203.1660901 266.0179995 267.3316672 267.3316672 400.0000000
 272.6078559   0.0000000 203.1660901 267.3316672 268.6474902 268.6474902 400.0000000
 273.9322651   0.0000000 203.1660901 268.6474902 268.6474902 269.9654649 400.0000000
 275.2588121   0.0000000 203.1660901 269.9654649 269.9654649 271.2855880 400.0000000
 276.5874936   0.0000000 203.1660901 271.2855880 271.2855880 272.6078559 400.0000000
 277.9183061   0.0000000 204.3670700 272.6078559 272.6078559 273.9322651 400.0000000
 279.2512462   0.0000000 204.3670700 273.9322651 273.9322651 275.2588121 400.0000000
 280.5863105   0.0000000 204.3670700 275.2588121 275.2588121 276.5874936 400.0000000
 281.9234957   0.0000000 204.3670700 276.5874936 276.5874936 277.9183061 400.0000000
 283.2627983   0.0000000 204.3670700 277.9183061 277.9183061 279.2512462 400.0000000
 284.6042150   0.0000000 204.3670700 277.9183061 279.2512462 280.5863105 400.0000000
 285.9477426   0.0000000 204.3670700 279.2512462 280.5863105 281.9234957 400.0000000
 287.2933777   0.0000000 205.5704070 279.2512462 281.9234957 283.2627983 400.0000000
 288.6411169   0.0000000 205.5704070 279.2512462 283.2627983 284.6042150 400.0000000
 289.9909571   0.0000000 205.5704070 279.2512462 284.6042150 285.9477426 400.0000000
 291.3428949   0.0000000 205.5704070 280.5863105 285.9477426 287.2933777 400.0000000
 292.6969272   0.0000000 205.5704070 280.5863105 287.2933777 288.6411169 400.0000000
 294.0530506   0.0000000 205.5704070 280.5863105 288.6411169 289.9909571 400.0000000
 295.4112620   0.0000000 205.5704070 281.9234957 289.9909571 291.3428949 400.0000000
 296.7715581   0.0000000 205.5704070 281.9234957 291.3428949 292.6969272 400.0000000
 298.1339357   0.0000000 205.5704070 281.9234957 292.6969272 294.0530506 400.0000000
 299.4983918   0.0000000 205.5704070 281.9234957 294.0530506 295.4112620 400.0000000
 300.8649231   0.0000000 206.7760966 283.2627983 294.0530506 296.7715581 400.0000000
 302.2335264   0.0000000 206.7760966 283.2627983 294.0530506 298.1339357 400.0000000
 303.6041987   0.0000000 206.7760966 283.2627983 295.4112620 299.4983918 400.0000000
 304.9769368   0.0000000 206.7760966 283.2627983 295.4112620 300.8649231 400.0000000
 306.3517376   0.0000000 206.7760966 284.6042150 295.4112620 302.2335264 400.0000000
 307.7285981   0.0000000 206.7760966 284.6042150 295.4112620 303.6041987 400.0000000
 309.1075151   0.0000000 206.7760966 284.6042150 296.7715581 304.9769368 400.0000000
 310.4884856   0.0000000 206.7760966 284.6042150 296.7715581 306.3517376 400.0000000
 311.8715065   0.0000000 206.7760966 285.9477426 296.7715581 307.7285981 400.0000000
 313.2565749   0.0000000 206.7760966 285.9477426 298.1339357 309.1075151 400.0000000
 314.6436876   0.0000000 206.7760966 285.9477426 298.1339357 310.4884856 400.0000000
 316.0328417   0.0000000 207.9841343 285.9477426 298.1339357 311.8715065 400.0000000
 317.4240342   0.0000000 207.9841343 287.2933777 298.1339357 313.2565749 400.0000000
 318.8172621   0.0000000 207.9841343 287.2933777 299.4983918 314.6436876 400.0000000
 320.2125224   0.0000000 207.9841343 287.2933777 299.4983918 314.6436876 400.0000000
 321.6098122   0.0000000 207.9841343 287.2933777 299.4983918 316.0328417 400.0000000
 323.0091285   0.0000000 207.9841343 288.6411169 299.4983918 317.4240342 400.0000000
 324.4104684   0.0000000 207.9841343 288.6411169 300.8649231 318.8172621 400.0000000
 325.8138290   0.0000000 207.9841343 288.6411169 300.8649231 320.2125224 400.0000000
 327.2192073   0.0000000 207.9841343 288.6411169 300.8649231 321.6098122 400.0000000
 328.6266006   0.0000000 207.9841343 288.6411169 300.8649231 323.0091285 400.0000000
 330.0360058   0.0000000 207.9841343 289.9909571 302.2335264 324.4104684 400.0000000
 331.4474202   0.0000000 207.9841343 289.9909571 302.2335264 325.8138290 400.0000000
 332.8608408   0.0000000 209.1945153 289.9909571 302.2335264 327.2192073 400.0000000
 334.2762649   0.0000000 209.1945153 289.9909571 302.2335264 328.6266006 400.0000000
 335.6936896   0.0000000 209.1945153 289.9909571 302.2335264 330.0360058 400.0000000
 337.1131120   0.0000000 209.1945153 291.3428949 303.6041987 331.4474202 400.0000000
 338.5345295   0.0000000 209.1945153 291.3428949 303.6041987 332.8608408 400.0000000
 339.9579391   0.0000000 209.1945153 291.3428949 303.6041987 334.2762649 400.0000000
 341.3833381   0.0000000 209.1945153 291.3428949 303.6041987 335.6936896 400.0000000
 342.8107237   0.0000000 209.1945153 291.3428949 303.6041987 337.1131120 400.0000000
 344.2400932   0.0000000 209.1945153 292.6969272 304.9769368 338.5345295 400.0000000
 345.6714438   0.0000000 209.1945153 292.6969272 304.9769368 339.9579391 400.0000000
 347.1047728   0.0000000 209.1945153 292.6969272 304.9769368 341.3833381 400.0000000
 348.5400774   0.0000000 209.1945153 292.6969272 304.9769368 342.8107237 400.0000000
 349.9773549   0.0000000 209.1945153 292.6969272 306.3517376 344.2400932 400.0000000
 351.4166027   0.0000000 209.1945153 294.0530506 306.3517376 345.6714438 400.0000000
 352.8578180   0.0000000 209.1945153 294.0530506 306.3517376 347.1047728 400.0000000
 354.3009981   0.0000000 209.1945153 294.0530506 306.3517376 348.5400774 400.0000000
 355.7461404   0.0000000 209.1945153 294.0530506 306.3517376 349.9773549 400.0000000
 357.1932423   0.0000000 209.1945153 294.0530506 307.7285981 351.4166027 400.0000000
 358.6423010   0.0000000 209.1945153 295.4112620 307.7285981 352.8578180 400.0000000
 360.0933139   0.0000000 209.1945153 295.4112620 307.7285981 354.3009981 400.0000000
 361.5462784   0.0000000 209.1945153 295.4112620 307.7285981 355.7461404 400.0000000
 363.0011920   0.0000000 209.1945153 295.4112620 307.7285981 357.1932423 400.0000000
 364.4580518   0.0000000 210.4072352 295.4112620 309.1075151 358.6423010 400.0000000
 365.9168555   0.0000000 210.4072352 295.4112620 309.1075151 360.0933139 400.0000000
 367.3776004   0.0000000 210.4072352 296.7715581 309.1075151 361.5462784 400.0000000
 368.8402838   0.0000000 210.4072352 296.7715581 309.1075151 363.0011920 400.0000000
 370.3049034   0.0000000 210.4072352 296.7715581 309.1075151 364.4580518 400.0000000
 371.7714564   0.0000000 210.4072352 296.7715581 309.1075151 365.9168555 400.0000000
 373.2399403   0.0000000 210.4072352 296.7715581 310.4884856 367.3776004 400.0000000
 374.7103527   0.0000000 210.4072352 296.7715581 310.4884856 368.8402838 400.0000000
 376.1826909   0.0000000 210.4072352 296.7715581 310.4884856 370.3049034 400.0000000
 377.6569526   0.0000000 210.4072352 298.1339357 310.4884856 371.7714564 400.0000000
 379.1331350   0.0000000 210.4072352 298.1339357 310.4884856 373.2399403 400.0000000
 380.6112359   0.0000000 210.4072352 298.1339357 310.4884856 374.7103527 400.0000000
 382.0912526   0.0000000 210.4072352 298.1339357 311.8715065 376.1826909 400.0000000
 383.5731828   0.0000000 210.4072352 298.1339357 311.8715065 377.6569526 400.0000000
 385.0570238   0.0000000 210.4072352 298.1339357 311.8715065 379.1331350 400.0000000
 386.5427734   0.0000000 210.4072352 298.1339357 311.8715065 380.6112359 400.0000000
 388.0304290   0.0000000 210.4072352 299.4983918 311.8715065 382.0912526 400.0000000
 389.5199882   0.0000000 210.4072352 299.4983918 311.8715065 383.5731828 400.0000000
 391.0114485   0.0000000 210.4072352 299.4983918 311.8715065 385.0570238 400.0000000
 392.5048076   0.0000000 210.4072352 299.4983918 313.2565749 386.5427734 400.0000000
 394.0000630   0.0000000 210.4072352 299.4983918 313.2565749 388.0304290 400.0000000
 395.4972123   0.0000000 210.4072352 299.4983918 313.2565749 389.5199882 400.0000000
 396.9962532   0.0000000 210.4072352 299.4983918 313.2565749 391.0114485 400.0000000
 398.4971832   0.0000000 210.4072352 299.4983918 313.2565749 391.0114485 400.0000000
 400.0000000   0.0000000 210.4072352 300.8649231 313.2565749 392.5048076 400.0000000
