 k a mass
   0.0000000 -99.0000000   0.0000000
   0.0000000 -49.5000000   0.0000000
   0.0000000   0.0000000   0.0427784
   0.0000000 141.4213538   0.0000000
   0.0000000 400.0000000   0.0000000
   0.0501881 -99.0000000   0.0000000
   0.0501881 -49.5000000   0.0000000
   0.0501881   0.0000000   0.0000000
   0.0501881 141.4213538   0.0000000
   0.0501881 400.0000000   0.0000000
   0.1419533 -99.0000000   0.0000000
   0.1419533 -49.5000000   0.0000000
   0.1419533   0.0000000   0.0000000
   0.1419533 141.4213538   0.0000000
   0.1419533 400.0000000   0.0000000
   0.2607850 -99.0000000   0.0000000
   0.2607850 -49.5000000   0.0000000
   0.2607850   0.0000000   0.0000000
   0.2607850 141.4213538   0.0000000
   0.2607850 400.0000000   0.0000000
   0.4015047 -99.0000000   0.0000000
   0.4015047 -49.5000000   0.0000000
   0.4015047   0.0000000   0.0000000
   0.4015047 141.4213538   0.0000000
   0.4015047 400.0000000   0.0000000
   0.5611199 -99.0000000   0.0000000
   0.5611199 -49.5000000   0.0000000
   0.5611199   0.0000000   0.0000000
   0.5611199 141.4213538   0.0000000
   0.5611199 400.0000000   0.0000000
   0.7376112 -99.0000000   0.0000000
   0.7376112 -49.5000000   0.0000000
   0.7376112   0.0000000   0.0000000
   0.7376112 141.4213538   0.0000000
   0.7376112 400.0000000   0.0000000
   0.9294964 -99.0000000   0.0000000
   0.9294964 -49.5000000   0.0000000
   0.9294964   0.0000000   0.0000000
   0.9294964 141.4213538   0.0000000
   0.9294964 400.0000000   0.0000000
   1.1356268 -99.0000000   0.0000000
   1.1356268 -49.5000000   0.0000000
   1.1356268   0.0000000   0.0000000
   1.1356268 141.4213538   0.0000000
   1.1356268 400.0000000   0.0000000
   1.3550784 -99.0000000   0.0000000
   1.3550784 -49.5000000   0.0000000
   1.3550784   0.0000000   0.0000000
   1.3550784 141.4213538   0.0000000
   1.3550784 400.0000000   0.0000000
   1.5870867 -99.0000000   0.0000000
   1.5870867 -49.5000000   0.0000000
   1.5870867   0.0000000   0.0000000
   1.5870867 141.4213538   0.0000000
   1.5870867 400.0000000   0.0000000
   1.8310056 -99.0000000   0.0000000
   1.8310056 -49.5000000   0.0000000
   1.8310056   0.0000000   0.0000000
   1.8310056 141.4213538   0.0000000
   1.8310056 400.0000000   0.0000000
   2.0862796 -99.0000000   0.0000000
   2.0862796 -49.5000000   0.0000000
   2.0862796   0.0000000   0.0000000
   2.0862796 141.4213538   0.0000000
   2.0862796 400.0000000   0.0000000
   2.3524244 -99.0000000   0.0000000
   2.3524244 -49.5000000   0.0000000
   2.3524244   0.0000000   0.0000000
   2.3524244 141.4213538   0.0000000
   2.3524244 400.0000000   0.0000000
   2.6290128 -99.0000000   0.0000000
   2.6290128 -49.5000000   0.0000000
   2.6290128   0.0000000   0.0000000
   2.6290128 141.4213538   0.0000000
   2.6290128 400.0000000   0.0000000
   2.9156644 -99.0000000   0.0000000
   2.9156644 -49.5000000   0.0000000
   2.9156644   0.0000000   0.0000000
   2.9156644 141.4213538   0.0000000
   2.9156644 400.0000000   0.0000000
   3.2120376 -99.0000000   0.0000000
   3.2120376 -49.5000000   0.0000000
   3.2120376   0.0000000   0.0000000
   3.2120376 141.4213538   0.0000000
   3.2120376 400.0000000   0.0000000
   3.5178234 -99.0000000   0.0000000
   3.5178234 -49.5000000   0.0000000
   3.5178234   0.0000000   0.0000000
   3.5178234 141.4213538   0.0000000
   3.5178234 400.0000000   0.0000000
   3.8327404 -99.0000000   0.0000000
   3.8327404 -49.5000000   0.0000000
   3.8327404   0.0000000   0.0000000
   3.8327404 141.4213538   0.0000000
   3.8327404 400.0000000   0.0000000
   4.1565312 -99.0000000   0.0000000
   4.1565312 -49.5000000   0.0000000
   4.1565312   0.0000000   0.0000000
   4.1565312 141.4213538   0.0000000
   4.1565312 400.0000000   0.0000000
   4.4889590 -99.0000000   0.0000000
   4.4889590 -49.5000000   0.0000000
   4.4889590   0.0000000   0.0000000
   4.4889590 141.4213538   0.0000000
   4.4889590 400.0000000   0.0000000
   4.8298049 -99.0000000   0.0000000
   4.8298049 -49.5000000   0.0000000
   4.8298049   0.0000000   0.0000000
   4.8298049 141.4213538   0.0000000
   4.8298049 400.0000000   0.0000000
   5.1788659 -99.0000000   0.0000000
   5.1788659 -49.5000000   0.0000000
   5.1788659   0.0000000   0.0000000
   5.1788659 141.4213538   0.0000000
   5.1788659 400.0000000   0.0000000
   5.5359531 -99.0000000   0.0000000
   5.5359531 -49.5000000   0.0000000
   5.5359531   0.0000000   0.0000000
   5.5359531 141.4213538   0.0000000
   5.5359531 400.0000000   0.0000000
   5.9008899 -99.0000000   0.0000000
   5.9008899 -49.5000000   0.0000000
   5.9008899   0.0000000   0.0000000
   5.9008899 141.4213538   0.0000000
   5.9008899 400.0000000   0.0000000
   6.2735110 -99.0000000   0.0000000
   6.2735110 -49.5000000   0.0000000
   6.2735110   0.0000000   0.0000000
   6.2735110 141.4213538   0.0000000
   6.2735110 400.0000000   0.0000000
   6.6536610 -99.0000000   0.0000000
   6.6536610 -49.5000000   0.0000000
   6.6536610   0.0000000   0.0000000
   6.6536610 141.4213538   0.0000000
   6.6536610 400.0000000   0.0000000
   7.0411937 -99.0000000   0.0000000
   7.0411937 -49.5000000   0.0000000
   7.0411937   0.0000000   0.0000000
   7.0411937 141.4213538   0.0000000
   7.0411937 400.0000000   0.0000000
   7.4359711 -99.0000000   0.0000000
   7.4359711 -49.5000000   0.0000000
   7.4359711   0.0000000   0.0000000
   7.4359711 141.4213538   0.0000000
   7.4359711 400.0000000   0.0000000
   7.8378626 -99.0000000   0.0000000
   7.8378626 -49.5000000   0.0000000
   7.8378626   0.0000000   0.0000000
   7.8378626 141.4213538   0.0000000
   7.8378626 400.0000000   0.0000000
   8.2467443 -99.0000000   0.0000000
   8.2467443 -49.5000000   0.0000000
   8.2467443   0.0000000   0.0000000
   8.2467443 141.4213538   0.0000000
   8.2467443 400.0000000   0.0000000
   8.6624988 -99.0000000   0.0000000
   8.6624988 -49.5000000   0.0000000
   8.6624988   0.0000000   0.0000000
   8.6624988 141.4213538   0.0000000
   8.6624988 400.0000000   0.0000000
   9.0850143 -99.0000000   0.0000000
   9.0850143 -49.5000000   0.0000000
   9.0850143   0.0000000   0.0000000
   9.0850143 141.4213538   0.0000000
   9.0850143 400.0000000   0.0000000
   9.5141842 -99.0000000   0.0000000
   9.5141842 -49.5000000   0.0000000
   9.5141842   0.0000000   0.0000000
   9.5141842 141.4213538   0.0000000
   9.5141842 400.0000000   0.0000000
   9.9499070 -99.0000000   0.0000000
   9.9499070 -49.5000000   0.0000000
   9.9499070   0.0000000   0.0000000
   9.9499070 141.4213538   0.0000000
   9.9499070 400.0000000   0.0000000
  10.3920856 -99.0000000   0.0000000
  10.3920856 -49.5000000   0.0000000
  10.3920856   0.0000000   0.0000000
  10.3920856 141.4213538   0.0000000
  10.3920856 400.0000000   0.0000000
  10.8406269 -99.0000000   0.0000000
  10.8406269 -49.5000000   0.0000000
  10.8406269   0.0000000   0.0000000
  10.8406269 141.4213538   0.0000000
  10.8406269 400.0000000   0.0000000
  11.2954421 -99.0000000   0.0000000
  11.2954421 -49.5000000   0.0000000
  11.2954421   0.0000000   0.0000000
  11.2954421 141.4213538   0.0000000
  11.2954421 400.0000000   0.0000000
  11.7564457 -99.0000000   0.0000000
  11.7564457 -49.5000000   0.0000000
  11.7564457   0.0000000   0.0000000
  11.7564457 141.4213538   0.0000000
  11.7564457 400.0000000   0.0000000
  12.2235558 -99.0000000   0.0000000
  12.2235558 -49.5000000   0.0000000
  12.2235558   0.0000000   0.0000000
  12.2235558 141.4213538   0.0000000
  12.2235558 400.0000000   0.0000000
  12.6966935 -99.0000000   0.0000000
  12.6966935 -49.5000000   0.0000000
  12.6966935   0.0000000   0.0000000
  12.6966935 141.4213538   0.0000000
  12.6966935 400.0000000   0.0000000
  13.1757830 -99.0000000   0.0000000
  13.1757830 -49.5000000   0.0000000
  13.1757830   0.0000000   0.0000000
  13.1757830 141.4213538   0.0000000
  13.1757830 400.0000000   0.0000000
  13.4831040 -99.0000000   0.0000000
  13.4831040 -49.5000000   0.0000000
  13.4831040   0.0000000   0.0437478
  13.4831040 141.4213538   0.0000000
  13.4831040 400.0000000   0.0000000
  14.1515279 -99.0000000   0.0000000
  14.1515279 -49.5000000   0.0000000
  14.1515279   0.0000000   0.0000000
  14.1515279 141.4213538   0.0000000
  14.1515279 400.0000000   0.0000000
  14.6480449 -99.0000000   0.0000000
  14.6480449 -49.5000000   0.0000000
  14.6480449   0.0000000   0.0000000
  14.6480449 141.4213538   0.0000000
  14.6480449 400.0000000   0.0000000
  15.1502367 -99.0000000   0.0000000
  15.1502367 -49.5000000   0.0000000
  15.1502367   0.0000000   0.0000000
  15.1502367 141.4213538   0.0000000
  15.1502367 400.0000000   0.0000000
  15.6580399 -99.0000000   0.0000000
  15.6580399 -49.5000000   0.0000000
  15.6580399   0.0000000   0.0000000
  15.6580399 141.4213538   0.0000000
  15.6580399 400.0000000   0.0000000
  16.1713931 -99.0000000   0.0000000
  16.1713931 -49.5000000   0.0000000
  16.1713931   0.0000000   0.0000000
  16.1713931 141.4213538   0.0000000
  16.1713931 400.0000000   0.0000000
  16.6902370 -99.0000000   0.0000000
  16.6902370 -49.5000000   0.0000000
  16.6902370   0.0000000   0.0000000
  16.6902370 141.4213538   0.0000000
  16.6902370 400.0000000   0.0000000
  17.2145141 -99.0000000   0.0000000
  17.2145141 -49.5000000   0.0000000
  17.2145141   0.0000000   0.0000000
  17.2145141 141.4213538   0.0000000
  17.2145141 400.0000000   0.0000000
  17.7441686 -99.0000000   0.0000000
  17.7441686 -49.5000000   0.0000000
  17.7441686   0.0000000   0.0000000
  17.7441686 141.4213538   0.0000000
  17.7441686 400.0000000   0.0000000
  18.2791464 -99.0000000   0.0000000
  18.2791464 -49.5000000   0.0000000
  18.2791464   0.0000000   0.0000000
  18.2791464 141.4213538   0.0000000
  18.2791464 400.0000000   0.0000000
  18.8193952 -99.0000000   0.0000000
  18.8193952 -49.5000000   0.0000000
  18.8193952   0.0000000   0.0000000
  18.8193952 141.4213538   0.0000000
  18.8193952 400.0000000   0.0000000
  19.3648640 -99.0000000   0.0000000
  19.3648640 -49.5000000   0.0000000
  19.3648640   0.0000000   0.0000000
  19.3648640 141.4213538   0.0000000
  19.3648640 400.0000000   0.0000000
  19.9155034 -99.0000000   0.0000000
  19.9155034 -49.5000000   0.0000000
  19.9155034   0.0000000   0.0000000
  19.9155034 141.4213538   0.0000000
  19.9155034 400.0000000   0.0000000
  20.4712651 -99.0000000   0.0000000
  20.4712651 -49.5000000   0.0000000
  20.4712651   0.0000000   0.0000000
  20.4712651 141.4213538   0.0000000
  20.4712651 400.0000000   0.0000000
  21.0321024 -99.0000000   0.0000000
  21.0321024 -49.5000000   0.0000000
  21.0321024   0.0000000   0.0000000
  21.0321024 141.4213538   0.0000000
  21.0321024 400.0000000   0.0000000
  21.5979699 -99.0000000   0.0000000
  21.5979699 -49.5000000   0.0000000
  21.5979699   0.0000000   0.0000000
  21.5979699 141.4213538   0.0000000
  21.5979699 400.0000000   0.0000000
  22.1688231 -99.0000000   0.0000000
  22.1688231 -49.5000000   0.0000000
  22.1688231   0.0000000   0.0000000
  22.1688231 141.4213538   0.0000000
  22.1688231 400.0000000   0.0000000
  22.7446189 -99.0000000   0.0000000
  22.7446189 -49.5000000   0.0000000
  22.7446189   0.0000000   0.0000000
  22.7446189 141.4213538   0.0000000
  22.7446189 400.0000000   0.0000000
  23.3253153 -99.0000000   0.0000000
  23.3253153 -49.5000000   0.0000000
  23.3253153   0.0000000   0.0000000
  23.3253153 141.4213538   0.0000000
  23.3253153 400.0000000   0.0000000
  23.9108712 -99.0000000   0.0000000
  23.9108712 -49.5000000   0.0000000
  23.9108712   0.0000000   0.0000000
  23.9108712 141.4213538   0.0000000
  23.9108712 400.0000000   0.0000000
  24.5012466 -99.0000000   0.0000000
  24.5012466 -49.5000000   0.0000000
  24.5012466   0.0000000   0.0074230
  24.5012466 141.4213538   0.0000000
  24.5012466 400.0000000   0.0000000
  25.0964026 -99.0000000   0.0000000
  25.0964026 -49.5000000   0.0000000
  25.0964026   0.0000000   0.0033807
  25.0964026 141.4213538   0.0000000
  25.0964026 400.0000000   0.0000000
  25.6963009 -99.0000000   0.0000000
  25.6963009 -49.5000000   0.0000000
  25.6963009   0.0000000   0.0040577
  25.6963009 141.4213538   0.0000000
  25.6963009 400.0000000   0.0000000
  26.3009044 -99.0000000   0.0000000
  26.3009044 -49.5000000   0.0000000
  26.3009044   0.0000000   0.0092636
  26.3009044 141.4213538   0.0000000
  26.3009044 400.0000000   0.0000000
  26.9101768 -99.0000000   0.0000000
  26.9101768 -49.5000000   0.0000000
  26.9101768   0.0000000   0.0000000
  26.9101768 141.4213538   0.0000000
  26.9101768 400.0000000   0.0000000
  27.5240826 -99.0000000   0.0000000
  27.5240826 -49.5000000   0.0000000
  27.5240826   0.0000000   0.0046265
  27.5240826 141.4213538   0.0000000
  27.5240826 400.0000000   0.0000000
  28.1425870 -99.0000000   0.0000000
  28.1425870 -49.5000000   0.0000000
  28.1425870   0.0000000   0.0042269
  28.1425870 141.4213538   0.0000000
  28.1425870 400.0000000   0.0000000
  28.7656561 -99.0000000   0.0000000
  28.7656561 -49.5000000   0.0000000
  28.7656561   0.0000000   0.0035964
  28.7656561 141.4213538   0.0000000
  28.7656561 400.0000000   0.0000000
  29.3932567 -99.0000000   0.0000000
  29.3932567 -49.5000000   0.0000000
  29.3932567   0.0000000   0.0000000
  29.3932567 141.4213538   0.0000000
  29.3932567 400.0000000   0.0000000
  30.0253564 -99.0000000   0.0000000
  30.0253564 -49.5000000   0.0000000
  30.0253564   0.0000000   0.0028344
  30.0253564 141.4213538   0.0000000
  30.0253564 400.0000000   0.0000000
  30.6619233 -99.0000000   0.0000000
  30.6619233 -49.5000000   0.0000000
  30.6619233   0.0000000   0.0000000
  30.6619233 141.4213538   0.0000000
  30.6619233 400.0000000   0.0000000
  31.3029262 -99.0000000   0.0000000
  31.3029262 -49.5000000   0.0000000
  31.3029262   0.0000000   0.0020493
  31.3029262 141.4213538   0.0000000
  31.3029262 400.0000000   0.0000000
  31.9483348 -99.0000000   0.0000000
  31.9483348 -49.5000000   0.0000000
  31.9483348   0.0000000   0.0005927
  31.9483348 141.4213538   0.0000000
  31.9483348 400.0000000   0.0000000
  32.5981192 -99.0000000   0.0000000
  32.5981192 -49.5000000   0.0000000
  32.5981192   0.0000000   0.0015010
  32.5981192 141.4213538   0.0000000
  32.5981192 400.0000000   0.0000000
  33.2522499 -99.0000000   0.0000000
  33.2522499 -49.5000000   0.0000000
  33.2522499   0.0000000   0.0001532
  33.2522499 141.4213538   0.0000000
  33.2522499 400.0000000   0.0000000
  33.9106985 -99.0000000   0.0000000
  33.9106985 -49.5000000   0.0000000
  33.9106985   0.0000000   0.0011249
  33.9106985 141.4213538   0.0000000
  33.9106985 400.0000000   0.0000000
  34.5734367 -99.0000000   0.0000000
  34.5734367 -49.5000000   0.0000000
  34.5734367   0.0000000   0.0000000
  34.5734367 141.4213538   0.0000000
  34.5734367 400.0000000   0.0000000
  35.2404370 -99.0000000   0.0000000
  35.2404370 -49.5000000   0.0000000
  35.2404370   0.0000000   0.0000000
  35.2404370 141.4213538   0.0000000
  35.2404370 400.0000000   0.0000000
  35.9116722 -99.0000000   0.0000000
  35.9116722 -49.5000000   0.0000000
  35.9116722   0.0000000   0.0000187
  35.9116722 141.4213538   0.0000000
  35.9116722 400.0000000   0.0000000
  36.5871159 -99.0000000   0.0000000
  36.5871159 -49.5000000   0.0000000
  36.5871159   0.0000000   0.0000043
  36.5871159 141.4213538   0.0000000
  36.5871159 400.0000000   0.0000000
  37.2667420 -99.0000000   0.0000000
  37.2667420 -49.5000000   0.0000000
  37.2667420   0.0000000   0.0010060
  37.2667420 141.4213538   0.0000000
  37.2667420 400.0000000   0.0000000
  37.9505248 -99.0000000   0.0000000
  37.9505248 -49.5000000   0.0000000
  37.9505248   0.0000000   0.0000000
  37.9505248 141.4213538   0.0000000
  37.9505248 400.0000000   0.0000000
  38.6384394 -99.0000000   0.0000000
  38.6384394 -49.5000000   0.0000000
  38.6384394   0.0000000   0.0000000
  38.6384394 141.4213538   0.0000000
  38.6384394 400.0000000   0.0000000
  39.3304610 -99.0000000   0.0000000
  39.3304610 -49.5000000   0.0000000
  39.3304610   0.0000000   0.0003603
  39.3304610 141.4213538   0.0000000
  39.3304610 400.0000000   0.0000000
  40.0265653 -99.0000000   0.0000000
  40.0265653 -49.5000000   0.0000000
  40.0265653   0.0000000   0.0003433
  40.0265653 141.4213538   0.0000000
  40.0265653 400.0000000   0.0000000
  40.7267286 -99.0000000   0.0000000
  40.7267286 -49.5000000   0.0000000
  40.7267286   0.0000000   0.0014568
  40.7267286 141.4213538   0.0000000
  40.7267286 400.0000000   0.0000000
  41.4309275 -99.0000000   0.0000000
  41.4309275 -49.5000000   0.0000000
  41.4309275   0.0000000   0.0004045
  41.4309275 141.4213538   0.0000000
  41.4309275 400.0000000   0.0000000
  42.1391390 -99.0000000   0.0000000
  42.1391390 -49.5000000   0.0000000
  42.1391390   0.0000000   0.0012425
  42.1391390 141.4213538   0.0000000
  42.1391390 400.0000000   0.0000000
  42.8513405 -99.0000000   0.0000000
  42.8513405 -49.5000000   0.0000000
  42.8513405   0.0000000   0.0017473
  42.8513405 141.4213538   0.0000000
  42.8513405 400.0000000   0.0000000
  43.5675097 -99.0000000   0.0000000
  43.5675097 -49.5000000   0.0000000
  43.5675097   0.0000000   0.0012147
  43.5675097 141.4213538   0.0000000
  43.5675097 400.0000000   0.0000000
  44.2876248 -99.0000000   0.0000000
  44.2876248 -49.5000000   0.0000000
  44.2876248   0.0000000   0.0017231
  44.2876248 141.4213538   0.0000000
  44.2876248 400.0000000   0.0000000
  45.0116642 -99.0000000   0.0000000
  45.0116642 -49.5000000   0.0000000
  45.0116642   0.0000000   0.0012354
  45.0116642 141.4213538   0.0000000
  45.0116642 400.0000000   0.0000000
  45.7396069 -99.0000000   0.0000000
  45.7396069 -49.5000000   0.0000000
  45.7396069   0.0000000   0.0021128
  45.7396069 141.4213538   0.0000000
  45.7396069 400.0000000   0.0000000
  46.4714320 -99.0000000   0.0000000
  46.4714320 -49.5000000   0.0000000
  46.4714320   0.0000000   0.0019083
  46.4714320 141.4213538   0.0000000
  46.4714320 400.0000000   0.0000000
  47.2071191 -99.0000000   0.0000000
  47.2071191 -49.5000000   0.0000000
  47.2071191   0.0000000   0.0011876
  47.2071191 141.4213538   0.0000000
  47.2071191 400.0000000   0.0000000
  47.9466478 -99.0000000   0.0000000
  47.9466478 -49.5000000   0.0000000
  47.9466478   0.0000000   0.0016681
  47.9466478 141.4213538   0.0000000
  47.9466478 400.0000000   0.0000000
  48.6899985 -99.0000000   0.0000000
  48.6899985 -49.5000000   0.0000000
  48.6899985   0.0000000   0.0020262
  48.6899985 141.4213538   0.0000000
  48.6899985 400.0000000   0.0000000
  49.4371515 -99.0000000   0.0000000
  49.4371515 -49.5000000   0.0000000
  49.4371515   0.0000000   0.0018779
  49.4371515 141.4213538   0.0000000
  49.4371515 400.0000000   0.0000000
  50.1880877 -99.0000000   0.0000000
  50.1880877 -49.5000000   0.0000000
  50.1880877   0.0000000   0.0006640
  50.1880877 141.4213538   0.0000000
  50.1880877 400.0000000   0.0000000
  50.9427879 -99.0000000   0.0000000
  50.9427879 -49.5000000   0.0000000
  50.9427879   0.0000000   0.0019091
  50.9427879 141.4213538   0.0000000
  50.9427879 400.0000000   0.0000000
  51.7012336 -99.0000000   0.0000000
  51.7012336 -49.5000000   0.0000000
  51.7012336   0.0000000   0.0013416
  51.7012336 141.4213538   0.0000000
  51.7012336 400.0000000   0.0000000
  52.4634063 -99.0000000   0.0000000
  52.4634063 -49.5000000   0.0000000
  52.4634063   0.0000000   0.0011266
  52.4634063 141.4213538   0.0000000
  52.4634063 400.0000000   0.0000000
  53.2292880 -99.0000000   0.0000000
  53.2292880 -49.5000000   0.0000000
  53.2292880   0.0000000   0.0015794
  53.2292880 141.4213538   0.0000000
  53.2292880 400.0000000   0.0000000
  53.9988606 -99.0000000   0.0000000
  53.9988606 -49.5000000   0.0000000
  53.9988606   0.0000000   0.0010060
  53.9988606 141.4213538   0.0000000
  53.9988606 400.0000000   0.0000000
  54.7721067 -99.0000000   0.0000000
  54.7721067 -49.5000000   0.0000000
  54.7721067   0.0000000   0.0012443
  54.7721067 141.4213538   0.0000000
  54.7721067 400.0000000   0.0000000
  55.5490089 -99.0000000   0.0000000
  55.5490089 -49.5000000   0.0000000
  55.5490089   0.0000000   0.0006067
  55.5490089 141.4213538   0.0000000
  55.5490089 400.0000000   0.0000000
  56.3295499 -99.0000000   0.0000000
  56.3295499 -49.5000000   0.0000000
  56.3295499   0.0000000   0.0009505
  56.3295499 141.4213538   0.0000000
  56.3295499 400.0000000   0.0000000
  57.1137130 -99.0000000   0.0000000
  57.1137130 -49.5000000   0.0000000
  57.1137130   0.0000000   0.0018375
  57.1137130 141.4213538   0.0000000
  57.1137130 400.0000000   0.0000000
  57.9014814 -99.0000000   0.0000000
  57.9014814 -49.5000000   0.0000000
  57.9014814   0.0000000   0.0009978
  57.9014814 141.4213538   0.0000000
  57.9014814 400.0000000   0.0000000
  58.6928389 -99.0000000   0.0000000
  58.6928389 -49.5000000   0.0000000
  58.6928389   0.0000000   0.0002028
  58.6928389 141.4213538   0.0000000
  58.6928389 400.0000000   0.0000000
  59.4877690 -99.0000000   0.0000000
  59.4877690 -49.5000000   0.0000000
  59.4877690   0.0000000   0.0019182
  59.4877690 141.4213538   0.0000000
  59.4877690 400.0000000   0.0000000
  60.2862559 -99.0000000   0.0000000
  60.2862559 -49.5000000   0.0000000
  60.2862559   0.0000000   0.0006338
  60.2862559 141.4213538   0.0000000
  60.2862559 400.0000000   0.0000000
  61.0882839 -99.0000000   0.0000000
  61.0882839 -49.5000000   0.0000000
  61.0882839   0.0000000   0.0005817
  61.0882839 141.4213538   0.0000000
  61.0882839 400.0000000   0.0000000
  61.8938372 -99.0000000   0.0000000
  61.8938372 -49.5000000   0.0000000
  61.8938372   0.0000000   0.0016717
  61.8938372 141.4213538   0.0000000
  61.8938372 400.0000000   0.0000000
  62.7029006 -99.0000000   0.0000000
  62.7029006 -49.5000000   0.0000000
  62.7029006   0.0000000   0.0004718
  62.7029006 141.4213538   0.0000000
  62.7029006 400.0000000   0.0000000
  63.5154589 -99.0000000   0.0000000
  63.5154589 -49.5000000   0.0000000
  63.5154589   0.0000000   0.0008924
  63.5154589 141.4213538   0.0000000
  63.5154589 400.0000000   0.0000000
  64.3314972 -99.0000000   0.0000000
  64.3314972 -49.5000000   0.0000000
  64.3314972   0.0000000   0.0015700
  64.3314972 141.4213538   0.0000000
  64.3314972 400.0000000   0.0000000
  65.1510006 -99.0000000   0.0000000
  65.1510006 -49.5000000   0.0000000
  65.1510006   0.0000000   0.0001785
  65.1510006 141.4213538   0.0000000
  65.1510006 400.0000000   0.0000000
  65.9739545 -99.0000000   0.0000000
  65.9739545 -49.5000000   0.0000000
  65.9739545   0.0000000   0.0007429
  65.9739545 141.4213538   0.0000000
  65.9739545 400.0000000   0.0000000
  66.8003447 -99.0000000   0.0000000
  66.8003447 -49.5000000   0.0000000
  66.8003447   0.0000000   0.0017384
  66.8003447 141.4213538   0.0000000
  66.8003447 400.0000000   0.0000000
  67.6301567 -99.0000000   0.0000000
  67.6301567 -49.5000000   0.0000000
  67.6301567   0.0000000   0.0007695
  67.6301567 141.4213538   0.0000000
  67.6301567 400.0000000   0.0000000
  68.4633766 -99.0000000   0.0000000
  68.4633766 -49.5000000   0.0000000
  68.4633766   0.0000000   0.0007925
  68.4633766 141.4213538   0.0000000
  68.4633766 400.0000000   0.0000000
  69.2999906 -99.0000000   0.0000000
  69.2999906 -49.5000000   0.0000000
  69.2999906   0.0000000   0.0008624
  69.2999906 141.4213538   0.0000000
  69.2999906 400.0000000   0.0000000
  70.1399848 -99.0000000   0.0000000
  70.1399848 -49.5000000   0.0000000
  70.1399848   0.0000000   0.0017064
  70.1399848 141.4213538   0.0000000
  70.1399848 400.0000000   0.0000000
  70.9833457 -99.0000000   0.0000000
  70.9833457 -49.5000000   0.0000000
  70.9833457   0.0000000   0.0006896
  70.9833457 141.4213538   0.0000000
  70.9833457 400.0000000   0.0000000
  71.8300600 -99.0000000   0.0000000
  71.8300600 -49.5000000   0.0000000
  71.8300600   0.0000000   0.0006256
  71.8300600 141.4213538   0.0000000
  71.8300600 400.0000000   0.0000000
  72.6801144 -99.0000000   0.0000000
  72.6801144 -49.5000000   0.0000000
  72.6801144   0.0000000   0.0016344
  72.6801144 141.4213538   0.0000000
  72.6801144 400.0000000   0.0000000
  73.5334959 -99.0000000   0.0000000
  73.5334959 -49.5000000   0.0000000
  73.5334959   0.0000000   0.0008912
  73.5334959 141.4213538   0.0000000
  73.5334959 400.0000000   0.0000000
  74.3901914 -99.0000000   0.0000000
  74.3901914 -49.5000000   0.0000000
  74.3901914   0.0000000   0.0009082
  74.3901914 141.4213538   0.0000000
  74.3901914 400.0000000   0.0000000
  75.2501883 -99.0000000   0.0000000
  75.2501883 -49.5000000   0.0000000
  75.2501883   0.0000000   0.0012889
  75.2501883 141.4213538   0.0000000
  75.2501883 400.0000000   0.0000000
  76.1134740 -99.0000000   0.0000000
  76.1134740 -49.5000000   0.0000000
  76.1134740   0.0000000   0.0012163
  76.1134740 141.4213538   0.0000000
  76.1134740 400.0000000   0.0000000
  76.9800359 -99.0000000   0.0000000
  76.9800359 -49.5000000   0.0000000
  76.9800359   0.0000000   0.0010024
  76.9800359 141.4213538   0.0000000
  76.9800359 400.0000000   0.0000000
  77.8498617 -99.0000000   0.0000000
  77.8498617 -49.5000000   0.0000000
  77.8498617   0.0000000   0.0010632
  77.8498617 141.4213538   0.0000000
  77.8498617 400.0000000   0.0000000
  78.7229392 -99.0000000   0.0000000
  78.7229392 -49.5000000   0.0000000
  78.7229392   0.0000000   0.0014481
  78.7229392 141.4213538   0.0000000
  78.7229392 400.0000000   0.0000000
  79.5992563 -99.0000000   0.0000000
  79.5992563 -49.5000000   0.0000000
  79.5992563   0.0000000   0.0008842
  79.5992563 141.4213538   0.0000000
  79.5992563 400.0000000   0.0000000
  80.4788012 -99.0000000   0.0000000
  80.4788012 -49.5000000   0.0000000
  80.4788012   0.0000000   0.0012375
  80.4788012 141.4213538   0.0000000
  80.4788012 400.0000000   0.0000000
  81.3615619 -99.0000000   0.0000000
  81.3615619 -49.5000000   0.0000000
  81.3615619   0.0000000   0.0009650
  81.3615619 141.4213538   0.0000000
  81.3615619 400.0000000   0.0000000
  82.2475269 -99.0000000   0.0000000
  82.2475269 -49.5000000   0.0000000
  82.2475269   0.0000000   0.0015088
  82.2475269 141.4213538   0.0000000
  82.2475269 400.0000000   0.0000000
  83.1366846 -99.0000000   0.0000000
  83.1366846 -49.5000000   0.0000000
  83.1366846   0.0000000   0.0008488
  83.1366846 141.4213538   0.0000000
  83.1366846 400.0000000   0.0000000
  84.0290235 -99.0000000   0.0000000
  84.0290235 -49.5000000   0.0000000
  84.0290235   0.0000000   0.0010665
  84.0290235 141.4213538   0.0000000
  84.0290235 400.0000000   0.0000000
  84.9245324 -99.0000000   0.0000000
  84.9245324 -49.5000000   0.0000000
  84.9245324   0.0000000   0.0012155
  84.9245324 141.4213538   0.0000000
  84.9245324 400.0000000   0.0000000
  85.8232001 -99.0000000   0.0000000
  85.8232001 -49.5000000   0.0000000
  85.8232001   0.0000000   0.0010764
  85.8232001 141.4213538   0.0000000
  85.8232001 400.0000000   0.0000000
  86.7250155 -99.0000000   0.0000000
  86.7250155 -49.5000000   0.0000000
  86.7250155   0.0000000   0.0011864
  86.7250155 141.4213538   0.0000000
  86.7250155 400.0000000   0.0000000
  87.6299676 -99.0000000   0.0000000
  87.6299676 -49.5000000   0.0000000
  87.6299676   0.0000000   0.0010286
  87.6299676 141.4213538   0.0000000
  87.6299676 400.0000000   0.0000000
  88.5380457 -99.0000000   0.0000000
  88.5380457 -49.5000000   0.0000000
  88.5380457   0.0000000   0.0009658
  88.5380457 141.4213538   0.0000000
  88.5380457 400.0000000   0.0000000
  89.4492390 -99.0000000   0.0000000
  89.4492390 -49.5000000   0.0000000
  89.4492390   0.0000000   0.0010767
  89.4492390 141.4213538   0.0000000
  89.4492390 400.0000000   0.0000000
  90.3635368 -99.0000000   0.0000000
  90.3635368 -49.5000000   0.0000000
  90.3635368   0.0000000   0.0013089
  90.3635368 141.4213538   0.0000000
  90.3635368 400.0000000   0.0000000
  91.2809288 -99.0000000   0.0000000
  91.2809288 -49.5000000   0.0000000
  91.2809288   0.0000000   0.0012913
  91.2809288 141.4213538   0.0000000
  91.2809288 400.0000000   0.0000000
  92.2014044 -99.0000000   0.0000000
  92.2014044 -49.5000000   0.0000000
  92.2014044   0.0000000   0.0013227
  92.2014044 141.4213538   0.0000000
  92.2014044 400.0000000   0.0000000
  93.1249535 -99.0000000   0.0000000
  93.1249535 -49.5000000   0.0000000
  93.1249535   0.0000000   0.0010346
  93.1249535 141.4213538   0.0000000
  93.1249535 400.0000000   0.0000000
  94.0515657 -99.0000000   0.0000000
  94.0515657 -49.5000000   0.0000000
  94.0515657   0.0000000   0.0009496
  94.0515657 141.4213538   0.0000000
  94.0515657 400.0000000   0.0000000
  94.9812310 -99.0000000   0.0000000
  94.9812310 -49.5000000   0.0000000
  94.9812310   0.0000000   0.0012651
  94.9812310 141.4213538   0.0000000
  94.9812310 400.0000000   0.0000000
  95.9139395 -99.0000000   0.0000000
  95.9139395 -49.5000000   0.0000000
  95.9139395   0.0000000   0.0008050
  95.9139395 141.4213538   0.0000000
  95.9139395 400.0000000   0.0000000
  96.8496811 -99.0000000   0.0000000
  96.8496811 -49.5000000   0.0000000
  96.8496811   0.0000000   0.0010312
  96.8496811 141.4213538   0.0000000
  96.8496811 400.0000000   0.0000000
  97.7884462 -99.0000000   0.0000000
  97.7884462 -49.5000000   0.0000000
  97.7884462   0.0000000   0.0013194
  97.7884462 141.4213538   0.0000000
  97.7884462 400.0000000   0.0000000
  98.7302249 -99.0000000   0.0000000
  98.7302249 -49.5000000   0.0000000
  98.7302249   0.0000000   0.0011983
  98.7302249 141.4213538   0.0000000
  98.7302249 400.0000000   0.0000000
  99.6750078 -99.0000000   0.0000000
  99.6750078 -49.5000000   0.0000000
  99.6750078   0.0000000   0.0009825
  99.6750078 141.4213538   0.0000000
  99.6750078 400.0000000   0.0000000
 100.6227852 -99.0000000   0.0000000
 100.6227852 -49.5000000   0.0000000
 100.6227852   0.0000000   0.0007638
 100.6227852 141.4213538   0.0000000
 100.6227852 400.0000000   0.0000000
 101.5735478 -99.0000000   0.0000000
 101.5735478 -49.5000000   0.0000000
 101.5735478   0.0000000   0.0015022
 101.5735478 141.4213538   0.0000000
 101.5735478 400.0000000   0.0000000
 102.5272861 -99.0000000   0.0000000
 102.5272861 -49.5000000   0.0000000
 102.5272861   0.0000000   0.0012072
 102.5272861 141.4213538   0.0000000
 102.5272861 400.0000000   0.0000000
 103.4839910 -99.0000000   0.0000000
 103.4839910 -49.5000000   0.0000000
 103.4839910   0.0000000   0.0010760
 103.4839910 141.4213538   0.0000000
 103.4839910 400.0000000   0.0000000
 104.4436533 -99.0000000   0.0000000
 104.4436533 -49.5000000   0.0000000
 104.4436533   0.0000000   0.0013619
 104.4436533 141.4213538   0.0000000
 104.4436533 400.0000000   0.0000000
 105.4062638 -99.0000000   0.0000000
 105.4062638 -49.5000000   0.0000000
 105.4062638   0.0000000   0.0012179
 105.4062638 141.4213538   0.0000000
 105.4062638 400.0000000   0.0000000
 106.3718137 -99.0000000   0.0000000
 106.3718137 -49.5000000   0.0000000
 106.3718137   0.0000000   0.0011987
 106.3718137 141.4213538   0.0000000
 106.3718137 400.0000000   0.0000000
 107.3402939 -99.0000000   0.0000000
 107.3402939 -49.5000000   0.0000000
 107.3402939   0.0000000   0.0010340
 107.3402939 141.4213538   0.0000000
 107.3402939 400.0000000   0.0000000
 108.3116956 -99.0000000   0.0000000
 108.3116956 -49.5000000   0.0000000
 108.3116956   0.0000000   0.0015877
 108.3116956 141.4213538   0.0000000
 108.3116956 400.0000000   0.0000000
 109.2860100 -99.0000000   0.0000000
 109.2860100 -49.5000000   0.0000000
 109.2860100   0.0000000   0.0011316
 109.2860100 141.4213538   0.0000000
 109.2860100 400.0000000   0.0000000
 110.2632286 -99.0000000   0.0000000
 110.2632286 -49.5000000   0.0000000
 110.2632286   0.0000000   0.0014059
 110.2632286 141.4213538   0.0000000
 110.2632286 400.0000000   0.0000000
 111.2433426 -99.0000000   0.0000000
 111.2433426 -49.5000000   0.0000000
 111.2433426   0.0000000   0.0011904
 111.2433426 141.4213538   0.0000000
 111.2433426 400.0000000   0.0000000
 112.2263435 -99.0000000   0.0000000
 112.2263435 -49.5000000   0.0000000
 112.2263435   0.0000000   0.0012206
 112.2263435 141.4213538   0.0000000
 112.2263435 400.0000000   0.0000000
 113.2122230 -99.0000000   0.0000000
 113.2122230 -49.5000000   0.0000000
 113.2122230   0.0000000   0.0016471
 113.2122230 141.4213538   0.0000000
 113.2122230 400.0000000   0.0000000
 114.2009726 -99.0000000   0.0000000
 114.2009726 -49.5000000   0.0000000
 114.2009726   0.0000000   0.0011617
 114.2009726 141.4213538   0.0000000
 114.2009726 400.0000000   0.0000000
 115.1925839 -99.0000000   0.0000000
 115.1925839 -49.5000000   0.0000000
 115.1925839   0.0000000   0.0015706
 115.1925839 141.4213538   0.0000000
 115.1925839 400.0000000   0.0000000
 116.1870489 -99.0000000   0.0000000
 116.1870489 -49.5000000   0.0000000
 116.1870489   0.0000000   0.0015800
 116.1870489 141.4213538   0.0000000
 116.1870489 400.0000000   0.0000000
 117.1843592 -99.0000000   0.0000000
 117.1843592 -49.5000000   0.0000000
 117.1843592   0.0000000   0.0016077
 117.1843592 141.4213538   0.0000000
 117.1843592 400.0000000   0.0000000
 118.1845068 -99.0000000   0.0000000
 118.1845068 -49.5000000   0.0000000
 118.1845068   0.0000000   0.0014568
 118.1845068 141.4213538   0.0000000
 118.1845068 400.0000000   0.0000000
 119.1874838 -99.0000000   0.0000000
 119.1874838 -49.5000000   0.0000000
 119.1874838   0.0000000   0.0017583
 119.1874838 141.4213538   0.0000000
 119.1874838 400.0000000   0.0000000
 120.1932820 -99.0000000   0.0000000
 120.1932820 -49.5000000   0.0000000
 120.1932820   0.0000000   0.0016685
 120.1932820 141.4213538   0.0000000
 120.1932820 400.0000000   0.0000000
 121.2018937 -99.0000000   0.0000000
 121.2018937 -49.5000000   0.0000000
 121.2018937   0.0000000   0.0015490
 121.2018937 141.4213538   0.0000000
 121.2018937 400.0000000   0.0000000
 122.2133110 -99.0000000   0.0000000
 122.2133110 -49.5000000   0.0000000
 122.2133110   0.0000000   0.0013093
 122.2133110 141.4213538   0.0000000
 122.2133110 400.0000000   0.0000000
 123.2275261 -99.0000000   0.0000000
 123.2275261 -49.5000000   0.0000000
 123.2275261   0.0000000   0.0013409
 123.2275261 141.4213538   0.0000000
 123.2275261 400.0000000   0.0000000
 124.2445314 -99.0000000   0.0000000
 124.2445314 -49.5000000   0.0000000
 124.2445314   0.0000000   0.0013535
 124.2445314 141.4213538   0.0000000
 124.2445314 400.0000000   0.0000000
 125.2643192 -99.0000000   0.0000000
 125.2643192 -49.5000000   0.0000000
 125.2643192   0.0000000   0.0015957
 125.2643192 141.4213538   0.0000000
 125.2643192 400.0000000   0.0000000
 126.2868819 -99.0000000   0.0000000
 126.2868819 -49.5000000   0.0000000
 126.2868819   0.0000000   0.0015365
 126.2868819 141.4213538   0.0000000
 126.2868819 400.0000000   0.0000000
 127.3122121 -99.0000000   0.0000000
 127.3122121 -49.5000000   0.0000000
 127.3122121   0.0000000   0.0016788
 127.3122121 141.4213538   0.0000000
 127.3122121 400.0000000   0.0000000
 128.3403022 -99.0000000   0.0000000
 128.3403022 -49.5000000   0.0000000
 128.3403022   0.0000000   0.0014527
 128.3403022 141.4213538   0.0000000
 128.3403022 400.0000000   0.0000000
 129.3711449 -99.0000000   0.0000000
 129.3711449 -49.5000000   0.0000000
 129.3711449   0.0000000   0.0017308
 129.3711449 141.4213538   0.0000000
 129.3711449 400.0000000   0.0000000
 130.4047329 -99.0000000   0.0000000
 130.4047329 -49.5000000   0.0000000
 130.4047329   0.0000000   0.0017122
 130.4047329 141.4213538   0.0000000
 130.4047329 400.0000000   0.0000000
 131.4410589 -99.0000000   0.0000000
 131.4410589 -49.5000000   0.0000000
 131.4410589   0.0000000   0.0017909
 131.4410589 141.4213538   0.0000000
 131.4410589 400.0000000   0.0000000
 132.4801157 -99.0000000   0.0000000
 132.4801157 -49.5000000   0.0000000
 132.4801157   0.0000000   0.0017843
 132.4801157 141.4213538   0.0000000
 132.4801157 400.0000000   0.0000000
 133.5218961 -99.0000000   0.0000000
 133.5218961 -49.5000000   0.0000000
 133.5218961   0.0000000   0.0019722
 133.5218961 141.4213538   0.0000000
 133.5218961 400.0000000   0.0000000
 134.5663930 -99.0000000   0.0000000
 134.5663930 -49.5000000   0.0000000
 134.5663930   0.0000000   0.0020312
 134.5663930 141.4213538   0.0000000
 134.5663930 400.0000000   0.0000000
 135.6135993 -99.0000000   0.0000000
 135.6135993 -49.5000000   0.0000000
 135.6135993   0.0000000   0.0022628
 135.6135993 141.4213538   0.0000000
 135.6135993 400.0000000   0.0000000
 136.6635081 -99.0000000   0.0000000
 136.6635081 -49.5000000   0.0000000
 136.6635081   0.0000000   0.0022146
 136.6635081 141.4213538   0.0000000
 136.6635081 400.0000000   0.0000000
 137.7161125 -99.0000000   0.0000000
 137.7161125 -49.5000000   0.0000000
 137.7161125   0.0000000   0.0027103
 137.7161125 141.4213538   0.0000000
 137.7161125 400.0000000   0.0000000
 138.7714055 -99.0000000   0.0000000
 138.7714055 -49.5000000   0.0000000
 138.7714055   0.0000000   0.0025278
 138.7714055 141.4213538   0.0000000
 138.7714055 400.0000000   0.0000000
 139.8293804 -99.0000000   0.0000000
 139.8293804 -49.5000000   0.0000000
 139.8293804   0.0000000   0.0030958
 139.8293804 141.4213538   0.0000000
 139.8293804 400.0000000   0.0000000
 140.8900303 -99.0000000   0.0000000
 140.8900303 -49.5000000   0.0000000
 140.8900303   0.0000000   0.0030816
 140.8900303 141.4213538   0.0000000
 140.8900303 400.0000000   0.0000000
 141.9533485 -99.0000000   0.0000000
 141.9533485 -49.5000000   0.0000000
 141.9533485   0.0000000   0.0030870
 141.9533485 141.4213538   0.0000000
 141.9533485 400.0000000   0.0000000
 143.0193283 -99.0000000   0.0000000
 143.0193283 -49.5000000   0.0000000
 143.0193283   0.0000000   0.0030957
 143.0193283 141.4213538   0.0000000
 143.0193283 400.0000000   0.0000000
 144.0879631 -99.0000000   0.0000000
 144.0879631 -49.5000000   0.0000000
 144.0879631   0.0000000   0.0028434
 144.0879631 141.4213538   0.0000000
 144.0879631 400.0000000   0.0000000
 145.1592463 -99.0000000   0.0000000
 145.1592463 -49.5000000   0.0000000
 145.1592463   0.0000000   0.0042500
 145.1592463 141.4213538   0.0000000
 145.1592463 400.0000000   0.0000000
 146.2331715 -99.0000000   0.0000000
 146.2331715 -49.5000000   0.0000000
 146.2331715   0.0000000   0.0035032
 146.2331715 141.4213538   0.0000000
 146.2331715 400.0000000   0.0000000
 147.3097320 -99.0000000   0.0000000
 147.3097320 -49.5000000   0.0000000
 147.3097320   0.0000000   0.0039460
 147.3097320 141.4213538   0.0000000
 147.3097320 400.0000000   0.0000000
 148.3889215 -99.0000000   0.0000000
 148.3889215 -49.5000000   0.0000000
 148.3889215   0.0000000   0.0044222
 148.3889215 141.4213538   0.0000000
 148.3889215 400.0000000   0.0000000
 149.4707336 -99.0000000   0.0000000
 149.4707336 -49.5000000   0.0000000
 149.4707336   0.0000000   0.0047672
 149.4707336 141.4213538   0.0000000
 149.4707336 400.0000000   0.0000000
 150.5551619 -99.0000000   0.0000000
 150.5551619 -49.5000000   0.0000000
 150.5551619   0.0000000   0.0054136
 150.5551619 141.4213538   0.0000000
 150.5551619 400.0000000   0.0000000
 151.6422002 -99.0000000   0.0000000
 151.6422002 -49.5000000   0.0000000
 151.6422002   0.0000000   0.0063031
 151.6422002 141.4213538   0.0000000
 151.6422002 400.0000000   0.0000000
 152.7318421 -99.0000000   0.0000000
 152.7318421 -49.5000000   0.0000000
 152.7318421   0.0000000   0.0066912
 152.7318421 141.4213538   0.0000000
 152.7318421 400.0000000   0.0000000
 153.8240816 -99.0000000   0.0000000
 153.8240816 -49.5000000   0.0000000
 153.8240816   0.0000000   0.0079952
 153.8240816 141.4213538   0.0000000
 153.8240816 400.0000000   0.0000000
 154.9189123 -99.0000000   0.0000000
 154.9189123 -49.5000000   0.0000000
 154.9189123   0.0000000   0.0079437
 154.9189123 141.4213538   0.0000000
 154.9189123 400.0000000   0.0000000
 156.0163283 -99.0000000   0.0000000
 156.0163283 -49.5000000   0.0000000
 156.0163283   0.0000000   0.0078515
 156.0163283 141.4213538   0.0000000
 156.0163283 400.0000000   0.0000000
 157.1163234 -99.0000000   0.0000000
 157.1163234 -49.5000000   0.0000000
 157.1163234   0.0000000   0.0061576
 157.1163234 141.4213538   0.0000000
 157.1163234 400.0000000   0.0000000
 158.2188916 -99.0000000   0.0000000
 158.2188916 -49.5000000   0.0000000
 158.2188916   0.0000000   0.0064443
 158.2188916 141.4213538   0.0000000
 158.2188916 400.0000000   0.0000000
 159.3240269 -99.0000000   0.0000000
 159.3240269 -49.5000000   0.0000000
 159.3240269   0.0000000   0.0057456
 159.3240269 141.4213538   0.0000000
 159.3240269 400.0000000   0.0000000
 160.4317233 -99.0000000   0.0000000
 160.4317233 -49.5000000   0.0000000
 160.4317233   0.0000000   0.0052746
 160.4317233 141.4213538   0.0000000
 160.4317233 400.0000000   0.0000000
 161.5419750 -99.0000000   0.0000000
 161.5419750 -49.5000000   0.0000000
 161.5419750   0.0000000   0.0066164
 161.5419750 141.4213538   0.0000000
 161.5419750 400.0000000   0.0000000
 162.6547761 -99.0000000   0.0000000
 162.6547761 -49.5000000   0.0000000
 162.6547761   0.0000000   0.0060691
 162.6547761 141.4213538   0.0000000
 162.6547761 400.0000000   0.0000000
 163.7701207 -99.0000000   0.0000000
 163.7701207 -49.5000000   0.0000000
 163.7701207   0.0000000   0.0057202
 163.7701207 141.4213538   0.0000000
 163.7701207 400.0000000   0.0000000
 164.8880031 -99.0000000   0.0000000
 164.8880031 -49.5000000   0.0000000
 164.8880031   0.0000000   0.0054688
 164.8880031 141.4213538   0.0000000
 164.8880031 400.0000000   0.0000000
 166.0084174 -99.0000000   0.0000000
 166.0084174 -49.5000000   0.0000000
 166.0084174   0.0000000   0.0054596
 166.0084174 141.4213538   0.0000000
 166.0084174 400.0000000   0.0000000
 167.1313581 -99.0000000   0.0000000
 167.1313581 -49.5000000   0.0000000
 167.1313581   0.0000000   0.0051848
 167.1313581 141.4213538   0.0000000
 167.1313581 400.0000000   0.0000000
 168.2568195 -99.0000000   0.0000000
 168.2568195 -49.5000000   0.0000000
 168.2568195   0.0000000   0.0047756
 168.2568195 141.4213538   0.0000000
 168.2568195 400.0000000   0.0000000
 169.3847958 -99.0000000   0.0000000
 169.3847958 -49.5000000   0.0000000
 169.3847958   0.0000000   0.0050262
 169.3847958 141.4213538   0.0000000
 169.3847958 400.0000000   0.0000000
 170.5152816 -99.0000000   0.0000000
 170.5152816 -49.5000000   0.0000000
 170.5152816   0.0000000   0.0047906
 170.5152816 141.4213538   0.0000000
 170.5152816 400.0000000   0.0000000
 171.6482712 -99.0000000   0.0000000
 171.6482712 -49.5000000   0.0000000
 171.6482712   0.0000000   0.0052128
 171.6482712 141.4213538   0.0000000
 171.6482712 400.0000000   0.0000000
 172.7837591 -99.0000000   0.0000000
 172.7837591 -49.5000000   0.0000000
 172.7837591   0.0000000   0.0042019
 172.7837591 141.4213538   0.0000000
 172.7837591 400.0000000   0.0000000
 173.9217399 -99.0000000   0.0000000
 173.9217399 -49.5000000   0.0000000
 173.9217399   0.0000000   0.0045774
 173.9217399 141.4213538   0.0000000
 173.9217399 400.0000000   0.0000000
 175.0622080 -99.0000000   0.0000000
 175.0622080 -49.5000000   0.0000000
 175.0622080   0.0000000   0.0049228
 175.0622080 141.4213538   0.0000000
 175.0622080 400.0000000   0.0000000
 176.2051582 -99.0000000   0.0000000
 176.2051582 -49.5000000   0.0000000
 176.2051582   0.0000000   0.0044488
 176.2051582 141.4213538   0.0000000
 176.2051582 400.0000000   0.0000000
 177.3505849 -99.0000000   0.0000000
 177.3505849 -49.5000000   0.0000000
 177.3505849   0.0000000   0.0054839
 177.3505849 141.4213538   0.0000000
 177.3505849 400.0000000   0.0000000
 178.4984829 -99.0000000   0.0000000
 178.4984829 -49.5000000   0.0000000
 178.4984829   0.0000000   0.0043866
 178.4984829 141.4213538   0.0000000
 178.4984829 400.0000000   0.0000000
 179.6488469 -99.0000000   0.0000000
 179.6488469 -49.5000000   0.0000000
 179.6488469   0.0000000   0.0051114
 179.6488469 141.4213538   0.0000000
 179.6488469 400.0000000   0.0000000
 180.8016715 -99.0000000   0.0000000
 180.8016715 -49.5000000   0.0000000
 180.8016715   0.0000000   0.0049237
 180.8016715 141.4213538   0.0000000
 180.8016715 400.0000000   0.0000000
 181.9569516 -99.0000000   0.0000000
 181.9569516 -49.5000000   0.0000000
 181.9569516   0.0000000   0.0050885
 181.9569516 141.4213538   0.0000000
 181.9569516 400.0000000   0.0000000
 183.1146819 -99.0000000   0.0000000
 183.1146819 -49.5000000   0.0000000
 183.1146819   0.0000000   0.0064124
 183.1146819 141.4213538   0.0000000
 183.1146819 400.0000000   0.0000000
 184.2748572 -99.0000000   0.0000000
 184.2748572 -49.5000000   0.0000000
 184.2748572   0.0000000   0.0065130
 184.2748572 141.4213538   0.0000000
 184.2748572 400.0000000   0.0000000
 185.4374725 -99.0000000   0.0000000
 185.4374725 -49.5000000   0.0000000
 185.4374725   0.0000000   0.0058983
 185.4374725 141.4213538   0.0000000
 185.4374725 400.0000000   0.0000000
 186.6025225 -99.0000000   0.0000000
 186.6025225 -49.5000000   0.0000000
 186.6025225   0.0000000   0.0056184
 186.6025225 141.4213538   0.0000000
 186.6025225 400.0000000   0.0000000
 187.7700023 -99.0000000   0.0000000
 187.7700023 -49.5000000   0.0000000
 187.7700023   0.0000000   0.0051409
 187.7700023 141.4213538   0.0000000
 187.7700023 400.0000000   0.0000000
 188.9399068 -99.0000000   0.0000000
 188.9399068 -49.5000000   0.0000000
 188.9399068   0.0000000   0.0054206
 188.9399068 141.4213538   0.0000000
 188.9399068 400.0000000   0.0000000
 190.1122309 -99.0000000   0.0000000
 190.1122309 -49.5000000   0.0000000
 190.1122309   0.0000000   0.0053416
 190.1122309 141.4213538   0.0000000
 190.1122309 400.0000000   0.0000000
 191.2869697 -99.0000000   0.0000000
 191.2869697 -49.5000000   0.0000000
 191.2869697   0.0000000   0.0056925
 191.2869697 141.4213538   0.0000000
 191.2869697 400.0000000   0.0000000
 192.4641182 -99.0000000   0.0000000
 192.4641182 -49.5000000   0.0000000
 192.4641182   0.0000000   0.0047754
 192.4641182 141.4213538   0.0000000
 192.4641182 400.0000000   0.0000000
 193.6436716 -99.0000000   0.0000000
 193.6436716 -49.5000000   0.0000000
 193.6436716   0.0000000   0.0048823
 193.6436716 141.4213538   0.0000000
 193.6436716 400.0000000   0.0000000
 194.8256248 -99.0000000   0.0000000
 194.8256248 -49.5000000   0.0000000
 194.8256248   0.0000000   0.0046944
 194.8256248 141.4213538   0.0000000
 194.8256248 400.0000000   0.0000000
 196.0099731 -99.0000000   0.0000000
 196.0099731 -49.5000000   0.0000000
 196.0099731   0.0000000   0.0043777
 196.0099731 141.4213538   0.0000000
 196.0099731 400.0000000   0.0000000
 197.1967116 -99.0000000   0.0000000
 197.1967116 -49.5000000   0.0000000
 197.1967116   0.0000000   0.0044405
 197.1967116 141.4213538   0.0000000
 197.1967116 400.0000000   0.0000000
 198.3858355 -99.0000000   0.0000000
 198.3858355 -49.5000000   0.0000000
 198.3858355   0.0000000   0.0041992
 198.3858355 141.4213538   0.0000000
 198.3858355 400.0000000   0.0000000
 199.5773400 -99.0000000   0.0000000
 199.5773400 -49.5000000   0.0000000
 199.5773400   0.0000000   0.0047637
 199.5773400 141.4213538   0.0000000
 199.5773400 400.0000000   0.0000000
 200.7712204 -99.0000000   0.0000000
 200.7712204 -49.5000000   0.0000000
 200.7712204   0.0000000   0.0037108
 200.7712204 141.4213538   0.0000000
 200.7712204 400.0000000   0.0000000
 201.9674720 -99.0000000   0.0000000
 201.9674720 -49.5000000   0.0000000
 201.9674720   0.0000000   0.0040437
 201.9674720 141.4213538   0.0000000
 201.9674720 400.0000000   0.0000000
 203.1660901 -99.0000000   0.0000000
 203.1660901 -49.5000000   0.0000000
 203.1660901   0.0000000   0.0038150
 203.1660901 141.4213538   0.0000000
 203.1660901 400.0000000   0.0000000
 204.3670700 -99.0000000   0.0000000
 204.3670700 -49.5000000   0.0000000
 204.3670700   0.0000000   0.0038016
 204.3670700 141.4213538   0.0000000
 204.3670700 400.0000000   0.0000000
 205.5704070 -99.0000000   0.0000000
 205.5704070 -49.5000000   0.0000000
 205.5704070   0.0000000   0.0039613
 205.5704070 141.4213538   0.0000000
 205.5704070 400.0000000   0.0000000
 206.7760966 -99.0000000   0.0000000
 206.7760966 -49.5000000   0.0000000
 206.7760966   0.0000000   0.0038905
 206.7760966 141.4213538   0.0000000
 206.7760966 400.0000000   0.0000000
 207.9841343 -99.0000000   0.0000000
 207.9841343 -49.5000000   0.0000000
 207.9841343   0.0000000   0.0038111
 207.9841343 141.4213538   0.0000000
 207.9841343 400.0000000   0.0000000
 209.1945153 -99.0000000   0.0000000
 209.1945153 -49.5000000   0.0000000
 209.1945153   0.0000000   0.0041464
 209.1945153 141.4213538   0.0000000
 209.1945153 400.0000000   0.0000000
 210.4072352 -99.0000000   0.0000000
 210.4072352 -49.5000000   0.0000000
 210.4072352   0.0000000   0.0036712
 210.4072352 141.4213538   0.0000000
 210.4072352 400.0000000   0.0000000
 211.6222896 -99.0000000   0.0000000
 211.6222896 -49.5000000   0.0000000
 211.6222896   0.0000000   0.0040896
 211.6222896 141.4213538   0.0000000
 211.6222896 400.0000000   0.0000000
 212.8396739 -99.0000000   0.0000000
 212.8396739 -49.5000000   0.0000000
 212.8396739   0.0000000   0.0045321
 212.8396739 141.4213538   0.0000000
 212.8396739 400.0000000   0.0000000
 214.0593836 -99.0000000   0.0000000
 214.0593836 -49.5000000   0.0000000
 214.0593836   0.0000000   0.0045269
 214.0593836 141.4213538   0.0000000
 214.0593836 400.0000000   0.0000000
 215.2814144 -99.0000000   0.0000000
 215.2814144 -49.5000000   0.0000000
 215.2814144   0.0000000   0.0047566
 215.2814144 141.4213538   0.0000000
 215.2814144 400.0000000   0.0000000
 216.5057619 -99.0000000   0.0000000
 216.5057619 -49.5000000   0.0000000
 216.5057619   0.0000000   0.0043139
 216.5057619 141.4213538   0.0000000
 216.5057619 400.0000000   0.0000000
 217.7324216 -99.0000000   0.0000000
 217.7324216 -49.5000000   0.0000000
 217.7324216   0.0000000   0.0039339
 217.7324216 141.4213538   0.0000000
 217.7324216 400.0000000   0.0000000
 218.9613892 -99.0000000   0.0000000
 218.9613892 -49.5000000   0.0000000
 218.9613892   0.0000000   0.0046425
 218.9613892 141.4213538   0.0000000
 218.9613892 400.0000000   0.0000000
 220.1926605 -99.0000000   0.0000000
 220.1926605 -49.5000000   0.0000000
 220.1926605   0.0000000   0.0041652
 220.1926605 141.4213538   0.0000000
 220.1926605 400.0000000   0.0000000
 221.4262310 -99.0000000   0.0000000
 221.4262310 -49.5000000   0.0000000
 221.4262310   0.0000000   0.0038958
 221.4262310 141.4213538   0.0000000
 221.4262310 400.0000000   0.0000000
 222.6620966 -99.0000000   0.0000000
 222.6620966 -49.5000000   0.0000000
 222.6620966   0.0000000   0.0038218
 222.6620966 141.4213538   0.0000000
 222.6620966 400.0000000   0.0000000
 223.9002529 -99.0000000   0.0000000
 223.9002529 -49.5000000   0.0000000
 223.9002529   0.0000000   0.0035006
 223.9002529 141.4213538   0.0000000
 223.9002529 400.0000000   0.0000000
 225.1406957 -99.0000000   0.0000000
 225.1406957 -49.5000000   0.0000000
 225.1406957   0.0000000   0.0034284
 225.1406957 141.4213538   0.0000000
 225.1406957 400.0000000   0.0000000
 226.3834209 -99.0000000   0.0000000
 226.3834209 -49.5000000   0.0000000
 226.3834209   0.0000000   0.0035163
 226.3834209 141.4213538   0.0000000
 226.3834209 400.0000000   0.0000000
 227.6284243 -99.0000000   0.0000000
 227.6284243 -49.5000000   0.0000000
 227.6284243   0.0000000   0.0035464
 227.6284243 141.4213538   0.0000000
 227.6284243 400.0000000   0.0000000
 228.8757016 -99.0000000   0.0000000
 228.8757016 -49.5000000   0.0000000
 228.8757016   0.0000000   0.0035954
 228.8757016 141.4213538   0.0000000
 228.8757016 400.0000000   0.0000000
 230.1252487 -99.0000000   0.0000000
 230.1252487 -49.5000000   0.0000000
 230.1252487   0.0000000   0.0032472
 230.1252487 141.4213538   0.0000000
 230.1252487 400.0000000   0.0000000
 231.3770616 -99.0000000   0.0000000
 231.3770616 -49.5000000   0.0000000
 231.3770616   0.0000000   0.0035316
 231.3770616 141.4213538   0.0000000
 231.3770616 400.0000000   0.0000000
 232.6311361 -99.0000000   0.0000000
 232.6311361 -49.5000000   0.0000000
 232.6311361   0.0000000   0.0035910
 232.6311361 141.4213538   0.0000000
 232.6311361 400.0000000   0.0000000
 233.8874682 -99.0000000   0.0000000
 233.8874682 -49.5000000   0.0000000
 233.8874682   0.0000000   0.0032469
 233.8874682 141.4213538   0.0000000
 233.8874682 400.0000000   0.0000000
 235.1460538 -99.0000000   0.0000000
 235.1460538 -49.5000000   0.0000000
 235.1460538   0.0000000   0.0034760
 235.1460538 141.4213538   0.0000000
 235.1460538 400.0000000   0.0000000
 236.4068889 -99.0000000   0.0000000
 236.4068889 -49.5000000   0.0000000
 236.4068889   0.0000000   0.0031781
 236.4068889 141.4213538   0.0000000
 236.4068889 400.0000000   0.0000000
 237.6699694 -99.0000000   0.0000000
 237.6699694 -49.5000000   0.0000000
 237.6699694   0.0000000   0.0034265
 237.6699694 141.4213538   0.0000000
 237.6699694 400.0000000   0.0000000
 238.9352915 -99.0000000   0.0000000
 238.9352915 -49.5000000   0.0000000
 238.9352915   0.0000000   0.0040494
 238.9352915 141.4213538   0.0000000
 238.9352915 400.0000000   0.0000000
 240.2028510 -99.0000000   0.0000000
 240.2028510 -49.5000000   0.0000000
 240.2028510   0.0000000   0.0029835
 240.2028510 141.4213538   0.0000000
 240.2028510 400.0000000   0.0000000
 241.4726442 -99.0000000   0.0000000
 241.4726442 -49.5000000   0.0000000
 241.4726442   0.0000000   0.0032691
 241.4726442 141.4213538   0.0000000
 241.4726442 400.0000000   0.0000000
 242.7446670 -99.0000000   0.0000000
 242.7446670 -49.5000000   0.0000000
 242.7446670   0.0000000   0.0030845
 242.7446670 141.4213538   0.0000000
 242.7446670 400.0000000   0.0000000
 244.0189156 -99.0000000   0.0000000
 244.0189156 -49.5000000   0.0000000
 244.0189156   0.0000000   0.0033426
 244.0189156 141.4213538   0.0000000
 244.0189156 400.0000000   0.0000000
 245.2953861 -99.0000000   0.0000000
 245.2953861 -49.5000000   0.0000000
 245.2953861   0.0000000   0.0030299
 245.2953861 141.4213538   0.0000000
 245.2953861 400.0000000   0.0000000
 246.5740746 -99.0000000   0.0000000
 246.5740746 -49.5000000   0.0000000
 246.5740746   0.0000000   0.0030545
 246.5740746 141.4213538   0.0000000
 246.5740746 400.0000000   0.0000000
 247.8549773 -99.0000000   0.0000000
 247.8549773 -49.5000000   0.0000000
 247.8549773   0.0000000   0.0034462
 247.8549773 141.4213538   0.0000000
 247.8549773 400.0000000   0.0000000
 249.1380904 -99.0000000   0.0000000
 249.1380904 -49.5000000   0.0000000
 249.1380904   0.0000000   0.0028201
 249.1380904 141.4213538   0.0000000
 249.1380904 400.0000000   0.0000000
 250.4234100 -99.0000000   0.0000000
 250.4234100 -49.5000000   0.0000000
 250.4234100   0.0000000   0.0034412
 250.4234100 141.4213538   0.0000000
 250.4234100 400.0000000   0.0000000
 251.7109324 -99.0000000   0.0000000
 251.7109324 -49.5000000   0.0000000
 251.7109324   0.0000000   0.0034408
 251.7109324 141.4213538   0.0000000
 251.7109324 400.0000000   0.0000000
 253.0006538 -99.0000000   0.0000000
 253.0006538 -49.5000000   0.0000000
 253.0006538   0.0000000   0.0031402
 253.0006538 141.4213538   0.0000000
 253.0006538 400.0000000   0.0000000
 254.2925704 -99.0000000   0.0000000
 254.2925704 -49.5000000   0.0000000
 254.2925704   0.0000000   0.0031664
 254.2925704 141.4213538   0.0000000
 254.2925704 400.0000000   0.0000000
 255.5866787 -99.0000000   0.0000000
 255.5866787 -49.5000000   0.0000000
 255.5866787   0.0000000   0.0034354
 255.5866787 141.4213538   0.0000000
 255.5866787 400.0000000   0.0000000
 256.8829747 -99.0000000   0.0000000
 256.8829747 -49.5000000   0.0000000
 256.8829747   0.0000000   0.0027634
 256.8829747 141.4213538   0.0000000
 256.8829747 400.0000000   0.0000000
 258.1814550 -99.0000000   0.0000000
 258.1814550 -49.5000000   0.0000000
 258.1814550   0.0000000   0.0033109
 258.1814550 141.4213538   0.0000000
 258.1814550 400.0000000   0.0000000
 259.4821157 -99.0000000   0.0000000
 259.4821157 -49.5000000   0.0000000
 259.4821157   0.0000000   0.0035731
 259.4821157 141.4213538   0.0000000
 259.4821157 400.0000000   0.0000000
 260.7849532 -99.0000000   0.0000000
 260.7849532 -49.5000000   0.0000000
 260.7849532   0.0000000   0.0027624
 260.7849532 141.4213538   0.0000000
 260.7849532 400.0000000   0.0000000
 262.0899640 -99.0000000   0.0000000
 262.0899640 -49.5000000   0.0000000
 262.0899640   0.0000000   0.0026529
 262.0899640 141.4213538   0.0000000
 262.0899640 400.0000000   0.0000000
 263.3971444 -99.0000000   0.0000000
 263.3971444 -49.5000000   0.0000000
 263.3971444   0.0000000   0.0024821
 263.3971444 141.4213538   0.0000000
 263.3971444 400.0000000   0.0000000
 264.7064907 -99.0000000   0.0000000
 264.7064907 -49.5000000   0.0000000
 264.7064907   0.0000000   0.0022647
 264.7064907 141.4213538   0.0000000
 264.7064907 400.0000000   0.0000000
 266.0179995 -99.0000000   0.0000000
 266.0179995 -49.5000000   0.0000000
 266.0179995   0.0000000   0.0021804
 266.0179995 141.4213538   0.0000000
 266.0179995 400.0000000   0.0000000
 267.3316672 -99.0000000   0.0000000
 267.3316672 -49.5000000   0.0000000
 267.3316672   0.0000000   0.0022820
 267.3316672 141.4213538   0.0000000
 267.3316672 400.0000000   0.0000000
 268.6474902 -99.0000000   0.0000000
 268.6474902 -49.5000000   0.0000000
 268.6474902   0.0000000   0.0024430
 268.6474902 141.4213538   0.0000000
 268.6474902 400.0000000   0.0000000
 269.9654649 -99.0000000   0.0000000
 269.9654649 -49.5000000   0.0000000
 269.9654649   0.0000000   0.0025133
 269.9654649 141.4213538   0.0000000
 269.9654649 400.0000000   0.0000000
 271.2855880 -99.0000000   0.0000000
 271.2855880 -49.5000000   0.0000000
 271.2855880   0.0000000   0.0023085
 271.2855880 141.4213538   0.0000000
 271.2855880 400.0000000   0.0000000
 272.6078559 -99.0000000   0.0000000
 272.6078559 -49.5000000   0.0000000
 272.6078559   0.0000000   0.0028860
 272.6078559 141.4213538   0.0000000
 272.6078559 400.0000000   0.0000000
 273.9322651 -99.0000000   0.0000000
 273.9322651 -49.5000000   0.0000000
 273.9322651   0.0000000   0.0027946
 273.9322651 141.4213538   0.0000000
 273.9322651 400.0000000   0.0000000
 275.2588121 -99.0000000   0.0000000
 275.2588121 -49.5000000   0.0000000
 275.2588121   0.0000000   0.0024193
 275.2588121 141.4213538   0.0000000
 275.2588121 400.0000000   0.0000000
 276.5874936 -99.0000000   0.0000000
 276.5874936 -49.5000000   0.0000000
 276.5874936   0.0000000   0.0028607
 276.5874936 141.4213538   0.0000000
 276.5874936 400.0000000   0.0000000
 277.9183061 -99.0000000   0.0000000
 277.9183061 -49.5000000   0.0000000
 277.9183061   0.0000000   0.0025894
 277.9183061 141.4213538   0.0000000
 277.9183061 400.0000000   0.0000000
 279.2512462 -99.0000000   0.0000000
 279.2512462 -49.5000000   0.0000000
 279.2512462   0.0000000   0.0029550
 279.2512462 141.4213538   0.0000000
 279.2512462 400.0000000   0.0000000
 280.5863105 -99.0000000   0.0000000
 280.5863105 -49.5000000   0.0000000
 280.5863105   0.0000000   0.0030011
 280.5863105 141.4213538   0.0000000
 280.5863105 400.0000000   0.0000000
 281.9234957 -99.0000000   0.0000000
 281.9234957 -49.5000000   0.0000000
 281.9234957   0.0000000   0.0026556
 281.9234957 141.4213538   0.0000000
 281.9234957 400.0000000   0.0000000
 283.2627983 -99.0000000   0.0000000
 283.2627983 -49.5000000   0.0000000
 283.2627983   0.0000000   0.0025311
 283.2627983 141.4213538   0.0000000
 283.2627983 400.0000000   0.0000000
 284.6042150 -99.0000000   0.0000000
 284.6042150 -49.5000000   0.0000000
 284.6042150   0.0000000   0.0025999
 284.6042150 141.4213538   0.0000000
 284.6042150 400.0000000   0.0000000
 285.9477426 -99.0000000   0.0000000
 285.9477426 -49.5000000   0.0000000
 285.9477426   0.0000000   0.0023487
 285.9477426 141.4213538   0.0000000
 285.9477426 400.0000000   0.0000000
 287.2933777 -99.0000000   0.0000000
 287.2933777 -49.5000000   0.0000000
 287.2933777   0.0000000   0.0027424
 287.2933777 141.4213538   0.0000000
 287.2933777 400.0000000   0.0000000
 288.6411169 -99.0000000   0.0000000
 288.6411169 -49.5000000   0.0000000
 288.6411169   0.0000000   0.0027200
 288.6411169 141.4213538   0.0000000
 288.6411169 400.0000000   0.0000000
 289.9909571 -99.0000000   0.0000000
 289.9909571 -49.5000000   0.0000000
 289.9909571   0.0000000   0.0019944
 289.9909571 141.4213538   0.0000000
 289.9909571 400.0000000   0.0000000
 291.3428949 -99.0000000   0.0000000
 291.3428949 -49.5000000   0.0000000
 291.3428949   0.0000000   0.0018626
 291.3428949 141.4213538   0.0000000
 291.3428949 400.0000000   0.0000000
 292.6969272 -99.0000000   0.0000000
 292.6969272 -49.5000000   0.0000000
 292.6969272   0.0000000   0.0017685
 292.6969272 141.4213538   0.0000000
 292.6969272 400.0000000   0.0000000
 294.0530506 -99.0000000   0.0000000
 294.0530506 -49.5000000   0.0000000
 294.0530506   0.0000000   0.0018103
 294.0530506 141.4213538   0.0000000
 294.0530506 400.0000000   0.0000000
 295.4112620 -99.0000000   0.0000000
 295.4112620 -49.5000000   0.0000000
 295.4112620   0.0000000   0.0018665
 295.4112620 141.4213538   0.0000000
 295.4112620 400.0000000   0.0000000
 296.7715581 -99.0000000   0.0000000
 296.7715581 -49.5000000   0.0000000
 296.7715581   0.0000000   0.0018703
 296.7715581 141.4213538   0.0000000
 296.7715581 400.0000000   0.0000000
 298.1339357 -99.0000000   0.0000000
 298.1339357 -49.5000000   0.0000000
 298.1339357   0.0000000   0.0017288
 298.1339357 141.4213538   0.0000000
 298.1339357 400.0000000   0.0000000
 299.4983918 -99.0000000   0.0000000
 299.4983918 -49.5000000   0.0000000
 299.4983918   0.0000000   0.0020445
 299.4983918 141.4213538   0.0000000
 299.4983918 400.0000000   0.0000000
 300.8649231 -99.0000000   0.0000000
 300.8649231 -49.5000000   0.0000000
 300.8649231   0.0000000   0.0020812
 300.8649231 141.4213538   0.0000000
 300.8649231 400.0000000   0.0000000
 302.2335264 -99.0000000   0.0000000
 302.2335264 -49.5000000   0.0000000
 302.2335264   0.0000000   0.0019344
 302.2335264 141.4213538   0.0000000
 302.2335264 400.0000000   0.0000000
 303.6041987 -99.0000000   0.0000000
 303.6041987 -49.5000000   0.0000000
 303.6041987   0.0000000   0.0018479
 303.6041987 141.4213538   0.0000000
 303.6041987 400.0000000   0.0000000
 304.9769368 -99.0000000   0.0000000
 304.9769368 -49.5000000   0.0000000
 304.9769368   0.0000000   0.0021586
 304.9769368 141.4213538   0.0000000
 304.9769368 400.0000000   0.0000000
 306.3517376 -99.0000000   0.0000000
 306.3517376 -49.5000000   0.0000000
 306.3517376   0.0000000   0.0020460
 306.3517376 141.4213538   0.0000000
 306.3517376 400.0000000   0.0000000
 307.7285981 -99.0000000   0.0000000
 307.7285981 -49.5000000   0.0000000
 307.7285981   0.0000000   0.0019679
 307.7285981 141.4213538   0.0000000
 307.7285981 400.0000000   0.0000000
 309.1075151 -99.0000000   0.0000000
 309.1075151 -49.5000000   0.0000000
 309.1075151   0.0000000   0.0020304
 309.1075151 141.4213538   0.0000000
 309.1075151 400.0000000   0.0000000
 310.4884856 -99.0000000   0.0000000
 310.4884856 -49.5000000   0.0000000
 310.4884856   0.0000000   0.0022201
 310.4884856 141.4213538   0.0000000
 310.4884856 400.0000000   0.0000000
 311.8715065 -99.0000000   0.0000000
 311.8715065 -49.5000000   0.0000000
 311.8715065   0.0000000   0.0022253
 311.8715065 141.4213538   0.0000000
 311.8715065 400.0000000   0.0000000
 313.2565749 -99.0000000   0.0000000
 313.2565749 -49.5000000   0.0000000
 313.2565749   0.0000000   0.0020699
 313.2565749 141.4213538   0.0000000
 313.2565749 400.0000000   0.0000000
 314.6436876 -99.0000000   0.0000000
 314.6436876 -49.5000000   0.0000000
 314.6436876   0.0000000   0.0023029
 314.6436876 141.4213538   0.0000000
 314.6436876 400.0000000   0.0000000
 316.0328417 -99.0000000   0.0000000
 316.0328417 -49.5000000   0.0000000
 316.0328417   0.0000000   0.0022011
 316.0328417 141.4213538   0.0000000
 316.0328417 400.0000000   0.0000000
 317.4240342 -99.0000000   0.0000000
 317.4240342 -49.5000000   0.0000000
 317.4240342   0.0000000   0.0017592
 317.4240342 141.4213538   0.0000000
 317.4240342 400.0000000   0.0000000
 318.8172621 -99.0000000   0.0000000
 318.8172621 -49.5000000   0.0000000
 318.8172621   0.0000000   0.0021191
 318.8172621 141.4213538   0.0000000
 318.8172621 400.0000000   0.0000000
 320.2125224 -99.0000000   0.0000000
 320.2125224 -49.5000000   0.0000000
 320.2125224   0.0000000   0.0020299
 320.2125224 141.4213538   0.0000000
 320.2125224 400.0000000   0.0000000
 321.6098122 -99.0000000   0.0000000
 321.6098122 -49.5000000   0.0000000
 321.6098122   0.0000000   0.0024087
 321.6098122 141.4213538   0.0000000
 321.6098122 400.0000000   0.0000000
 323.0091285 -99.0000000   0.0000000
 323.0091285 -49.5000000   0.0000000
 323.0091285   0.0000000   0.0020595
 323.0091285 141.4213538   0.0000000
 323.0091285 400.0000000   0.0000000
 324.4104684 -99.0000000   0.0000000
 324.4104684 -49.5000000   0.0000000
 324.4104684   0.0000000   0.0019877
 324.4104684 141.4213538   0.0000000
 324.4104684 400.0000000   0.0000000
 325.8138290 -99.0000000   0.0000000
 325.8138290 -49.5000000   0.0000000
 325.8138290   0.0000000   0.0020869
 325.8138290 141.4213538   0.0000000
 325.8138290 400.0000000   0.0000000
 327.2192073 -99.0000000   0.0000000
 327.2192073 -49.5000000   0.0000000
 327.2192073   0.0000000   0.0021649
 327.2192073 141.4213538   0.0000000
 327.2192073 400.0000000   0.0000000
 328.6266006 -99.0000000   0.0000000
 328.6266006 -49.5000000   0.0000000
 328.6266006   0.0000000   0.0014364
 328.6266006 141.4213538   0.0000000
 328.6266006 400.0000000   0.0000000
 330.0360058 -99.0000000   0.0000000
 330.0360058 -49.5000000   0.0000000
 330.0360058   0.0000000   0.0012154
 330.0360058 141.4213538   0.0000000
 330.0360058 400.0000000   0.0000000
 331.4474202 -99.0000000   0.0000000
 331.4474202 -49.5000000   0.0000000
 331.4474202   0.0000000   0.0014934
 331.4474202 141.4213538   0.0000000
 331.4474202 400.0000000   0.0000000
 332.8608408 -99.0000000   0.0000000
 332.8608408 -49.5000000   0.0000000
 332.8608408   0.0000000   0.0012644
 332.8608408 141.4213538   0.0000000
 332.8608408 400.0000000   0.0000000
 334.2762649 -99.0000000   0.0000000
 334.2762649 -49.5000000   0.0000000
 334.2762649   0.0000000   0.0013564
 334.2762649 141.4213538   0.0000000
 334.2762649 400.0000000   0.0000000
 335.6936896 -99.0000000   0.0000000
 335.6936896 -49.5000000   0.0000000
 335.6936896   0.0000000   0.0014382
 335.6936896 141.4213538   0.0000000
 335.6936896 400.0000000   0.0000000
 337.1131120 -99.0000000   0.0000000
 337.1131120 -49.5000000   0.0000000
 337.1131120   0.0000000   0.0012264
 337.1131120 141.4213538   0.0000000
 337.1131120 400.0000000   0.0000000
 338.5345295 -99.0000000   0.0000000
 338.5345295 -49.5000000   0.0000000
 338.5345295   0.0000000   0.0010117
 338.5345295 141.4213538   0.0000000
 338.5345295 400.0000000   0.0000000
 339.9579391 -99.0000000   0.0000000
 339.9579391 -49.5000000   0.0000000
 339.9579391   0.0000000   0.0011626
 339.9579391 141.4213538   0.0000000
 339.9579391 400.0000000   0.0000000
 341.3833381 -99.0000000   0.0000000
 341.3833381 -49.5000000   0.0000000
 341.3833381   0.0000000   0.0012618
 341.3833381 141.4213538   0.0000000
 341.3833381 400.0000000   0.0000000
 342.8107237 -99.0000000   0.0000000
 342.8107237 -49.5000000   0.0000000
 342.8107237   0.0000000   0.0017154
 342.8107237 141.4213538   0.0000000
 342.8107237 400.0000000   0.0000000
 344.2400932 -99.0000000   0.0000000
 344.2400932 -49.5000000   0.0000000
 344.2400932   0.0000000   0.0014681
 344.2400932 141.4213538   0.0000000
 344.2400932 400.0000000   0.0000000
 345.6714438 -99.0000000   0.0000000
 345.6714438 -49.5000000   0.0000000
 345.6714438   0.0000000   0.0015322
 345.6714438 141.4213538   0.0000000
 345.6714438 400.0000000   0.0000000
 347.1047728 -99.0000000   0.0000000
 347.1047728 -49.5000000   0.0000000
 347.1047728   0.0000000   0.0020187
 347.1047728 141.4213538   0.0000000
 347.1047728 400.0000000   0.0000000
 348.5400774 -99.0000000   0.0000000
 348.5400774 -49.5000000   0.0000000
 348.5400774   0.0000000   0.0019199
 348.5400774 141.4213538   0.0000000
 348.5400774 400.0000000   0.0000000
 349.9773549 -99.0000000   0.0000000
 349.9773549 -49.5000000   0.0000000
 349.9773549   0.0000000   0.0014206
 349.9773549 141.4213538   0.0000000
 349.9773549 400.0000000   0.0000000
 351.4166027 -99.0000000   0.0000000
 351.4166027 -49.5000000   0.0000000
 351.4166027   0.0000000   0.0018537
 351.4166027 141.4213538   0.0000000
 351.4166027 400.0000000   0.0000000
 352.8578180 -99.0000000   0.0000000
 352.8578180 -49.5000000   0.0000000
 352.8578180   0.0000000   0.0020662
 352.8578180 141.4213538   0.0000000
 352.8578180 400.0000000   0.0000000
 354.3009981 -99.0000000   0.0000000
 354.3009981 -49.5000000   0.0000000
 354.3009981   0.0000000   0.0014119
 354.3009981 141.4213538   0.0000000
 354.3009981 400.0000000   0.0000000
 355.7461404 -99.0000000   0.0000000
 355.7461404 -49.5000000   0.0000000
 355.7461404   0.0000000   0.0012940
 355.7461404 141.4213538   0.0000000
 355.7461404 400.0000000   0.0000000
 357.1932423 -99.0000000   0.0000000
 357.1932423 -49.5000000   0.0000000
 357.1932423   0.0000000   0.0015373
 357.1932423 141.4213538   0.0000000
 357.1932423 400.0000000   0.0000000
 358.6423010 -99.0000000   0.0000000
 358.6423010 -49.5000000   0.0000000
 358.6423010   0.0000000   0.0017407
 358.6423010 141.4213538   0.0000000
 358.6423010 400.0000000   0.0000000
 360.0933139 -99.0000000   0.0000000
 360.0933139 -49.5000000   0.0000000
 360.0933139   0.0000000   0.0013018
 360.0933139 141.4213538   0.0000000
 360.0933139 400.0000000   0.0000000
 361.5462784 -99.0000000   0.0000000
 361.5462784 -49.5000000   0.0000000
 361.5462784   0.0000000   0.0016000
 361.5462784 141.4213538   0.0000000
 361.5462784 400.0000000   0.0000000
 363.0011920 -99.0000000   0.0000000
 363.0011920 -49.5000000   0.0000000
 363.0011920   0.0000000   0.0018622
 363.0011920 141.4213538   0.0000000
 363.0011920 400.0000000   0.0000000
 364.4580518 -99.0000000   0.0000000
 364.4580518 -49.5000000   0.0000000
 364.4580518   0.0000000   0.0021596
 364.4580518 141.4213538   0.0000000
 364.4580518 400.0000000   0.0000000
 365.9168555 -99.0000000   0.0000000
 365.9168555 -49.5000000   0.0000000
 365.9168555   0.0000000   0.0014683
 365.9168555 141.4213538   0.0000000
 365.9168555 400.0000000   0.0000000
 367.3776004 -99.0000000   0.0000000
 367.3776004 -49.5000000   0.0000000
 367.3776004   0.0000000   0.0017048
 367.3776004 141.4213538   0.0000000
 367.3776004 400.0000000   0.0000000
 368.8402838 -99.0000000   0.0000000
 368.8402838 -49.5000000   0.0000000
 368.8402838   0.0000000   0.0022366
 368.8402838 141.4213538   0.0000000
 368.8402838 400.0000000   0.0000000
 370.3049034 -99.0000000   0.0000000
 370.3049034 -49.5000000   0.0000000
 370.3049034   0.0000000   0.0032361
 370.3049034 141.4213538   0.0000000
 370.3049034 400.0000000   0.0000000
 371.7714564 -99.0000000   0.0000000
 371.7714564 -49.5000000   0.0000000
 371.7714564   0.0000000   0.0020760
 371.7714564 141.4213538   0.0000000
 371.7714564 400.0000000   0.0000000
 373.2399403 -99.0000000   0.0000000
 373.2399403 -49.5000000   0.0000000
 373.2399403   0.0000000   0.0023600
 373.2399403 141.4213538   0.0000000
 373.2399403 400.0000000   0.0000000
 374.7103527 -99.0000000   0.0000000
 374.7103527 -49.5000000   0.0000000
 374.7103527   0.0000000   0.0031865
 374.7103527 141.4213538   0.0000000
 374.7103527 400.0000000   0.0000000
 376.1826909 -99.0000000   0.0000000
 376.1826909 -49.5000000   0.0000000
 376.1826909   0.0000000   0.0043399
 376.1826909 141.4213538   0.0000000
 376.1826909 400.0000000   0.0000000
 377.6569526 -99.0000000   0.0000000
 377.6569526 -49.5000000   0.0000000
 377.6569526   0.0000000   0.0011351
 377.6569526 141.4213538   0.0000000
 377.6569526 400.0000000   0.0000000
 379.1331350 -99.0000000   0.0000000
 379.1331350 -49.5000000   0.0000000
 379.1331350   0.0000000   0.0003521
 379.1331350 141.4213538   0.0000000
 379.1331350 400.0000000   0.0000000
 380.6112359 -99.0000000   0.0000000
 380.6112359 -49.5000000   0.0000000
 380.6112359   0.0000000   0.0006090
 380.6112359 141.4213538   0.0000000
 380.6112359 400.0000000   0.0000000
 382.0912526 -99.0000000   0.0000000
 382.0912526 -49.5000000   0.0000000
 382.0912526   0.0000000   0.0065321
 382.0912526 141.4213538   0.0000000
 382.0912526 400.0000000   0.0000000
 383.5731828 -99.0000000   0.0000000
 383.5731828 -49.5000000   0.0000000
 383.5731828   0.0000000   0.0002034
 383.5731828 141.4213538   0.0000000
 383.5731828 400.0000000   0.0000000
 385.0570238 -99.0000000   0.0000000
 385.0570238 -49.5000000   0.0000000
 385.0570238   0.0000000   0.0003442
 385.0570238 141.4213538   0.0000000
 385.0570238 400.0000000   0.0000000
 386.5427734 -99.0000000   0.0000000
 386.5427734 -49.5000000   0.0000000
 386.5427734   0.0000000   0.0008643
 386.5427734 141.4213538   0.0000000
 386.5427734 400.0000000   0.0000000
 388.0304290 -99.0000000   0.0000000
 388.0304290 -49.5000000   0.0000000
 388.0304290   0.0000000   0.0105965
 388.0304290 141.4213538   0.0000000
 388.0304290 400.0000000   0.0000000
 389.5199882 -99.0000000   0.0000000
 389.5199882 -49.5000000   0.0000000
 389.5199882   0.0000000   0.0002313
 389.5199882 141.4213538   0.0000000
 389.5199882 400.0000000   0.0000000
 391.0114485 -99.0000000   0.0000000
 391.0114485 -49.5000000   0.0000000
 391.0114485   0.0000000   0.0003505
 391.0114485 141.4213538   0.0000000
 391.0114485 400.0000000   0.0000000
 392.5048076 -99.0000000   0.0000000
 392.5048076 -49.5000000   0.0000000
 392.5048076   0.0000000   0.0012614
 392.5048076 141.4213538   0.0000000
 392.5048076 400.0000000   0.0000000
 394.0000630 -99.0000000   0.0000000
 394.0000630 -49.5000000   0.0000000
 394.0000630   0.0000000   0.0163056
 394.0000630 141.4213538   0.0000000
 394.0000630 400.0000000   0.0000000
 395.4972123 -99.0000000   0.0000000
 395.4972123 -49.5000000   0.0000000
 395.4972123   0.0000000   0.0001988
 395.4972123 141.4213538   0.0000000
 395.4972123 400.0000000   0.0000000
 396.9962532 -99.0000000   0.0000000
 396.9962532 -49.5000000   0.0000000
 396.9962532   0.0000000   0.0002403
 396.9962532 141.4213538   0.0000000
 396.9962532 400.0000000   0.0000000
 398.4971832 -99.0000000   0.0000000
 398.4971832 -49.5000000   0.0000000
 398.4971832   0.0000000   0.0003215
 398.4971832 141.4213538   0.0000000
 398.4971832 400.0000000   0.0000000
 400.0000000 -99.0000000   0.0000000
 400.0000000 -49.5000000   0.0000000
 400.0000000   0.0000000   0.0565881
 400.0000000 141.4213538   0.0000000
 400.0000000 400.0000000   0.0000000
