 t r r1 w w1
   1.0000000   0.0101010   0.0101010   1.9459142   1.9459142
   2.0000000   0.0101010   0.0101010   1.9627249   1.9631920
   3.0000000  -0.0015732  -0.0019674   1.9324292   1.9323644
   4.0000000   0.0063445   0.0069098   1.9254494   1.9253154
   5.0000000   0.0082203   0.0078028   1.9236518   1.9234645
   6.0000000   0.0087981   0.0086121   1.9231444   1.9230914
   7.0000000   0.0091284   0.0089536   1.9230254   1.9229500
   8.0000000   0.0093627   0.0090785   1.9229758   1.9228474
   9.0000000   0.0095229   0.0090930   1.9231931   1.9230118
  10.0000000   0.0096293   0.0093214   1.9236029   1.9233909
  11.0000000   0.0097658   0.0095203   1.9240805   1.9237969
  12.0000000   0.0098915   0.0096517   1.9248030   1.9244502
  13.0000000   0.0099800   0.0095435   1.9254922   1.9250737
  14.0000000   0.0100249   0.0096751   1.9261373   1.9257212
  15.0000000   0.0101062   0.0098846   1.9265760   1.9259720
  16.0000000   0.0101275   0.0098112   1.9271862   1.9265154
  17.0000000   0.0101661   0.0099640   1.9278153   1.9270832
  18.0000000   0.0102140   0.0098833   1.9285723   1.9278011
  19.0000000   0.0102324   0.0096149   1.9294229   1.9286213
  20.0000000   0.0102849   0.0109506   1.9302380   1.9295321
  21.0000000   0.0102741   0.0099576   1.9310341   1.9302838
  22.0000000   0.0102730   0.0103015   1.9315725   1.9309141
  23.0000000   0.0102842   0.0100423   1.9322082   1.9312835
  24.0000000   0.0103012   0.0102614   1.9330187   1.9320845
  25.0000000   0.0102891   0.0102693   1.9335780   1.9326471
  26.0000000   0.0102882   0.0102213   1.9341751   1.9331892
  27.0000000   0.0102885   0.0105034   1.9347230   1.9337305
  28.0000000   0.0102802   0.0104106   1.9351844   1.9343376
  29.0000000   0.0102776   0.0105432   1.9357381   1.9348799
  30.0000000   0.0102818   0.0104114   1.9363032   1.9354402
  31.0000000   0.0102728   0.0105107   1.9368346   1.9359835
  32.0000000   0.0102722   0.0104392   1.9373452   1.9365166
  33.0000000   0.0102642   0.0105168   1.9378169   1.9370155
  34.0000000   0.0102607   0.0105339   1.9382835   1.9375272
  35.0000000   0.0102541   0.0104960   1.9387176   1.9379969
  36.0000000   0.0102541   0.0105493   1.9391734   1.9384878
  37.0000000   0.0102400   0.0104948   1.9395541   1.9389096
  38.0000000   0.0102337   0.0105463   1.9399247   1.9393341
  39.0000000   0.0102282   0.0105526   1.9402829   1.9397456
  40.0000000   0.0102226   0.0105902   1.9406240   1.9401286
  41.0000000   0.0102171   0.0105626   1.9409531   1.9405028
  42.0000000   0.0102146   0.0102963   1.9412739   1.9408590
  43.0000000   0.0102069   0.0105872   1.9415702   1.9411991
  44.0000000   0.0102024   0.0105516   1.9418528   1.9415208
  45.0000000   0.0101934   0.0104730   1.9421125   1.9418124
  46.0000000   0.0101978   0.0107428   1.9423635   1.9421105
  47.0000000   0.0101792   0.0102592   1.9425872   1.9423157
  48.0000000   0.0101776   0.0104903   1.9427715   1.9425589
  49.0000000   0.0101778   0.0102406   1.9428410   1.9428639
  50.0000000   0.0101694   0.0107657   1.9428346   1.9432076
  51.0000000   0.0101703   0.0100202   1.9429507   1.9427049
  52.0000000   0.0101693   0.0103823   1.9431200   1.9429115
  53.0000000   0.0101659   0.0103504   1.9432815   1.9431054
  54.0000000   0.0101630   0.0103495   1.9434350   1.9432894
  55.0000000   0.0101605   0.0103040   1.9435782   1.9434674
  56.0000000   0.0101553   0.0103546   1.9437153   1.9436328
  57.0000000   0.0101564   0.0104154   1.9438427   1.9437909
  58.0000000   0.0101551   0.0104454   1.9439607   1.9439038
  59.0000000   0.0101501   0.0100515   1.9440713   1.9440094
  60.0000000   0.0101463   0.0103816   1.9441725   1.9441321
  61.0000000   0.0101449   0.0103176   1.9442677   1.9442486
  62.0000000   0.0101426   0.0103132   1.9443597   1.9443597
  63.0000000   0.0101408   0.0102860   1.9444484   1.9444653
  64.0000000   0.0101391   0.0102686   1.9445337   1.9445660
  65.0000000   0.0101373   0.0102635   1.9446158   1.9446611
  66.0000000   0.0101359   0.0102801   1.9446946   1.9447517
  67.0000000   0.0101344   0.0102120   1.9447701   1.9448370
  68.0000000   0.0101331   0.0102664   1.9448422   1.9449186
  69.0000000   0.0101316   0.0102277   1.9449110   1.9449946
  70.0000000   0.0101304   0.0101862   1.9449767   1.9450659
  71.0000000   0.0101293   0.0102065   1.9450394   1.9451347
  72.0000000   0.0101280   0.0102260   1.9450991   1.9451996
  73.0000000   0.0101268   0.0102247   1.9451560   1.9452602
  74.0000000   0.0101260   0.0101326   1.9452103   1.9453171
  75.0000000   0.0101250   0.0102101   1.9452619   1.9453723
  76.0000000   0.0101239   0.0101997   1.9453111   1.9454235
  77.0000000   0.0101230   0.0101755   1.9453580   1.9454712
  78.0000000   0.0101223   0.0101944   1.9454025   1.9455166
  79.0000000   0.0101217   0.0101045   1.9454449   1.9455559
  80.0000000   0.0101208   0.0101584   1.9454848   1.9455959
  81.0000000   0.0101197   0.0101751   1.9455224   1.9456334
  82.0000000   0.0101187   0.0101834   1.9455581   1.9456681
  83.0000000   0.0101180   0.0101372   1.9455920   1.9457004
  84.0000000   0.0101176   0.0101498   1.9456242   1.9457314
  85.0000000   0.0101168   0.0100922   1.9456546   1.9457557
  86.0000000   0.0101161   0.0101697   1.9456831   1.9457857
  87.0000000   0.0101155   0.0101413   1.9457101   1.9458124
  88.0000000   0.0101148   0.0101451   1.9457360   1.9458373
  89.0000000   0.0101143   0.0101193   1.9457604   1.9458601
  90.0000000   0.0101138   0.0101227   1.9457836   1.9458820
  91.0000000   0.0101133   0.0101419   1.9458055   1.9459029
  92.0000000   0.0101125   0.0101291   1.9458263   1.9459217
  93.0000000   0.0101121   0.0101216   1.9458458   1.9459394
  94.0000000   0.0101119   0.0101168   1.9458642   1.9459569
  95.0000000   0.0101111   0.0101412   1.9458814   1.9459729
  96.0000000   0.0101104   0.0101092   1.9458974   1.9459870
  97.0000000   0.0101098   0.0101318   1.9459125   1.9460002
  98.0000000   0.0101095   0.0101023   1.9459268   1.9460123
  99.0000000   0.0101089   0.0101259   1.9459401   1.9460236
 100.0000000   0.0101084   0.0101027   1.9459527   1.9460336
 101.0000000   0.0101078   0.0101180   1.9459645   1.9460428
 102.0000000   0.0101075   0.0101150   1.9459755   1.9460514
 103.0000000   0.0101067   0.0100985   1.9459856   1.9460586
 104.0000000   0.0101060   0.0101076   1.9459950   1.9460649
 105.0000000   0.0101055   0.0101039   1.9460043   1.9460701
 106.0000000   0.0101051   0.0101264   1.9460136   1.9460754
 107.0000000   0.0101045   0.0100652   1.9460226   1.9460784
 108.0000000   0.0101042   0.0100897   1.9460306   1.9460856
 109.0000000   0.0101041   0.0101086   1.9460384   1.9460913
 110.0000000   0.0101037   0.0100990   1.9460457   1.9460962
 111.0000000   0.0101028   0.0101000   1.9460521   1.9460998
 112.0000000   0.0101015   0.0101518   1.9460573   1.9461019
 113.0000000   0.0101016   0.0100364   1.9460626   1.9461029
 114.0000000   0.0101008   0.0100974   1.9460671   1.9461047
 115.0000000   0.0100996   0.0101034   1.9460705   1.9461052
 116.0000000   0.0100986   0.0101069   1.9460729   1.9461047
 117.0000000   0.0100980   0.0100924   1.9460753   1.9461034
 118.0000000   0.0100975   0.0100946   1.9460775   1.9461028
 119.0000000   0.0100923   0.0101011   1.9460733   1.9460968
 120.0000000   0.0101010   0.0101010   1.9459142   1.9459142
