   0.0000000  -1.3289735  -1.3289735  -1.3289735  -1.3289735  -1.3289735  -1.3289735************************************************************************
   0.0773665  -1.2343259  -1.2972574  -1.4329769  -1.4320584  -1.4259885  -1.4080384************************************************************************
   0.2188256  -1.0756107  -1.4479998  -1.4362225  -1.4343378  -1.4218829  -1.3850510************************************************************************
   0.4020084  -0.8754332  -1.4492657  -1.4313330  -1.4284631  -1.6555506  -1.5994683************************************************************************
   0.6189324  -0.6417821  -1.7180573  -1.6938914  -1.6900240  -1.6644677  -1.8846889************************************************************************
   0.8649843  -0.3792620  -1.7355109  -1.7050533  -1.7001791  -1.9857257  -2.2287649************************************************************************
   1.1370514  -0.0909747  -1.7490387  -2.0505341  -2.0446454  -2.0057320  -2.2483043************************************************************************
   1.4328485   0.2208049  -2.1171584  -2.0739841  -2.0670747  -2.3974251  -2.6559156************************************************************************
   1.7506051   0.5543160  -2.1435304  -2.4874572  -2.4795216  -2.4270824  -3.1086477************************************************************************
   2.0888967   0.9081428  -2.5772867  -2.5212588  -2.5122923  -2.8794106  -3.6029410************************************************************************
   2.4465450   1.2811145  -2.6144174  -2.9938038  -2.9838022  -3.3745789  -3.6505076************************************************************************
   2.8225539   1.6722422  -2.6488445  -3.0367247  -3.0256841  -3.4241048  -4.1929398************************************************************************
   3.2160669   2.0806759  -3.1522753  -3.5622273  -3.5501442  -3.9694312  -4.7711782************************************************************************
   3.6263376   2.5056747  -3.1962977  -3.6133946  -3.6002658  -4.0259567  -5.3833704************************************************************************
   4.0527075  -2.0048735  -3.7504885  -4.1873235  -4.1731460  -4.6175476  -5.4535159************************************************************************
   4.4945902  -2.0200107  -3.8031482  -4.2460768  -4.2308477  -4.6806737  -6.1060537************************************************************************
   4.9514589  -2.0344159  -3.8536226  -4.3023372  -4.8486159  -5.3154224  -6.7891910************************************************************************
   5.4228375  -2.0481642  -4.4646569  -4.9307158  -4.9133762  -5.3848073  -7.5017491************************************************************************
   5.9082922  -2.0613202  -4.5231329  -4.9941818  -5.5731776  -6.0601604  -7.7209383************************************************************************
   6.4074262  -2.6120287  -4.5796678  -5.6640297  -5.6445703  -6.7658128  -8.3393401************************************************************************
   6.9198742  -2.6365336  -5.2429615  -5.7342532  -5.7137307  -6.8493187  -9.1144860************************************************************************
   7.4452991  -2.6603217  -5.3069795  -6.4432909  -6.4217034  -7.5919508  -9.9159582************************************************************************
   7.9833879  -2.6834482  -5.3692366  -5.9981614  -7.1588230  -7.6808004 -10.0229298************************************************************************
   8.5338492  -2.7059622  -5.5594257  -7.2661860  -7.2424629  -8.4587708 -10.8563646************************************************************************
   9.0964109  -2.7279075  -6.1504712  -7.3488592  -7.3240657  -8.5527799 -11.7144697************************************************************************
   9.6708183  -2.7493237  -6.2181585  -7.4296078  -8.1048544  -9.3646481 -12.5966155************************************************************************
  10.2568317  -2.7702465  -6.9757535  -8.2191847  -8.1922455  -9.4636495 -12.7194235************************************************************************
  10.8542259  -2.7907085  -7.0501268  -8.3057925  -9.0071350 -10.3081379 -13.6309203************************************************************************
  11.4627879  -2.8107389  -7.1229905  -9.1291655  -9.1000745 -10.4119787 -14.5651778************************************************************************
  12.0823164  -2.3086280  -7.9237752  -9.2213858  -9.1912167 -11.2879444 -14.6970135************************************************************************
  12.7126207  -2.8496107  -8.0030101  -9.3118917 -10.0460400 -11.3964846 -15.6591606************************************************************************
  13.3535196  -2.8684994  -8.0808276 -10.1749034 -10.1425739 -12.3028967 -16.6429731************************************************************************
  13.4831040  -2.7365498  -7.9454748 -10.0381973 -10.0056513 -12.1645430 -16.5003874************************************************************************
  14.6664200  -2.9052864  -9.0066016 -10.3652023 -11.1305220 -13.3519304 -17.7939121************************************************************************
  15.3381007  -2.9232218  -9.0891761 -11.2662094 -11.2306300 -13.4694926 -18.8250658************************************************************************
  16.0197331  -2.9408742  -9.1704649 -11.3658429 -12.1538633 -14.4340722 -19.8765579************************************************************************
  16.7111740  -2.9582588  -9.2505187 -12.2967872 -12.2590352 -14.5559756 -20.0305799************************************************************************
  17.4122861  -2.9753900 -10.1458644 -12.4015229 -12.3626829 -15.5484276 -21.1071336************************************************************************
  18.1229380  -2.9922809 -10.2317943 -12.5047901 -13.3215856 -15.6745694 -22.2032330************************************************************************
  18.8430031  -3.0089440 -10.3165426 -13.4711890 -13.4301699 -16.6941710 -22.3651169************************************************************************
  19.5723600  -3.0253909 -10.4001515 -13.5794248 -14.4173030 -16.8244554 -23.4853501************************************************************************
  20.3108919  -2.2762356 -11.3393853 -13.6862698 -14.5306751 -17.8705370 -24.6244223************************************************************************
  21.0584860  -2.2835342 -11.4286566 -14.6869314 -14.6426358 -18.0048743 -25.7820497************************************************************************
  21.8150339  -2.2907449 -11.5168312 -14.7986196 -15.6633124 -18.1376008 -25.9562972************************************************************************
  22.5804308  -2.2978737 -11.6039446 -14.9089845 -15.7799515 -19.2151199 -27.1368753************************************************************************
  23.3545756  -2.3049259 -12.5851927 -15.9428288 -15.8952479 -19.3518557 -28.3354010************************************************************************
  24.1373705  -2.3119067 -12.6777745 -16.0579191 -16.9484543 -20.4545326 -28.5168974************************************************************************
  24.9287209  -2.3188210 -12.7693300 -16.1717454 -17.0683253 -20.5951958 -29.7376550************************************************************************
  25.7285354  -2.3256732 -12.8598898 -17.2377880 -17.1869139 -21.7224950 -30.9758086************************************************************************
  26.5367253  -2.3324678 -12.9494829 -17.3562295 -18.2717223 -21.8670085 -31.1643605************************************************************************
  27.3532047  -1.5063978 -13.9773502 -17.4734592 -18.3947871 -23.0184273 -32.4240909************************************************************************
  28.1778902  -1.5050422 -14.0722349 -18.5707981 -18.5166231 -23.1667182 -33.7007136************************************************************************
  29.0107011  -1.5037167 -14.1661794 -18.6925394 -19.6321804 -23.3135814 -33.8961417************************************************************************
  29.8515587  -1.5024227 -14.2592092 -18.8131158 -19.7583994 -24.4937831 -35.1937408************************************************************************
  30.7003869  -1.5011614 -14.3513487 -19.9409205 -19.8834374 -24.6443836 -35.3916398************************************************************************
  31.5571114  -1.4999340 -15.4239096 -20.0659110 -21.0289557 -25.8476919 -36.7099078************************************************************************
  32.4216602  -0.6264388 -15.5211764 -20.1897787 -21.1582886 -26.0019630 -38.0443603************************************************************************
  33.2939630  -0.6175967 -15.6175733 -20.3125507 -21.2864833 -27.2279610 -38.2489175************************************************************************
  34.1739515  -0.6088581 -15.7131221 -21.4754713 -22.4612321 -27.3858392 -39.6035093************************************************************************
  35.0615593  -0.6002223 -15.8078436 -21.6025766 -22.5936381 -27.5424011 -39.8104828************************************************************************
  35.9567213  -0.5916885 -15.9017578 -21.7286221 -22.7249450 -28.7955571 -41.1849408************************************************************************
  36.8593745  -0.5832559 -17.0230864 -21.8536319 -22.8551774 -28.9556887 -42.5749572************************************************************************
  37.7694572  -0.5749239 -17.1219716 -23.0506963 -24.0636834 -30.2306843 -42.7883878************************************************************************
  38.6869091  -0.5666917 -17.2200645 -23.1799603 -24.1980585 -30.3943272 -44.1977987************************************************************************
  39.6116716   0.3662038 -17.3173829 -23.3082195 -24.3313927 -30.5567244 -44.4135920************************************************************************
  40.5436873   0.3814917 -17.4139443 -23.4354954 -24.4637081 -31.8579083 -45.8421529************************************************************************
  41.4829002   0.3966258 -17.5097654 -24.6658064 -25.7051065 -32.0237806 -47.2857135************************************************************************
  42.4292557   0.4116080 -17.6048625 -24.7972596 -25.8414969 -32.1884505 -47.5077782************************************************************************
  43.3827000   0.4264403 -17.6992511 -24.9277565 -25.9768977 -33.5153361 -48.9700651************************************************************************
  44.3431811   0.4411244 -18.8784917 -25.0573161 -26.1113286 -33.6834447 -49.1944406************************************************************************
  45.3106475   0.4556621 -18.9776939 -26.3200425 -27.3848162 -33.8503907 -50.6752332************************************************************************
  46.2850494   0.4700551 -19.0761969 -26.4537054 -27.5232559 -35.2025169 -52.1705229************************************************************************
  47.2663377   0.4843051 -19.1740147 -26.5864548 -27.6607514 -35.3728651 -52.4009980************************************************************************
  48.2544643   0.4984136 -19.2711613 -26.7183082 -27.7973206 -36.7453165 -53.9144103************************************************************************
  49.2493824   0.5123823 -19.3676501 -26.8492824 -29.1021491 -36.9190165 -55.4420244************************************************************************
  50.2510457   0.5262125 -19.4634941 -28.1485621 -29.2426626 -37.0916049 -55.6784808************************************************************************
  51.2594093   0.5399059 -19.5587058 -28.2835721 -29.3822723 -38.4885113 -57.2238571************************************************************************
  52.2744289   0.5534638 -19.6532975 -28.4177228 -29.5209947 -38.6644169 -57.4625334************************************************************************
  53.2960611   0.5668877 -19.7472810 -28.5510296 -30.8564651 -38.8392433 -59.0254832************************************************************************
  54.3242633   0.5801788 -19.8406678 -28.6835076 -30.9990692 -40.2602059 -59.2663729************************************************************************
  55.3589940   0.5933385 -19.9334692 -30.0184003 -31.1408061 -40.4383154 -60.8467131************************************************************************
  56.4002121   0.6063682 -20.0256959 -30.1548473 -31.2816906 -40.6153758 -62.4406801************************************************************************
  57.4478775   0.6192689 -20.1173585 -30.2904823 -31.4217373 -40.7914042 -62.6873621************************************************************************
  58.5019507   0.6320421 -20.2084673 -30.4253190 -31.5609602 -42.2403239 -64.2984005************************************************************************
  59.5623930   0.6446888 -20.2990321 -30.5593709 -32.9357249 -42.4196126 -64.5472506************************************************************************
  60.6291664   0.6572102 -20.3890628 -30.6926509 -33.0787758 -42.5978962 -66.1751923************************************************************************
  61.7022336   1.7363809 -21.6705523 -32.0669581 -33.2210194 -44.0700684 -66.4262033************************************************************************
  62.7815578   1.7549489 -21.7651784 -32.2041432 -33.3624687 -44.2515783 -66.6758722************************************************************************
  63.8671030   1.7733583 -21.8592715 -32.3405701 -33.5031363 -44.4321083 -68.3240494************************************************************************
  64.9588337   2.8709348 -21.9528406 -32.4762511 -34.9116447 -45.9271881 -68.5758929************************************************************************
  66.0567151   2.8952529 -22.0458945 -32.6111978 -35.0560828 -46.1109110 -70.2406227************************************************************************
  67.1607129   2.9193817 -22.1384418 -32.7454217 -35.1997535 -46.2936777 -70.4946321************************************************************************
  68.2707934   4.0350543 -22.2304909 -32.8789340 -35.3426686 -46.4755019 -72.1757607************************************************************************
  69.3869234   4.0649620 -21.0911568 -34.2961807 -35.4848394 -47.9972618 -72.4319273************************************************************************
  70.5090705   4.0946526 -21.1767752 -34.4335342 -35.6262771 -48.1822545 -74.1293051************************************************************************
  71.6372023   5.2281264 -21.2619433 -34.5701868 -35.7669927 -48.3663263 -74.3876199************************************************************************
  72.7712874   5.2634732 -21.3466684 -34.7061490 -37.2173829 -48.5494899 -74.6446883************************************************************************
  73.9112948   5.2985773 -21.4309575 -34.8414309 -37.3618147 -50.0975015 -76.3615555************************************************************************
  75.0571937   6.4495716 -21.5148176 -34.9760425 -37.5055356 -50.2838083 -76.6207804************************************************************************
  76.2089540   6.4902160 -21.5982554 -35.1099935 -37.6485559 -50.4692265 -78.3535829************************************************************************
  77.3665461   6.5305941 -21.6812775 -35.2432933 -37.7908855 -50.6537681 -78.6149547************************************************************************
  78.5299407   7.6988410 -21.7638903 -35.3759512 -37.9325340 -52.2276221 -80.3635549************************************************************************
  79.6991091   7.7446496 -21.8461002 -36.8438093 -38.0735111 -52.4152809 -80.6270637************************************************************************
  80.8740228   8.9242553 -21.9279132 -36.9802418 -38.2138259 -52.6020809 -80.8893906************************************************************************
  82.0546539   8.9754138 -22.0093355 -37.1160403 -38.3534877 -52.7880334 -82.6569635************************************************************************
  83.2409748  10.1662680 -22.0903727 -37.2512133 -39.8533092 -54.3873382 -82.9214326************************************************************************
  84.4329584  10.2226986 -22.1710308 -37.3857695 -39.9966306 -54.5763817 -84.7045135************************************************************************
  85.6305780  11.4246939 -22.2513152 -37.5197170 -40.1393073 -54.7645938 -84.9711145************************************************************************
  86.8338070  11.4863215 -22.3312315 -37.6530642 -40.2813478 -54.9519852 -86.7695762************************************************************************
  88.0426196  11.5475933 -21.1003989 -37.7858188 -40.4227603 -55.1385659 -87.0382988************************************************************************
  89.2569899  12.7661057 -21.1744662 -37.9179888 -40.5635532 -56.7668219 -87.3058961************************************************************************
  90.4768927  12.8324811 -21.2482011 -38.0495818 -40.7037344 -56.9564721 -89.1228512************************************************************************
  91.7023030  14.0618793 -21.3216082 -38.1806054 -40.8433118 -57.1453263 -89.3925731************************************************************************
  92.9331962  14.1332890 -21.3946924 -38.3110667 -40.9822931 -57.3333941 -91.2246404************************************************************************
  94.1695480  15.3734756 -21.4674582 -38.4409732 -41.1206858 -57.5206849 -91.4964762************************************************************************
  95.4113343  16.6190207 -21.5399101 -38.5703317 -41.2584974 -59.1774263 -93.3435380************************************************************************
  96.6585315  16.7007326 -20.2711882 -38.6991492 -41.3957351 -59.3677637 -93.6174772************************************************************************
  97.9111162  17.9569250 -20.3380129 -38.8274325 -41.5324060 -59.5573373 -95.4794183************************************************************************
  99.1690653  18.0434929 -20.4045552 -38.9551883 -41.6685170 -59.7461558 -95.7554504************************************************************************
 100.4323560  18.1296103 -20.4708191 -39.0824231 -41.8040751 -59.9342279 -96.0304189************************************************************************
 101.7009660  19.4016034 -20.5368085 -39.2091432 -41.9390869 -60.1215623 -97.9102729************************************************************************
 102.9748728  20.6788192 -20.6025271 -39.3353549 -42.0735591 -61.8101042 -98.1873353************************************************************************
 104.2540547  20.7749150 -19.3022352 -39.4610645 -42.2074980 -62.0004646-100.0818245************************************************************************
 105.5384900  22.0625115 -19.3625017 -39.5862778 -42.3409100 -62.1900987-100.3609702************************************************************************
 106.8281571  22.1632828 -19.4225259 -39.7110009 -42.4738014 -62.3790145-102.2699873************************************************************************
 108.1230351  23.4611754 -19.4823112 -39.8352397 -42.6061783 -62.5672198-102.5512058************************************************************************
 109.4231031  24.7641851 -19.5418607 -39.9589997 -42.7380466 -62.7547226-104.4746460************************************************************************
 110.7283403  24.8746718 -18.2158527 -40.0822866 -42.8694123 -64.4745299-104.7579268************************************************************************
 112.0387264  26.1878547 -18.2700879 -40.2051059 -43.0002811 -64.6650365-105.0401974************************************************************************
 113.3542413  26.3028651 -18.3241136 -40.3274630 -43.1306587 -64.8548505-106.9810204************************************************************************
 114.6748649  27.6261416 -18.3779326 -40.4493633 -43.2605507 -65.0439792-107.2653530************************************************************************
 116.0005778  27.7456230 -18.4315477 -40.5708119 -43.3899626 -65.2324300-109.2203759************************************************************************
 117.3313603  29.0789154 -17.0803279 -40.6918140 -43.5188998 -65.4202100-109.5067600************************************************************************
 118.6671932  30.4171870 -17.1287575 -40.8123746 -43.6473675 -65.6073261-109.7921627************************************************************************
 120.0080576  30.5460489 -17.1770073 -40.9324986 -43.7753710 -65.7937852-111.7643101************************************************************************
 121.3539345  31.8942232 -17.2250798 -41.0521910 -43.9029154 -65.9795941-112.0517631************************************************************************
 122.7048055  33.2473210 -15.8540346 -41.1714565 -44.0300057 -67.7410726-112.3382529************************************************************************
 124.0606521  33.3854215 -15.8970218 -41.2902998 -44.1566468 -67.9298671-112.6237885************************************************************************
 125.4214561  34.7483124 -15.9398544 -39.9023119 -44.2828437 -68.1180195-112.9083787************************************************************************
 126.7871995  36.1160730 -14.5541319 -40.0158611 -44.4086011 -68.3055363-114.9035207************************************************************************
 128.1578646  36.2632755 -14.5919550 -40.1290150 -44.5339236 -68.4924238-115.1901760************************************************************************
 129.5334336  37.6407232 -14.6296449 -40.2417777 -44.6588160 -68.6786882-115.4759026************************************************************************
 130.9138893  39.0229884 -13.2294036 -40.3541535 -44.7832827 -68.8643358-115.7607090************************************************************************
 132.2992143  40.4100543 -13.2621569 -40.4661466 -44.9073283 -69.0493725-116.0446033************************************************************************
 133.6893916  40.5710107 -13.2947977 -40.5777609 -45.0309571 -69.2338043-116.3275936************************************************************************
 135.0844044  41.9676274 -11.8801909 -40.6890006 -43.6080524 -69.4176370-116.6096881************************************************************************
 136.4842358  42.1326430 -11.9079654 -40.7998694 -43.7265115 -69.6008764-118.6335746************************************************************************
 137.8888695  43.5387447 -11.9356467 -39.3686118 -43.8445787 -69.7835281-118.9177606************************************************************************
 139.2982890  44.9495645 -10.5068232 -39.4743893 -43.9622582 -69.9655979-119.2010655************************************************************************
 140.7124781  46.3650865 -10.5297061 -39.5798198 -44.0795538 -70.1470911-119.4834970************************************************************************
 142.1314208  47.7852948  -9.0914851 -39.6849069 -44.1964696 -70.3280132-119.7650626************************************************************************
 143.5551012  49.2101739  -9.1096183 -39.7896540 -44.3130092 -70.5083696-120.0457697************************************************************************
 144.9835037  49.3979218  -9.1276935 -39.8940648 -44.4291766 -70.6881654-120.3256256************************************************************************
 146.4166126  50.8320958  -7.6754936 -39.9981425 -44.5449754 -72.5188234-120.6046375************************************************************************
 147.8544126  52.2708944  -7.6888830 -38.5341445 -43.0798300 -72.7015864-120.8828125************************************************************************
 149.2968883  52.4671055  -6.2274402 -38.6332770 -43.1906480 -72.8837942-121.1601577************************************************************************
 150.7440247  53.9151083  -6.2361898 -38.7320982 -43.3011197 -73.0654518-121.4366799************************************************************************
 152.1958069  55.3676910  -6.2449141 -38.8306113 -43.4112485 -73.2465644-121.7123859************************************************************************
 153.6522199  56.8248390  -4.7697187 -38.9288192 -43.5210377 -73.4271367-121.9872825************************************************************************
 155.1132492  58.2865378  -4.7738633 -37.4418911 -43.6304907 -73.6071736-122.2613764************************************************************************
 156.5788802  59.7527729  -3.2895723 -37.5352547 -42.1378714 -73.7866799-124.3343815************************************************************************
 158.0490985  59.9709456  -3.2891810 -37.6283334 -42.2424631 -73.9656602-124.6106271************************************************************************
 159.5238897  61.4462112  -1.7958513 -37.7211301 -42.3467391 -74.1441191-124.8860816************************************************************************
 161.0032399  62.9259708  -1.7909666 -37.8136476 -42.4507026 -74.3220614-125.1607514************************************************************************
 162.4871349  64.4102109  -1.7861011 -36.3041492 -42.5543564 -74.4994913-125.4346426************************************************************************
 163.9755609  65.8989176  -0.2793179 -36.3919178 -41.0392354 -74.6764135-125.7077615************************************************************************
 165.4685042  66.1341283  -0.2700147 -36.4794262 -41.1381236 -73.1492307-125.9801143************************************************************************
 166.9659510  67.6317277   1.2456693 -36.5666770 -41.2367215 -73.3212022-126.2517068************************************************************************
 168.4678880  69.1337534   1.2593698 -35.0393703 -41.3350319 -73.4926879-126.5225451************************************************************************
 169.9743017  70.6401923   2.7839012 -35.1219472 -41.4330574 -73.6636920-126.7926351************************************************************************
 171.4851789  72.1510311   2.8019593 -35.2042845 -39.8957750 -73.8342186-127.0619824************************************************************************
 173.0005064  73.6662570   4.3352856 -33.6637611 -39.9891257 -74.0042718-127.3305930************************************************************************
 174.5202712  75.1858571   4.3576625 -33.7414815 -40.0822097 -74.1738554-127.5984723************************************************************************
 176.0444604  76.7098186   4.3799674 -33.8189796 -40.1750295 -74.3429735-127.8656261************************************************************************
 177.5730611  78.2381289   4.4022006 -33.8962577 -38.6202529 -74.5116298-128.1320598************************************************************************
 179.1060606  79.7707755   4.4243624 -32.3382919 -38.7084692 -74.6798283-130.2563880************************************************************************
 180.6434465  80.0444552   4.4464530 -32.4110227 -38.7964387 -74.8475727-130.5250173************************************************************************
 182.1852062  81.5857371   4.4684727 -32.4835500 -37.2286736 -75.0148667-130.7929356************************************************************************
 183.7313272  83.1313184   4.4904216 -30.9126336 -37.3120937 -75.1817141-131.0601483************************************************************************
 185.2817975  84.6811869   6.0584213 -30.9806668 -37.3952836 -75.3481184-131.3266605************************************************************************
 186.8366047  86.2353307   6.0845787 -31.0485122 -37.4782455 -75.5140832-131.5924775************************************************************************
 188.3957369  87.7937377   6.1106541 -29.4647544 -35.8933334 -75.6796121-131.8576044************************************************************************
 189.9591820  89.3563962   6.1366477 -29.5281573 -35.9718124 -74.0828143-132.1220461************************************************************************
 191.5269283  90.9232945   6.1625598 -29.5913878 -36.0500793 -74.2436641-132.3858077************************************************************************
 193.0989638  92.4944210   6.1883908 -27.9948950 -34.4524316 -74.4040965-132.6488940************************************************************************
 194.6752771  94.0697642   6.2141410 -28.0537330 -34.5262662 -74.5641150-132.9113101************************************************************************
 196.2558564  95.6493126   6.2398108 -28.1124133 -34.5999039 -74.7237227-133.1730607************************************************************************
 197.8406903  97.2330550   6.2654004 -26.5032895 -32.9896245 -74.8829229-135.3392769************************************************************************
 199.4297674  98.8209800   6.2909102 -26.5576260 -33.0588792 -75.0417188-135.6032419************************************************************************
 201.0230764 100.4130765   6.3163404 -24.9401380 -33.1279518 -75.2001136-135.8665490************************************************************************
 202.6206062 102.0093335   6.3416915 -24.9901655 -31.5051421 -73.5696629-136.1292029************************************************************************
 204.2223455 103.6097399   6.3669637 -25.0400620 -31.5698796 -73.7235035-136.3912080************************************************************************
 205.8282833 105.2142850   6.3921573 -23.4101106 -31.6344491 -73.8769601-136.6525689************************************************************************
 207.4384088 106.8229578   6.4172727 -23.4557445 -29.9992080 -74.0300357-136.9132902************************************************************************
 209.0527109 108.4357478   6.4423100 -21.8175385 -30.0594890 -74.1827331-137.1733762************************************************************************
 210.6711791 110.0526441   6.4672697 -21.8589433 -28.4160143 -74.3350553-137.4328313************************************************************************
 212.2938025 111.6736364   6.4921520 -21.9002419 -28.4720401 -74.4870050-137.6916598************************************************************************
 213.9205705 113.2987141   6.5169571 -20.2497337 -28.5279236 -72.8276877-139.8934838************************************************************************
 215.5514726 114.9278668   6.5416855 -20.2868476 -26.8721775 -72.9751865-140.1545335************************************************************************
 217.1864984 116.5610842   6.5663373 -18.6281901 -26.9238503 -73.1223288-140.4149632************************************************************************
 218.8256375 118.1983560   6.5909128 -18.6611511 -26.9753936 -73.2691174-140.6747771************************************************************************
 220.4688796 119.8396722   6.6154124 -16.9943854 -25.3074692 -73.4155549-140.9339793************************************************************************
 222.1162144 121.4850227   6.6398363 -17.0232250 -25.3548452 -71.7359330-141.1925739************************************************************************
 223.7676318 123.1343973   6.6641847 -15.3483915 -23.6788525 -71.8779915-141.4505649************************************************************************
 225.4231219 126.0510770   6.6884580 -15.3731405 -23.7220923 -72.0197140-141.7079564************************************************************************
 227.0826744 127.7084703   6.7126563 -13.6902791 -22.0380713 -72.1611031-143.9393049************************************************************************
 228.7462797 129.3698583   6.7367801 -13.7109680 -22.0772055 -70.4654187-144.1989165************************************************************************
 230.4139277 131.0352313   6.7608295 -12.0201178 -20.3851953 -70.6024857-144.4579344************************************************************************
 232.0856087 132.7045794   6.7848047 -12.0367763 -20.4202542 -70.7392338-144.7163625************************************************************************
 233.7613130 134.3778933   6.8087061 -12.0533946 -18.7202936 -70.8756653-144.9742046************************************************************************
 235.4410310 136.0551634   6.8325340 -10.3506336 -18.7513068 -69.1640744-145.2314646************************************************************************
 237.1247531 137.7363803   6.8562884  -8.6439215 -18.7822455 -69.2962389-145.4881461************************************************************************
 238.8124699 139.4215345   6.8799698  -8.6526069 -17.0704304 -69.4281008-147.7459018************************************************************************
 240.5041718 141.1106168   6.9035783  -6.9380204 -17.0973627 -69.5596623-148.0047988************************************************************************
 242.1998495 142.8036179   8.6148310  -6.9427621 -15.3776915 -67.8323163-146.2547568************************************************************************
 243.8994937 144.5005286   8.6422797  -5.2203382 -15.4006458 -67.9596640-144.5007954************************************************************************
 245.6030951 147.4592891   8.6696469  -5.2211641 -13.6731552 -68.0867247-142.7429236************************************************************************
 247.3106447 149.1639919   8.6969330  -3.4909394 -11.9417685 -66.3476594-140.9811505************************************************************************
 249.0221333 150.8725772   8.7241381  -3.4878770 -11.9568858 -66.4705468-139.2154853************************************************************************
 250.7375518 152.5850361   8.7512627  -1.7498875 -10.2177340 -66.5931603-137.4459367************************************************************************
 252.4568913 154.3013598   8.7783070  -1.7429638 -10.2289467 -64.8424567-135.6725138************************************************************************
 254.1801428 156.0215393   8.8052713   0.0027549  -8.4820652 -64.9609365-133.8952253************************************************************************
 255.9072975 158.9981507   8.8321559   1.7523250  -8.4894003 -65.0791551-132.1140802************************************************************************
 257.6383466 160.7260160   8.8589610   1.7669263  -6.7348243 -63.3168926-130.3290870************************************************************************
 259.3732813 162.4577111   8.8856870   3.5241733  -6.7383082 -63.4310161-128.5402544************************************************************************
 261.1120930 164.1932275   8.9123342   3.5425658  -4.9760721 -63.5448907-126.7475912************************************************************************
 262.8547730 165.9325567   8.9389028   5.3074553  -4.9757308 -61.7711471-124.9511057************************************************************************
 264.6013128 167.6756903   8.9653931   7.0761534  -3.2058688 -61.8809644-123.1508065************************************************************************
 266.3517039 169.4226198   8.9918053   7.1021118  -3.2017281 -61.9905447-121.3467021************************************************************************
 268.1059377 171.1733369  10.7608198   8.8784017  -1.4242738 -60.2053964-119.5388008************************************************************************
 269.8640059 172.9278334  10.7909366   8.9080840   0.3569641 -60.3109563-117.7271110************************************************************************
 271.6259002 174.6861009  12.5675074   8.9376988   0.3686544 -60.4162906-115.9116408************************************************************************
 273.3916123 177.6953285  12.6013043   8.9672461   2.1574349 -58.6198124-114.0923986************************************************************************
 275.1611339 179.4611137  14.3853986   8.9967263   2.1728583 -58.7211624-112.2693925************************************************************************
 276.9344568 181.2306457  16.1732426   9.0261394   3.9691487 -56.9171718-110.4426307************************************************************************
 278.7115729 184.2457026  16.2144371   9.0554858   5.7691821 -57.0145634-108.6121210************************************************************************
 280.4924742 186.0227039  18.0097563   9.0847656   5.7920492 -57.1117501-106.7778717************************************************************************
 282.2771525 187.8034281  18.0545673   9.1139789   7.5995445 -55.2965510-104.9398906************************************************************************
 284.0656000 189.5878671  19.8573299   9.1431261   7.6260805 -55.3898140-103.0981856************************************************************************
 285.8578087 191.3760133  19.9057342   9.1722072   9.4410062 -53.5671821-101.2527646************************************************************************
 287.6537707 193.1678588  21.7159089   9.2012225   9.4711879 -53.6565463 -99.4036355************************************************************************
 289.4534783 194.9633960  23.5297781   9.2301722   9.5013041 -51.8265128 -97.5508059************************************************************************
 291.2569235 196.7626170  23.5854397   9.2590564   9.5313550 -51.9120026 -95.6942835************************************************************************
 293.0640987 198.5655144  25.4066748   9.2878754   9.5613408 -51.9973162 -93.8340761************************************************************************
 294.8749962 200.3720805  25.4658693   9.3166293   9.5912618 -50.1562379 -91.9701912************************************************************************
 296.6896084 202.1823079  27.2944399   9.3453183   9.6211180 -50.2377102 -90.1026365************************************************************************
 298.5079277 203.9961889  27.3571453   9.3739425   9.6509097 -48.3893065 -88.2314193************************************************************************
 300.3299465 207.0500680  29.1930214   9.4025022   9.6806370 -48.4669611 -86.3565473************************************************************************
 302.1556573 208.8712342  31.0325391   9.4309976   9.7103001 -46.6112619 -84.4780278************************************************************************
 303.9850528 210.6960319  31.1023682   9.4594288   9.7398993 -46.6851221 -82.5958682************************************************************************
 305.8181254 213.7553471  32.9491471   9.4877960   9.7694346 -44.8221569 -80.7100759************************************************************************
 307.6548678 215.5873860  34.7995457   9.5160993   9.7989062 -44.8922458 -78.8206581************************************************************************
 309.4952728 217.4230347  34.8764406   9.5443390   9.8283144 -43.0220437 -76.9276222************************************************************************
 311.3393330 219.2622859  36.7340569   9.5725152   9.8576592 -43.0883840 -75.0309752************************************************************************
 313.1870411 221.1051326  36.8143701   9.6006281   9.8869409 -41.2109737 -73.1307245************************************************************************
 315.0383901 222.9515676  38.6791756  11.4727380   9.9161596 -41.2735878 -71.2268770************************************************************************
 316.8933728 224.8015839  40.5475650  11.5043728   9.9453155 -39.3889979 -69.3194399************************************************************************
 318.7519820 226.6551745  40.6348530  11.5359376   9.9744088 -39.4479078 -67.4084202************************************************************************
 320.6142107 228.5123325  42.5103893  11.5674325  10.0034396 -37.5561663 -65.4938249************************************************************************
 322.4800518 231.5984611  44.3894886  11.5988579  10.0324080 -37.6113939 -63.5756611************************************************************************
 324.3494985 233.4627330  44.4836966  11.6302139  10.0613143 -35.7125286 -61.6539355************************************************************************
 326.2225437 235.3305514  46.3699014  11.6615007  10.0901587 -35.7640955 -59.7286550************************************************************************
 328.0991806 238.4218126  48.2596486  11.6927185  11.9883878 -33.8581338 -57.7998266************************************************************************
 329.9794023 240.2967041  48.3607228  11.7238676  12.0207072 -33.9060611 -55.8674570************************************************************************
 331.8632020 242.1751219  50.2575347  11.7549480  12.0529581 -31.9930303 -53.9315529************************************************************************
 333.7505728 244.0570593  52.1578688  11.7859601  12.0851408 -32.0373389 -51.9921211************************************************************************
 335.6415081 245.9425098  52.2657564  11.8169040  12.1172555 -30.1172657 -50.0491683************************************************************************
 337.5360011 247.8314667  54.1731151  11.8477799  12.1493024 -30.1579763 -48.1027011************************************************************************
 339.4340452 249.7239234  56.0839761  11.8785880  12.1812816 -28.2308873 -46.1527261************************************************************************
 341.3356338 251.6198734  56.1986254  11.9093285  12.2131934 -26.3003002 -44.1992499************************************************************************
 343.2407601 253.5193101  58.1164715  11.9400015  12.2450379 -26.3339418 -42.2422790************************************************************************
 345.1494178 256.6365975  60.0378005  11.9706073  12.2768153 -24.3963781 -40.2818199************************************************************************
 347.0616002 258.5429885  61.9626058  12.0011461  12.3085258 -24.4264751 -38.3178791************************************************************************
 348.9773009 260.4528469  62.0874359  12.0316180  12.3401696 -22.4819607 -36.3504630************************************************************************
 350.8965135 262.3661664  64.0191748  12.0620231  12.3717469 -22.5085329 -34.3795780************************************************************************
 352.8192314 264.2829408  65.9543710  12.0923618  12.4032578 -20.5570932 -32.4052304************************************************************************
 354.7454484 266.2031636  66.0858430  12.1226342  12.4347026 -18.6022003 -30.4274266************************************************************************
 356.6751581 269.3356412  68.0279349  12.1528404  12.4660814 -18.6218204 -28.4461728************************************************************************
 358.6083542 271.2627423  69.9734652  12.1829807  12.4973944 -16.6600400 -26.4614754************************************************************************
 360.5450304 273.1932731  71.9224279  12.2130552  12.5286417 -16.6761865 -24.4733404************************************************************************
 362.4851804 275.1272277  72.0639191  12.2430640  12.5598236 -14.7075434 -22.4817742************************************************************************
 364.4287981 277.0645998  74.0197278  12.2730075  12.5909402 -12.7354782 -20.4867828************************************************************************
 366.3758772 279.0053834  75.9789504  12.3028856  12.6219917 -12.7447540 -18.4883724************************************************************************
 368.3264118 280.9495723  77.9415808  12.3326987  12.6529783 -10.7658628 -16.4865490************************************************************************
 370.2803955 282.8971606  78.0930008  12.3624468  12.6839001  -8.7835677 -14.4813187************************************************************************
 372.2378224 286.0513713  80.0624287  12.3921302  12.7147573  -8.7860216 -12.4726876************************************************************************
 374.1986863 288.0057404  82.0352465  12.4217490  12.7455500  -6.7969367 -10.4606616************************************************************************
 376.1629814 289.9634909  84.0114480  12.4513034  12.7762785  -4.8044659  -8.4452466************************************************************************
 378.1307016 293.1222366  84.1727083  12.4807935  12.8069429  -4.8001460  -6.4264487************************************************************************
 380.1018409 295.0867324  86.1556599  12.5102195  12.8375433  -2.8009209  -4.4042737************************************************************************
 382.0763935 297.0545921  88.1419778  12.5395816  12.8680800  -0.7983276  -2.3787274************************************************************************
 384.0543534 299.0258098  90.1316560  12.5688800  12.8985530  -0.7872811  -0.3498157************************************************************************
 386.0357147 301.0003798  90.3026701  12.5981147  12.9289626   1.2220314   1.6824556************************************************************************
 388.0204718 302.9782964  92.2990518  12.6272860  12.9593089   3.2346949   3.7180807************************************************************************
 390.0086187 304.9595537  94.2987766  12.6563940  12.9895921   3.2524215   5.7570539************************************************************************
 392.0001496 306.9441461  96.3018389  12.6854389  13.0198123   5.2717696   7.7993695************************************************************************
 393.9950590 308.9320680  98.3082329  12.7144208  13.0499696   7.2944515   9.8450218************************************************************************
 395.9933409 310.9233137  98.4922423  12.7433399  13.0800643   7.3188127  11.8940050************************************************************************
 397.9949898 312.9178776 100.5052829  12.7721964  13.1100965   9.3481453  13.9463137************************************************************************
 400.0000000 316.1077378 102.5216385  12.8009903  13.1400663  11.3807949  16.0019422************************************************************************
