 t avg_prod_f avg_k_f avg_a_f avg_l_f avg_prod_ex avg_k_ex avg_a_ex avg_l_ex
   1.0000000   1.3432636  79.5270468 -11.3533580************   1.0311050  20.5103387  -6.3528629************
   2.0000000   1.3431656  79.6461370 -11.3738303************   1.0320640  20.5690432  -5.7553681************
   3.0000000   1.3435216  79.5548706 -12.3465317************   1.1079156  20.3356501  -4.3839236************
   4.0000000   1.3443183  80.2563175 -12.0181264************   1.0271639  23.3803941  -0.9783478************
   5.0000000   1.3458626  80.3631475 -12.1722289************   1.0421996  25.6053313  -1.4869297************
   6.0000000   1.3456991  80.1730268 -12.2817100************   1.0392962  25.9120106  -1.8599058************
   7.0000000   1.3451819  79.8981565 -12.3719634************   1.0352437  25.4300530  -2.1772301************
   8.0000000   1.3448637  79.6722142 -12.4409782************   1.0402857  24.8798771  -2.2595448************
   9.0000000   1.3446104  79.5151664 -12.5038174************   1.0388795  24.3723060  -2.9086461************
  10.0000000   1.3443050  79.3537690 -12.5560352************   1.0339517  23.7432820  -3.7731906************
  11.0000000   1.3439978  79.1800304 -12.5902687************   1.0314330  23.3661900  -4.0503871************
  12.0000000   1.3438195  79.0393763 -12.6174604************   1.0294602  23.5287359  -4.1825507************
  13.0000000   1.3435273  78.8704793 -12.6357967************   1.0303667  22.6840043  -4.6705408************
  14.0000000   1.3433599  78.7537456 -12.6442730************   1.0311678  22.1412362  -5.1161307************
  15.0000000   1.3431827  78.6517529 -12.6477663************   1.0328807  21.5093341  -4.9753048************
  16.0000000   1.3434122  78.6727595 -12.6496749************   1.0319647  21.9314386  -5.0744638************
  17.0000000   1.3433623  78.6257456 -12.6443125************   1.0312425  21.5966910  -5.3310023************
  18.0000000   1.3433720  78.5991589 -12.6330230************   1.0288484  21.9298469  -5.3013749************
  19.0000000   1.3432841  78.5419052 -12.6154327************   1.0258460  22.0941587  -5.4018907************
  20.0000000   1.3431441  78.4628548 -12.5899134************   1.0266250  21.8932034  -5.4473207************
  21.0000000   1.3430221  78.3945705 -12.5667098************   1.0265243  21.2190399  -5.9465151************
  22.0000000   1.3429835  78.3536522 -12.5377270************   1.0296181  20.5331591  -6.1928481************
  23.0000000   1.3430493  78.3647742 -12.5090890************   1.0275740  20.5943390  -6.0311093************
  24.0000000   1.3432791  78.4078469 -12.4776071************   1.0275642  20.8469450  -6.3151823************
  25.0000000   1.3431632  78.3697202 -12.4419402************   1.0303036  20.0212979  -6.6283264************
  26.0000000   1.3432138  78.3956637 -12.4062811************   1.0309328  19.9532481  -6.7212965************
  27.0000000   1.3432133  78.4162380 -12.3691988************   1.0301422  19.8203375  -6.8428111************
  28.0000000   1.3432473  78.4420366 -12.3296152************   1.0294436  19.8240942  -6.9276742************
  29.0000000   1.3432587  78.4600691 -12.2890017************   1.0298037  19.7893582  -6.9579470************
  30.0000000   1.3432506  78.4773233 -12.2489683************   1.0287549  19.8624569  -6.9656924************
  31.0000000   1.3432340  78.4869246 -12.2080496************   1.0295855  19.7066945  -7.0603366************
  32.0000000   1.3432132  78.5022810 -12.1676736************   1.0290508  19.6570896  -7.1115344************
  33.0000000   1.3432100  78.5203422 -12.1269846************   1.0292566  19.6508215  -7.1061149************
  34.0000000   1.3432059  78.5401833 -12.0867221************   1.0288855  19.6657453  -7.1215174************
  35.0000000   1.3431971  78.5571700 -12.0465015************   1.0291727  19.6387058  -7.1119234************
  36.0000000   1.3431978  78.5792982 -12.0069602************   1.0284463  19.6832269  -7.1768334************
  37.0000000   1.3431770  78.5913717 -11.9675320************   1.0292824  19.5401709  -7.2160421************
  38.0000000   1.3431811  78.6159156 -11.9292779************   1.0290200  19.5893884  -7.2130205************
  39.0000000   1.3431692  78.6345498 -11.8914451************   1.0292258  19.5636500  -7.2234244************
  40.0000000   1.3431583  78.6547338 -11.8547906************   1.0292094  19.5591948  -7.2282602************
  41.0000000   1.3431516  78.6754327 -11.8192352************   1.0290525  19.6005414  -7.2146262************
  42.0000000   1.3431370  78.6924813 -11.7846307************   1.0291852  19.5832668  -7.2139772************
  43.0000000   1.3431259  78.7123239 -11.7510554************   1.0290953  19.5803705  -7.2166912************
  44.0000000   1.3431200  78.7320193 -11.7179895************   1.0292055  19.5765932  -7.2131392************
  45.0000000   1.3431130  78.7513200 -11.6857468************   1.0290284  19.5552052  -7.2301890************
  46.0000000   1.3431200  78.7726449 -11.6542167************   1.0292619  19.5705072  -7.2127070************
  47.0000000   1.3431155  78.7898372 -11.6264370************   1.0295009  19.3766489  -7.3248428************
  48.0000000   1.3431534  78.8201363 -11.5975562************   1.0296877  19.3907550  -7.3327417************
  49.0000000   1.3431680  78.8451554 -11.5697729************   1.0295072  19.4150590  -7.3151162************
  50.0000000   1.3431878  78.8712527 -11.5416187************   1.0295710  19.4463787  -7.2961003************
  51.0000000   1.3431973  78.8930882 -11.5168963************   1.0363319  19.3862173  -6.5492247************
  52.0000000   1.3434953  79.0328116 -11.4987671************   1.0298756  20.4899888  -6.4232561************
  53.0000000   1.3434943  79.0501397 -11.4773155************   1.0299079  20.4885573  -6.4248078************
  54.0000000   1.3434932  79.0671944 -11.4566521************   1.0299563  20.4887310  -6.4215319************
  55.0000000   1.3434912  79.0838212 -11.4370603************   1.0300144  20.4878865  -6.4194674************
  56.0000000   1.3434879  79.1002381 -11.4180215************   1.0300612  20.4890335  -6.4162115************
  57.0000000   1.3434833  79.1159298 -11.3999294************   1.0300001  20.4984238  -6.3972539************
  58.0000000   1.3434871  79.1321312 -11.3832082************   1.0305743  20.4774087  -6.3689774************
  59.0000000   1.3435022  79.1530545 -11.3688445************   1.0311498  20.4253246  -6.4094756************
  60.0000000   1.3435015  79.1748552 -11.3539734************   1.0308411  20.4475723  -6.4172375************
  61.0000000   1.3434946  79.1917250 -11.3401712************   1.0308200  20.4483688  -6.4175924************
  62.0000000   1.3434874  79.2074456 -11.3272866************   1.0307963  20.4544698  -6.4153944************
  63.0000000   1.3434784  79.2216331 -11.3153725************   1.0307884  20.4579063  -6.4130663************
  64.0000000   1.3434689  79.2348420 -11.3042522************   1.0307873  20.4616187  -6.4100986************
  65.0000000   1.3434587  79.2471655 -11.2938547************   1.0307897  20.4644873  -6.4069222************
  66.0000000   1.3434483  79.2587398 -11.2842565************   1.0307952  20.4670938  -6.4036482************
  67.0000000   1.3434379  79.2694834 -11.2755713************   1.0308024  20.4693123  -6.4004076************
  68.0000000   1.3434275  79.2798407 -11.2673372************   1.0308110  20.4713787  -6.3971282************
  69.0000000   1.3434172  79.2894785 -11.2599030************   1.0308204  20.4732094  -6.3939381************
  70.0000000   1.3434071  79.2986256 -11.2530965************   1.0308181  20.4739329  -6.3926197************
  71.0000000   1.3433980  79.3076347 -11.2466289************   1.0308354  20.4758836  -6.3891067************
  72.0000000   1.3433887  79.3162272 -11.2406517************   1.0308472  20.4773788  -6.3860060************
  73.0000000   1.3433796  79.3243098 -11.2353375************   1.0308598  20.4786606  -6.3830719************
  74.0000000   1.3433709  79.3318908 -11.2306823************   1.0308696  20.4799026  -6.3803545************
  75.0000000   1.3433624  79.3395096 -11.2261376************   1.0308794  20.4810877  -6.3777019************
  76.0000000   1.3433542  79.3466872 -11.2221958************   1.0308894  20.4821866  -6.3751670************
  77.0000000   1.3433464  79.3534706 -11.2187580************   1.0308989  20.4831357  -6.3727999************
  78.0000000   1.3433390  79.3599922 -11.2157067************   1.0309089  20.4840657  -6.3704457************
  79.0000000   1.3433319  79.3660994 -11.2132005************   1.0308675  20.4783629  -6.3736073************
  80.0000000   1.3433291  79.3730417 -11.2104561************   1.0309167  20.4830633  -6.3683237************
  81.0000000   1.3433241  79.3794067 -11.2081264************   1.0309296  20.4847031  -6.3657255************
  82.0000000   1.3433189  79.3853871 -11.2061885************   1.0309400  20.4861656  -6.3633199************
  83.0000000   1.3433139  79.3909470 -11.2057286************   1.0309485  20.4874797  -6.3613420************
  84.0000000   1.3433090  79.3963652 -11.2057159************   1.0309574  20.4884614  -6.3596144************
  85.0000000   1.3433044  79.4015875 -11.2053130************   1.0309766  20.4889689  -6.3545778************
  86.0000000   1.3433022  79.4075509 -11.2044063************   1.0309615  20.4951395  -6.3535111************
  87.0000000   1.3432975  79.4123457 -11.2038142************   1.0309820  20.4932120  -6.3530986************
  88.0000000   1.3432933  79.4171281 -11.2034783************   1.0309934  20.4930295  -6.3523868************
  89.0000000   1.3432893  79.4217052 -11.2033679************   1.0310047  20.4927213  -6.3516930************
  90.0000000   1.3432854  79.4262472 -11.2033010************   1.0310138  20.4924569  -6.3509802************
  91.0000000   1.3432819  79.4307438 -11.2034302************   1.0310216  20.4925392  -6.3502290************
  92.0000000   1.3432785  79.4350439 -11.2037241************   1.0310296  20.4925602  -6.3491428************
  93.0000000   1.3432754  79.4392295 -11.2041749************   1.0310363  20.4928978  -6.3481912************
  94.0000000   1.3432725  79.4433247 -11.2047444************   1.0310537  20.4941100  -6.3456782************
  95.0000000   1.3432692  79.4472621 -11.2054875************   1.0310516  20.4940704  -6.3454257************
  96.0000000   1.3432665  79.4510347 -11.2064244************   1.0310546  20.4943784  -6.3448941************
  97.0000000   1.3432641  79.4547926 -11.2073914************   1.0310581  20.4947940  -6.3442636************
  98.0000000   1.3432619  79.4583827 -11.2084797************   1.0310616  20.4952019  -6.3436774************
  99.0000000   1.3432600  79.4619830 -11.2095496************   1.0310649  20.4956219  -6.3431275************
 100.0000000   1.3432584  79.4654474 -11.2107201************   1.0310682  20.4960488  -6.3426001************
 101.0000000   1.3432569  79.4689077 -11.2119466************   1.0310713  20.4964887  -6.3421108************
 102.0000000   1.3432556  79.4722720 -11.2132442************   1.0310743  20.4969437  -6.3416602************
 103.0000000   1.3432545  79.4755536 -11.2145787************   1.0310773  20.4973863  -6.3412330************
 104.0000000   1.3432536  79.4788551 -11.2158689************   1.0310801  20.4978589  -6.3408293************
 105.0000000   1.3432528  79.4821172 -11.2172158************   1.0310832  20.4983030  -6.3404352************
 106.0000000   1.3432521  79.4853678 -11.2185413************   1.0311119  20.5019853  -6.3350031************
 107.0000000   1.3432500  79.4882225 -11.2200546************   1.0311030  20.5017895  -6.3359776************
 108.0000000   1.3432487  79.4914009 -11.2212809************   1.0311489  20.5083152  -6.3310541************
 109.0000000   1.3432439  79.4940223 -11.2226341************   1.0311127  20.5048680  -6.3338983************
 110.0000000   1.3432420  79.4970282 -11.2238755************   1.0311080  20.5046795  -6.3342243************
 111.0000000   1.3432407  79.5001295 -11.2249442************   1.0311058  20.5047354  -6.3343532************
 112.0000000   1.3432398  79.5033010 -11.2259528************   1.0311054  20.5050212  -6.3343095************
 113.0000000   1.3432392  79.5061997 -11.2274021************   1.0311057  20.5053400  -6.3343117************
 114.0000000   1.3432388  79.5095196 -11.2282324************   1.0311062  20.5057409  -6.3341674************
 115.0000000   1.3432386  79.5129025 -11.2289954************   1.0311069  20.5062226  -6.3340205************
 116.0000000   1.3432385  79.5163087 -11.2298790************   1.0311076  20.5067577  -6.3339030************
 117.0000000   1.3432386  79.5197137 -11.2306519************   1.0311092  20.5072479  -6.3337632************
 118.0000000   1.3432387  79.5232124 -11.2310110************   1.0311408  20.5101605  -6.3288073************
 119.0000000   1.3432370  79.5265347 -11.2311950************   1.0311276  20.5098245  -6.3293767************
 120.0000000   1.3432636  79.5270468 -11.3533580************   1.0311050  20.5103387  -6.3528629************
