 t output_loss_entry employment_loss_entry investment_loss_entry debt_loss_entry
 output_gain_entry employment_gain_entry investment_gain_entry debt_gain_entry
 output_loss_incumbent employment_loss_incumbent investment_loss_incumbent debt_
 loss_incumbent
 output_gain_incumbent employment_gain_incumbent investment_gain_incumbent debt_
 gain_incumbent
 gdp1 h1 inv1 firm_debt2
 gdp_t h_t inv_t firm_debt_t
   1.0000000   0.0000000   0.0000000   0.0000000   0.0000000   0.0000000   0.0000000   0.0000000   0.0000000   0.0000000   0.0000000   0.0000000   0.0000000   0.0000000   0.0000000   0.0000000   0.0000000   3.0290596   1.0000573   0.5460764   5.4739898   3.0290596   1.0000573   0.5460764   5.4739898
   2.0000000   0.0032155   0.0016420   0.0135635   0.0025644   0.0000000   0.0000000   0.0000000   0.0000000   3.0247104   0.9978345   0.5407318   5.4712263   3.0019175   0.9861714   0.5025755   3.4387513   3.0290596   1.0000573   0.5460764   5.4739898   3.0019226   0.9861741   0.4939767   3.4387513
   3.0000000   0.0020598   0.0009759   0.0016010   0.0041808   0.0000000   0.0000000   0.0000000   0.0000000   3.0014399   0.9864604   0.8180027   5.4267868   2.9214959   0.9720547   0.7964183   3.2243149   3.0290596   1.0000573   0.5460764   5.4739898   2.9333287   0.9779198   0.4553468   3.2362675
   4.0000000   0.0021185   0.0009617   0.0000447   0.0044358   0.0000000   0.0000000   0.0000000   0.0000000   2.9819562   0.9773049   0.8225825   5.3767911   2.9037808   0.9658352   0.7284290   3.2898669   3.0290596   1.0000573   0.5460764   5.4739898   2.9278562   0.9780592   0.4577029   3.3235915
   5.0000000   0.0020158   0.0008997  -0.0005451   0.0042448   0.0000000   0.0000000   0.0000000   0.0000000   2.9614438   0.9678557   0.8255527   5.3245870   2.8899883   0.9586258   0.7255009   3.4137525   3.0290596   1.0000573   0.5460764   5.4739898   2.9323810   0.9798249   0.4678477   3.4783144
   6.0000000   0.0019070   0.0008432  -0.0006842   0.0039156   0.0000000   0.0000000   0.0000000   0.0000000   2.9776073   0.9758835   0.6263888   5.3598713   2.9054011   0.9656594   0.5324744   3.5950784   3.0290596   1.0000573   0.5460764   5.4739898   2.9388636   0.9819763   0.4779631   3.6475649
   7.0000000   0.0017513   0.0007651  -0.0005056   0.0036388   0.0000000   0.0000000   0.0000000   0.0000000   2.9874703   0.9807853   0.5949953   5.3820870   2.9165046   0.9703095   0.5178521   3.7674810   3.0290596   1.0000573   0.5460764   5.4739898   2.9446049   0.9837255   0.4864996   3.8128019
   8.0000000   0.0016388   0.0007097  -0.0005125   0.0033524   0.0000000   0.0000000   0.0000000   0.0000000   2.9938678   0.9839397   0.5783154   5.3971743   2.9250744   0.9736609   0.5147967   3.9282563   3.0290596   1.0000573   0.5460764   5.4739898   2.9494421   0.9850601   0.4938252   3.9685853
   9.0000000   0.0015212   0.0006516  -0.0003627   0.0031331   0.0000000   0.0000000   0.0000000   0.0000000   2.9985010   0.9862158   0.5688818   5.4080925   2.9325271   0.9764085   0.5155841   4.0736060   3.0290596   1.0000573   0.5460764   5.4739898   2.9541953   0.9863573   0.5010290   4.1103215
  10.0000000   0.0014302   0.0006066  -0.0003018   0.0029419   0.0000000   0.0000000   0.0000000   0.0000000   3.0019449   0.9879020   0.5625128   5.4161798   2.9390866   0.9787524   0.5167673   4.2060549   3.0290596   1.0000573   0.5460764   5.4739898   2.9588301   0.9876683   0.5075571   4.2404069
  11.0000000   0.0013474   0.0005654  -0.0002171   0.0027896   0.0000000   0.0000000   0.0000000   0.0000000   3.0046510   0.9892269   0.5584082   5.4223989   2.9446294   0.9806524   0.5193720   4.3253611   3.0290596   1.0000573   0.5460764   5.4739898   2.9628282   0.9887415   0.5129642   4.3580125
  12.0000000   0.0012787   0.0005311  -0.0001610   0.0026633   0.0000000   0.0000000   0.0000000   0.0000000   3.0067954   0.9902773   0.5554237   5.4272589   2.9496626   0.9823711   0.5228378   4.4327658   3.0290596   1.0000573   0.5460764   5.4739898   2.9666788   0.9898236   0.5179045   4.4639951
  13.0000000   0.0012185   0.0005007  -0.0001072   0.0025619   0.0000000   0.0000000   0.0000000   0.0000000   3.0085548   0.9911413   0.5532587   5.4311222   2.9541792   0.9837952   0.5264729   4.5265979   3.0290596   1.0000573   0.5460764   5.4739898   2.9701840   0.9907023   0.5227612   4.5566086
  14.0000000   0.0011672   0.0004746  -0.0000649   0.0024801   0.0000000   0.0000000   0.0000000   0.0000000   3.0100035   0.9918548   0.5515885   5.4342184   2.9582708   0.9850708   0.5297546   4.6125624   3.0290596   1.0000573   0.5460764   5.4739898   2.9734216   0.9915182   0.5270308   4.6415640
  15.0000000   0.0011225   0.0004516  -0.0000275   0.0024153   0.0000000   0.0000000   0.0000000   0.0000000   3.0112201   0.9924566   0.5502920   5.4367210   2.9612565   0.9857368   0.5317631   4.6863268   3.0290596   1.0000573   0.5460764   5.4739898   2.9756311   0.9917663   0.5297645   4.7144658
  16.0000000   0.0010838   0.0004316   0.0000038   0.0023647   0.0000000   0.0000000   0.0000000   0.0000000   3.0122450   0.9929663   0.5492501   5.4387527   2.9643487   0.9865790   0.5343610   4.7541645   3.0290596   1.0000573   0.5460764   5.4739898   2.9781055   0.9922741   0.5329406   4.7815808
  17.0000000   0.0010501   0.0004139   0.0000310   0.0023265   0.0000000   0.0000000   0.0000000   0.0000000   3.0131182   0.9934034   0.5484069   5.4404036   2.9673482   0.9873320   0.5365095   4.8143573   3.0290596   1.0000573   0.5460764   5.4739898   2.9805607   0.9927311   0.5357274   4.8412109
  18.0000000   0.0010208   0.0003982   0.0000545   0.0022987   0.0000000   0.0000000   0.0000000   0.0000000   3.0138643   0.9937797   0.5477080   5.4417381   2.9701648   0.9881015   0.5389823   4.8680832   3.0290596   1.0000573   0.5460764   5.4739898   2.9829163   0.9932486   0.5386099   4.8944733
  19.0000000   0.0009951   0.0003843   0.0000750   0.0022801   0.0000000   0.0000000   0.0000000   0.0000000   3.0145062   0.9941064   0.5471244   5.4428058   2.9729213   0.9889069   0.5421541   4.9181875   3.0290596   1.0000573   0.5460764   5.4739898   2.9852755   0.9938355   0.5421454   4.9442174
  20.0000000   0.0009726   0.0003719   0.0000929   0.0022693   0.0000000   0.0000000   0.0000000   0.0000000   3.0150601   0.9943913   0.5466309   5.4436481   2.9756953   0.9896761   0.5423735   4.9609843   3.0290596   1.0000573   0.5460764   5.4739898   2.9877029   0.9944122   0.5425179   4.9866829
  21.0000000   0.0009528   0.0003608   0.0001087   0.0022653   0.0000000   0.0000000   0.0000000   0.0000000   3.0155402   0.9946413   0.5462111   5.4443004   2.9781340   0.9902854   0.5445777   5.0006007   3.0290596   1.0000573   0.5460764   5.4739898   2.9898278   0.9948460   0.5449900   5.0260489
  22.0000000   0.0009353   0.0003509   0.0001227   0.0022673   0.0000000   0.0000000   0.0000000   0.0000000   3.0159577   0.9948616   0.5458491   5.4447894   2.9803166   0.9907536   0.5457725   5.0363784   3.0290596   1.0000573   0.5460764   5.4739898   2.9917317   0.9951569   0.5464087   5.0616424
  23.0000000   0.0009199   0.0003419   0.0001351   0.0022744   0.0000000   0.0000000   0.0000000   0.0000000   3.0163218   0.9950565   0.5455333   5.4451352   2.9818402   0.9909196   0.5469913   5.0693285   3.0290596   1.0000573   0.5460764   5.4739898   2.9929977   0.9951767   0.5478169   5.0944710
  24.0000000   0.0009062   0.0003338   0.0001461   0.0022859   0.0000000   0.0000000   0.0000000   0.0000000   3.0166401   0.9952298   0.5452556   5.4453553   2.9840910   0.9914752   0.5484796   5.0988974   3.0290596   1.0000573   0.5460764   5.4739898   2.9950327   0.9956076   0.5494637   5.1239671
  25.0000000   0.0008941   0.0003264   0.0001558   0.0023011   0.0000000   0.0000000   0.0000000   0.0000000   3.0169190   0.9953844   0.5450104   5.4454660   2.9858833   0.9917980   0.5495265   5.1252472   3.0290596   1.0000573   0.5460764   5.4739898   2.9966303   0.9958166   0.5506539   5.1502737
  26.0000000   0.0008833   0.0003197   0.0001643   0.0023194   0.0000000   0.0000000   0.0000000   0.0000000   3.0171639   0.9955228   0.5447928   5.4454813   2.9875251   0.9920908   0.5505712   5.1499533   3.0290596   1.0000573   0.5460764   5.4739898   2.9980965   0.9960060   0.5518289   5.1749792
  27.0000000   0.0008736   0.0003135   0.0001717   0.0023401   0.0000000   0.0000000   0.0000000   0.0000000   3.0173793   0.9956471   0.5445988   5.4454135   2.9891276   0.9923727   0.5509161   5.1725274   3.0290596   1.0000573   0.5460764   5.4739898   2.9995413   0.9961939   0.5522992   5.1975930
  28.0000000   0.0008649   0.0003079   0.0001780   0.0023627   0.0000000   0.0000000   0.0000000   0.0000000   3.0175691   0.9957592   0.5444258   5.4452733   2.9907955   0.9927298   0.5515808   5.1938761   3.0290596   1.0000573   0.5460764   5.4739898   3.0010682   0.9964659   0.5530761   5.2190162
  29.0000000   0.0008570   0.0003027   0.0001832   0.0023863   0.0000000   0.0000000   0.0000000   0.0000000   3.0177367   0.9958605   0.5442725   5.4450714   2.9923167   0.9930176   0.5518112   5.2135505   3.0290596   1.0000573   0.5460764   5.4739898   3.0024629   0.9966761   0.5533991   5.2387902
  30.0000000   0.0008498   0.0002979   0.0001874   0.0024104   0.0000000   0.0000000   0.0000000   0.0000000   3.0178851   0.9959525   0.5441376   5.4448179   2.9937721   0.9933090   0.5523265   5.2322903   3.0290596   1.0000573   0.5460764   5.4739898   3.0038037   0.9968965   0.5539874   5.2576506
  31.0000000   0.0008433   0.0002934   0.0001906   0.0024343   0.0000000   0.0000000   0.0000000   0.0000000   3.0180169   0.9960362   0.5440194   5.4445224   2.9952438   0.9935952   0.5526324   5.2500449   3.0290596   1.0000573   0.5460764   5.4739898   3.0051707   0.9971170   0.5543608   5.2755423
  32.0000000   0.0008372   0.0002893   0.0001929   0.0024574   0.0000000   0.0000000   0.0000000   0.0000000   3.0181344   0.9961127   0.5439167   5.4441940   2.9966639   0.9938673   0.5530771   5.2662436   3.0290596   1.0000573   0.5460764   5.4739898   3.0064945   0.9973282   0.5548640   5.2918908
  33.0000000   0.0008315   0.0002853   0.0001942   0.0024790   0.0000000   0.0000000   0.0000000   0.0000000   3.0182396   0.9961830   0.5438291   5.4438423   2.9979654   0.9941154   0.5532429   5.2815746   3.0290596   1.0000573   0.5460764   5.4739898   3.0077074   0.9975197   0.5550677   5.3073683
  34.0000000   0.0008260   0.0002816   0.0001946   0.0024985   0.0000000   0.0000000   0.0000000   0.0000000   3.0183344   0.9962477   0.5437563   5.4434772   2.9992983   0.9943799   0.5534090   5.2959181   3.0290596   1.0000573   0.5460764   5.4739898   3.0089572   0.9977312   0.5552665   5.3218550
  35.0000000   0.0008209   0.0002781   0.0001942   0.0025154   0.0000000   0.0000000   0.0000000   0.0000000   3.0184204   0.9963076   0.5436982   5.4431089   3.0005261   0.9946111   0.5535668   5.3094377   3.0290596   1.0000573   0.5460764   5.4739898   3.0101069   0.9979126   0.5554567   5.3355198
  36.0000000   0.0008158   0.0002747   0.0001930   0.0025291   0.0000000   0.0000000   0.0000000   0.0000000   3.0184991   0.9963634   0.5436543   5.4427472   3.0017410   0.9948610   0.5536025   5.3215515   3.0290596   1.0000573   0.5460764   5.4739898   3.0112482   0.9981156   0.5555086   5.3477647
  37.0000000   0.0008109   0.0002715   0.0001910   0.0025393   0.0000000   0.0000000   0.0000000   0.0000000   3.0185720   0.9964156   0.5436242   5.4424020   3.0028387   0.9950652   0.5536601   5.3328309   3.0290596   1.0000573   0.5460764   5.4739898   3.0122756   0.9982753   0.5555787   5.3591617
  38.0000000   0.0008060   0.0002683   0.0001884   0.0025454   0.0000000   0.0000000   0.0000000   0.0000000   3.0186403   0.9964646   0.5436071   5.4420822   3.0039105   0.9952824   0.5535853   5.3437107   3.0290596   1.0000573   0.5460764   5.4739898   3.0132799   0.9984502   0.5554999   5.3701333
  39.0000000   0.0008010   0.0002653   0.0001851   0.0025473   0.0000000   0.0000000   0.0000000   0.0000000   3.0187051   0.9965111   0.5436023   5.4417965   3.0049845   0.9954952   0.5534938   5.3540192   3.0290596   1.0000573   0.5460764   5.4739898   3.0142880   0.9986224   0.5554092   5.3805151
  40.0000000   0.0007961   0.0002623   0.0001814   0.0025447   0.0000000   0.0000000   0.0000000   0.0000000   3.0187674   0.9965553   0.5436089   5.4415523   3.0059783   0.9956879   0.5532456   5.3636344   3.0290596   1.0000573   0.5460764   5.4739898   3.0152176   0.9987763   0.5551479   5.3901751
  41.0000000   0.0007910   0.0002594   0.0001772   0.0025375   0.0000000   0.0000000   0.0000000   0.0000000   3.0188281   0.9965976   0.5436259   5.4413560   3.0069276   0.9958813   0.5530260   5.3728106   3.0290596   1.0000573   0.5460764   5.4739898   3.0161034   0.9989321   0.5549096   5.3993636
  42.0000000   0.0007858   0.0002565   0.0001726   0.0025256   0.0000000   0.0000000   0.0000000   0.0000000   3.0188881   0.9966383   0.5436522   5.4412127   3.0078417   0.9960598   0.5534306   5.3811025   3.0290596   1.0000573   0.5460764   5.4739898   3.0169544   0.9990742   0.5552847   5.4076293
  43.0000000   0.0007805   0.0002537   0.0001678   0.0025092   0.0000000   0.0000000   0.0000000   0.0000000   3.0189479   0.9966777   0.5436868   5.4411267   3.0087324   0.9962361   0.5531005   5.3890519   3.0290596   1.0000573   0.5460764   5.4739898   3.0177815   0.9992149   0.5549269   5.4155177
  44.0000000   0.0007751   0.0002509   0.0001628   0.0024883   0.0000000   0.0000000   0.0000000   0.0000000   3.0190081   0.9967160   0.5437287   5.4411006   3.0095748   0.9964013   0.5528176   5.3965843   3.0290596   1.0000573   0.5460764   5.4739898   3.0185603   0.9993453   0.5546071   5.4229510
  45.0000000   0.0007695   0.0002481   0.0001576   0.0024632   0.0000000   0.0000000   0.0000000   0.0000000   3.0190692   0.9967534   0.5437768   5.4411362   3.0103708   0.9965529   0.5526778   5.4038838   3.0290596   1.0000573   0.5460764   5.4739898   3.0192916   0.9994627   0.5544311   5.4301128
  46.0000000   0.0007637   0.0002454   0.0001523   0.0024340   0.0000000   0.0000000   0.0000000   0.0000000   3.0191315   0.9967901   0.5438302   5.4412340   3.0111349   0.9967019   0.5518555   5.4103103   3.0290596   1.0000573   0.5460764   5.4739898   3.0199903   0.9995782   0.5535637   5.4363604
  47.0000000   0.0007578   0.0002426   0.0001470   0.0024011   0.0000000   0.0000000   0.0000000   0.0000000   3.0191955   0.9968263   0.5438878   5.4413936   3.0117950   0.9967913   0.5521050   5.4166199   3.0290596   1.0000573   0.5460764   5.4739898   3.0205837   0.9996345   0.5537707   5.4424516
  48.0000000   0.0007517   0.0002399   0.0001417   0.0023647   0.0000000   0.0000000   0.0000000   0.0000000   3.0192611   0.9968620   0.5439487   5.4416137   3.0125112   0.9969227   0.5518527   5.4224204   3.0290596   1.0000573   0.5460764   5.4739898   3.0212324   0.9997332   0.5534687   5.4479933
  49.0000000   0.0007454   0.0002372   0.0001364   0.0023252   0.0000000   0.0000000   0.0000000   0.0000000   3.0193288   0.9968973   0.5440120   5.4418920   3.0133193   0.9971168   0.5522970   5.4277004   3.0290596   1.0000573   0.5460764   5.4739898   3.0219717   0.9998951   0.5538671   5.4529780
  50.0000000   0.0007391   0.0002344   0.0001312   0.0022829   0.0000000   0.0000000   0.0000000   0.0000000   3.0193984   0.9969324   0.5440770   5.4422257   3.0142200   0.9973669   0.5515535   5.4327374   3.0290596   1.0000573   0.5460764   5.4739898   3.0228027   1.0001135   0.5530739   5.4576840
  51.0000000   0.0007325   0.0002317   0.0001261   0.0022382   0.0000000   0.0000000   0.0000000   0.0000000   3.0194701   0.9969673   0.5441431   5.4426114   3.0134043   0.9967442   0.5509147   5.4371833   3.0290596   1.0000573   0.5460764   5.4739898   3.0219153   0.9994590   0.5523841   5.4617653
  52.0000000   0.0007259   0.0002290   0.0001211   0.0021913   0.0000000   0.0000000   0.0000000   0.0000000   3.0195439   0.9970020   0.5442095   5.4430453   3.0139748   0.9968533   0.5507757   5.4411637   3.0290596   1.0000573   0.5460764   5.4739898   3.0224126   0.9995364   0.5521937   5.4653500
  53.0000000   0.0007191   0.0002263   0.0001162   0.0021426   0.0000000   0.0000000   0.0000000   0.0000000   3.0196198   0.9970365   0.5442759   5.4435231   3.0145143   0.9969558   0.5506798   5.4449267   3.0290596   1.0000573   0.5460764   5.4739898   3.0228776   0.9996073   0.5520488   5.4686905
  54.0000000   0.0007122   0.0002236   0.0001115   0.0020925   0.0000000   0.0000000   0.0000000   0.0000000   3.0196976   0.9970710   0.5443418   5.4440406   3.0150306   0.9970539   0.5505627   5.4483685   3.0290596   1.0000573   0.5460764   5.4739898   3.0233181   0.9996741   0.5518814   5.4716846
  55.0000000   0.0007052   0.0002209   0.0001069   0.0020412   0.0000000   0.0000000   0.0000000   0.0000000   3.0197773   0.9971054   0.5444069   5.4445932   3.0155312   0.9971505   0.5505390   5.4514327   3.0290596   1.0000573   0.5460764   5.4739898   3.0237415   0.9997394   0.5518083   5.4742788
  56.0000000   0.0006981   0.0002182   0.0001024   0.0019890   0.0000000   0.0000000   0.0000000   0.0000000   3.0198588   0.9971396   0.5444708   5.4451764   3.0160141   0.9972442   0.5503703   5.4546935   3.0290596   1.0000573   0.5460764   5.4739898   3.0241463   0.9998020   0.5515924   5.4770523
  57.0000000   0.0006909   0.0002155   0.0000981   0.0019363   0.0000000   0.0000000   0.0000000   0.0000000   3.0199420   0.9971739   0.5445334   5.4457860   3.0164703   0.9973281   0.5500250   5.4575503   3.0290596   1.0000573   0.5460764   5.4739898   3.0245232   0.9998549   0.5511998   5.4794061
  58.0000000   0.0006837   0.0002129   0.0000940   0.0018832   0.0000000   0.0000000   0.0000000   0.0000000   3.0200267   0.9972080   0.5445944   5.4464174   3.0168284   0.9973680   0.5495057   5.4598302   3.0290596   1.0000573   0.5460764   5.4739898   3.0248012   0.9998640   0.5506346   5.4811700
  59.0000000   0.0006764   0.0002102   0.0000900   0.0018300   0.0000000   0.0000000   0.0000000   0.0000000   3.0201129   0.9972420   0.5446538   5.4470667   3.0171833   0.9974100   0.5499452   5.4622521   3.0290596   1.0000573   0.5460764   5.4739898   3.0250750   0.9998754   0.5510297   5.4830661
  60.0000000   0.0006691   0.0002076   0.0000862   0.0017769   0.0000000   0.0000000   0.0000000   0.0000000   3.0202004   0.9972760   0.5447113   5.4477298   3.0175753   0.9974771   0.5496120   5.4644067   3.0290596   1.0000573   0.5460764   5.4739898   3.0253851   0.9999119   0.5506525   5.4846871
  61.0000000   0.0006617   0.0002050   0.0000826   0.0017241   0.0000000   0.0000000   0.0000000   0.0000000   3.0202891   0.9973098   0.5447670   5.4484031   3.0179398   0.9975404   0.5494060   5.4662775   3.0290596   1.0000573   0.5460764   5.4739898   3.0256671   0.9999449   0.5504038   5.4860186
  62.0000000   0.0006543   0.0002023   0.0000791   0.0016717   0.0000000   0.0000000   0.0000000   0.0000000   3.0203788   0.9973436   0.5448208   5.4490831   3.0182866   0.9976026   0.5491904   5.4679925   3.0290596   1.0000573   0.5460764   5.4739898   3.0259309   0.9999768   0.5501475   5.4871917
  63.0000000   0.0006468   0.0001997   0.0000757   0.0016199   0.0000000   0.0000000   0.0000000   0.0000000   3.0204694   0.9973772   0.5448727   5.4497669   3.0186164   0.9976625   0.5490227   5.4695629   3.0290596   1.0000573   0.5460764   5.4739898   3.0261770   1.0000065   0.5499403   5.4882196
  64.0000000   0.0006393   0.0001971   0.0000725   0.0015688   0.0000000   0.0000000   0.0000000   0.0000000   3.0205608   0.9974107   0.5449227   5.4504514   3.0189321   0.9977206   0.5488815   5.4709425   3.0290596   1.0000573   0.5460764   5.4739898   3.0264086   1.0000348   0.5497610   5.4890577
  65.0000000   0.0006319   0.0001946   0.0000694   0.0015185   0.0000000   0.0000000   0.0000000   0.0000000   3.0206529   0.9974441   0.5449708   5.4511342   3.0192324   0.9977763   0.5487353   5.4722328   3.0290596   1.0000573   0.5460764   5.4739898   3.0266245   1.0000606   0.5495785   5.4898099
  66.0000000   0.0006244   0.0001920   0.0000664   0.0014691   0.0000000   0.0000000   0.0000000   0.0000000   3.0207455   0.9974773   0.5450170   5.4518130   3.0195201   0.9978301   0.5485345   5.4734030   3.0290596   1.0000573   0.5460764   5.4739898   3.0268277   1.0000848   0.5493426   5.4904467
  67.0000000   0.0006169   0.0001895   0.0000636   0.0014207   0.0000000   0.0000000   0.0000000   0.0000000   3.0208386   0.9975103   0.5450613   5.4524858   3.0197922   0.9978810   0.5484829   5.4744684   3.0290596   1.0000573   0.5460764   5.4739898   3.0270150   1.0001063   0.5492576   5.4909848
  68.0000000   0.0006095   0.0001870   0.0000609   0.0013733   0.0000000   0.0000000   0.0000000   0.0000000   3.0209320   0.9975431   0.5451038   5.4531509   3.0200550   0.9979305   0.5482878   5.4754040   3.0290596   1.0000573   0.5460764   5.4739898   3.0271930   1.0001267   0.5490300   5.4914002
  69.0000000   0.0006020   0.0001845   0.0000584   0.0013270   0.0000000   0.0000000   0.0000000   0.0000000   3.0210257   0.9975758   0.5451446   5.4538067   3.0203017   0.9979771   0.5481699   5.4762552   3.0290596   1.0000573   0.5460764   5.4739898   3.0273548   1.0001442   0.5488810   5.4917395
  70.0000000   0.0005946   0.0001820   0.0000559   0.0012818   0.0000000   0.0000000   0.0000000   0.0000000   3.0211195   0.9976082   0.5451836   5.4544520   3.0205364   0.9980211   0.5481403   5.4770377   3.0290596   1.0000573   0.5460764   5.4739898   3.0275048   1.0001594   0.5488220   5.4920193
  71.0000000   0.0005872   0.0001795   0.0000536   0.0012377   0.0000000   0.0000000   0.0000000   0.0000000   3.0212134   0.9976405   0.5452210   5.4550857   3.0207646   0.9980643   0.5480531   5.4777769   3.0290596   1.0000573   0.5460764   5.4739898   3.0276483   1.0001741   0.5487065   5.4922658
  72.0000000   0.0005798   0.0001771   0.0000513   0.0011948   0.0000000   0.0000000   0.0000000   0.0000000   3.0213072   0.9976725   0.5452568   5.4557070   3.0209834   0.9981060   0.5479080   5.4784342   3.0290596   1.0000573   0.5460764   5.4739898   3.0277826   1.0001873   0.5485341   5.4924407
  73.0000000   0.0005725   0.0001747   0.0000492   0.0011530   0.0000000   0.0000000   0.0000000   0.0000000   3.0214010   0.9977043   0.5452910   5.4563150   3.0211902   0.9981452   0.5477533   5.4789838   3.0290596   1.0000573   0.5460764   5.4739898   3.0279052   1.0001985   0.5483530   5.4925185
  74.0000000   0.0005652   0.0001723   0.0000471   0.0011124   0.0000000   0.0000000   0.0000000   0.0000000   3.0214946   0.9977358   0.5453237   5.4569093   3.0213847   0.9981821   0.5478111   5.4794585   3.0290596   1.0000573   0.5460764   5.4739898   3.0280158   1.0002074   0.5483860   5.4925326
  75.0000000   0.0005579   0.0001699   0.0000452   0.0010730   0.0000000   0.0000000   0.0000000   0.0000000   3.0215879   0.9977671   0.5453549   5.4574894   3.0215771   0.9982189   0.5476759   5.4798918   3.0290596   1.0000573   0.5460764   5.4739898   3.0281246   1.0002166   0.5482269   5.4925168
  76.0000000   0.0005507   0.0001676   0.0000433   0.0010347   0.0000000   0.0000000   0.0000000   0.0000000   3.0216810   0.9977982   0.5453848   5.4580550   3.0217590   0.9982536   0.5475552   5.4802655   3.0290596   1.0000573   0.5460764   5.4739898   3.0282233   1.0002239   0.5480833   5.4924530
  77.0000000   0.0005436   0.0001652   0.0000415   0.0009976   0.0000000   0.0000000   0.0000000   0.0000000   3.0217738   0.9978290   0.5454133   5.4586059   3.0219309   0.9982863   0.5474835   5.4805761   3.0290596   1.0000573   0.5460764   5.4739898   3.0283124   1.0002295   0.5479896   5.4923377
  78.0000000   0.0005364   0.0001629   0.0000398   0.0009616   0.0000000   0.0000000   0.0000000   0.0000000   3.0218661   0.9978595   0.5454406   5.4591419   3.0220959   0.9983178   0.5473577   5.4807866   3.0290596   1.0000573   0.5460764   5.4739898   3.0283950   1.0002340   0.5478429   5.4921342
  79.0000000   0.0005294   0.0001607   0.0000382   0.0009267   0.0000000   0.0000000   0.0000000   0.0000000   3.0219580   0.9978898   0.5454667   5.4596630   3.0222463   0.9983437   0.5474376   5.4809788   3.0290596   1.0000573   0.5460764   5.4739898   3.0284637   1.0002334   0.5479030   5.4919241
  80.0000000   0.0005224   0.0001584   0.0000367   0.0008929   0.0000000   0.0000000   0.0000000   0.0000000   3.0220495   0.9979198   0.5454916   5.4601693   3.0223989   0.9983720   0.5473870   5.4811333   3.0290596   1.0000573   0.5460764   5.4739898   3.0285349   1.0002353   0.5478334   5.4916882
  81.0000000   0.0005154   0.0001562   0.0000352   0.0008602   0.0000000   0.0000000   0.0000000   0.0000000   3.0221404   0.9979495   0.5455154   5.4606607   3.0225458   0.9983996   0.5472895   5.4812638   3.0290596   1.0000573   0.5460764   5.4739898   3.0286011   1.0002368   0.5477175   5.4914398
  82.0000000   0.0005085   0.0001540   0.0000338   0.0008286   0.0000000   0.0000000   0.0000000   0.0000000   3.0222307   0.9979789   0.5455382   5.4611376   3.0226861   0.9984262   0.5471649   5.4813594   3.0290596   1.0000573   0.5460764   5.4739898   3.0286613   1.0002375   0.5475753   5.4911679
  83.0000000   0.0005017   0.0001518   0.0000324   0.0007980   0.0000000   0.0000000   0.0000000   0.0000000   3.0223205   0.9980080   0.5455600   5.4615999   3.0228184   0.9984512   0.5471454   5.4814228   3.0290596   1.0000573   0.5460764   5.4739898   3.0287140   1.0002369   0.5475391   5.4908752
  84.0000000   0.0004949   0.0001496   0.0000311   0.0007684   0.0000000   0.0000000   0.0000000   0.0000000   3.0224096   0.9980368   0.5455808   5.4620480   3.0229470   0.9984756   0.5470910   5.4814164   3.0290596   1.0000573   0.5460764   5.4739898   3.0287637   1.0002361   0.5474689   5.4905238
  85.0000000   0.0004882   0.0001475   0.0000298   0.0007398   0.0000000   0.0000000   0.0000000   0.0000000   3.0224981   0.9980654   0.5456007   5.4624820   3.0230593   0.9984943   0.5471618   5.4814453   3.0290596   1.0000573   0.5460764   5.4739898   3.0287976   1.0002297   0.5475245   5.4902188
  86.0000000   0.0004815   0.0001454   0.0000287   0.0007121   0.0000000   0.0000000   0.0000000   0.0000000   3.0225859   0.9980936   0.5456198   5.4629023   3.0231868   0.9985199   0.5470578   5.4814484   3.0290596   1.0000573   0.5460764   5.4739898   3.0288475   1.0002306   0.5474056   5.4898988
  87.0000000   0.0004749   0.0001433   0.0000275   0.0006854   0.0000000   0.0000000   0.0000000   0.0000000   3.0226730   0.9981216   0.5456380   5.4633091   3.0233055   0.9985432   0.5470146   5.4814368   3.0290596   1.0000573   0.5460764   5.4739898   3.0288893   1.0002294   0.5473484   5.4895745
  88.0000000   0.0004684   0.0001412   0.0000264   0.0006596   0.0000000   0.0000000   0.0000000   0.0000000   3.0227594   0.9981493   0.5456555   5.4637027   3.0234198   0.9985656   0.5469578   5.4813723   3.0290596   1.0000573   0.5460764   5.4739898   3.0289273   1.0002276   0.5472780   5.4892075
  89.0000000   0.0004619   0.0001392   0.0000254   0.0006346   0.0000000   0.0000000   0.0000000   0.0000000   3.0228451   0.9981766   0.5456722   5.4640834   3.0235279   0.9985867   0.5469584   5.4813117   3.0290596   1.0000573   0.5460764   5.4739898   3.0289598   1.0002247   0.5472657   5.4888544
  90.0000000   0.0004555   0.0001371   0.0000243   0.0006105   0.0000000   0.0000000   0.0000000   0.0000000   3.0229301   0.9982037   0.5456883   5.4644515   3.0236346   0.9986075   0.5469493   5.4812386   3.0290596   1.0000573   0.5460764   5.4739898   3.0289916   1.0002219   0.5472442   5.4884986
  91.0000000   0.0004491   0.0001352   0.0000234   0.0005873   0.0000000   0.0000000   0.0000000   0.0000000   3.0230143   0.9982305   0.5457037   5.4648073   3.0237393   0.9986282   0.5468913   5.4811737   3.0290596   1.0000573   0.5460764   5.4739898   3.0290221   1.0002191   0.5471743   5.4881605
  92.0000000   0.0004429   0.0001332   0.0000224   0.0005649   0.0000000   0.0000000   0.0000000   0.0000000   3.0230977   0.9982569   0.5457184   5.4651512   3.0238391   0.9986477   0.5468601   5.4810646   3.0290596   1.0000573   0.5460764   5.4739898   3.0290485   1.0002156   0.5471317   5.4877875
  93.0000000   0.0004366   0.0001312   0.0000215   0.0005432   0.0000000   0.0000000   0.0000000   0.0000000   3.0231803   0.9982831   0.5457326   5.4654835   3.0239356   0.9986668   0.5468443   5.4809441   3.0290596   1.0000573   0.5460764   5.4739898   3.0290723   1.0002118   0.5471049   5.4874119
  94.0000000   0.0004305   0.0001293   0.0000207   0.0005223   0.0000000   0.0000000   0.0000000   0.0000000   3.0232622   0.9983090   0.5457462   5.4658046   3.0240297   0.9986858   0.5468379   5.4808276   3.0290596   1.0000573   0.5460764   5.4739898   3.0290944   1.0002082   0.5470881   5.4870493
  95.0000000   0.0004244   0.0001274   0.0000198   0.0005021   0.0000000   0.0000000   0.0000000   0.0000000   3.0233433   0.9983345   0.5457592   5.4661146   3.0241224   0.9987045   0.5467708   5.4806945   3.0290596   1.0000573   0.5460764   5.4739898   3.0291159   1.0002046   0.5470108   5.4866784
  96.0000000   0.0004184   0.0001255   0.0000190   0.0004827   0.0000000   0.0000000   0.0000000   0.0000000   3.0234236   0.9983598   0.5457718   5.4664140   3.0242106   0.9987224   0.5467779   5.4805642   3.0290596   1.0000573   0.5460764   5.4739898   3.0291336   1.0002004   0.5470082   5.4863187
  97.0000000   0.0004124   0.0001237   0.0000183   0.0004639   0.0000000   0.0000000   0.0000000   0.0000000   3.0235031   0.9983848   0.5457838   5.4667030   3.0242979   0.9987402   0.5467291   5.4804295   3.0290596   1.0000573   0.5460764   5.4739898   3.0291511   1.0001964   0.5469501   5.4859626
  98.0000000   0.0004065   0.0001218   0.0000175   0.0004458   0.0000000   0.0000000   0.0000000   0.0000000   3.0235817   0.9984095   0.5457954   5.4669820   3.0243819   0.9987573   0.5467498   5.4802906   3.0290596   1.0000573   0.5460764   5.4739898   3.0291661   1.0001921   0.5469618   5.4856099
  99.0000000   0.0004007   0.0001200   0.0000168   0.0004283   0.0000000   0.0000000   0.0000000   0.0000000   3.0236596   0.9984339   0.5458066   5.4672513   3.0244654   0.9987745   0.5467126   5.4801486   3.0290596   1.0000573   0.5460764   5.4739898   3.0291814   1.0001880   0.5469159   5.4852617
 100.0000000   0.0003950   0.0001183   0.0000161   0.0004115   0.0000000   0.0000000   0.0000000   0.0000000   3.0237367   0.9984580   0.5458173   5.4675112   3.0245455   0.9987911   0.5467292   5.4800182   3.0290596   1.0000573   0.5460764   5.4739898   3.0291939   1.0001836   0.5469243   5.4849325
 101.0000000   0.0003893   0.0001165   0.0000155   0.0003953   0.0000000   0.0000000   0.0000000   0.0000000   3.0238129   0.9984818   0.5458277   5.4677619   3.0246260   0.9988078   0.5467091   5.4798857   3.0290596   1.0000573   0.5460764   5.4739898   3.0292077   1.0001796   0.5468962   5.4846082
 102.0000000   0.0003836   0.0001147   0.0000148   0.0003796   0.0000000   0.0000000   0.0000000   0.0000000   3.0238883   0.9985054   0.5458376   5.4680038   3.0247044   0.9988243   0.5466948   5.4797573   3.0290596   1.0000573   0.5460764   5.4739898   3.0292201   1.0001756   0.5468743   5.4842948
 103.0000000   0.0003781   0.0001130   0.0000142   0.0003646   0.0000000   0.0000000   0.0000000   0.0000000   3.0239630   0.9985286   0.5458472   5.4682371   3.0247814   0.9988406   0.5467200   5.4796392   3.0290596   1.0000573   0.5460764   5.4739898   3.0292317   1.0001717   0.5468921   5.4839984
 104.0000000   0.0003726   0.0001113   0.0000136   0.0003500   0.0000000   0.0000000   0.0000000   0.0000000   3.0240368   0.9985516   0.5458565   5.4684621   3.0248587   0.9988571   0.5467238   5.4795235   3.0290596   1.0000573   0.5460764   5.4739898   3.0292446   1.0001683   0.5468887   5.4837107
 105.0000000   0.0003671   0.0001097   0.0000130   0.0003361   0.0000000   0.0000000   0.0000000   0.0000000   3.0241098   0.9985742   0.5458654   5.4686790   3.0249347   0.9988733   0.5467358   5.4794189   3.0290596   1.0000573   0.5460764   5.4739898   3.0292568   1.0001648   0.5468937   5.4834403
 106.0000000   0.0003618   0.0001080   0.0000125   0.0003226   0.0000000   0.0000000   0.0000000   0.0000000   3.0241820   0.9985966   0.5458740   5.4688882   3.0250102   0.9988901   0.5466923   5.4792747   3.0290596   1.0000573   0.5460764   5.4739898   3.0292692   1.0001621   0.5468436   5.4831363
 107.0000000   0.0003564   0.0001064   0.0000119   0.0003096   0.0000000   0.0000000   0.0000000   0.0000000   3.0242534   0.9986188   0.5458823   5.4690899   3.0250810   0.9989055   0.5467952   5.4791630   3.0290596   1.0000573   0.5460764   5.4739898   3.0292777   1.0001583   0.5469400   5.4828706
 108.0000000   0.0003512   0.0001047   0.0000114   0.0002971   0.0000000   0.0000000   0.0000000   0.0000000   3.0243239   0.9986406   0.5458903   5.4692843   3.0251613   0.9989255   0.5468475   5.4790349   3.0290596   1.0000573   0.5460764   5.4739898   3.0292964   1.0001593   0.5469863   5.4825941
 109.0000000   0.0003460   0.0001032   0.0000109   0.0002850   0.0000000   0.0000000   0.0000000   0.0000000   3.0243937   0.9986622   0.5458980   5.4694716   3.0252409   0.9989440   0.5468534   5.4789220   3.0290596   1.0000573   0.5460764   5.4739898   3.0293151   1.0001591   0.5469864   5.4823382
 110.0000000   0.0003409   0.0001016   0.0000105   0.0002734   0.0000000   0.0000000   0.0000000   0.0000000   3.0244627   0.9986835   0.5459054   5.4696522   3.0253192   0.9989620   0.5468821   5.4788653   3.0290596   1.0000573   0.5460764   5.4739898   3.0293333   1.0001587   0.5470096   5.4821439
 111.0000000   0.0003358   0.0001000   0.0000100   0.0002622   0.0000000   0.0000000   0.0000000   0.0000000   3.0245309   0.9987045   0.5459126   5.4698261   3.0253991   0.9989805   0.5469107   5.4788290   3.0290596   1.0000573   0.5460764   5.4739898   3.0293538   1.0001589   0.5470327   5.4819751
 112.0000000   0.0003308   0.0000985   0.0000095   0.0002515   0.0000000   0.0000000   0.0000000   0.0000000   3.0245983   0.9987252   0.5459196   5.4699937   3.0254806   0.9989996   0.5468143   5.4787637   3.0290596   1.0000573   0.5460764   5.4739898   3.0293767   1.0001601   0.5469308   5.4817823
 113.0000000   0.0003259   0.0000970   0.0000091   0.0002411   0.0000000   0.0000000   0.0000000   0.0000000   3.0246649   0.9987457   0.5459263   5.4701551   3.0255558   0.9990171   0.5469952   5.4787412   3.0290596   1.0000573   0.5460764   5.4739898   3.0293938   1.0001598   0.5471068   5.4816369
 114.0000000   0.0003210   0.0000955   0.0000087   0.0002312   0.0000000   0.0000000   0.0000000   0.0000000   3.0247307   0.9987660   0.5459327   5.4703106   3.0256396   0.9990369   0.5470354   5.4787544   3.0290596   1.0000573   0.5460764   5.4739898   3.0294204   1.0001621   0.5471421   5.4815319
 115.0000000   0.0003162   0.0000940   0.0000083   0.0002216   0.0000000   0.0000000   0.0000000   0.0000000   3.0247958   0.9987859   0.5459390   5.4704603   3.0257255   0.9990575   0.5470637   5.4787886   3.0290596   1.0000573   0.5460764   5.4739898   3.0294497   1.0001654   0.5471657   5.4814522
 116.0000000   0.0003114   0.0000926   0.0000079   0.0002124   0.0000000   0.0000000   0.0000000   0.0000000   3.0248600   0.9988056   0.5459450   5.4706045   3.0258128   0.9990787   0.5470854   5.4788891   3.0290596   1.0000573   0.5460764   5.4739898   3.0294813   1.0001696   0.5471826   5.4814433
 117.0000000   0.0003067   0.0000912   0.0000075   0.0002035   0.0000000   0.0000000   0.0000000   0.0000000   3.0249235   0.9988251   0.5459508   5.4707433   3.0259007   0.9991001   0.5471438   5.4789890   3.0290596   1.0000573   0.5460764   5.4739898   3.0295140   1.0001741   0.5472366   5.4814378
 118.0000000   0.0003021   0.0000897   0.0000072   0.0001950   0.0000000   0.0000000   0.0000000   0.0000000   3.0249863   0.9988443   0.5459564   5.4708769   3.0259911   0.9991229   0.5471997   5.4791185   3.0290596   1.0000573   0.5460764   5.4739898   3.0295499   1.0001804   0.5472883   5.4814660
 119.0000000   0.0002975   0.0000884   0.0000068   0.0001868   0.0000000   0.0000000   0.0000000   0.0000000   3.0250482   0.9988632   0.5459618   5.4710055   3.0260924   0.9991505   0.5462131   5.4789771   3.0290596   1.0000573   0.5460764   5.4739898   3.0295975   1.0001916   0.5462951   5.4739898
