 t z psi theta tau_a f_e f_o tau_x tau_l C H B r w div entry mass rgdp rinv firm
 s_constrained exit exit_b
 avg_firm_size labor_share std_dev_growth_emp std_dev_growth_sales debt capital 
 ngdp ninv exdem psi_c collat_binding
   1.0000000   1.0000000   0.7837378   0.3778003   0.0032343   1.0000000   0.6829559   0.0000000   0.0000000   2.4828589   1.0000039  -4.5021227   0.0101010   1.9459142   0.5642540   0.0107784   0.3857670   3.0290596   0.5460764  -1.0000000   0.0107783   0.0000000   2.5217887   0.6424178   0.0000000   0.0000000  -5.4739898  31.5360904   3.0290596   0.5460764   0.0001242   1.0000000   0.0000000
   2.0000000   1.0000000   0.7837378   0.1912407   0.0032343   1.0000000   0.6829559   0.0000000   0.0000000   2.5079459   0.9861741  -4.5021227   0.0101010   1.9627249   0.1740463   0.0100647   0.3857670   3.0019226   0.4939767  -1.0000000   0.0112262   0.0000000   2.4914197   0.6447524   0.0000000   0.0000000  -5.4739898  31.5264667   3.0020918   0.4941459   0.0000000   1.0000000   0.0000000
   3.0000000   1.0000000   0.7837378   0.2144082   0.0032343   1.0000000   0.6829559   0.0000000   0.0000000   2.4779818   0.9779198  -4.8816201  -0.0015732   1.9324292   0.7926244   0.0107784   0.3846055   2.9333287   0.4553468  -1.0000000   0.0153894   0.0000000   2.4733369   0.6442682   0.0000000   0.0000000  -3.4387513  31.4547164   2.9331833   0.4552015   0.0000000   1.0000000   0.0000000
   4.0000000   1.0000000   0.7837378   0.2346987   0.0032343   1.0000000   0.6829559   0.0000000   0.0000000   2.4701533   0.9780592  -4.6963582   0.0063445   1.9254494   0.5740539   0.0107784   0.3799945   2.9278562   0.4577029  -1.0000000   0.0123763   0.0000000   2.5028798   0.6432496   0.0000000   0.0000000  -3.2362675  31.3619943   2.9276356   0.4574823   0.0000000   1.0000000   0.0000000
   5.0000000   1.0000000   0.7837378   0.2524694   0.0032343   1.0000000   0.6829559   0.0000000   0.0000000   2.4645332   0.9798249  -4.7371278   0.0082203   1.9236518   0.5675406   0.0107784   0.3783966   2.9323810   0.4678477  -1.0000000   0.0107801   0.0000000   2.5176783   0.6428163   0.0000000   0.0000000  -3.3235915  31.2753323   2.9321410   0.4676078   0.0000000   1.0000000   0.0000000
   6.0000000   1.0000000   0.7837378   0.2680333   0.0032343   1.0000000   0.6829559   0.0000000   0.0000000   2.4609005   0.9819763  -4.7797145   0.0087981   1.9231444   0.5622072   0.0107784   0.3783949   2.9388636   0.4779631  -1.0000000   0.0102202   0.0000000   2.5232187   0.6426385   0.0000000   0.0000000  -3.4783144  31.2012072   2.9386182   0.4777177   0.0000000   1.0000000   0.0000000
   7.0000000   1.0000000   0.7837378   0.2816645   0.0032343   1.0000000   0.6829559   0.0000000   0.0000000   2.4581053   0.9837255  -4.8217449   0.0091284   1.9230254   0.5666486   0.0107784   0.3789532   2.9446049   0.4864996  -1.0000000   0.0103343   0.0000000   2.5240823   0.6424857   0.0000000   0.0000000  -3.6475649  31.1388350   2.9443582   0.4862529   0.0000000   1.0000000   0.0000000
   8.0000000   1.0000000   0.7837378   0.2936029   0.0032343   1.0000000   0.6829559   0.0000000   0.0000000   2.4556169   0.9850601  -4.8541672   0.0093627   1.9229758   0.5675882   0.0107784   0.3793973   2.9494421   0.4938252  -1.0000000   0.0105807   0.0000000   2.5246224   0.6422838   0.0000000   0.0000000  -3.8128019  31.0861608   2.9491948   0.4935779   0.0000000   1.0000000   0.0000000
   9.0000000   1.0000000   0.7837378   0.3040588   0.0032343   1.0000000   0.6829559   0.0000000   0.0000000   2.4531663   0.9863573  -4.8811580   0.0095229   1.9231931   0.5653184   0.0107784   0.3795950   2.9541953   0.5010290  -1.0000000   0.0104598   0.0000000   2.5266656   0.6421666   0.0000000   0.0000000  -3.9685853  31.0406076   2.9539504   0.5007841   0.0000000   1.0000000   0.0000000
  10.0000000   1.0000000   0.7837378   0.3132162   0.0032343   1.0000000   0.6829559   0.0000000   0.0000000   2.4512731   0.9876683  -4.9055430   0.0096293   1.9236029   0.5658084   0.0107784   0.3799136   2.9588301   0.5075571  -1.0000000   0.0102919   0.0000000   2.5279518   0.6421464   0.0000000   0.0000000  -4.1103215  31.0028860   2.9585897   0.5073166   0.0000000   1.0000000   0.0000000
  11.0000000   1.0000000   0.7837378   0.3212364   0.0032343   1.0000000   0.6829559   0.0000000   0.0000000   2.4498639   0.9887415  -4.9250433   0.0097658   1.9240805   0.5660170   0.0107784   0.3804001   2.9628282   0.5129642  -1.0000000   0.0103750   0.0000000   2.5275409   0.6421323   0.0000000   0.0000000  -4.2404069  30.9735312   2.9625929   0.5127289   0.0000000   1.0000000   0.0000000
  12.0000000   1.0000000   0.7837378   0.3282607   0.0032343   1.0000000   0.6829559   0.0000000   0.0000000   2.4487743   0.9898236  -4.9407703   0.0098915   1.9248030   0.5632814   0.0107784   0.3808036   2.9666788   0.5179045  -1.0000000   0.0101748   0.0000000   2.5276954   0.6422388   0.0000000   0.0000000  -4.3580125  30.9503965   2.9664512   0.5176770   0.0000000   1.0000000   0.0000000
  13.0000000   1.0000000   0.7837378   0.3344126   0.0032343   1.0000000   0.6829559   0.0000000   0.0000000   2.4474228   0.9907023  -4.9555782   0.0099800   1.9254922   0.5658370   0.0107784   0.3814072   2.9701840   0.5227612  -1.0000000   0.0103667   0.0000000   2.5260437   0.6422782   0.0000000   0.0000000  -4.4639951  30.9318705   2.9699639   0.5225410   0.0000000   1.0000000   0.0000000
  14.0000000   1.0000000   0.7837378   0.3398006   0.0032343   1.0000000   0.6829559   0.0000000   0.0000000   2.4463908   0.9915182  -4.9641081   0.0100249   1.9261373   0.5649812   0.0107784   0.3818189   2.9734216   0.5270308  -1.0000000   0.0103866   0.0000000   2.5254746   0.6423212   0.0000000   0.0000000  -4.5566086  30.9185122   2.9732084   0.5268177   0.0000000   1.0000000   0.0000000
  15.0000000   1.0000000   0.7837378   0.3445195   0.0032343   1.0000000   0.6829559   0.0000000   0.0000000   2.4458666   0.9917663  -4.9704349   0.0101062   1.9265760   0.5713160   0.0107784   0.3822107   2.9756311   0.5297645  -1.0000000   0.0109637   0.0000000   2.5235547   0.6421415   0.0000000   0.0000000  -4.6415640  30.9092850   2.9754226   0.5295560   0.0000000   1.0000000   0.0000000
  16.0000000   1.0000000   0.7837378   0.3486524   0.0032343   1.0000000   0.6829559   0.0000000   0.0000000   2.4451649   0.9922741  -4.9688417   0.0101275   1.9271862   0.5670578   0.0107784   0.3820255   2.9781055   0.5329406  -1.0000000   0.0105838   0.0000000   2.5260503   0.6421416   0.0000000   0.0000000  -4.7144658  30.9029670   2.9779036   0.5327387   0.0000000   1.0000000   0.0000000
  17.0000000   1.0000000   0.7837378   0.3522721   0.0032343   1.0000000   0.6829559   0.0000000   0.0000000   2.4448333   0.9927311  -4.9691958   0.0101661   1.9278153   0.5682821   0.0107784   0.3822201   2.9805607   0.5357274  -1.0000000   0.0106405   0.0000000   2.5259522   0.6421136   0.0000000   0.0000000  -4.7815808  30.8997996   2.9803656   0.5355323   0.0000000   1.0000000   0.0000000
  18.0000000   1.0000000   0.7837378   0.3554422   0.0032343   1.0000000   0.6829559   0.0000000   0.0000000   2.4443064   0.9932486  -4.9665021   0.0102140   1.9285723   0.5659247   0.0107784   0.3823580   2.9829163   0.5386099  -1.0000000   0.0104461   0.0000000   2.5263840   0.6421918   0.0000000   0.0000000  -4.8412109  30.9001959   2.9827294   0.5384230   0.0000000   1.0000000   0.0000000
  19.0000000   1.0000000   0.7837378   0.3582187   0.0032343   1.0000000   0.6829559   0.0000000   0.0000000   2.4431302   0.9938355  -4.9637786   0.0102324   1.9294229   0.5640488   0.0107784   0.3826903   2.9852755   0.5421454  -1.0000000   0.0102943   0.0000000   2.5257470   0.6423459   0.0000000   0.0000000  -4.8944733  30.9037859   2.9850978   0.5419676   0.0000000   1.0000000   0.0000000
  20.0000000   1.0000000   0.7837378   0.3606504   0.0032343   1.0000000   0.6829559   0.0000000   0.0000000   2.4451850   0.9944122  -4.9598325   0.0102849   1.9302380   0.5637950   0.0107784   0.3831744   2.9877029   0.5425179  -1.0000000   0.0103526   0.0000000   2.5241267   0.6424709   0.0000000   0.0000000  -4.9442174  30.9106667   2.9875339   0.5423490   0.0000000   1.0000000   0.0000000
  21.0000000   1.0000000   0.7837378   0.3627801   0.0032343   1.0000000   0.6829559   0.0000000   0.0000000   2.4448377   0.9948460  -4.9560432   0.0102741   1.9310341   0.5653093   0.0107784   0.3836003   2.9898278   0.5449900  -1.0000000   0.0104641   0.0000000   2.5224910   0.6425548   0.0000000   0.0000000  -4.9866829  30.9171521   2.9896674   0.5448297   0.0000000   1.0000000   0.0000000
  22.0000000   1.0000000   0.7837378   0.3646454   0.0032343   1.0000000   0.6829559   0.0000000   0.0000000   2.4453230   0.9951569  -4.9485541   0.0102730   1.9315725   0.5674019   0.0107784   0.3839147   2.9917317   0.5464087  -1.0000000   0.0107062   0.0000000   2.5212757   0.6425260   0.0000000   0.0000000  -5.0260489  30.9256443   2.9915771   0.5462541   0.0000000   1.0000000   0.0000000
  23.0000000   1.0000000   0.7837378   0.3662790   0.0032343   1.0000000   0.6829559   0.0000000   0.0000000   2.4451808   0.9951767  -4.9381548   0.0102842   1.9322082   0.5693769   0.0107784   0.3839869   2.9929977   0.5478169  -1.0000000   0.0108521   0.0000000   2.5208514   0.6424735   0.0000000   0.0000000  -5.0616424  30.9356967   2.9928500   0.5476692   0.0000000   1.0000000   0.0000000
  24.0000000   1.0000000   0.7837378   0.3677097   0.0032343   1.0000000   0.6829559   0.0000000   0.0000000   2.4455690   0.9956076  -4.9248076   0.0103012   1.9330187   0.5642423   0.0107784   0.3839132   2.9950327   0.5494637  -1.0000000   0.0104279   0.0000000   2.5224147   0.6425828   0.0000000   0.0000000  -5.0944710  30.9469240   2.9948937   0.5493247   0.0000000   1.0000000   0.0000000
  25.0000000   1.0000000   0.7837378   0.3689628   0.0032343   1.0000000   0.6829559   0.0000000   0.0000000   2.4459764   0.9958166  -4.9150909   0.0102891   1.9335780   0.5672859   0.0107784   0.3842637   2.9966303   0.5506539  -1.0000000   0.0107344   0.0000000   2.5207086   0.6425603   0.0000000   0.0000000  -5.1239671  30.9593434   2.9964974   0.5505209   0.0000000   1.0000000   0.0000000
  26.0000000   1.0000000   0.7837378   0.3700602   0.0032343   1.0000000   0.6829559   0.0000000   0.0000000   2.4462676   0.9960060  -4.9015498   0.0102882   1.9341751   0.5664834   0.0107784   0.3843077   2.9980965   0.5518289  -1.0000000   0.0106956   0.0000000   2.5209068   0.6425650   0.0000000   0.0000000  -5.1502737  30.9730405   2.9979700   0.5517024   0.0000000   1.0000000   0.0000000
  27.0000000   1.0000000   0.7837378   0.3710214   0.0032343   1.0000000   0.6829559   0.0000000   0.0000000   2.4472421   0.9961939  -4.8879241   0.0102885   1.9347230   0.5675439   0.0107784   0.3843906   2.9995413   0.5522992  -1.0000000   0.0107170   0.0000000   2.5208351   0.6425527   0.0000000   0.0000000  -5.1749792  30.9876678   2.9994206   0.5521786   0.0000000   1.0000000   0.0000000
  28.0000000   1.0000000   0.7837378   0.3718632   0.0032343   1.0000000   0.6829559   0.0000000   0.0000000   2.4479921   0.9964659  -4.8730387   0.0102802   1.9351844   0.5669146   0.0107784   0.3844520   3.0010682   0.5530761  -1.0000000   0.0106703   0.0000000   2.5211473   0.6425572   0.0000000   0.0000000  -5.1975930  31.0026776   3.0009526   0.5529605   0.0000000   1.0000000   0.0000000
  29.0000000   1.0000000   0.7837378   0.3726005   0.0032343   1.0000000   0.6829559   0.0000000   0.0000000   2.4490638   0.9966761  -4.8583154   0.0102776   1.9357381   0.5665264   0.0107784   0.3845601   3.0024629   0.5533991  -1.0000000   0.0106630   0.0000000   2.5209713   0.6425720   0.0000000   0.0000000  -5.2190162  31.0182853   3.0023532   0.5532894   0.0000000   1.0000000   0.0000000
  30.0000000   1.0000000   0.7837378   0.3732462   0.0032343   1.0000000   0.6829559   0.0000000   0.0000000   2.4498163   0.9968965  -4.8439024   0.0102818   1.9363032   0.5659085   0.0107784   0.3846755   3.0038037   0.5539874  -1.0000000   0.0106228   0.0000000   2.5208169   0.6426196   0.0000000   0.0000000  -5.2387902  31.0341641   3.0037001   0.5538838   0.0000000   1.0000000   0.0000000
  31.0000000   1.0000000   0.7837378   0.3738118   0.0032343   1.0000000   0.6829559   0.0000000   0.0000000   2.4508100   0.9971170  -4.8296210   0.0102728   1.9368346   0.5658703   0.0107784   0.3848311   3.0051707   0.5543608  -1.0000000   0.0106503   0.0000000   2.5203832   0.6426446   0.0000000   0.0000000  -5.2576506  31.0501772   3.0050729   0.5542629   0.0000000   1.0000000   0.0000000
  32.0000000   1.0000000   0.7837378   0.3743071   0.0032343   1.0000000   0.6829559   0.0000000   0.0000000   2.4516305   0.9973282  -4.8152073   0.0102722   1.9373452   0.5657823   0.0107784   0.3849593   3.0064945   0.5548640  -1.0000000   0.0106597   0.0000000   2.5201101   0.6426683   0.0000000   0.0000000  -5.2755423  31.0663126   3.0064022   0.5547716   0.0000000   1.0000000   0.0000000
  33.0000000   1.0000000   0.7837378   0.3747409   0.0032343   1.0000000   0.6829559   0.0000000   0.0000000   2.4526397   0.9975197  -4.8005443   0.0102642   1.9378169   0.5657038   0.0107784   0.3850780   3.0077074   0.5550677  -1.0000000   0.0106704   0.0000000   2.5198410   0.6426885   0.0000000   0.0000000  -5.2918908  31.0827789   3.0076201   0.5549804   0.0000000   1.0000000   0.0000000
  34.0000000   1.0000000   0.7837378   0.3751208   0.0032343   1.0000000   0.6829559   0.0000000   0.0000000   2.4536907   0.9977312  -4.7859122   0.0102607   1.9382835   0.5654849   0.0107784   0.3851860   3.0089572   0.5552665  -1.0000000   0.0106569   0.0000000   2.5196940   0.6427131   0.0000000   0.0000000  -5.3073683  31.0991201   3.0088749   0.5551842   0.0000000   1.0000000   0.0000000
  35.0000000   1.0000000   0.7837378   0.3754535   0.0032343   1.0000000   0.6829559   0.0000000   0.0000000   2.4546502   0.9979126  -4.7714498   0.0102541   1.9387176   0.5655250   0.0107784   0.3853075   3.0101069   0.5554567  -1.0000000   0.0106832   0.0000000   2.5193809   0.6427278   0.0000000   0.0000000  -5.3218550  31.1153897   3.0100293   0.5553791   0.0000000   1.0000000   0.0000000
  36.0000000   1.0000000   0.7837378   0.3757450   0.0032343   1.0000000   0.6829559   0.0000000   0.0000000   2.4557396   0.9981156  -4.7569308   0.0102541   1.9391734   0.5649257   0.0107784   0.3854027   3.0112482   0.5555086  -1.0000000   0.0106368   0.0000000   2.5192912   0.6427657   0.0000000   0.0000000  -5.3355198  31.1316334   3.0111756   0.5554360   0.0000000   1.0000000   0.0000000
  37.0000000   1.0000000   0.7837378   0.3760002   0.0032343   1.0000000   0.6829559   0.0000000   0.0000000   2.4566969   0.9982753  -4.7430054   0.0102400   1.9395541   0.5652908   0.0107784   0.3855443   3.0122756   0.5555787  -1.0000000   0.0107007   0.0000000   2.5187933   0.6427745   0.0000000   0.0000000  -5.3477647  31.1475500   3.0122071   0.5555101   0.0000000   1.0000000   0.0000000
  38.0000000   1.0000000   0.7837378   0.3762237   0.0032343   1.0000000   0.6829559   0.0000000   0.0000000   2.4577800   0.9984502  -4.7287721   0.0102337   1.9399247   0.5650053   0.0107784   0.3856221   3.0132799   0.5554999  -1.0000000   0.0106756   0.0000000   2.5187447   0.6427959   0.0000000   0.0000000  -5.3591617  31.1633907   3.0132153   0.5554353   0.0000000   1.0000000   0.0000000
  39.0000000   1.0000000   0.7837378   0.3764195   0.0032343   1.0000000   0.6829559   0.0000000   0.0000000   2.4588788   0.9986224  -4.7149977   0.0102282   1.9402829   0.5649002   0.0107784   0.3857249   3.0142880   0.5554092  -1.0000000   0.0106877   0.0000000   2.5185302   0.6428107   0.0000000   0.0000000  -5.3701333  31.1788615   3.0142273   0.5553485   0.0000000   1.0000000   0.0000000
  40.0000000   1.0000000   0.7837378   0.3765910   0.0032343   1.0000000   0.6829559   0.0000000   0.0000000   2.4600697   0.9987763  -4.7015399   0.0102226   1.9406240   0.5649317   0.0107784   0.3858157   3.0152176   0.5551479  -1.0000000   0.0106960   0.0000000   2.5183419   0.6428237   0.0000000   0.0000000  -5.3805151  31.1940023   3.0151606   0.5550909   0.0000000   1.0000000   0.0000000
  41.0000000   1.0000000   0.7837378   0.3767411   0.0032343   1.0000000   0.6829559   0.0000000   0.0000000   2.4611939   0.9989321  -4.6884128   0.0102171   1.9409531   0.5647461   0.0107784   0.3858981   3.0161034   0.5549096  -1.0000000   0.0106843   0.0000000   2.5182116   0.6428434   0.0000000   0.0000000  -5.3901751  31.2086946   3.0160499   0.5548561   0.0000000   1.0000000   0.0000000
  42.0000000   1.0000000   0.7837378   0.3768727   0.0032343   1.0000000   0.6829559   0.0000000   0.0000000   2.4616697   0.9990742  -4.6757955   0.0102146   1.9412739   0.5641805   0.0107784   0.3859922   3.0169544   0.5552847  -1.0000000   0.0106965   0.0000000   2.5179720   0.6428589   0.0000000   0.0000000  -5.3993636  31.2228668   3.0169044   0.5552347   0.0000000   1.0000000   0.0000000
  43.0000000   1.0000000   0.7837378   0.3769879   0.0032343   1.0000000   0.6829559   0.0000000   0.0000000   2.4628546   0.9992149  -4.6634368   0.0102069   1.9415702   0.5645100   0.0107784   0.3860742   3.0177815   0.5549269  -1.0000000   0.0107033   0.0000000   2.5178112   0.6428719   0.0000000   0.0000000  -5.4076293  31.2371899   3.0177347   0.5548801   0.0000000   1.0000000   0.0000000
  44.0000000   1.0000000   0.7837378   0.3770887   0.0032343   1.0000000   0.6829559   0.0000000   0.0000000   2.4639532   0.9993453  -4.6511945   0.0102024   1.9418528   0.5646274   0.0107784   0.3861493   3.0185603   0.5546071  -1.0000000   0.0107087   0.0000000   2.5176665   0.6428836   0.0000000   0.0000000  -5.4155177  31.2509183   3.0185165   0.5545633   0.0000000   1.0000000   0.0000000
  45.0000000   1.0000000   0.7837378   0.3771771   0.0032343   1.0000000   0.6829559   0.0000000   0.0000000   2.4648605   0.9994627  -4.6392116   0.0101934   1.9421125   0.5648185   0.0107784   0.3862190   3.0192916   0.5544311  -1.0000000   0.0107235   0.0000000   2.5175247   0.6428900   0.0000000   0.0000000  -5.4229510  31.2640724   3.0192506   0.5543901   0.0000000   1.0000000   0.0000000
  46.0000000   1.0000000   0.7837378   0.3772545   0.0032343   1.0000000   0.6829559   0.0000000   0.0000000   2.4664266   0.9995782  -4.6273343   0.0101978   1.9423635   0.5641688   0.0107784   0.3862739   3.0199903   0.5535637  -1.0000000   0.0107195   0.0000000   2.5174677   0.6428981   0.0000000   0.0000000  -5.4301128  31.2768647   3.0199521   0.5535254   0.0000000   1.0000000   0.0000000
  47.0000000   1.0000000   0.7837378   0.3773223   0.0032343   1.0000000   0.6829559   0.0000000   0.0000000   2.4668130   0.9996345  -4.6169892   0.0101792   1.9425872   0.5652643   0.0107784   0.3863328   3.0205837   0.5537707  -1.0000000   0.0107837   0.0000000   2.5172284   0.6428796   0.0000000   0.0000000  -5.4363604  31.2883322   3.0205479   0.5537349   0.0000000   1.0000000   0.0000000
  48.0000000   1.0000000   0.7837378   0.3773816   0.0032343   1.0000000   0.6829559   0.0000000   0.0000000   2.4677636   0.9997332  -4.6054586   0.0101776   1.9427715   0.5650325   0.0107784   0.3863275   3.0212324   0.5534687  -1.0000000   0.0107627   0.0000000   2.5175175   0.6428673   0.0000000   0.0000000  -5.4424516  31.2999451   3.0211985   0.5534348   0.0000000   1.0000000   0.0000000
  49.0000000   1.0000000   0.7837378   0.3774336   0.0032343   1.0000000   0.6829559   0.0000000   0.0000000   2.4681046   0.9998951  -4.5946080   0.0101778   1.9428410   0.5650011   0.0107784   0.3863433   3.0219717   0.5538671  -1.0000000   0.0107651   0.0000000   2.5178330   0.6428389   0.0000000   0.0000000  -5.4479933  31.3111234   3.0219386   0.5538340   0.0000000   1.0000000   0.0000000
  50.0000000   1.0000000   0.7837378   0.3774791   0.0032343   1.0000000   0.6829559   0.0000000   0.0000000   2.4697288   1.0001135  -4.5835809   0.0101694   1.9428346   0.5646346   0.0107784   0.3863566   3.0228027   0.5530739  -1.0000000   0.0107562   0.0000000   2.5162932   0.6422886   0.0000000   0.0000000  -5.4529780  31.3225361   3.0227696   0.5530407   0.0000000   1.0000000   0.0000000
  51.0000000   1.0000000   0.7837378   0.3775190   0.0032343   1.0000000   0.6829559   0.0000000   0.0000000   2.4695312   0.9994590  -4.5740193   0.0101703   1.9429507   0.5697537   0.0107784   0.3863789   3.0219153   0.5523841  -1.0000000   0.0113594   0.0000000   2.5164990   0.6426039   0.0000000   0.0000000  -5.4576840  31.3329650   3.0218834   0.5523522   0.0000000   1.0000000   0.0000000
  52.0000000   1.0000000   0.7837378   0.3775539   0.0032343   1.0000000   0.6829559   0.0000000   0.0000000   2.4702189   0.9995364  -4.5601392   0.0101693   1.9431200   0.5642965   0.0107784   0.3857979   3.0224126   0.5521937  -1.0000000   0.0107485   0.0000000   2.5203839   0.6426044   0.0000000   0.0000000  -5.4617653  31.3425449   3.0223825   0.5521636   0.0000000   1.0000000   0.0000000
  53.0000000   1.0000000   0.7837378   0.3775845   0.0032343   1.0000000   0.6829559   0.0000000   0.0000000   2.4708288   0.9996073  -4.5519754   0.0101659   1.9432815   0.5642191   0.0107784   0.3858279   3.0228776   0.5520488  -1.0000000   0.0107508   0.0000000   2.5203790   0.6426059   0.0000000   0.0000000  -5.4653500  31.3517821   3.0228492   0.5520204   0.0000000   1.0000000   0.0000000
  54.0000000   1.0000000   0.7837378   0.3776113   0.0032343   1.0000000   0.6829559   0.0000000   0.0000000   2.4714366   0.9996741  -4.5440964   0.0101630   1.9434350   0.5640446   0.0107784   0.3858555   3.0233181   0.5518814  -1.0000000   0.0107526   0.0000000   2.5203720   0.6426055   0.0000000   0.0000000  -5.4686905  31.3607283   3.0232914   0.5518547   0.0000000   1.0000000   0.0000000
  55.0000000   1.0000000   0.7837378   0.3776348   0.0032343   1.0000000   0.6829559   0.0000000   0.0000000   2.4719332   0.9997394  -4.5366206   0.0101605   1.9435782   0.5639660   0.0107784   0.3858812   3.0237415   0.5518083  -1.0000000   0.0107542   0.0000000   2.5203818   0.6426069   0.0000000   0.0000000  -5.4716846  31.3693625   3.0237163   0.5517831   0.0000000   1.0000000   0.0000000
  56.0000000   1.0000000   0.7837378   0.3776553   0.0032343   1.0000000   0.6829559   0.0000000   0.0000000   2.4725539   0.9998020  -4.5293453   0.0101553   1.9437153   0.5638894   0.0107784   0.3859055   3.0241463   0.5515924  -1.0000000   0.0107550   0.0000000   2.5203819   0.6426051   0.0000000   0.0000000  -5.4742788  31.3777911   3.0241226   0.5515687   0.0000000   1.0000000   0.0000000
  57.0000000   1.0000000   0.7837378   0.3776733   0.0032343   1.0000000   0.6829559   0.0000000   0.0000000   2.4733234   0.9998549  -4.5224351   0.0101564   1.9438427   0.5639167   0.0107784   0.3859289   3.0245232   0.5511998  -1.0000000   0.0107647   0.0000000   2.5203656   0.6426006   0.0000000   0.0000000  -5.4770523  31.3858661   3.0245008   0.5511774   0.0000000   1.0000000   0.0000000
  58.0000000   1.0000000   0.7837378   0.3776891   0.0032343   1.0000000   0.6829559   0.0000000   0.0000000   2.4741666   0.9998640  -4.5159582   0.0101551   1.9439607   0.5639913   0.0107784   0.3859426   3.0248012   0.5506346  -1.0000000   0.0107989   0.0000000   2.5202974   0.6425852   0.0000000   0.0000000  -5.4794061  31.3933817   3.0247801   0.5506135   0.0000000   1.0000000   0.0000000
  59.0000000   1.0000000   0.7837378   0.3777029   0.0032343   1.0000000   0.6829559   0.0000000   0.0000000   2.4740453   0.9998754  -4.5100270   0.0101501   1.9440713   0.5638449   0.0107784   0.3859221   3.0250750   0.5510297  -1.0000000   0.0107982   0.0000000   2.5204564   0.6425707   0.0000000   0.0000000  -5.4811700  31.4000609   3.0250551   0.5510098   0.0000000   1.0000000   0.0000000
  60.0000000   1.0000000   0.7837378   0.3777150   0.0032343   1.0000000   0.6829559   0.0000000   0.0000000   2.4747326   0.9999119  -4.5039035   0.0101463   1.9441725   0.5636557   0.0107784   0.3859024   3.0253851   0.5506525  -1.0000000   0.0107794   0.0000000   2.5206743   0.6425616   0.0000000   0.0000000  -5.4830661  31.4071465   3.0253664   0.5506337   0.0000000   1.0000000   0.0000000
  61.0000000   1.0000000   0.7837378   0.3777256   0.0032343   1.0000000   0.6829559   0.0000000   0.0000000   2.4752633   0.9999449  -4.4984179   0.0101449   1.9442677   0.5635808   0.0107784   0.3859015   3.0256671   0.5504038  -1.0000000   0.0107779   0.0000000   2.5207655   0.6425547   0.0000000   0.0000000  -5.4846871  31.4137653   3.0256494   0.5503861   0.0000000   1.0000000   0.0000000
  62.0000000   1.0000000   0.7837378   0.3777349   0.0032343   1.0000000   0.6829559   0.0000000   0.0000000   2.4757834   0.9999768  -4.4933130   0.0101426   1.9443597   0.5634663   0.0107784   0.3859020   3.0259309   0.5501475  -1.0000000   0.0107746   0.0000000   2.5208412   0.6425491   0.0000000   0.0000000  -5.4860186  31.4200443   3.0259141   0.5501308   0.0000000   1.0000000   0.0000000
  63.0000000   1.0000000   0.7837378   0.3777430   0.0032343   1.0000000   0.6829559   0.0000000   0.0000000   2.4762367   1.0000065  -4.4886299   0.0101408   1.9444484   0.5633906   0.0107784   0.3859058   3.0261770   0.5499403  -1.0000000   0.0107735   0.0000000   2.5208916   0.6425449   0.0000000   0.0000000  -5.4871917  31.4259729   3.0261612   0.5499245   0.0000000   1.0000000   0.0000000
  64.0000000   1.0000000   0.7837378   0.3777501   0.0032343   1.0000000   0.6829559   0.0000000   0.0000000   2.4766476   1.0000348  -4.4842747   0.0101391   1.9445337   0.5633111   0.0107784   0.3859108   3.0264086   0.5497610  -1.0000000   0.0107724   0.0000000   2.5209307   0.6425417   0.0000000   0.0000000  -5.4882196  31.4316054   3.0263938   0.5497462   0.0000000   1.0000000   0.0000000
  65.0000000   1.0000000   0.7837378   0.3777563   0.0032343   1.0000000   0.6829559   0.0000000   0.0000000   2.4770460   1.0000606  -4.4802184   0.0101373   1.9446158   0.5632096   0.0107784   0.3859168   3.0266245   0.5495785  -1.0000000   0.0107720   0.0000000   2.5209581   0.6425396   0.0000000   0.0000000  -5.4890577  31.4369734   3.0266105   0.5495645   0.0000000   1.0000000   0.0000000
  66.0000000   1.0000000   0.7837378   0.3777618   0.0032343   1.0000000   0.6829559   0.0000000   0.0000000   2.4774851   1.0000848  -4.4764835   0.0101359   1.9446946   0.5631168   0.0107784   0.3859233   3.0268277   0.5493426  -1.0000000   0.0107718   0.0000000   2.5209780   0.6425378   0.0000000   0.0000000  -5.4898099  31.4420751   3.0268145   0.5493294   0.0000000   1.0000000   0.0000000
  67.0000000   1.0000000   0.7837378   0.3777666   0.0032343   1.0000000   0.6829559   0.0000000   0.0000000   2.4777574   1.0001063  -4.4731125   0.0101344   1.9447701   0.5630540   0.0107784   0.3859299   3.0270150   0.5492576  -1.0000000   0.0107719   0.0000000   2.5209912   0.6425369   0.0000000   0.0000000  -5.4904467  31.4468606   3.0270026   0.5492452   0.0000000   1.0000000   0.0000000
  68.0000000   1.0000000   0.7837378   0.3777707   0.0032343   1.0000000   0.6829559   0.0000000   0.0000000   2.4781630   1.0001267  -4.4699195   0.0101331   1.9448422   0.5629963   0.0107784   0.3859364   3.0271930   0.5490300  -1.0000000   0.0107721   0.0000000   2.5210017   0.6425360   0.0000000   0.0000000  -5.4909848  31.4514866   3.0271814   0.5490184   0.0000000   1.0000000   0.0000000
  69.0000000   1.0000000   0.7837378   0.3777744   0.0032343   1.0000000   0.6829559   0.0000000   0.0000000   2.4784738   1.0001442  -4.4670415   0.0101316   1.9449110   0.5629257   0.0107784   0.3859427   3.0273548   0.5488810  -1.0000000   0.0107724   0.0000000   2.5210060   0.6425356   0.0000000   0.0000000  -5.4914002  31.4558118   3.0273440   0.5488702   0.0000000   1.0000000   0.0000000
  70.0000000   1.0000000   0.7837378   0.3777776   0.0032343   1.0000000   0.6829559   0.0000000   0.0000000   2.4786828   1.0001594  -4.4644090   0.0101304   1.9449767   0.5628839   0.0107784   0.3859487   3.0275048   0.5488220  -1.0000000   0.0107733   0.0000000   2.5210060   0.6425350   0.0000000   0.0000000  -5.4917395  31.4599183   3.0274947   0.5488119   0.0000000   1.0000000   0.0000000
  71.0000000   1.0000000   0.7837378   0.3777804   0.0032343   1.0000000   0.6829559   0.0000000   0.0000000   2.4789418   1.0001741  -4.4619011   0.0101293   1.9450394   0.5628296   0.0107784   0.3859539   3.0276483   0.5487065  -1.0000000   0.0107734   0.0000000   2.5210108   0.6425347   0.0000000   0.0000000  -5.4920193  31.4639015   3.0276389   0.5486971   0.0000000   1.0000000   0.0000000
  72.0000000   1.0000000   0.7837378   0.3777829   0.0032343   1.0000000   0.6829559   0.0000000   0.0000000   2.4792485   1.0001873  -4.4595859   0.0101280   1.9450991   0.5627658   0.0107784   0.3859589   3.0277826   0.5485341  -1.0000000   0.0107738   0.0000000   2.5210124   0.6425343   0.0000000   0.0000000  -5.4922658  31.4677063   3.0277738   0.5485253   0.0000000   1.0000000   0.0000000
  73.0000000   1.0000000   0.7837378   0.3777850   0.0032343   1.0000000   0.6829559   0.0000000   0.0000000   2.4795522   1.0001985  -4.4575292   0.0101268   1.9451560   0.5627134   0.0107784   0.3859635   3.0279052   0.5483530  -1.0000000   0.0107743   0.0000000   2.5210115   0.6425341   0.0000000   0.0000000  -5.4924407  31.4712775   3.0278971   0.5483449   0.0000000   1.0000000   0.0000000
  74.0000000   1.0000000   0.7837378   0.3777869   0.0032343   1.0000000   0.6829559   0.0000000   0.0000000   2.4796298   1.0002074  -4.4557282   0.0101260   1.9452103   0.5626580   0.0107784   0.3859676   3.0280158   0.5483860  -1.0000000   0.0107748   0.0000000   2.5210119   0.6425352   0.0000000   0.0000000  -5.4925185  31.4746099   3.0280082   0.5483784   0.0000000   1.0000000   0.0000000
  75.0000000   1.0000000   0.7837378   0.3777886   0.0032343   1.0000000   0.6829559   0.0000000   0.0000000   2.4798977   1.0002166  -4.4539663   0.0101250   1.9452619   0.5626025   0.0107784   0.3859712   3.0281246   0.5482269  -1.0000000   0.0107752   0.0000000   2.5210116   0.6425350   0.0000000   0.0000000  -5.4925326  31.4779233   3.0281176   0.5482199   0.0000000   1.0000000   0.0000000
  76.0000000   1.0000000   0.7837378   0.3777900   0.0032343   1.0000000   0.6829559   0.0000000   0.0000000   2.4801400   1.0002239  -4.4524381   0.0101239   1.9453111   0.5625697   0.0107784   0.3859744   3.0282233   0.5480833  -1.0000000   0.0107757   0.0000000   2.5210097   0.6425348   0.0000000   0.0000000  -5.4925168  31.4810240   3.0282168   0.5480768   0.0000000   1.0000000   0.0000000
  77.0000000   1.0000000   0.7837378   0.3777913   0.0032343   1.0000000   0.6829559   0.0000000   0.0000000   2.4803228   1.0002295  -4.4511047   0.0101230   1.9453580   0.5625320   0.0107784   0.3859771   3.0283124   0.5479896  -1.0000000   0.0107762   0.0000000   2.5210079   0.6425352   0.0000000   0.0000000  -5.4924530  31.4839312   3.0283064   0.5479836   0.0000000   1.0000000   0.0000000
  78.0000000   1.0000000   0.7837378   0.3777924   0.0032343   1.0000000   0.6829559   0.0000000   0.0000000   2.4805521   1.0002340  -4.4499193   0.0101223   1.9454025   0.5624853   0.0107784   0.3859794   3.0283950   0.5478429  -1.0000000   0.0107766   0.0000000   2.5210073   0.6425358   0.0000000   0.0000000  -5.4923377  31.4866974   3.0283895   0.5478374   0.0000000   1.0000000   0.0000000
  79.0000000   1.0000000   0.7837378   0.3777934   0.0032343   1.0000000   0.6829559   0.0000000   0.0000000   2.4805606   1.0002334  -4.4489451   0.0101217   1.9454449   0.5625758   0.0107784   0.3859812   3.0284637   0.5479030  -1.0000000   0.0107805   0.0000000   2.5210060   0.6425377   0.0000000   0.0000000  -5.4921342  31.4892632   3.0284586   0.5478980   0.0000000   1.0000000   0.0000000
  80.0000000   1.0000000   0.7837378   0.3777942   0.0032343   1.0000000   0.6829559   0.0000000   0.0000000   2.4807015   1.0002353  -4.4478331   0.0101208   1.9454848   0.5624787   0.0107784   0.3859791   3.0285349   0.5478334  -1.0000000   0.0107790   0.0000000   2.5210174   0.6425352   0.0000000   0.0000000  -5.4919241  31.4918536   3.0285303   0.5478288   0.0000000   1.0000000   0.0000000
  81.0000000   1.0000000   0.7837378   0.3777950   0.0032343   1.0000000   0.6829559   0.0000000   0.0000000   2.4808836   1.0002368  -4.4469024   0.0101197   1.9455224   0.5624536   0.0107784   0.3859786   3.0286011   0.5477175  -1.0000000   0.0107790   0.0000000   2.5210226   0.6425340   0.0000000   0.0000000  -5.4916882  31.4943338   3.0285969   0.5477133   0.0000000   1.0000000   0.0000000
  82.0000000   1.0000000   0.7837378   0.3777956   0.0032343   1.0000000   0.6829559   0.0000000   0.0000000   2.4810860   1.0002375  -4.4461268   0.0101187   1.9455581   0.5620305   0.0107784   0.3859780   3.0286613   0.5475753  -1.0000000   0.0107792   0.0000000   2.5210271   0.6425331   0.0000000   0.0000000  -5.4914398  31.4966589   3.0286574   0.5475715   0.0000000   1.0000000   0.0000000
  83.0000000   1.0000000   0.7837378   0.3777962   0.0032343   1.0000000   0.6829559   0.0000000   0.0000000   2.4811748   1.0002369  -4.4459357   0.0101180   1.9455920   0.5619099   0.0107784   0.3859772   3.0287140   0.5475391  -1.0000000   0.0107794   0.0000000   2.5210308   0.6425327   0.0000000   0.0000000  -5.4911679  31.4988040   3.0287105   0.5475356   0.0000000   1.0000000   0.0000000
  84.0000000   1.0000000   0.7837378   0.3777967   0.0032343   1.0000000   0.6829559   0.0000000   0.0000000   2.4812948   1.0002361  -4.4459201   0.0101176   1.9456242   0.5621538   0.0107784   0.3859762   3.0287637   0.5474689  -1.0000000   0.0107797   0.0000000   2.5210358   0.6425324   0.0000000   0.0000000  -5.4908752  31.5008783   3.0287605   0.5474658   0.0000000   1.0000000   0.0000000
  85.0000000   1.0000000   0.7837378   0.3777972   0.0032343   1.0000000   0.6829559   0.0000000   0.0000000   2.4812731   1.0002297  -4.4457461   0.0101168   1.9456546   0.5623459   0.0107784   0.3859750   3.0287976   0.5475245  -1.0000000   0.0107831   0.0000000   2.5210382   0.6425338   0.0000000   0.0000000  -5.4905238  31.5028506   3.0287948   0.5475217   0.0000000   1.0000000   0.0000000
  86.0000000   1.0000000   0.7837378   0.3777975   0.0032343   1.0000000   0.6829559   0.0000000   0.0000000   2.4814419   1.0002306  -4.4453341   0.0101161   1.9456831   0.5623115   0.0107784   0.3859703   3.0288475   0.5474056  -1.0000000   0.0107792   0.0000000   2.5210598   0.6425305   0.0000000   0.0000000  -5.4902188  31.5048456   3.0288450   0.5474031   0.0000000   1.0000000   0.0000000
  87.0000000   1.0000000   0.7837378   0.3777979   0.0032343   1.0000000   0.6829559   0.0000000   0.0000000   2.4815408   1.0002294  -4.4450908   0.0101155   1.9457101   0.5622924   0.0107784   0.3859696   3.0288893   0.5473484  -1.0000000   0.0107802   0.0000000   2.5210630   0.6425301   0.0000000   0.0000000  -5.4898988  31.5066890   3.0288871   0.5473462   0.0000000   1.0000000   0.0000000
  88.0000000   1.0000000   0.7837378   0.3777982   0.0032343   1.0000000   0.6829559   0.0000000   0.0000000   2.4816493   1.0002276  -4.4449377   0.0101148   1.9457360   0.5622894   0.0107784   0.3859678   3.0289273   0.5472780  -1.0000000   0.0107804   0.0000000   2.5210685   0.6425291   0.0000000   0.0000000  -5.4895745  31.5084456   3.0289254   0.5472761   0.0000000   1.0000000   0.0000000
  89.0000000   1.0000000   0.7837378   0.3777984   0.0032343   1.0000000   0.6829559   0.0000000   0.0000000   2.4816941   1.0002247  -4.4448716   0.0101143   1.9457604   0.5623005   0.0107784   0.3859658   3.0289598   0.5472657  -1.0000000   0.0107807   0.0000000   2.5210739   0.6425283   0.0000000   0.0000000  -5.4892075  31.5101038   3.0289582   0.5472640   0.0000000   1.0000000   0.0000000
  90.0000000   1.0000000   0.7837378   0.3777987   0.0032343   1.0000000   0.6829559   0.0000000   0.0000000   2.4817474   1.0002219  -4.4448192   0.0101138   1.9457836   0.5622612   0.0107784   0.3859635   3.0289916   0.5472442  -1.0000000   0.0107811   0.0000000   2.5210817   0.6425275   0.0000000   0.0000000  -5.4888544  31.5117224   3.0289902   0.5472428   0.0000000   1.0000000   0.0000000
  91.0000000   1.0000000   0.7837378   0.3778003   0.0032343   1.0000000   0.6829559   0.0000000   0.0000000   2.4818478   1.0002191  -4.4448405   0.0101133   1.9458055   0.5622812   0.0107784   0.3859608   3.0290221   0.5471743  -1.0000000   0.0107813   0.0000000   2.5210915   0.6425263   0.0000000   0.0000000  -5.4884986  31.5132935   3.0290209   0.5471731   0.0000000   1.0000000   0.0000000
  92.0000000   1.0000000   0.7837378   0.3778003   0.0032343   1.0000000   0.6829559   0.0000000   0.0000000   2.4819169   1.0002156  -4.4449246   0.0101125   1.9458263   0.5622777   0.0107784   0.3859579   3.0290485   0.5471317  -1.0000000   0.0107816   0.0000000   2.5211014   0.6425253   0.0000000   0.0000000  -5.4881605  31.5147691   3.0290476   0.5471307   0.0000000   1.0000000   0.0000000
  93.0000000   1.0000000   0.7837378   0.3778003   0.0032343   1.0000000   0.6829559   0.0000000   0.0000000   2.4819674   1.0002118  -4.4450680   0.0101121   1.9458458   0.5622728   0.0107784   0.3859548   3.0290723   0.5471049  -1.0000000   0.0107817   0.0000000   2.5211117   0.6425242   0.0000000   0.0000000  -5.4877875  31.5161788   3.0290715   0.5471041   0.0000000   1.0000000   0.0000000
  94.0000000   1.0000000   0.7837378   0.3778003   0.0032343   1.0000000   0.6829559   0.0000000   0.0000000   2.4820063   1.0002082  -4.4452569   0.0101119   1.9458642   0.5622287   0.0107784   0.3859515   3.0290944   0.5470881  -1.0000000   0.0107814   0.0000000   2.5211250   0.6425236   0.0000000   0.0000000  -5.4874119  31.5175407   3.0290939   0.5470876   0.0000000   1.0000000   0.0000000
  95.0000000   1.0000000   0.7837378   0.3778003   0.0032343   1.0000000   0.6829559   0.0000000   0.0000000   2.4821051   1.0002046  -4.4455179   0.0101111   1.9458814   0.5622466   0.0107784   0.3859484   3.0291159   0.5470108  -1.0000000   0.0107819   0.0000000   2.5211354   0.6425224   0.0000000   0.0000000  -5.4870493  31.5188631   3.0291156   0.5470105   0.0000000   1.0000000   0.0000000
  96.0000000   1.0000000   0.7837378   0.3778003   0.0032343   1.0000000   0.6829559   0.0000000   0.0000000   2.4821253   1.0002004  -4.4458511   0.0101104   1.9458974   0.5622512   0.0107784   0.3859450   3.0291336   0.5470082  -1.0000000   0.0107821   0.0000000   2.5211466   0.6425213   0.0000000   0.0000000  -5.4866784  31.5200868   3.0291334   0.5470081   0.0000000   1.0000000   0.0000000
  97.0000000   1.0000000   0.7837378   0.3778003   0.0032343   1.0000000   0.6829559   0.0000000   0.0000000   2.4822011   1.0001964  -4.4461939   0.0101098   1.9459125   0.5622767   0.0107784   0.3859414   3.0291511   0.5469501  -1.0000000   0.0107822   0.0000000   2.5211596   0.6425199   0.0000000   0.0000000  -5.4863187  31.5212884   3.0291511   0.5469500   0.0000000   1.0000000   0.0000000
  98.0000000   1.0000000   0.7837378   0.3778003   0.0032343   1.0000000   0.6829559   0.0000000   0.0000000   2.4822043   1.0001921  -4.4465833   0.0101095   1.9459268   0.5622852   0.0107784   0.3859376   3.0291661   0.5469618  -1.0000000   0.0107823   0.0000000   2.5211724   0.6425185   0.0000000   0.0000000  -5.4859626  31.5224120   3.0291662   0.5469619   0.0000000   1.0000000   0.0000000
  99.0000000   1.0000000   0.7837378   0.3778003   0.0032343   1.0000000   0.6829559   0.0000000   0.0000000   2.4822655   1.0001880  -4.4469639   0.0101089   1.9459401   0.5623056   0.0107784   0.3859337   3.0291814   0.5469159  -1.0000000   0.0107824   0.0000000   2.5211870   0.6425170   0.0000000   0.0000000  -5.4856099  31.5235301   3.0291817   0.5469162   0.0000000   1.0000000   0.0000000
 100.0000000   1.0000000   0.7837378   0.3778003   0.0032343   1.0000000   0.6829559   0.0000000   0.0000000   2.4822696   1.0001836  -4.4473832   0.0101084   1.9459527   0.5622873   0.0107784   0.3859297   3.0291939   0.5469243  -1.0000000   0.0107825   0.0000000   2.5212014   0.6425157   0.0000000   0.0000000  -5.4852617  31.5245849   3.0291944   0.5469247   0.0000000   1.0000000   0.0000000
 101.0000000   1.0000000   0.7837378   0.3778003   0.0032343   1.0000000   0.6829559   0.0000000   0.0000000   2.4823115   1.0001796  -4.4478237   0.0101078   1.9459645   0.5623022   0.0107784   0.3859255   3.0292077   0.5468962  -1.0000000   0.0107826   0.0000000   2.5212178   0.6425141   0.0000000   0.0000000  -5.4849325  31.5256308   3.0292082   0.5468967   0.0000000   1.0000000   0.0000000
 102.0000000   1.0000000   0.7837378   0.3778003   0.0032343   1.0000000   0.6829559   0.0000000   0.0000000   2.4823458   1.0001756  -4.4482914   0.0101075   1.9459755   0.5623220   0.0107784   0.3859213   3.0292201   0.5468743  -1.0000000   0.0107827   0.0000000   2.5212343   0.6425125   0.0000000   0.0000000  -5.4846082  31.5266320   3.0292207   0.5468749   0.0000000   1.0000000   0.0000000
 103.0000000   1.0000000   0.7837378   0.3778003   0.0032343   1.0000000   0.6829559   0.0000000   0.0000000   2.4823397   1.0001717  -4.4487730   0.0101067   1.9459856   0.5623341   0.0107784   0.3859171   3.0292317   0.5468921  -1.0000000   0.0107828   0.0000000   2.5212516   0.6425109   0.0000000   0.0000000  -5.4842948  31.5275951   3.0292325   0.5468928   0.0000000   1.0000000   0.0000000
 104.0000000   1.0000000   0.7837378   0.3778003   0.0032343   1.0000000   0.6829559   0.0000000   0.0000000   2.4823559   1.0001683  -4.4492363   0.0101060   1.9459950   0.5623288   0.0107784   0.3859128   3.0292446   0.5468887  -1.0000000   0.0107828   0.0000000   2.5212709   0.6425091   0.0000000   0.0000000  -5.4839984  31.5285612   3.0292454   0.5468896   0.0000000   1.0000000   0.0000000
 105.0000000   1.0000000   0.7837378   0.3778003   0.0032343   1.0000000   0.6829559   0.0000000   0.0000000   2.4823631   1.0001648  -4.4497217   0.0101055   1.9460043   0.5623465   0.0107784   0.3859084   3.0292568   0.5468937  -1.0000000   0.0107828   0.0000000   2.5212896   0.6425073   0.0000000   0.0000000  -5.4837107  31.5295085   3.0292577   0.5468947   0.0000000   1.0000000   0.0000000
 106.0000000   1.0000000   0.7837378   0.3778003   0.0032343   1.0000000   0.6829559   0.0000000   0.0000000   2.4824256   1.0001621  -4.4501984   0.0101051   1.9460136   0.5623214   0.0107784   0.3859040   3.0292692   0.5468436  -1.0000000   0.0107817   0.0000000   2.5213108   0.6425060   0.0000000   0.0000000  -5.4834403  31.5304498   3.0292703   0.5468447   0.0000000   1.0000000   0.0000000
 107.0000000   1.0000000   0.7837378   0.3778003   0.0032343   1.0000000   0.6829559   0.0000000   0.0000000   2.4823377   1.0001583  -4.4507623   0.0101045   1.9460226   0.5623550   0.0107784   0.3859008   3.0292777   0.5469400  -1.0000000   0.0107821   0.0000000   2.5213215   0.6425047   0.0000000   0.0000000  -5.4831363  31.5313250   3.0292788   0.5469412   0.0000000   1.0000000   0.0000000
 108.0000000   1.0000000   0.7837378   0.3778003   0.0032343   1.0000000   0.6829559   0.0000000   0.0000000   2.4823100   1.0001593  -4.4512072   0.0101042   1.9460306   0.5622381   0.0107784   0.3858971   3.0292964   0.5469863  -1.0000000   0.0107790   0.0000000   2.5213495   0.6425045   0.0000000   0.0000000  -5.4828706  31.5322909   3.0292976   0.5469876   0.0000000   1.0000000   0.0000000
 109.0000000   1.0000000   0.7837378   0.3778003   0.0032343   1.0000000   0.6829559   0.0000000   0.0000000   2.4823287   1.0001591  -4.4517372   0.0101041   1.9460384   0.5623213   0.0107784   0.3858965   3.0293151   0.5469864  -1.0000000   0.0107812   0.0000000   2.5213522   0.6425027   0.0000000   0.0000000  -5.4825941  31.5332827   3.0293164   0.5469878   0.0000000   1.0000000   0.0000000
 110.0000000   1.0000000   0.7837378   0.3778003   0.0032343   1.0000000   0.6829559   0.0000000   0.0000000   2.4823237   1.0001587  -4.4521990   0.0101037   1.9460457   0.5623831   0.0107784   0.3858937   3.0293333   0.5470096  -1.0000000   0.0107815   0.0000000   2.5213684   0.6425010   0.0000000   0.0000000  -5.4823382  31.5342582   3.0293347   0.5470110   0.0000000   1.0000000   0.0000000
 111.0000000   1.0000000   0.7837378   0.3778003   0.0032343   1.0000000   0.6829559   0.0000000   0.0000000   2.4823211   1.0001589  -4.4525879   0.0101028   1.9460521   0.5623990   0.0107784   0.3858906   3.0293538   0.5470327  -1.0000000   0.0107818   0.0000000   2.5213889   0.6424989   0.0000000   0.0000000  -5.4821439  31.5352405   3.0293553   0.5470342   0.0000000   1.0000000   0.0000000
 112.0000000   1.0000000   0.7837378   0.3778003   0.0032343   1.0000000   0.6829559   0.0000000   0.0000000   2.4824459   1.0001601  -4.4529501   0.0101015   1.9460573   0.5623495   0.0107784   0.3858872   3.0293767   0.5469308  -1.0000000   0.0107819   0.0000000   2.5214121   0.6424962   0.0000000   0.0000000  -5.4819751  31.5362303   3.0293782   0.5469323   0.0000000   1.0000000   0.0000000
 113.0000000   1.0000000   0.7837378   0.3778003   0.0032343   1.0000000   0.6829559   0.0000000   0.0000000   2.4822871   1.0001598  -4.4534857   0.0101016   1.9460626   0.5624319   0.0107784   0.3858837   3.0293938   0.5471068  -1.0000000   0.0107820   0.0000000   2.5214380   0.6424952   0.0000000   0.0000000  -5.4817823  31.5371017   3.0293954   0.5471084   0.0000000   1.0000000   0.0000000
 114.0000000   1.0000000   0.7837378   0.3778003   0.0032343   1.0000000   0.6829559   0.0000000   0.0000000   2.4822783   1.0001621  -4.4537750   0.0101008   1.9460671   0.5624393   0.0107784   0.3858802   3.0294204   0.5471421  -1.0000000   0.0107821   0.0000000   2.5214658   0.6424924   0.0000000   0.0000000  -5.4816369  31.5381353   3.0294221   0.5471438   0.0000000   1.0000000   0.0000000
 115.0000000   1.0000000   0.7837378   0.3778003   0.0032343   1.0000000   0.6829559   0.0000000   0.0000000   2.4822841   1.0001654  -4.4540369   0.0100996   1.9460705   0.5623869   0.0107784   0.3858766   3.0294497   0.5471657  -1.0000000   0.0107821   0.0000000   2.5214961   0.6424891   0.0000000   0.0000000  -5.4815319  31.5391886   3.0294514   0.5471673   0.0000000   1.0000000   0.0000000
 116.0000000   1.0000000   0.7837378   0.3778003   0.0032343   1.0000000   0.6829559   0.0000000   0.0000000   2.4822986   1.0001696  -4.4543463   0.0100986   1.9460729   0.5624347   0.0107784   0.3858729   3.0294813   0.5471826  -1.0000000   0.0107821   0.0000000   2.5215297   0.6424859   0.0000000   0.0000000  -5.4814522  31.5402490   3.0294830   0.5471843   0.0000000   1.0000000   0.0000000
 117.0000000   1.0000000   0.7837378   0.3778003   0.0032343   1.0000000   0.6829559   0.0000000   0.0000000   2.4822774   1.0001741  -4.4546119   0.0100980   1.9460753   0.5625646   0.0107784   0.3858692   3.0295140   0.5472366  -1.0000000   0.0107820   0.0000000   2.5215643   0.6424826   0.0000000   0.0000000  -5.4814433  31.5413095   3.0295157   0.5472383   0.0000000   1.0000000   0.0000000
 118.0000000   1.0000000   0.7837378   0.3778003   0.0032343   1.0000000   0.6829559   0.0000000   0.0000000   2.4822616   1.0001804  -4.4547140   0.0100975   1.9460775   0.5625667   0.0107784   0.3858656   3.0295499   0.5472883  -1.0000000   0.0107807   0.0000000   2.5216030   0.6424798   0.0000000   0.0000000  -5.4814378  31.5424111   3.0295517   0.5472900   0.0000000   1.0000000   0.0000000
 119.0000000   1.0000000   0.7837378   0.3778003   0.0032343   1.0000000   0.6829559   0.0000000   0.0000000   2.4822619   1.0001916  -4.4547612   0.0100923   1.9460733   0.5626209   0.0107784   0.3858633   3.0295975   0.5462951  -1.0000000   0.0107812   0.0000000   2.5216458   0.6424755   0.0000000   0.0000000  -5.4814660  31.5435460   3.0295992   0.5462968   0.0010404   1.0000000   0.0000000
 120.0000000   1.0000000   0.7837378   0.3778003   0.0032343   1.0000000   0.6829559   0.0000000   0.0000000   2.4828589   1.0000039  -4.5021227   0.0101010   1.9459142   0.5642540   0.0107784   0.3857670   3.0290596   0.5460764  -1.0000000   0.0107783   0.0000000   2.5217887   0.6424178   0.0000000   0.0000000  -5.4739898  31.5360904   3.0290596   0.5460764   0.0001242   1.0000000   0.0000000
