 t r r1 w w1
   1.0000000   0.0101010   0.0101010   2.0018584   2.0018584
   2.0000000   0.0101010   0.0101010   2.0075527   2.0084142
   3.0000000   0.0085380   0.0083684   1.9989038   1.9992432
   4.0000000   0.0090786   0.0088645   1.9950130   1.9954026
   5.0000000   0.0093753   0.0092218   1.9924291   1.9927777
   6.0000000   0.0095190   0.0093708   1.9909868   1.9914505
   7.0000000   0.0095913   0.0093660   1.9894550   1.9898489
   8.0000000   0.0096316   0.0094331   1.9882792   1.9886137
   9.0000000   0.0096829   0.0093733   1.9871683   1.9873991
  10.0000000   0.0097233   0.0092631   1.9862441   1.9863948
  11.0000000   0.0097557   0.0093958   1.9854270   1.9855156
  12.0000000   0.0097801   0.0093482   1.9850512   1.9854317
  13.0000000   0.0098216   0.0094440   1.9846035   1.9849329
  14.0000000   0.0098523   0.0091919   1.9843612   1.9845045
  15.0000000   0.0098833   0.0096166   1.9841167   1.9843754
  16.0000000   0.0099103   0.0093078   1.9838767   1.9840643
  17.0000000   0.0099373   0.0095258   1.9836979   1.9837977
  18.0000000   0.0099544   0.0095120   1.9835391   1.9835437
  19.0000000   0.0099738   0.0094165   1.9833974   1.9832929
  20.0000000   0.0099927   0.0097190   1.9832744   1.9830852
  21.0000000   0.0100106   0.0094584   1.9832127   1.9829462
  22.0000000   0.0100254   0.0096648   1.9832133   1.9828764
  23.0000000   0.0100289   0.0096429   1.9831330   1.9826710
  24.0000000   0.0100489   0.0097893   1.9831517   1.9826583
  25.0000000   0.0100467   0.0098501   1.9831260   1.9825258
  26.0000000   0.0100640   0.0097118   1.9831446   1.9825533
  27.0000000   0.0100772   0.0098994   1.9832605   1.9826473
  28.0000000   0.0100822   0.0097913   1.9834661   1.9832601
  29.0000000   0.0100945   0.0099724   1.9837672   1.9836166
  30.0000000   0.0100988   0.0099594   1.9841415   1.9839538
  31.0000000   0.0101072   0.0101123   1.9844757   1.9842571
  32.0000000   0.0101189   0.0099997   1.9848044   1.9845590
  33.0000000   0.0101205   0.0100177   1.9850614   1.9847855
  34.0000000   0.0101205   0.0100545   1.9853488   1.9850343
  35.0000000   0.0101233   0.0101268   1.9856094   1.9852771
  36.0000000   0.0101269   0.0100815   1.9859960   1.9856578
  37.0000000   0.0101337   0.0100748   1.9862606   1.9859083
  38.0000000   0.0101224   0.0101456   1.9864465   1.9860710
  39.0000000   0.0101310   0.0101030   1.9867390   1.9863734
  40.0000000   0.0101300   0.0101244   1.9869554   1.9865858
  41.0000000   0.0101302   0.0101773   1.9871494   1.9867773
  42.0000000   0.0101336   0.0101887   1.9874138   1.9870441
  43.0000000   0.0101271   0.0102571   1.9875747   1.9871955
  44.0000000   0.0101329   0.0101503   1.9878276   1.9874728
  45.0000000   0.0101381   0.0101487   1.9880018   1.9876406
  46.0000000   0.0101331   0.0103105   1.9881246   1.9877450
  47.0000000   0.0101294   0.0101700   1.9882807   1.9878881
  48.0000000   0.0101309   0.0102884   1.9884071   1.9880025
  49.0000000   0.0101321   0.0102242   1.9885691   1.9881363
  50.0000000   0.0101334   0.0101528   1.9887256   1.9882534
  51.0000000   0.0101187   0.0102892   1.9888962   1.9884649
  52.0000000   0.0101301   0.0102675   1.9891583   1.9887604
  53.0000000   0.0101286   0.0101950   1.9893809   1.9889990
  54.0000000   0.0101305   0.0102936   1.9895721   1.9892016
  55.0000000   0.0101314   0.0102475   1.9897917   1.9894460
  56.0000000   0.0101279   0.0108418   1.9899419   1.9895875
  57.0000000   0.0101293   0.0092153   1.9901150   1.9897251
  58.0000000   0.0101290   0.0106312   1.9902897   1.9899407
  59.0000000   0.0101331   0.0103288   1.9905109   1.9901847
  60.0000000   0.0101280   0.0101638   1.9906309   1.9903021
  61.0000000   0.0101312   0.0103044   1.9908362   1.9905064
  62.0000000   0.0101222   0.0102583   1.9909831   1.9906599
  63.0000000   0.0101319   0.0102451   1.9910543   1.9909244
  64.0000000   0.0101276   0.0104943   1.9910532   1.9912113
  65.0000000   0.0101317   0.0099839   1.9911662   1.9907706
  66.0000000   0.0101358   0.0103753   1.9913244   1.9910070
  67.0000000   0.0101381   0.0102087   1.9915042   1.9911685
  68.0000000   0.0101302   0.0102911   1.9916298   1.9913070
  69.0000000   0.0101374   0.0102794   1.9918028   1.9915552
  70.0000000   0.0101328   0.0102133   1.9919723   1.9916577
  71.0000000   0.0101374   0.0102797   1.9923128   1.9920561
  72.0000000   0.0101358   0.0102407   1.9925629   1.9922792
  73.0000000   0.0101369   0.0103011   1.9927935   1.9925081
  74.0000000   0.0101401   0.0102572   1.9930459   1.9927654
  75.0000000   0.0101359   0.0103158   1.9932746   1.9929954
  76.0000000   0.0101368   0.0102447   1.9935073   1.9932322
  77.0000000   0.0101393   0.0102196   1.9937364   1.9934691
  78.0000000   0.0101373   0.0103139   1.9939681   1.9937058
  79.0000000   0.0101360   0.0102375   1.9941787   1.9939224
  80.0000000   0.0101394   0.0103113   1.9944107   1.9941459
  81.0000000   0.0101376   0.0103100   1.9946441   1.9943883
  82.0000000   0.0101404   0.0102555   1.9948539   1.9945941
  83.0000000   0.0101369   0.0102564   1.9950263   1.9947620
  84.0000000   0.0101342   0.0102258   1.9952098   1.9949193
  85.0000000   0.0101361   0.0103452   1.9953937   1.9950863
  86.0000000   0.0101311   0.0102487   1.9955447   1.9951982
  87.0000000   0.0101285   0.0101849   1.9957215   1.9953224
  88.0000000   0.0101067   0.0103624   1.9962452   1.9960356
  89.0000000   0.0101229   0.0103774   1.9966673   1.9964890
  90.0000000   0.0101211   0.0110045   1.9968562   1.9961992
  91.0000000   0.0099768   0.0092447   1.9967657   1.9962156
  92.0000000   0.0102664   0.0103274   1.9976494   1.9971586
  93.0000000   0.0102456   0.0103649   1.9981888   1.9977721
  94.0000000   0.0102146   0.0104191   1.9985944   1.9982543
  95.0000000   0.0101998   0.0105052   1.9988945   1.9985686
  96.0000000   0.0101923   0.0102668   1.9991705   1.9988881
  97.0000000   0.0101832   0.0104061   1.9994089   1.9991682
  98.0000000   0.0101785   0.0104113   1.9996379   1.9994335
  99.0000000   0.0101737   0.0103501   1.9998498   1.9996819
 100.0000000   0.0101719   0.0104353   2.0000508   1.9999225
 101.0000000   0.0101647   0.0102181   2.0002346   2.0000975
 102.0000000   0.0101614   0.0102993   2.0003955   2.0002800
 103.0000000   0.0101616   0.0103876   2.0004990   2.0003180
 104.0000000   0.0101556   0.0102715   2.0005955   2.0004287
 105.0000000   0.0101510   0.0103568   2.0006881   2.0005320
 106.0000000   0.0101482   0.0103357   2.0007773   2.0006386
 107.0000000   0.0101455   0.0103507   2.0008637   2.0007442
 108.0000000   0.0101434   0.0102814   2.0009447   2.0008486
 109.0000000   0.0101417   0.0103055   2.0010259   2.0009507
 110.0000000   0.0101404   0.0102397   2.0010999   2.0010546
 111.0000000   0.0101390   0.0102954   2.0011708   2.0011578
 112.0000000   0.0101380   0.0103147   2.0012420   2.0012565
 113.0000000   0.0101371   0.0102598   2.0013119   2.0013504
 114.0000000   0.0101363   0.0102788   2.0013796   2.0014405
 115.0000000   0.0101356   0.0103430   2.0014458   2.0015270
 116.0000000   0.0101374   0.0099267   2.0015040   2.0015987
 117.0000000   0.0101378   0.0105731   2.0015122   2.0014907
 118.0000000   0.0101378   0.0102537   2.0015178   2.0014768
 119.0000000   0.0101599   0.0102861   2.0016394   2.0016825
 120.0000000   0.0101010   0.0101010   2.0018584   2.0018584
