   2.00755271477983     
   1.99890379612874     
   1.99501299216953     
   1.99242907128957     
   1.99098680223350     
   1.98945502524092     
   1.98827917025977     
   1.98716831055355     
   1.98624405981530     
   1.98542704826770     
   1.98505118602549     
   1.98460349806438     
   1.98436122964588     
   1.98411673748348     
   1.98387666939177     
   1.98369792217631     
   1.98353905370824     
   1.98339736313402     
   1.98327441115112     
   1.98321273113685     
   1.98321332457801     
   1.98313301787039     
   1.98315168614679     
   1.98312603584724     
   1.98314457707199     
   1.98326052632457     
   1.98346610492908     
   1.98376720995657     
   1.98414153928910     
   1.98447565730817     
   1.98480444614860     
   1.98506143631045     
   1.98534880987176     
   1.98560943586571     
   1.98599603355708     
   1.98626057466825     
   1.98644651963221     
   1.98673899500005     
   1.98695544489739     
   1.98714938751296     
   1.98741376117937     
   1.98757471182466     
   1.98782763142341     
   1.98800181319870     
   1.98812461034394     
   1.98828069846337     
   1.98840712379494     
   1.98856907700847     
   1.98872563752327     
   1.98889615152418     
   1.98915832540490     
   1.98938087061662     
   1.98957208124970     
   1.98979169161647     
   1.98994187035209     
   1.99011496528967     
   1.99028968669121     
   1.99051085973003     
   1.99063089302699     
   1.99083620373842     
   1.99098306259263     
   1.99105431138956     
   1.99105322095487     
   1.99116621181716     
   1.99132439856225     
   1.99150422312336     
   1.99162977932311     
   1.99180284610227     
   1.99197230953110     
   1.99231276924178     
   1.99256286621929     
   1.99279351236831     
   1.99304593921411     
   1.99327458739715     
   1.99350726651281     
   1.99373642554273     
   1.99396809012126     
   1.99417867168030     
   1.99441071326846     
   1.99464411344249     
   1.99485387210991     
   1.99502625564730     
   1.99520981434673     
   1.99539367221982     
   1.99554466479528     
   1.99572146315749     
   1.99624515510290     
   1.99666732362932     
   1.99685623182471     
   1.99676566428658     
   1.99764938230869     
   1.99818881591342     
   1.99859440451970     
   1.99889450566796     
   1.99917045059840     
   1.99940892813792     
   1.99963794540933     
   1.99984980303676     
   2.00005076844337     
   2.00023463685434     
   2.00039548474455     
   2.00049896205091     
   2.00059549361652     
   2.00068808420943     
   2.00077729768322     
   2.00086374077781     
   2.00094469187941     
   2.00102587499769     
   2.00109985790680     
   2.00117079431004     
   2.00124201513431     
   2.00131192271274     
   2.00137955094402     
   2.00144578153922     
   2.00150404817642     
   2.00151215965258     
   2.00151780511206     
   2.00163943271267     
