 t z psi theta tau_a f_e f_o tau_x tau_l C H B r w div entry mass rgdp rinv firm
 s_constrained exit exit_b
 avg_firm_size labor_share std_dev_growth_emp std_dev_growth_sales debt capital 
 ngdp ninv exdem psi_c collat_binding
   1.0000000   1.0000000   0.7926370   0.4035441   0.0032343   1.0000000   0.7801890   0.0000000   0.0000000   2.5286658   0.9975510  -4.5981648   0.0101010   2.0018584   0.5590960   0.0106540   0.3604869   3.0906914   0.5532838  -1.0000000   0.0106539   0.0000000   2.6877956   0.6461194   0.0000000   0.0000000  -5.7495697  33.1899199   3.0906914   0.5532838   0.0087418   1.0000000   0.0000000
   2.0000000   1.0000000   0.7926370   0.3393233   0.0032343   1.0000000   0.7801890   0.0000000   0.0000000   2.5323302   0.9945284  -4.5981648   0.0101010   2.0075527   0.1663309   0.0092341   0.3604869   3.0759928   0.5436625  -1.0000000   0.0107872   0.0000000   2.6899824   0.6490795   0.0000000   0.0000000  -5.7495697  33.1707759   3.0760454   0.5437151   0.0000000   1.0000000   0.0000000
   3.0000000   1.0000000   0.7926370   0.3408295   0.0032343   1.0000000   0.7801890   0.0000000   0.0000000   2.5279865   0.9885234  -4.9931281   0.0085380   1.9989038   0.4253237   0.0092341   0.3589339   3.0483245   0.5203380  -1.0000000   0.0126268   0.0000000   2.6849887   0.6482211   0.0000000   0.0000000  -5.1753061  33.1650171   3.0482973   0.5203108   0.0000000   1.0000000   0.0000000
   4.0000000   1.0000000   0.7926370   0.3423003   0.0032343   1.0000000   0.7801890   0.0000000   0.0000000   2.5248919   0.9867256  -5.1500637   0.0090786   1.9950130   0.4916894   0.0098734   0.3555413   3.0392117   0.5143198  -1.0000000   0.0116597   0.0000000   2.7002914   0.6477257   0.0000000   0.0000000  -4.9774855  33.1449487   3.0391441   0.5142522   0.0000000   1.0000000   0.0000000
   5.0000000   1.0000000   0.7926370   0.3437367   0.0032343   1.0000000   0.7801890   0.0000000   0.0000000   2.5226941   0.9855468  -5.2476266   0.0093753   1.9924291   0.6258177   0.0098734   0.3537550   3.0344303   0.5117362  -1.0000000   0.0111250   0.0000000   2.7103038   0.6471349   0.0000000   0.0000000  -4.9007475  33.1089888   3.0343372   0.5116431   0.0000000   1.0000000   0.0000000
   6.0000000   1.0000000   0.7926370   0.3451394   0.0032343   1.0000000   0.7801890   0.0000000   0.0000000   2.5208704   0.9853698  -5.2142861   0.0095190   1.9909868   0.6267597   0.0098734   0.3525034   3.0327568   0.5118864  -1.0000000   0.0102520   0.0000000   2.7191876   0.6469129   0.0000000   0.0000000  -4.8701263  33.0710385   3.0326494   0.5117790   0.0000000   1.0000000   0.0000000
   7.0000000   1.0000000   0.7926370   0.3465092   0.0032343   1.0000000   0.7801890   0.0000000   0.0000000   2.5190362   0.9847791  -5.1800408   0.0095913   1.9894550   0.6368155   0.0098734   0.3521248   3.0307197   0.5116835  -1.0000000   0.0107144   0.0000000   2.7203882   0.6464624   0.0000000   0.0000000  -4.8571334  33.0336839   3.0305972   0.5115610   0.0000000   1.0000000   0.0000000
   8.0000000   1.0000000   0.7926370   0.3478469   0.0032343   1.0000000   0.7801890   0.0000000   0.0000000   2.5173705   0.9844715  -5.1363958   0.0096316   1.9882792   0.6376256   0.0098734   0.3512839   3.0293418   0.5119713  -1.0000000   0.0103875   0.0000000   2.7258483   0.6461694   0.0000000   0.0000000  -4.8517716  32.9968434   3.0292077   0.5118372   0.0000000   1.0000000   0.0000000
   9.0000000   1.0000000   0.7926370   0.3491532   0.0032343   1.0000000   0.7801890   0.0000000   0.0000000   2.5155569   0.9840838  -5.0918779   0.0096829   1.9871683   0.6083373   0.0098734   0.3507698   3.0277666   0.5122096  -1.0000000   0.0104022   0.0000000   2.7286486   0.6458898   0.0000000   0.0000000  -4.8511940  32.9611742   3.0276215   0.5120646   0.0000000   1.0000000   0.0000000
  10.0000000   1.0000000   0.7926370   0.3504288   0.0032343   1.0000000   0.7801890   0.0000000   0.0000000   2.5134703   0.9838251  -5.0767479   0.0097233   1.9862441   0.5972942   0.0098734   0.3502410   3.0265245   0.5130542  -1.0000000   0.0102519   0.0000000   2.7319237   0.6456834   0.0000000   0.0000000  -4.8532939  32.9262952   3.0263704   0.5129000   0.0000000   1.0000000   0.0000000
  11.0000000   1.0000000   0.7926370   0.3516745   0.0032343   1.0000000   0.7801890   0.0000000   0.0000000   2.5117156   0.9836268  -5.0721026   0.0097557   1.9854270   0.5924396   0.0098734   0.3498626   3.0254137   0.5136981  -1.0000000   0.0101653   0.0000000   2.7342359   0.6455239   0.0000000   0.0000000  -4.8569096  32.8928954   3.0252515   0.5135359   0.0000000   1.0000000   0.0000000
  12.0000000   1.0000000   0.7926370   0.3528911   0.0032343   1.0000000   0.7801890   0.0000000   0.0000000   2.5098438   0.9841689  -5.0718575   0.0097801   1.9850512   0.5836084   0.0103092   0.3495707   3.0258108   0.5159671  -1.0000000   0.0102009   0.0000000   2.7346646   0.6456787   0.0000000   0.0000000  -4.8619093  32.8666017   3.0256376   0.5157938   0.0000000   1.0000000   0.0000000
  13.0000000   1.0000000   0.7926370   0.3540791   0.0032343   1.0000000   0.7801890   0.0000000   0.0000000   2.5082114   0.9842189  -5.0781185   0.0098216   1.9846035   0.5814934   0.0103092   0.3496790   3.0251496   0.5169382  -1.0000000   0.0102501   0.0000000   2.7339846   0.6457089   0.0000000   0.0000000  -4.8662471  32.8361903   3.0249717   0.5167603   0.0000000   1.0000000   0.0000000
  14.0000000   1.0000000   0.7926370   0.3552392   0.0032343   1.0000000   0.7801890   0.0000000   0.0000000   2.5059539   0.9842787  -5.0854044   0.0098523   1.9843612   0.5790612   0.0103092   0.3497381   3.0246622   0.5187083  -1.0000000   0.0101965   0.0000000   2.7336849   0.6457699   0.0000000   0.0000000  -4.8734625  32.8071582   3.0244818   0.5185280   0.0000000   1.0000000   0.0000000
  15.0000000   1.0000000   0.7926370   0.3563721   0.0032343   1.0000000   0.7801890   0.0000000   0.0000000   2.5047521   0.9845750  -5.0931914   0.0098833   1.9841167   0.5732991   0.0103092   0.3498508   3.0246613   0.5199092  -1.0000000   0.0100399   0.0000000   2.7336568   0.6458865   0.0000000   0.0000000  -4.8809219  32.7804338   3.0244784   0.5197263   0.0000000   1.0000000   0.0000000
  16.0000000   1.0000000   0.7926370   0.3574784   0.0032343   1.0000000   0.7801890   0.0000000   0.0000000   2.5027853   0.9846380  -5.1054208   0.0099103   1.9838767   0.5727162   0.0103092   0.3501201   3.0242507   0.5214654  -1.0000000   0.0102143   0.0000000   2.7317866   0.6459374   0.0000000   0.0000000  -4.8888615  32.7552867   3.0240653   0.5212800   0.0000000   1.0000000   0.0000000
  17.0000000   1.0000000   0.7926370   0.3585588   0.0032343   1.0000000   0.7801890   0.0000000   0.0000000   2.5013601   0.9846926  -5.1165954   0.0099373   1.9836979   0.5725263   0.0103092   0.3502150   3.0238908   0.5225306  -1.0000000   0.0102125   0.0000000   2.7312118   0.6459906   0.0000000   0.0000000  -4.8972015  32.7320615   3.0237035   0.5223434   0.0000000   1.0000000   0.0000000
  18.0000000   1.0000000   0.7926370   0.3596139   0.0032343   1.0000000   0.7801890   0.0000000   0.0000000   2.4999015   0.9847262  -5.1267614   0.0099544   1.9835391   0.5718089   0.0103092   0.3503117   3.0235445   0.5236429  -1.0000000   0.0102345   0.0000000   2.7305665   0.6460338   0.0000000   0.0000000  -4.9056337  32.7101902   3.0233556   0.5234541   0.0000000   1.0000000   0.0000000
  19.0000000   1.0000000   0.7926370   0.3606442   0.0032343   1.0000000   0.7801890   0.0000000   0.0000000   2.4982076   0.9847252  -5.1364430   0.0099738   1.9833974   0.5711999   0.0103092   0.3503864   3.0231721   0.5249646  -1.0000000   0.0102632   0.0000000   2.7299982   0.6460668   0.0000000   0.0000000  -4.9136580  32.6897783   3.0229818   0.5247742   0.0000000   1.0000000   0.0000000
  20.0000000   1.0000000   0.7926370   0.3616504   0.0032343   1.0000000   0.7801890   0.0000000   0.0000000   2.4972629   0.9847302  -5.1453350   0.0099927   1.9832744   0.5717612   0.0103092   0.3504324   3.0229254   0.5256625  -1.0000000   0.0102848   0.0000000   2.7296478   0.6460793   0.0000000   0.0000000  -4.9226424  32.6709191   3.0227338   0.5254710   0.0000000   1.0000000   0.0000000
  21.0000000   1.0000000   0.7926370   0.3626329   0.0032343   1.0000000   0.7801890   0.0000000   0.0000000   2.4956742   0.9847685  -5.1529697   0.0100106   1.9832127   0.5699819   0.0103092   0.3504569   3.0227715   0.5270973  -1.0000000   0.0102420   0.0000000   2.7295736   0.6461184   0.0000000   0.0000000  -4.9314957  32.6530088   3.0225793   0.5269050   0.0000000   1.0000000   0.0000000
  22.0000000   1.0000000   0.7926370   0.3635924   0.0032343   1.0000000   0.7801890   0.0000000   0.0000000   2.4945966   0.9848466  -5.1609048   0.0100254   1.9832133   0.5696081   0.0103092   0.3505241   3.0227438   0.5281473  -1.0000000   0.0102006   0.0000000   2.7292739   0.6461740   0.0000000   0.0000000  -4.9403386  32.6367839   3.0225516   0.5279551   0.0000000   1.0000000   0.0000000
  23.0000000   1.0000000   0.7926370   0.3645294   0.0032343   1.0000000   0.7801890   0.0000000   0.0000000   2.4934652   0.9847831  -5.1680434   0.0100289   1.9831330   0.5713027   0.0103092   0.3506328   3.0224641   0.5289989  -1.0000000   0.0103432   0.0000000   2.7282792   0.6461668   0.0000000   0.0000000  -4.9483091  32.6218272   3.0222711   0.5288059   0.0000000   1.0000000   0.0000000
  24.0000000   1.0000000   0.7926370   0.3654445   0.0032343   1.0000000   0.7801890   0.0000000   0.0000000   2.4926958   0.9848721  -5.1726784   0.0100489   1.9831517   0.5705287   0.0103092   0.3505987   3.0225339   0.5298380  -1.0000000   0.0102076   0.0000000   2.7287733   0.6462140   0.0000000   0.0000000  -4.9576696  32.6079526   3.0223410   0.5296452   0.0000000   1.0000000   0.0000000
  25.0000000   1.0000000   0.7926370   0.3663380   0.0032343   1.0000000   0.7801890   0.0000000   0.0000000   2.4920768   0.9848463  -5.1771288   0.0100467   1.9831260   0.5710286   0.0103092   0.3507003   3.0224159   0.5303391  -1.0000000   0.0103186   0.0000000   2.7279419   0.6462159   0.0000000   0.0000000  -4.9661022  32.5951157   3.0222228   0.5301460   0.0000000   1.0000000   0.0000000
  26.0000000   1.0000000   0.7926370   0.3672106   0.0032343   1.0000000   0.7801890   0.0000000   0.0000000   2.4911164   0.9849457  -5.1806277   0.0100640   1.9831446   0.5696415   0.0103092   0.3506910   3.0225345   0.5314181  -1.0000000   0.0102089   0.0000000   2.7282925   0.6462629   0.0000000   0.0000000  -4.9758726  32.5831551   3.0223416   0.5312252   0.0000000   1.0000000   0.0000000
  27.0000000   1.0000000   0.7926370   0.3680628   0.0032343   1.0000000   0.7801890   0.0000000   0.0000000   2.4906193   0.9850856  -5.1844121   0.0100772   1.9832605   0.5682534   0.0103092   0.3507913   3.0227229   0.5321036  -1.0000000   0.0101338   0.0000000   2.7279207   0.6463517   0.0000000   0.0000000  -4.9853126  32.5725403   3.0225312   0.5319119   0.0000000   1.0000000   0.0000000
  28.0000000   1.0000000   0.7926370   0.3688949   0.0032343   1.0000000   0.7801890   0.0000000   0.0000000   2.4898557   0.9857314  -5.1887339   0.0100822   1.9834661   0.5654151   0.0105568   0.3509668   3.0239285   0.5340728  -1.0000000   0.0101657   0.0000000   2.7265401   0.6465910   0.0000000   0.0000000  -4.9947259  32.5660636   3.0237344   0.5338787   0.0000000   1.0000000   0.0000000
  29.0000000   1.0000000   0.7926370   0.3697076   0.0032343   1.0000000   0.7801890   0.0000000   0.0000000   2.4895388   0.9860984  -5.1937304   0.0100945   1.9837672   0.5643723   0.0105568   0.3513579   3.0245559   0.5350171  -1.0000000   0.0101376   0.0000000   2.7246179   0.6467974   0.0000000   0.0000000  -5.0037843  32.5577670   3.0243649   0.5348261   0.0000000   1.0000000   0.0000000
  30.0000000   1.0000000   0.7926370   0.3705012   0.0032343   1.0000000   0.7801890   0.0000000   0.0000000   2.4891899   0.9864381  -5.1984662   0.0100988   1.9841415   0.5646010   0.0105568   0.3517770   3.0251927   0.5360028  -1.0000000   0.0101425   0.0000000   2.7224067   0.6470060   0.0000000   0.0000000  -5.0132767  32.5504500   3.0250057   0.5358158   0.0000000   1.0000000   0.0000000
  31.0000000   1.0000000   0.7926370   0.3712761   0.0032343   1.0000000   0.7801890   0.0000000   0.0000000   2.4892177   0.9867277  -5.2016217   0.0101072   1.9844757   0.5646445   0.0105568   0.3521913   3.0258170   0.5365993  -1.0000000   0.0102210   0.0000000   2.7200920   0.6471698   0.0000000   0.0000000  -5.0237966  32.5442260   3.0256335   0.5364157   0.0000000   1.0000000   0.0000000
  32.0000000   1.0000000   0.7926370   0.3720329   0.0032343   1.0000000   0.7801890   0.0000000   0.0000000   2.4889680   0.9869929  -5.2039042   0.0101189   1.9848044   0.5648731   0.0105568   0.3525271   3.0264237   0.5374557  -1.0000000   0.0102494   0.0000000   2.7183089   0.6473209   0.0000000   0.0000000  -5.0348279  32.5386521   3.0262437   0.5372757   0.0000000   1.0000000   0.0000000
  33.0000000   1.0000000   0.7926370   0.3727720   0.0032343   1.0000000   0.7801890   0.0000000   0.0000000   2.4887628   0.9871802  -5.2048421   0.0101205   1.9850614   0.5664105   0.0105568   0.3528345   3.0269042   0.5381415  -1.0000000   0.0103441   0.0000000   2.7165269   0.6474247   0.0000000   0.0000000  -5.0449687  32.5339007   3.0267269   0.5379641   0.0000000   1.0000000   0.0000000
  34.0000000   1.0000000   0.7926370   0.3734937   0.0032343   1.0000000   0.7801890   0.0000000   0.0000000   2.4886483   0.9873895  -5.2033641   0.0101205   1.9853488   0.5662799   0.0105568   0.3530472   3.0274812   0.5388329  -1.0000000   0.0103309   0.0000000   2.7155115   0.6475311   0.0000000   0.0000000  -5.0553191  32.5298544   3.0273069   0.5386586   0.0000000   1.0000000   0.0000000
  35.0000000   1.0000000   0.7926370   0.3741985   0.0032343   1.0000000   0.7801890   0.0000000   0.0000000   2.4887119   0.9875874  -5.2011623   0.0101233   1.9856094   0.5660667   0.0105568   0.3532731   3.0280100   0.5392981  -1.0000000   0.0103432   0.0000000   2.7143655   0.6476313   0.0000000   0.0000000  -5.0654629  32.5265913   3.0278384   0.5391266   0.0000000   1.0000000   0.0000000
  36.0000000   1.0000000   0.7926370   0.3748867   0.0032343   1.0000000   0.7801890   0.0000000   0.0000000   2.4886638   0.9879155  -5.1985458   0.0101269   1.9859960   0.5648507   0.0105568   0.3534867   3.0288064   0.5401426  -1.0000000   0.0101993   0.0000000   2.7136761   0.6478018   0.0000000   0.0000000  -5.0756817  32.5238733   3.0286389   0.5399751   0.0000000   1.0000000   0.0000000
  37.0000000   1.0000000   0.7926370   0.3755588   0.0032343   1.0000000   0.7801890   0.0000000   0.0000000   2.4885992   0.9881007  -5.1960382   0.0101337   1.9862606   0.5659551   0.0105568   0.3538442   3.0293907   0.5407915  -1.0000000   0.0103742   0.0000000   2.7115230   0.6478841   0.0000000   0.0000000  -5.0866300  32.5219373   3.0292261   0.5406269   0.0000000   1.0000000   0.0000000
  38.0000000   1.0000000   0.7926370   0.3762152   0.0032343   1.0000000   0.7801890   0.0000000   0.0000000   2.4887091   0.9882208  -5.1915998   0.0101224   1.9864465   0.5667726   0.0105568   0.3540267   3.0298406   0.5411315  -1.0000000   0.0104532   0.0000000   2.7104941   0.6479267   0.0000000   0.0000000  -5.0960262  32.5206232   3.0296779   0.5409688   0.0000000   1.0000000   0.0000000
  39.0000000   1.0000000   0.7926370   0.3768562   0.0032343   1.0000000   0.7801890   0.0000000   0.0000000   2.4887141   0.9884630  -5.1859841   0.0101310   1.9867390   0.5657201   0.0105568   0.3541303   3.0305567   0.5418426  -1.0000000   0.0103279   0.0000000   2.7103964   0.6480290   0.0000000   0.0000000  -5.1067578  32.5197064   3.0303970   0.5416830   0.0000000   1.0000000   0.0000000
  40.0000000   1.0000000   0.7926370   0.3774821   0.0032343   1.0000000   0.7801890   0.0000000   0.0000000   2.4887716   0.9886178  -5.1805599   0.0101300   1.9869554   0.5665004   0.0105568   0.3543592   3.0311642   0.5423925  -1.0000000   0.0104420   0.0000000   2.7091181   0.6480702   0.0000000   0.0000000  -5.1179376  32.5193884   3.0310068   0.5422352   0.0000000   1.0000000   0.0000000
  41.0000000   1.0000000   0.7926370   0.3780933   0.0032343   1.0000000   0.7801890   0.0000000   0.0000000   2.4889595   0.9887512  -5.1737917   0.0101302   1.9871494   0.5666066   0.0105568   0.3544740   3.0316729   0.5427134  -1.0000000   0.0104499   0.0000000   2.7086326   0.6481119   0.0000000   0.0000000  -5.1281677  32.5197412   3.0315176   0.5425581   0.0000000   1.0000000   0.0000000
  42.0000000   1.0000000   0.7926370   0.3786902   0.0032343   1.0000000   0.7801890   0.0000000   0.0000000   2.4891755   0.9889531  -5.1665585   0.0101336   1.9874138   0.5664051   0.0105568   0.3545809   3.0323317   0.5431561  -1.0000000   0.0103752   0.0000000   2.7083933   0.6481892   0.0000000   0.0000000  -5.1387334  32.5203932   3.0321792   0.5430037   0.0000000   1.0000000   0.0000000
  43.0000000   1.0000000   0.7926370   0.3792731   0.0032343   1.0000000   0.7801890   0.0000000   0.0000000   2.4895602   0.9890527  -5.1589398   0.0101271   1.9875747   0.5666017   0.0105568   0.3547625   3.0327684   0.5432082  -1.0000000   0.0104867   0.0000000   2.7073201   0.6482134   0.0000000   0.0000000  -5.1484226  32.5214571   3.0326176   0.5430574   0.0000000   1.0000000   0.0000000
  44.0000000   1.0000000   0.7926370   0.3798424   0.0032343   1.0000000   0.7801890   0.0000000   0.0000000   2.4896817   0.9892663  -5.1510704   0.0101329   1.9878276   0.5648237   0.0105568   0.3548326   3.0334183   0.5437366  -1.0000000   0.0103627   0.0000000   2.7073918   0.6482979   0.0000000   0.0000000  -5.1583924  32.5226336   3.0332702   0.5435885   0.0000000   1.0000000   0.0000000
  45.0000000   1.0000000   0.7926370   0.3803983   0.0032343   1.0000000   0.7801890   0.0000000   0.0000000   2.4897992   0.9893606  -5.1443492   0.0101381   1.9880018   0.5663138   0.0105568   0.3550267   3.0338957   0.5440965  -1.0000000   0.0104996   0.0000000   2.7062113   0.6483139   0.0000000   0.0000000  -5.1693220  32.5242365   3.0337495   0.5439502   0.0000000   1.0000000   0.0000000
  46.0000000   1.0000000   0.7926370   0.3809411   0.0032343   1.0000000   0.7801890   0.0000000   0.0000000   2.4903157   0.9894017  -5.1357499   0.0101331   1.9881246   0.5676312   0.0105568   0.3550839   3.0343386   0.5440229  -1.0000000   0.0105808   0.0000000   2.7058983   0.6482854   0.0000000   0.0000000  -5.1798208  32.5260023   3.0341936   0.5438779   0.0000000   1.0000000   0.0000000
  47.0000000   1.0000000   0.7926370   0.3814712   0.0032343   1.0000000   0.7801890   0.0000000   0.0000000   2.4904857   0.9894885  -5.1259973   0.0101294   1.9882807   0.5666417   0.0105568   0.3550599   3.0348617   0.5443760  -1.0000000   0.0105311   0.0000000   2.7063112   0.6482806   0.0000000   0.0000000  -5.1900591  32.5276263   3.0347184   0.5442327   0.0000000   1.0000000   0.0000000
  48.0000000   1.0000000   0.7926370   0.3819889   0.0032343   1.0000000   0.7801890   0.0000000   0.0000000   2.4909478   0.9895438  -5.1169601   0.0101309   1.9884071   0.5670327   0.0105568   0.3550855   3.0353211   0.5443733  -1.0000000   0.0105658   0.0000000   2.7062720   0.6482595   0.0000000   0.0000000  -5.2004880  32.5296217   3.0351791   0.5442313   0.0000000   1.0000000   0.0000000
  49.0000000   1.0000000   0.7926370   0.3824945   0.0032343   1.0000000   0.7801890   0.0000000   0.0000000   2.4912517   0.9896160  -5.1076378   0.0101321   1.9885691   0.5670477   0.0105568   0.3550766   3.0358167   0.5445650  -1.0000000   0.0105389   0.0000000   2.7065369   0.6482536   0.0000000   0.0000000  -5.2109173  32.5315737   3.0356764   0.5444247   0.0000000   1.0000000   0.0000000
  50.0000000   1.0000000   0.7926370   0.3829881   0.0032343   1.0000000   0.7801890   0.0000000   0.0000000   2.4913794   0.9896690  -5.0981792   0.0101334   1.9887256   0.5670033   0.0105568   0.3550944   3.0362684   0.5448890  -1.0000000   0.0105528   0.0000000   2.7065432   0.6482411   0.0000000   0.0000000  -5.2211634  32.5336967   3.0361297   0.5447503   0.0000000   1.0000000   0.0000000
  51.0000000   1.0000000   0.7926370   0.3834703   0.0032343   1.0000000   0.7801890   0.0000000   0.0000000   2.4918435   0.9898450  -5.0884300   0.0101187   1.9888962   0.5667010   0.0106540   0.3550984   3.0369614   0.5451179  -1.0000000   0.0106246   0.0000000   2.7062750   0.6482637   0.0000000   0.0000000  -5.2307344  32.5373938   3.0368233   0.5449798   0.0000000   1.0000000   0.0000000
  52.0000000   1.0000000   0.7926370   0.3839411   0.0032343   1.0000000   0.7801890   0.0000000   0.0000000   2.4922541   0.9900821  -5.0788577   0.0101301   1.9891583   0.5643824   0.0106540   0.3551279   3.0377019   0.5454477  -1.0000000   0.0104525   0.0000000   2.7067074   0.6483463   0.0000000   0.0000000  -5.2405338  32.5398613   3.0375666   0.5453124   0.0000000   1.0000000   0.0000000
  53.0000000   1.0000000   0.7926370   0.3844008   0.0032343   1.0000000   0.7801890   0.0000000   0.0000000   2.4924860   0.9902655  -5.0711665   0.0101286   1.9893809   0.5653564   0.0106540   0.3553294   3.0384025   0.5459165  -1.0000000   0.0105273   0.0000000   2.7057189   0.6483891   0.0000000   0.0000000  -5.2505950  32.5424874   3.0382696   0.5457836   0.0000000   1.0000000   0.0000000
  54.0000000   1.0000000   0.7926370   0.3848498   0.0032343   1.0000000   0.7801890   0.0000000   0.0000000   2.4929613   0.9904093  -5.0620346   0.0101305   1.9895721   0.5648053   0.0106540   0.3554561   3.0389733   0.5460120  -1.0000000   0.0105534   0.0000000   2.7051779   0.6484239   0.0000000   0.0000000  -5.2602251  32.5456183   3.0388424   0.5458811   0.0000000   1.0000000   0.0000000
  55.0000000   1.0000000   0.7926370   0.3852882   0.0032343   1.0000000   0.7801890   0.0000000   0.0000000   2.4933229   0.9905932  -5.0533391   0.0101314   1.9897917   0.5645101   0.0106540   0.3555567   3.0396535   0.5463306  -1.0000000   0.0105218   0.0000000   2.7049361   0.6484701   0.0000000   0.0000000  -5.2699830  32.5487505   3.0395249   0.5462021   0.0000000   1.0000000   0.0000000
  56.0000000   1.0000000   0.7926370   0.3857164   0.0032343   1.0000000   0.7801890   0.0000000   0.0000000   2.4951514   0.9906813  -5.0445802   0.0101279   1.9899419   0.5656508   0.0106540   0.3556888   3.0401962   0.5450448  -1.0000000   0.0106351   0.0000000   2.7042015   0.6484607   0.0000000   0.0000000  -5.2798468  32.5520409   3.0400692   0.5449178   0.0000000   1.0000000   0.0000000
  57.0000000   1.0000000   0.7926370   0.3861345   0.0032343   1.0000000   0.7801890   0.0000000   0.0000000   2.4929634   0.9907628  -5.0360776   0.0101293   1.9901150   0.5656253   0.0106540   0.3557078   3.0406684   0.5477049  -1.0000000   0.0106120   0.0000000   2.7044398   0.6485067   0.0000000   0.0000000  -5.2888346  32.5540129   3.0405432   0.5475798   0.0000000   1.0000000   0.0000000
  58.0000000   1.0000000   0.7926370   0.3865428   0.0032343   1.0000000   0.7801890   0.0000000   0.0000000   2.4942719   0.9909226  -5.0249308   0.0101290   1.9902897   0.5646033   0.0106540   0.3557497   3.0413872   0.5471153  -1.0000000   0.0105845   0.0000000   2.7044649   0.6484902   0.0000000   0.0000000  -5.2995237  32.5586189   3.0412639   0.5469920   0.0000000   1.0000000   0.0000000
  59.0000000   1.0000000   0.7926370   0.3869416   0.0032343   1.0000000   0.7801890   0.0000000   0.0000000   2.4948345   0.9911026  -5.0155150   0.0101331   1.9905109   0.5643928   0.0106540   0.3558193   3.0421542   0.5473197  -1.0000000   0.0105519   0.0000000   2.7044338   0.6485138   0.0000000   0.0000000  -5.3101809  32.5624979   3.0420333   0.5471988   0.0000000   1.0000000   0.0000000
  60.0000000   1.0000000   0.7926370   0.3873310   0.0032343   1.0000000   0.7801890   0.0000000   0.0000000   2.4949896   0.9911664  -5.0061457   0.0101280   1.9906309   0.5650651   0.0106540   0.3559214   3.0426316   0.5476419  -1.0000000   0.0106603   0.0000000   2.7038422   0.6484897   0.0000000   0.0000000  -5.3194405  32.5665196   3.0425120   0.5475223   0.0000000   1.0000000   0.0000000
  61.0000000   1.0000000   0.7926370   0.3877112   0.0032343   1.0000000   0.7801890   0.0000000   0.0000000   2.4954920   0.9913108  -4.9958965   0.0101312   1.9908362   0.5641379   0.0106540   0.3559151   3.0432209   0.5477289  -1.0000000   0.0105517   0.0000000   2.7042775   0.6485238   0.0000000   0.0000000  -5.3285215  32.5709157   3.0431035   0.5476115   0.0000000   1.0000000   0.0000000
  62.0000000   1.0000000   0.7926370   0.3880825   0.0032343   1.0000000   0.7801890   0.0000000   0.0000000   2.4958805   0.9914219  -4.9864193   0.0101222   1.9909831   0.5646538   0.0106540   0.3560174   3.0437744   0.5478939  -1.0000000   0.0106101   0.0000000   2.7038215   0.6485249   0.0000000   0.0000000  -5.3371918  32.5752302   3.0436585   0.5477780   0.0000000   1.0000000   0.0000000
  63.0000000   1.0000000   0.7926370   0.3884452   0.0032343   1.0000000   0.7801890   0.0000000   0.0000000   2.4962365   0.9916247  -4.9763616   0.0101319   1.9910543   0.5643373   0.0106540   0.3560612   3.0445605   0.5483240  -1.0000000   0.0105961   0.0000000   2.7040589   0.6485150   0.0000000   0.0000000  -5.3472761  32.5796046   3.0444454   0.5482089   0.0000000   1.0000000   0.0000000
  64.0000000   1.0000000   0.7926370   0.3887993   0.0032343   1.0000000   0.7801890   0.0000000   0.0000000   2.4972084   0.9918584  -4.9663498   0.0101276   1.9910532   0.5643034   0.0106540   0.3561191   3.0454011   0.5481926  -1.0000000   0.0106055   0.0000000   2.7023701   0.6480329   0.0000000   0.0000000  -5.3567805  32.5843394   3.0452859   0.5480775   0.0000000   1.0000000   0.0000000
  65.0000000   1.0000000   0.7926370   0.3891451   0.0032343   1.0000000   0.7801890   0.0000000   0.0000000   2.4969189   0.9913591  -4.9567741   0.0101317   1.9911662   0.5685779   0.0106540   0.3561676   3.0447279   0.5478090  -1.0000000   0.0110421   0.0000000   2.7025416   0.6483395   0.0000000   0.0000000  -5.3658236  32.5889397   3.0446140   0.5476951   0.0000000   1.0000000   0.0000000
  66.0000000   1.0000000   0.7926370   0.3894828   0.0032343   1.0000000   0.7801890   0.0000000   0.0000000   2.4975969   0.9915263  -4.9433719   0.0101358   1.9913244   0.5632829   0.0106540   0.3557794   3.0454300   0.5478330  -1.0000000   0.0105774   0.0000000   2.7058619   0.6483509   0.0000000   0.0000000  -5.3752109  32.5929917   3.0453177   0.5477208   0.0000000   1.0000000   0.0000000
  67.0000000   1.0000000   0.7926370   0.3898126   0.0032343   1.0000000   0.7801890   0.0000000   0.0000000   2.4978632   0.9916143  -4.9353542   0.0101381   1.9915042   0.5641916   0.0106540   0.3558560   3.0459551   0.5480919  -1.0000000   0.0106163   0.0000000   2.7055397   0.6483555   0.0000000   0.0000000  -5.3842314  32.5970188   3.0458448   0.5479815   0.0000000   1.0000000   0.0000000
  68.0000000   1.0000000   0.7926370   0.3901347   0.0032343   1.0000000   0.7801890   0.0000000   0.0000000   2.4983334   0.9916950  -4.9261828   0.0101302   1.9916298   0.5642952   0.0106540   0.3558937   3.0464778   0.5481444  -1.0000000   0.0106494   0.0000000   2.7054787   0.6483369   0.0000000   0.0000000  -5.3927165  32.6011727   3.0463688   0.5480354   0.0000000   1.0000000   0.0000000
  69.0000000   1.0000000   0.7926370   0.3904492   0.0032343   1.0000000   0.7801890   0.0000000   0.0000000   2.4987747   0.9918708  -4.9170079   0.0101374   1.9918028   0.5630418   0.0106540   0.3558983   3.0471572   0.5483825  -1.0000000   0.0105529   0.0000000   2.7059238   0.6483630   0.0000000   0.0000000  -5.4012687  32.6053866   3.0470501   0.5482754   0.0000000   1.0000000   0.0000000
  70.0000000   1.0000000   0.7926370   0.3907563   0.0032343   1.0000000   0.7801890   0.0000000   0.0000000   2.4990524   0.9919104  -4.9088751   0.0101328   1.9919723   0.5639074   0.0106540   0.3559994   3.0475661   0.5485136  -1.0000000   0.0106483   0.0000000   2.7052806   0.6483555   0.0000000   0.0000000  -5.4096234  32.6097427   3.0474608   0.5484083   0.0000000   1.0000000   0.0000000
  71.0000000   1.0000000   0.7926370   0.3910562   0.0032343   1.0000000   0.7801890   0.0000000   0.0000000   2.4994945   0.9922359  -4.8998105   0.0101374   1.9923128   0.5607872   0.0107348   0.3560051   3.0485319   0.5490374  -1.0000000   0.0105067   0.0000000   2.7055296   0.6484729   0.0000000   0.0000000  -5.4183454  32.6152927   3.0484295   0.5489349   0.0000000   1.0000000   0.0000000
  72.0000000   1.0000000   0.7926370   0.3913491   0.0032343   1.0000000   0.7801890   0.0000000   0.0000000   2.4998403   0.9923898  -4.8932215   0.0101358   1.9925629   0.5620495   0.0107348   0.3562332   3.0491593   0.5493189  -1.0000000   0.0106112   0.0000000   2.7042650   0.6485203   0.0000000   0.0000000  -5.4265628  32.6199386   3.0490595   0.5492192   0.0000000   1.0000000   0.0000000
  73.0000000   1.0000000   0.7926370   0.3916351   0.0032343   1.0000000   0.7801890   0.0000000   0.0000000   2.5003355   0.9925472  -4.8850585   0.0101369   1.9927935   0.5616876   0.0107348   0.3563568   3.0497952   0.5494597  -1.0000000   0.0106181   0.0000000   2.7037837   0.6485626   0.0000000   0.0000000  -5.4347611  32.6247861   3.0496978   0.5493624   0.0000000   1.0000000   0.0000000
  74.0000000   1.0000000   0.7926370   0.3919144   0.0032343   1.0000000   0.7801890   0.0000000   0.0000000   2.5007221   0.9927268  -4.8771186   0.0101401   1.9930459   0.5612953   0.0107348   0.3564735   3.0504685   0.5497464  -1.0000000   0.0105909   0.0000000   2.7034123   0.6486180   0.0000000   0.0000000  -5.4430047  32.6297085   3.0503739   0.5496518   0.0000000   1.0000000   0.0000000
  75.0000000   1.0000000   0.7926370   0.3921872   0.0032343   1.0000000   0.7801890   0.0000000   0.0000000   2.5012539   0.9928873  -4.8692249   0.0101359   1.9932746   0.5613171   0.0107348   0.3566174   3.0511009   0.5498470  -1.0000000   0.0106138   0.0000000   2.7027910   0.6486625   0.0000000   0.0000000  -5.4507114  32.6348141   3.0510088   0.5497548   0.0000000   1.0000000   0.0000000
  76.0000000   1.0000000   0.7926370   0.3924535   0.0032343   1.0000000   0.7801890   0.0000000   0.0000000   2.5016097   0.9930529  -4.8611923   0.0101368   1.9935073   0.5610145   0.0107348   0.3567384   3.0517308   0.5501211  -1.0000000   0.0106048   0.0000000   2.7023530   0.6487123   0.0000000   0.0000000  -5.4586402  32.6399744   3.0516412   0.5500315   0.0000000   1.0000000   0.0000000
  77.0000000   1.0000000   0.7926370   0.3927136   0.0032343   1.0000000   0.7801890   0.0000000   0.0000000   2.5019036   0.9932137  -4.8531622   0.0101393   1.9937364   0.5609167   0.0107348   0.3568684   3.0523603   0.5504567  -1.0000000   0.0106124   0.0000000   2.7018348   0.6487576   0.0000000   0.0000000  -5.4667160  32.6453148   3.0522731   0.5503695   0.0000000   1.0000000   0.0000000
  78.0000000   1.0000000   0.7926370   0.3929676   0.0032343   1.0000000   0.7801890   0.0000000   0.0000000   2.5024309   0.9933781  -4.8448579   0.0101373   1.9939681   0.5609647   0.0107348   0.3569908   3.0529936   0.5505627  -1.0000000   0.0106078   0.0000000   2.7013829   0.6488053   0.0000000   0.0000000  -5.4744782  32.6508989   3.0529089   0.5504780   0.0000000   1.0000000   0.0000000
  79.0000000   1.0000000   0.7926370   0.3932157   0.0032343   1.0000000   0.7801890   0.0000000   0.0000000   2.5027691   0.9935252  -4.8363594   0.0101360   1.9941787   0.5604516   0.0107348   0.3571178   3.0535808   0.5508117  -1.0000000   0.0106258   0.0000000   2.7008494   0.6488444   0.0000000   0.0000000  -5.4818685  32.6565039   3.0534983   0.5507293   0.0000000   1.0000000   0.0000000
  80.0000000   1.0000000   0.7926370   0.3934579   0.0032343   1.0000000   0.7801890   0.0000000   0.0000000   2.5032900   0.9936722  -4.8281187   0.0101394   1.9944107   0.5602452   0.0107348   0.3572268   3.0541652   0.5508752  -1.0000000   0.0106152   0.0000000   2.7004484   0.6488911   0.0000000   0.0000000  -5.4894917  32.6622866   3.0540852   0.5507952   0.0000000   1.0000000   0.0000000
  81.0000000   1.0000000   0.7926370   0.3936945   0.0032343   1.0000000   0.7801890   0.0000000   0.0000000   2.5038078   0.9938419  -4.8199674   0.0101376   1.9946441   0.5599337   0.0107348   0.3573464   3.0548042   0.5509963  -1.0000000   0.0106018   0.0000000   2.7000348   0.6489422   0.0000000   0.0000000  -5.4967471  32.6680125   3.0547268   0.5509189   0.0000000   1.0000000   0.0000000
  82.0000000   1.0000000   0.7926370   0.3939255   0.0032343   1.0000000   0.7801890   0.0000000   0.0000000   2.5041907   0.9939695  -4.8119856   0.0101404   1.9948539   0.5599812   0.0107348   0.3574794   3.0553424   0.5511516  -1.0000000   0.0106365   0.0000000   2.6994050   0.6489787   0.0000000   0.0000000  -5.5037113  32.6738011   3.0552672   0.5510764   0.0000000   1.0000000   0.0000000
  83.0000000   1.0000000   0.7926370   0.3941511   0.0032343   1.0000000   0.7801890   0.0000000   0.0000000   2.5045759   0.9940663  -4.8037568   0.0101369   1.9950263   0.5601644   0.0107348   0.3575777   3.0558261   0.5512502  -1.0000000   0.0106767   0.0000000   2.6989448   0.6489943   0.0000000   0.0000000  -5.5100060  32.6795779   3.0557528   0.5511769   0.0000000   1.0000000   0.0000000
  84.0000000   1.0000000   0.7926370   0.3943714   0.0032343   1.0000000   0.7801890   0.0000000   0.0000000   2.5048854   0.9941577  -4.7952466   0.0101342   1.9952098   0.5599691   0.0107348   0.3576358   3.0563063   0.5514209  -1.0000000   0.0106774   0.0000000   2.6987642   0.6490105   0.0000000   0.0000000  -5.5165027  32.6853602   3.0562349   0.5513495   0.0000000   1.0000000   0.0000000
  85.0000000   1.0000000   0.7926370   0.3945865   0.0032343   1.0000000   0.7801890   0.0000000   0.0000000   2.5054909   0.9942551  -4.7867789   0.0101361   1.9953937   0.5600616   0.0107348   0.3576932   3.0567927   0.5513018  -1.0000000   0.0106715   0.0000000   2.6986097   0.6490305   0.0000000   0.0000000  -5.5230915  32.6912311   3.0567233   0.5512324   0.0000000   1.0000000   0.0000000
  86.0000000   1.0000000   0.7926370   0.3947966   0.0032343   1.0000000   0.7801890   0.0000000   0.0000000   2.5058573   0.9943073  -4.7783196   0.0101311   1.9955447   0.5605496   0.0107348   0.3577565   3.0571904   0.5513332  -1.0000000   0.0107178   0.0000000   2.6982886   0.6490292   0.0000000   0.0000000  -5.5290509  32.6968367   3.0571227   0.5512654   0.0000000   1.0000000   0.0000000
  87.0000000   1.0000000   0.7926370   0.3950018   0.0032343   1.0000000   0.7801890   0.0000000   0.0000000   2.5060653   0.9943769  -4.7693632   0.0101285   1.9957215   0.5595937   0.0107348   0.3577735   3.0576183   0.5515530  -1.0000000   0.0106928   0.0000000   2.6983496   0.6490400   0.0000000   0.0000000  -5.5350174  32.7023932   3.0575524   0.5514871   0.0000000   1.0000000   0.0000000
  88.0000000   1.0000000   0.7926370   0.3952021   0.0032343   1.0000000   0.7801890   0.0000000   0.0000000   2.5067138   0.9950767  -4.7610522   0.0101067   1.9962452   0.5538182   0.0110997   0.3578154   3.0592782   0.5525644  -1.0000000   0.0107100   0.0000000   2.6972771   0.6493155   0.0000000   0.0000000  -5.5407710  32.7130000   3.0592159   0.5525021   0.0000000   1.0000000   0.0000000
  89.0000000   1.0000000   0.7926370   0.3953978   0.0032343   1.0000000   0.7801890   0.0000000   0.0000000   2.5073996   0.9954856  -4.7572645   0.0101229   1.9966673   0.5544019   0.0110997   0.3582052   3.0602554   0.5528559  -1.0000000   0.0106751   0.0000000   2.6955425   0.6495124   0.0000000   0.0000000  -5.5471214  32.7188234   3.0601978   0.5527982   0.0000000   1.0000000   0.0000000
  90.0000000   1.0000000   0.7926370   0.3955888   0.0032343   1.0000000   0.7801890   0.0000000   0.0000000   2.5096423   0.9951570  -4.7522615   0.0101211   1.9968562   0.5613448   0.0107348   0.3586298   3.0598272   0.5501849  -1.0000000   0.0106928   0.0000000   2.6942088   0.6494474   0.0000000   0.0000000  -5.5540873  32.7198604   3.0597735   0.5501312   0.0000000   1.0000000   0.0000000
  91.0000000   1.0000000   0.7926370   0.4035441   0.0032343   1.0000000   0.7801890   0.0000000   0.0000000   2.5075149   0.9954181  -4.7422353   0.0099768   1.9967657   0.5605716   0.0107348   0.3586718   3.0605725   0.5530576  -1.0000000   0.0106626   0.0000000   2.6945816   0.6494238   0.0000000   0.0000000  -5.5601875  32.7239886   3.0605178   0.5530029   0.0000000   1.0000000   0.0000000
  92.0000000   1.0000000   0.7926370   0.4035441   0.0032343   1.0000000   0.7801890   0.0000000   0.0000000   2.5080769   0.9960326  -4.7314462   0.0102664   1.9976494   0.5573759   0.0107348   0.3587440   3.0638172   0.5557403  -1.0000000   0.0105116   0.0000000   2.6957273   0.6494240   0.0000000   0.0000000  -5.6262733  32.7303559   3.0637720   0.5556951   0.0000000   1.0000000   0.0000000
  93.0000000   1.0000000   0.7926370   0.4035441   0.0032343   1.0000000   0.7801890   0.0000000   0.0000000   2.5087322   0.9963595  -4.7220176   0.0102456   1.9981888   0.5560271   0.0107348   0.3589672   3.0653350   0.5566028  -1.0000000   0.0105226   0.0000000   2.6949906   0.6494911   0.0000000   0.0000000  -5.6565217  32.7398674   3.0652956   0.5565635   0.0000000   1.0000000   0.0000000
  94.0000000   1.0000000   0.7926370   0.4035441   0.0032343   1.0000000   0.7801890   0.0000000   0.0000000   2.5095221   0.9966164  -4.7131164   0.0102146   1.9985944   0.5557571   0.0107348   0.3591794   3.0664025   0.5568804  -1.0000000   0.0105391   0.0000000   2.6941483   0.6495655   0.0000000   0.0000000  -5.6728592  32.7500663   3.0663675   0.5568454   0.0000000   1.0000000   0.0000000
  95.0000000   1.0000000   0.7926370   0.4035441   0.0032343   1.0000000   0.7801890   0.0000000   0.0000000   2.5105262   0.9967350  -4.7041650   0.0101998   1.9988945   0.5572564   0.0107348   0.3593751   3.0670770   0.5565508  -1.0000000   0.0106473   0.0000000   2.6930457   0.6495972   0.0000000   0.0000000  -5.6833349  32.7603770   3.0670452   0.5565190   0.0000000   1.0000000   0.0000000
  96.0000000   1.0000000   0.7926370   0.4035441   0.0032343   1.0000000   0.7801890   0.0000000   0.0000000   2.5109382   0.9968735  -4.6940206   0.0101923   1.9991705   0.5567489   0.0107348   0.3594626   3.0677296   0.5567914  -1.0000000   0.0106262   0.0000000   2.6927916   0.6496404   0.0000000   0.0000000  -5.6909336  32.7701888   3.0677007   0.5567625   0.0000000   1.0000000   0.0000000
  97.0000000   1.0000000   0.7926370   0.4035441   0.0032343   1.0000000   0.7801890   0.0000000   0.0000000   2.5116965   0.9969906  -4.6840826   0.0101832   1.9994089   0.5569177   0.0107348   0.3595712   3.0683194   0.5566229  -1.0000000   0.0106520   0.0000000   2.6923151   0.6496680   0.0000000   0.0000000  -5.6969660  32.7800741   3.0682931   0.5565966   0.0000000   1.0000000   0.0000000
  98.0000000   1.0000000   0.7926370   0.4035441   0.0032343   1.0000000   0.7801890   0.0000000   0.0000000   2.5124682   0.9971021  -4.6741240   0.0101785   1.9996379   0.5567939   0.0107348   0.3596541   3.0688773   0.5564091  -1.0000000   0.0106538   0.0000000   2.6920136   0.6496963   0.0000000   0.0000000  -5.7020022  32.7896354   3.0688534   0.5563852   0.0000000   1.0000000   0.0000000
  99.0000000   1.0000000   0.7926370   0.4035441   0.0032343   1.0000000   0.7801890   0.0000000   0.0000000   2.5130877   0.9972064  -4.6644759   0.0101737   1.9998498   0.5566341   0.0107348   0.3597351   3.0694030   0.5563153  -1.0000000   0.0106614   0.0000000   2.6917067   0.6497214   0.0000000   0.0000000  -5.7064198  32.7988287   3.0693815   0.5562937   0.0000000   1.0000000   0.0000000
 100.0000000   1.0000000   0.7926370   0.4035441   0.0032343   1.0000000   0.7801890   0.0000000   0.0000000   2.5139195   0.9973065  -4.6550716   0.0101719   2.0000508   0.5563994   0.0107348   0.3598085   3.0699089   0.5559894  -1.0000000   0.0106658   0.0000000   2.6914445   0.6497446   0.0000000   0.0000000  -5.7103886  32.8077817   3.0698895   0.5559700   0.0000000   1.0000000   0.0000000
 101.0000000   1.0000000   0.7926370   0.4035441   0.0032343   1.0000000   0.7801890   0.0000000   0.0000000   2.5142109   0.9973552  -4.6462006   0.0101647   2.0002346   0.5568063   0.0107348   0.3598775   3.0703136   0.5561027  -1.0000000   0.0107093   0.0000000   2.6910786   0.6497509   0.0000000   0.0000000  -5.7137392  32.8162157   3.0702962   0.5560853   0.0000000   1.0000000   0.0000000
 102.0000000   1.0000000   0.7926370   0.4035441   0.0032343   1.0000000   0.7801890   0.0000000   0.0000000   2.5147045   0.9974178  -4.6368137   0.0101614   2.0003955   0.5564554   0.0107348   0.3599030   3.0707337   0.5560292  -1.0000000   0.0107065   0.0000000   2.6910633   0.6497548   0.0000000   0.0000000  -5.7168755  32.8246447   3.0707180   0.5560135   0.0000000   1.0000000   0.0000000
 103.0000000   1.0000000   0.7926370   0.4035441   0.0032343   1.0000000   0.7801890   0.0000000   0.0000000   2.5154181   0.9973361  -4.6278865   0.0101616   2.0004990   0.5574064   0.0106540   0.3599313   3.0708530   0.5554349  -1.0000000   0.0106917   0.0000000   2.6912247   0.6497100   0.0000000   0.0000000  -5.7199321  32.8317918   3.0708385   0.5554204   0.0000000   1.0000000   0.0000000
 104.0000000   1.0000000   0.7926370   0.4035441   0.0032343   1.0000000   0.7801890   0.0000000   0.0000000   2.5158427   0.9973386  -4.6186534   0.0101556   2.0005955   0.5572604   0.0106540   0.3598936   3.0711373   0.5552947  -1.0000000   0.0106915   0.0000000   2.6915075   0.6496831   0.0000000   0.0000000  -5.7227168  32.8395001   3.0711239   0.5552812   0.0000000   1.0000000   0.0000000
 105.0000000   1.0000000   0.7926370   0.4035441   0.0032343   1.0000000   0.7801890   0.0000000   0.0000000   2.5164798   0.9973429  -4.6097711   0.0101510   2.0006881   0.5570354   0.0106540   0.3598562   3.0714099   0.5549301  -1.0000000   0.0106875   0.0000000   2.6917873   0.6496571   0.0000000   0.0000000  -5.7252124  32.8469554   3.0713974   0.5549176   0.0000000   1.0000000   0.0000000
 106.0000000   1.0000000   0.7926370   0.4035441   0.0032343   1.0000000   0.7801890   0.0000000   0.0000000   2.5170646   0.9973559  -4.6015477   0.0101482   2.0007773   0.5567329   0.0106540   0.3598226   3.0716801   0.5546156  -1.0000000   0.0106771   0.0000000   2.6920672   0.6496375   0.0000000   0.0000000  -5.7274947  32.8539404   3.0716686   0.5546040   0.0000000   1.0000000   0.0000000
 107.0000000   1.0000000   0.7926370   0.4035441   0.0032343   1.0000000   0.7801890   0.0000000   0.0000000   2.5176868   0.9973733  -4.5940016   0.0101455   2.0008637   0.5564975   0.0106540   0.3597995   3.0719422   0.5542554  -1.0000000   0.0106704   0.0000000   2.6922817   0.6496211   0.0000000   0.0000000  -5.7296298  32.8605111   3.0719316   0.5542449   0.0000000   1.0000000   0.0000000
 108.0000000   1.0000000   0.7926370   0.4035441   0.0032343   1.0000000   0.7801890   0.0000000   0.0000000   2.5181365   0.9973936  -4.5871072   0.0101434   2.0009447   0.5562691   0.0106540   0.3597831   3.0721925   0.5540560  -1.0000000   0.0106656   0.0000000   2.6924554   0.6496075   0.0000000   0.0000000  -5.7315879  32.8666257   3.0721828   0.5540463   0.0000000   1.0000000   0.0000000
 109.0000000   1.0000000   0.7926370   0.4035441   0.0032343   1.0000000   0.7801890   0.0000000   0.0000000   2.5186463   0.9974150  -4.5806914   0.0101417   2.0010259   0.5560532   0.0106540   0.3597715   3.0724329   0.5537865  -1.0000000   0.0106611   0.0000000   2.6925995   0.6495973   0.0000000   0.0000000  -5.7334044  32.8724522   3.0724240   0.5537777   0.0000000   1.0000000   0.0000000
 110.0000000   1.0000000   0.7926370   0.4035441   0.0032343   1.0000000   0.7801890   0.0000000   0.0000000   2.5189921   0.9974407  -4.5748070   0.0101404   2.0010999   0.5558326   0.0106540   0.3597643   3.0726699   0.5536777  -1.0000000   0.0106578   0.0000000   2.6927257   0.6495889   0.0000000   0.0000000  -5.7351396  32.8779213   3.0726618   0.5536696   0.0000000   1.0000000   0.0000000
 111.0000000   1.0000000   0.7926370   0.4035441   0.0032343   1.0000000   0.7801890   0.0000000   0.0000000   2.5194770   0.9974685  -4.5692972   0.0101390   2.0011708   0.5556819   0.0106540   0.3597606   3.0729013   0.5534243  -1.0000000   0.0106550   0.0000000   2.6928281   0.6495809   0.0000000   0.0000000  -5.7367440  32.8832011   3.0728940   0.5534170   0.0000000   1.0000000   0.0000000
 112.0000000   1.0000000   0.7926370   0.4035441   0.0032343   1.0000000   0.7801890   0.0000000   0.0000000   2.5200101   0.9974938  -4.5642364   0.0101380   2.0012420   0.5555281   0.0106540   0.3597596   3.0731164   0.5531063  -1.0000000   0.0106532   0.0000000   2.6929040   0.6495750   0.0000000   0.0000000  -5.7382173  32.8881472   3.0731098   0.5530997   0.0000000   1.0000000   0.0000000
 113.0000000   1.0000000   0.7926370   0.4035441   0.0032343   1.0000000   0.7801890   0.0000000   0.0000000   2.5204063   0.9975161  -4.5596868   0.0101371   2.0013119   0.5553435   0.0106540   0.3597604   3.0733123   0.5529060  -1.0000000   0.0106518   0.0000000   2.6929608   0.6495712   0.0000000   0.0000000  -5.7395333  32.8926995   3.0733065   0.5529002   0.0000000   1.0000000   0.0000000
 114.0000000   1.0000000   0.7926370   0.4035441   0.0032343   1.0000000   0.7801890   0.0000000   0.0000000   2.5208501   0.9975363  -4.5555546   0.0101363   2.0013796   0.5552216   0.0106540   0.3597626   3.0734936   0.5526435  -1.0000000   0.0106514   0.0000000   2.6929991   0.6495677   0.0000000   0.0000000  -5.7407056  32.8969815   3.0734885   0.5526384   0.0000000   1.0000000   0.0000000
 115.0000000   1.0000000   0.7926370   0.4035441   0.0032343   1.0000000   0.7801890   0.0000000   0.0000000   2.5214541   0.9975542  -4.5518369   0.0101356   2.0014458   0.5552530   0.0106540   0.3597652   3.0736591   0.5522050  -1.0000000   0.0106501   0.0000000   2.6930277   0.6495656   0.0000000   0.0000000  -5.7416906  32.9009352   3.0736547   0.5522006   0.0000000   1.0000000   0.0000000
 116.0000000   1.0000000   0.7926370   0.4035441   0.0032343   1.0000000   0.7801890   0.0000000   0.0000000   2.5210189   0.9975538  -4.5485626   0.0101374   2.0015040   0.5550213   0.0106540   0.3597691   3.0737721   0.5527532  -1.0000000   0.0106618   0.0000000   2.6923609   0.6494066   0.0000000   0.0000000  -5.7424329  32.9043873   3.0737683   0.5527495   0.0000000   1.0000000   0.0000000
 117.0000000   1.0000000   0.7926370   0.4035441   0.0032343   1.0000000   0.7801890   0.0000000   0.0000000   2.5221972   0.9973733  -4.5449912   0.0101378   2.0015122   0.5560847   0.0105568   0.3597613   3.0735425   0.5513453  -1.0000000   0.0106494   0.0000000   2.6928503   0.6493916   0.0000000   0.0000000  -5.7431998  32.9070272   3.0735389   0.5513416   0.0000000   1.0000000   0.0000000
 118.0000000   1.0000000   0.7926370   0.4035441   0.0032343   1.0000000   0.7801890   0.0000000   0.0000000   2.5225786   0.9972869  -4.5418556   0.0101378   2.0015178   0.5557324   0.0105568   0.3596687   3.0734823   0.5509037  -1.0000000   0.0106472   0.0000000   2.6933049   0.6493534   0.0000000   0.0000000  -5.7433482  32.9097378   3.0734787   0.5509001   0.0000000   1.0000000   0.0000000
 119.0000000   1.0000000   0.7926370   0.4035441   0.0032343   1.0000000   0.7801890   0.0000000   0.0000000   2.5230408   0.9973756  -4.5396986   0.0101599   2.0016394   0.5537176   0.0106540   0.3595783   3.0737422   0.5627340  -1.0000000   0.0106292   0.0000000   2.6935580   0.6494106   0.0000000   0.0000000  -5.7430280  32.9132820   3.0737398   0.5627317   0.0120327   1.0000000   0.0000000
 120.0000000   1.0000000   0.7926370   0.4035441   0.0032343   1.0000000   0.7801890   0.0000000   0.0000000   2.5286658   0.9975510  -4.5981648   0.0101010   2.0018584   0.5590960   0.0106540   0.3604869   3.0906914   0.5532838  -1.0000000   0.0106539   0.0000000   2.6877956   0.6461194   0.0000000   0.0000000  -5.7495697  33.1899199   3.0906914   0.5532838   0.0087418   1.0000000   0.0000000
