 ieps grid_eps grid_z put_eps grid_eps_original cut_off_data
   1.0000000   0.3958995   1.0000000   0.0067220   0.8330734   0.1668486   0.0000780   0.0000000   0.0000000   0.0000000   0.0000000   0.0000000   0.0000000   0.0000000   0.0000000   0.0000000   0.0000000   0.0000000   0.0000000   0.0000000   0.0000000   0.0000000   0.0000000   0.0000000   0.0000000   0.0000000   0.0000000   0.0000000   0.0000000   0.0000000   0.0000000   0.0000000   0.0000000   0.0000000   0.0000000   0.4287867   1.6231063
   2.0000000   0.4888463   1.0000000   0.0257755   0.0435145   0.7799364   0.1762491   0.0003000   0.0000000   0.0000000   0.0000000   0.0000000   0.0000000   0.0000000   0.0000000   0.0000000   0.0000000   0.0000000   0.0000000   0.0000000   0.0000000   0.0000000   0.0000000   0.0000000   0.0000000   0.0000000   0.0000000   0.0000000   0.0000000   0.0000000   0.0000000   0.0000000   0.0000000   0.0000000   0.0000000   0.5294544   1.6231063
   3.0000000   0.5908161   1.0000000   0.0640316   0.0000074   0.0709315   0.7411063   0.1869534   0.0010013   0.0000001   0.0000000   0.0000000   0.0000000   0.0000000   0.0000000   0.0000000   0.0000000   0.0000000   0.0000000   0.0000000   0.0000000   0.0000000   0.0000000   0.0000000   0.0000000   0.0000000   0.0000000   0.0000000   0.0000000   0.0000000   0.0000000   0.0000000   0.0000000   0.0000000   0.0000000   0.6398948   1.6231063
   4.0000000   0.6994612   1.0000000   0.1121784   0.0000000   0.0000788   0.1065306   0.6922561   0.1982221   0.0029094   0.0000030   0.0000000   0.0000000   0.0000000   0.0000000   0.0000000   0.0000000   0.0000000   0.0000000   0.0000000   0.0000000   0.0000000   0.0000000   0.0000000   0.0000000   0.0000000   0.0000000   0.0000000   0.0000000   0.0000000   0.0000000   0.0000000   0.0000000   0.0000000   0.0000000   0.7575650   1.6231063
   5.0000000   0.8118173   1.0000000   0.1483131   0.0000000   0.0000000   0.0005629   0.1490334   0.6343514   0.2086356   0.0073747   0.0000419   0.0000001   0.0000000   0.0000000   0.0000000   0.0000000   0.0000000   0.0000000   0.0000000   0.0000000   0.0000000   0.0000000   0.0000000   0.0000000   0.0000000   0.0000000   0.0000000   0.0000000   0.0000000   0.0000000   0.0000000   0.0000000   0.0000000   0.0000000   0.8792545   1.6231063
   6.0000000   0.9244925   1.0000000   0.1561714   0.0000000   0.0000000   0.0000002   0.0028109   0.1953496   0.5692080   0.2159786   0.0162749   0.0003726   0.0000051   0.0000001   0.0000000   0.0000000   0.0000000   0.0000000   0.0000000   0.0000000   0.0000000   0.0000000   0.0000000   0.0000000   0.0000000   0.0000000   0.0000000   0.0000000   0.0000000   0.0000000   0.0000000   0.0000000   0.0000000   0.0000000   1.0012896   1.6231063
   7.0000000   1.0339109   1.0000000   0.1371639   0.0000000   0.0000000   0.0000000   0.0000071   0.0102592   0.2398360   0.4991565   0.2174831   0.0309722   0.0021569   0.0001199   0.0000081   0.0000008   0.0000001   0.0000000   0.0000000   0.0000000   0.0000000   0.0000000   0.0000000   0.0000000   0.0000000   0.0000000   0.0000000   0.0000000   0.0000000   0.0000000   0.0000000   0.0000000   0.0000000   0.0000000   1.1197972   1.6231063
   8.0000000   1.1365837   1.0000000   0.1050181   0.0000000   0.0000000   0.0000000   0.0000000   0.0001413   0.0285616   0.2744192   0.4266941   0.2105011   0.0500138   0.0080913   0.0012394   0.0002273   0.0000532   0.0000132   0.0000026   0.0000029   0.0000066   0.0000094   0.0000095   0.0000072   0.0000040   0.0000016   0.0000004   0.0000001   0.0000000   0.0000000   0.0000000   0.0000000   0.0000000   0.0000000   1.2309990   1.6231063
   9.0000000   1.2293784   1.0000000   0.0731008   0.0000000   0.0000000   0.0000000   0.0000000   0.0000011   0.0014841   0.0627659   0.2908592   0.3542109   0.1934027   0.0673842   0.0195239   0.0056848   0.0017742   0.0005073   0.0001026   0.0001189   0.0002816   0.0004269   0.0004872   0.0004362   0.0003050   0.0001619   0.0000623   0.0000163   0.0000027   0.0000002   0.0000000   0.0000000   0.0000000   0.0000000   1.3315021   1.6231063
  10.0000000   1.3097563   1.0000000   0.0478521   0.0000000   0.0000000   0.0000000   0.0000000   0.0000000   0.0000568   0.0089383   0.1110221   0.2843029   0.2838295   0.1663030   0.0746398   0.0302983   0.0117186   0.0037324   0.0007827   0.0009208   0.0022435   0.0036017   0.0045148   0.0046302   0.0038882   0.0026082   0.0013368   0.0004920   0.0001201   0.0000177   0.0000014   0.0000001   0.0000000   0.0000000   1.4185569   1.6231063
  11.0000000   1.3759580   1.0000000   0.0300574   0.0000000   0.0000000   0.0000000   0.0000000   0.0000000   0.0000026   0.0011586   0.0332687   0.1594800   0.2555226   0.2173596   0.1312914   0.0665819   0.0297772   0.0102133   0.0021970   0.0026112   0.0064911   0.0108550   0.0145519   0.0164720   0.0158385   0.0126815   0.0081172   0.0039096   0.0013085   0.0002761   0.0000328   0.0000019   0.0000000   0.0000000   1.4902580   1.6231063
  12.0000000   1.4271239   1.0000000   0.0181992   0.0000000   0.0000000   0.0000000   0.0000000   0.0000000   0.0000002   0.0001873   0.0102600   0.0809715   0.1877588   0.2103528   0.1563492   0.0921142   0.0453578   0.0163373   0.0035741   0.0042770   0.0107754   0.0185167   0.0259624   0.0314008   0.0330907   0.0299181   0.0223826   0.0130881   0.0055295   0.0015286   0.0002460   0.0000202   0.0000007   0.0000000   1.5456743   1.6231063
  13.0000000   1.4633533   1.0000000   0.0104253   0.0000000   0.0000000   0.0000000   0.0000000   0.0000000   0.0000000   0.0000460   0.0039452   0.0445000   0.1348411   0.1835447   0.1571386   0.1022262   0.0535811   0.0199163   0.0044045   0.0052940   0.0134529   0.0235261   0.0339494   0.0428369   0.0478592   0.0467615   0.0386767   0.0256759   0.0126787   0.0042163   0.0008378   0.0000868   0.0000040   0.0000001   1.5849132   1.6231063
  14.0000000   1.4857231   1.0000000   0.0052927   0.0000000   0.0000000   0.0000000   0.0000000   0.0000000   0.0000000   0.0000185   0.0020837   0.0293036   0.1050048   0.1613931   0.1506538   0.1040138   0.0565723   0.0214210   0.0047675   0.0057451   0.0146734   0.0259254   0.0380468   0.0492062   0.0568702   0.0581119   0.0509295   0.0363914   0.0196941   0.0073140   0.0016515   0.0001974   0.0000107   0.0000002   1.6091412   1.6231063
  15.0000000   1.4963296   1.0000000   0.0019626   0.0000000   0.0000000   0.0000000   0.0000000   0.0000000   0.0000000   0.0000119   0.0015206   0.0237357   0.0921442   0.1500955   0.1459706   0.1036334   0.0573453   0.0219011   0.0048888   0.0058983   0.0151000   0.0268064   0.0396471   0.0518626   0.0608812   0.0635002   0.0571431   0.0422274   0.0238343   0.0093165   0.0022333   0.0002855   0.0000167   0.0000004   1.6206288   1.6231063
  16.0000000   1.4986170   1.0000000   0.0004346   0.0000000   0.0000000   0.0000000   0.0000000   0.0000000   0.0000000   0.0000108   0.0014193   0.0226572   0.0894933   0.1476215   0.1448406   0.1034503   0.0574559   0.0219838   0.0049103   0.0059258   0.0151781   0.0269724   0.0399592   0.0523979   0.0617143   0.0646510   0.0585067   0.0435452   0.0247992   0.0098003   0.0023796   0.0003087   0.0000183   0.0000004   1.6231063   1.6231063
  17.0000000   1.4992405   1.0000000   0.0005228   0.0000000   0.0000000   0.0000000   0.0000000   0.0000000   0.0000000   0.0000105   0.0013928   0.0223704   0.0887786   0.1469456   0.1445256   0.1033942   0.0574826   0.0220050   0.0049159   0.0059329   0.0151985   0.0270161   0.0400421   0.0525414   0.0619392   0.0649636   0.0588796   0.0439078   0.0250667   0.0099355   0.0024209   0.0003153   0.0000188   0.0000004   1.6237815   1.6231063
  18.0000000   1.5021473   1.0000000   0.0013315   0.0000000   0.0000000   0.0000000   0.0000000   0.0000000   0.0000000   0.0000093   0.0012751   0.0210727   0.0854909   0.1437866   0.1430186   0.1030987   0.0575875   0.0220966   0.0049403   0.0059643   0.0152887   0.0272114   0.0404166   0.0531960   0.0629748   0.0664152   0.0606238   0.0456180   0.0263391   0.0105852   0.0026214   0.0003477   0.0000211   0.0000005   1.6269297   1.6231063
  19.0000000   1.5083653   1.0000000   0.0023438   0.0000000   0.0000000   0.0000000   0.0000000   0.0000000   0.0000000   0.0000071   0.0010537   0.0185067   0.0787079   0.1370012   0.1395923   0.1022801   0.0577037   0.0222513   0.0049834   0.0060205   0.0154536   0.0275805   0.0411487   0.0545146   0.0651137   0.0694793   0.0643815   0.0493792   0.0292021   0.0120854   0.0030983   0.0004273   0.0000271   0.0000007   1.6336643   1.6231063
  20.0000000   1.5186968   1.0000000   0.0034383   0.0000000   0.0000000   0.0000000   0.0000000   0.0000000   0.0000000   0.0000046   0.0007631   0.0148258   0.0682070   0.1257265   0.1333494   0.1003794   0.0575741   0.0223839   0.0050272   0.0060803   0.0156420   0.0280433   0.0421490   0.0564429   0.0684104   0.0744090   0.0706636   0.0559118   0.0343844   0.0149318   0.0040526   0.0005963   0.0000406   0.0000011   1.6448541   1.6231063
  21.0000000   1.5338703   1.0000000   0.0045000   0.0000000   0.0000000   0.0000000   0.0000000   0.0000000   0.0000000   0.0000023   0.0004691   0.0105615   0.0545477   0.1094485   0.1231675   0.0964607   0.0566760   0.0222989   0.0050286   0.0060921   0.0157234   0.0283748   0.0431064   0.0586296   0.0725769   0.0811456   0.0798201   0.0660300   0.0429415   0.0199824   0.0058899   0.0009523   0.0000720   0.0000022   1.6612880   1.6231063
  22.0000000   1.5546035   1.0000000   0.0054118   0.0000000   0.0000000   0.0000000   0.0000000   0.0000000   0.0000000   0.0000009   0.0002357   0.0064780   0.0391959   0.0884151   0.1079639   0.0892646   0.0541953   0.0216700   0.0049138   0.0059665   0.0154669   0.0281609   0.0434037   0.0602809   0.0767598   0.0890274   0.0917451   0.0804722   0.0563247   0.0287167   0.0094508   0.0017351   0.0001511   0.0000053   1.6837434   1.6231063
  23.0000000   1.5816447   1.0000000   0.0060616   0.0000000   0.0000000   0.0000000   0.0000000   0.0000000   0.0000000   0.0000003   0.0000923   0.0032811   0.0243956   0.0642257   0.0873758   0.0775786   0.0491575   0.0200719   0.0045842   0.0055824   0.0145540   0.0268052   0.0420916   0.0600508   0.0792781   0.0963240   0.1052442   0.0993023   0.0761361   0.0434876   0.0164429   0.0035513   0.0003709   0.0000158   1.7130309   1.6231063
  24.0000000   1.6158076   1.0000000   0.0063595   0.0000000   0.0000000   0.0000000   0.0000000   0.0000000   0.0000000   0.0000001   0.0000266   0.0013004   0.0125165   0.0401356   0.0627616   0.0610658   0.0408622   0.0171345   0.0039490   0.0048267   0.0126749   0.0236863   0.0380788   0.0561881   0.0775884   0.0998302   0.1171280   0.1206496   0.1030944   0.0673844   0.0300951   0.0079285   0.0010375   0.0000570   1.7500318   1.6231063
  25.0000000   1.6580046   1.0000000   0.0062574   0.0000000   0.0000000   0.0000000   0.0000000   0.0000000   0.0000000   0.0000000   0.0000053   0.0003768   0.0049596   0.0203026   0.0378481   0.0413573   0.0296469   0.0128546   0.0029966   0.0036796   0.0097511   0.0185582   0.0307255   0.0472791   0.0690062   0.0952070   0.1216703   0.1389850   0.1346504   0.1027048   0.0555496   0.0184784   0.0031702   0.0002370   1.7957341   1.6231063
  26.0000000   1.7092810   1.0000000   0.0057673   0.0000000   0.0000000   0.0000000   0.0000000   0.0000000   0.0000000   0.0000000   0.0000007   0.0000734   0.0013971   0.0076666   0.0177467   0.0224256   0.0175301   0.0079275   0.0018748   0.0023156   0.0062072   0.0120887   0.0207683   0.0336772   0.0526476   0.0791115   0.1120366   0.1445262   0.1617067   0.1466619   0.0981240   0.0424431   0.0099673   0.0010755   1.8512699   1.6231063
  27.0000000   1.7708543   1.0000000   0.0049651   0.0000000   0.0000000   0.0000000   0.0000000   0.0000000   0.0000000   0.0000000   0.0000000   0.0000087   0.0002529   0.0019503   0.0058431   0.0088202   0.0076783   0.0036602   0.0008814   0.0010967   0.0029828   0.0059810   0.0107677   0.0186557   0.0317924   0.0531230   0.0852925   0.1271968   0.1681206   0.1850975   0.1561415   0.0897962   0.0299023   0.0049582   1.9179581   1.6231063
  28.0000000   1.8441596   1.0000000   0.0039741   0.0000000   0.0000000   0.0000000   0.0000000   0.0000000   0.0000000   0.0000000   0.0000000   0.0000006   0.0000261   0.0002955   0.0011898   0.0022133   0.0021929   0.0011148   0.0002745   0.0003447   0.0009546   0.0019852   0.0037901   0.0071382   0.0135674   0.0259247   0.0487087   0.0867925   0.1398656   0.1921750   0.2089496   0.1626285   0.0785854   0.0212822   1.9973528   1.6231063
  29.0000000   1.9309027   1.0000000   0.0029289   0.0000000   0.0000000   0.0000000   0.0000000   0.0000000   0.0000000   0.0000000   0.0000000   0.0000000   0.0000013   0.0000231   0.0001293   0.0003041   0.0003494   0.0001914   0.0000484   0.0000614   0.0001738   0.0003774   0.0007734   0.0016126   0.0035072   0.0079277   0.0181708   0.0405360   0.0834873   0.1493546   0.2164166   0.2330399   0.1657869   0.0777274   2.0913016   1.6231063
  30.0000000   2.0331263   1.0000000   0.0019294   0.0000000   0.0000000   0.0000000   0.0000000   0.0000000   0.0000000   0.0000000   0.0000000   0.0000000   0.0000000   0.0000008   0.0000063   0.0000193   0.0000261   0.0000155   0.0000040   0.0000052   0.0000150   0.0000343   0.0000763   0.0001787   0.0004550   0.0012564   0.0036721   0.0108563   0.0305198   0.0759416   0.1551792   0.2405859   0.2571288   0.2240232   2.2020168   1.6231063
  31.0000000   2.1532903   1.0000000   0.0015098   0.0000000   0.0000000   0.0000000   0.0000000   0.0000000   0.0000000   0.0000000   0.0000000   0.0000000   0.0000000   0.0000000   0.0000001   0.0000005   0.0000008   0.0000005   0.0000001   0.0000002   0.0000005   0.0000012   0.0000030   0.0000080   0.0000242   0.0000836   0.0003227   0.0013305   0.0054806   0.0207068   0.0653078   0.1571096   0.2644444   0.4851751   2.3321629   1.6231063
