 t r r1 w w1
   1.0000000   0.0101010   0.0101010   2.0018584   2.0018584
   2.0000000   0.0101010   0.0101010   2.0002357   1.9997855
   3.0000000   0.0096197   0.0083852   1.9961932   1.9957464
   4.0000000   0.0095725   0.0099091   1.9926786   1.9923679
   5.0000000   0.0095276   0.0093400   1.9894457   1.9890150
   6.0000000   0.0096459   0.0094759   1.9891712   1.9889638
   7.0000000   0.0092863   0.0090906   1.9814432   1.9804584
   8.0000000   0.0094619   0.0091894   1.9804167   1.9794435
   9.0000000   0.0097086   0.0093316   1.9834577   1.9834482
  10.0000000   0.0100767   0.0094872   1.9891273   1.9899610
  11.0000000   0.0095596   0.0091069   1.9808607   1.9810852
  12.0000000   0.0098589   0.0090945   1.9834907   1.9840710
  13.0000000   0.0094412   0.0089789   1.9757559   1.9754257
  14.0000000   0.0093142   0.0090488   1.9706663   1.9696383
  15.0000000   0.0092992   0.0085915   1.9675119   1.9660250
  16.0000000   0.0093036   0.0094329   1.9652023   1.9633542
  17.0000000   0.0094897   0.0092187   1.9661970   1.9643163
  18.0000000   0.0098030   0.0092139   1.9700249   1.9685781
  19.0000000   0.0102715   0.0097774   1.9786689   1.9782585
  20.0000000   0.0101864   0.0097329   1.9792440   1.9787968
  21.0000000   0.0102035   0.0098626   1.9801645   1.9797086
  22.0000000   0.0101661   0.0096832   1.9799262   1.9797576
  23.0000000   0.0102011   0.0101375   1.9810049   1.9807641
  24.0000000   0.0101715   0.0101390   1.9813592   1.9809090
  25.0000000   0.0100582   0.0100458   1.9799927   1.9791321
  26.0000000   0.0100208   0.0102230   1.9792742   1.9781465
  27.0000000   0.0099859   0.0101097   1.9784747   1.9770227
  28.0000000   0.0102335   0.0104424   1.9825013   1.9814270
  29.0000000   0.0101838   0.0104798   1.9825261   1.9812593
  30.0000000   0.0105797   0.0106056   1.9899691   1.9895282
  31.0000000   0.0104755   0.0106576   1.9909764   1.9904922
  32.0000000   0.0104585   0.0107402   1.9917594   1.9913300
  33.0000000   0.0104294   0.0106827   1.9925680   1.9919047
  34.0000000   0.0104084   0.0107232   1.9934018   1.9927970
  35.0000000   0.0103913   0.0110417   1.9941935   1.9936859
  36.0000000   0.0103680   0.0105748   1.9949274   1.9944872
  37.0000000   0.0103519   0.0109563   1.9956312   1.9952862
  38.0000000   0.0103320   0.0106008   1.9962867   1.9959934
  39.0000000   0.0103294   0.0110671   1.9967177   1.9959789
  40.0000000   0.0102994   0.0107552   1.9970947   1.9963164
  41.0000000   0.0102777   0.0107472   1.9974344   1.9966256
  42.0000000   0.0102606   0.0107229   1.9977532   1.9969591
  43.0000000   0.0102455   0.0109321   1.9980501   1.9972848
  44.0000000   0.0102345   0.0107132   1.9983231   1.9976183
  45.0000000   0.0102227   0.0107632   1.9985660   1.9979543
  46.0000000   0.0102117   0.0108973   1.9988087   1.9982351
  47.0000000   0.0102032   0.0106461   1.9990390   1.9985474
  48.0000000   0.0101957   0.0105464   1.9992595   1.9988523
  49.0000000   0.0101868   0.0107417   1.9994671   1.9991443
  50.0000000   0.0101792   0.0107616   1.9996639   1.9994204
  51.0000000   0.0101730   0.0105650   1.9998495   1.9996796
  52.0000000   0.0101681   0.0106025   2.0000245   1.9999281
  53.0000000   0.0101639   0.0107630   2.0001889   2.0001656
  54.0000000   0.0101589   0.0101935   2.0003438   2.0003342
  55.0000000   0.0101518   0.0106319   2.0004818   2.0005125
  56.0000000   0.0101510   0.0104745   2.0005869   2.0005230
  57.0000000   0.0101451   0.0103762   2.0006778   2.0006138
  58.0000000   0.0101412   0.0104737   2.0007594   2.0007020
  59.0000000   0.0101383   0.0103360   2.0008345   2.0007910
  60.0000000   0.0101351   0.0104285   2.0009100   2.0008818
  61.0000000   0.0101331   0.0103093   2.0009820   2.0009709
  62.0000000   0.0101311   0.0103518   2.0010537   2.0010605
  63.0000000   0.0101294   0.0103631   2.0011214   2.0011490
  64.0000000   0.0101282   0.0102162   2.0011889   2.0012341
  65.0000000   0.0101268   0.0103129   2.0012539   2.0013200
  66.0000000   0.0101257   0.0102882   2.0013197   2.0014015
  67.0000000   0.0101247   0.0103034   2.0013821   2.0014815
  68.0000000   0.0101238   0.0102144   2.0014450   2.0015551
  69.0000000   0.0101230   0.0101470   2.0015028   2.0016131
  70.0000000   0.0101222   0.0102199   2.0015576   2.0016887
  71.0000000   0.0101218   0.0108218   2.0016077   2.0015293
  72.0000000   0.0101222   0.0099234   2.0016377   2.0014699
  73.0000000   0.0101208   0.0100329   2.0016422   2.0014332
  74.0000000   0.0101193   0.0099568   2.0016354   2.0014105
  75.0000000   0.0101198   0.0099637   2.0016255   2.0014266
  76.0000000   0.0101173   0.0102057   2.0016233   2.0014388
  77.0000000   0.0101163   0.0102113   2.0016248   2.0014545
  78.0000000   0.0101158   0.0102218   2.0016291   2.0014718
  79.0000000   0.0101154   0.0102015   2.0016368   2.0014900
  80.0000000   0.0101150   0.0102073   2.0016466   2.0015090
  81.0000000   0.0101146   0.0101831   2.0016585   2.0015279
  82.0000000   0.0101145   0.0101636   2.0016715   2.0015475
  83.0000000   0.0101142   0.0101851   2.0016852   2.0015678
  84.0000000   0.0101143   0.0101666   2.0016984   2.0015886
  85.0000000   0.0101132   0.0101423   2.0017116   2.0015977
  86.0000000   0.0101133   0.0101579   2.0017273   2.0016150
  87.0000000   0.0101131   0.0101433   2.0017430   2.0016320
  88.0000000   0.0101129   0.0101520   2.0017598   2.0016490
  89.0000000   0.0101126   0.0101371   2.0017757   2.0016661
  90.0000000   0.0101125   0.0101199   2.0017924   2.0016831
  91.0000000   0.0101122   0.0101408   2.0018086   2.0017004
  92.0000000   0.0101121   0.0101255   2.0018247   2.0017172
  93.0000000   0.0101116   0.0101529   2.0018408   2.0017333
  94.0000000   0.0101115   0.0101068   2.0018562   2.0017489
  95.0000000   0.0101112   0.0101350   2.0018714   2.0017647
  96.0000000   0.0101108   0.0101206   2.0018864   2.0017793
  97.0000000   0.0101102   0.0101223   2.0019005   2.0017936
  98.0000000   0.0101104   0.0101240   2.0019146   2.0018077
  99.0000000   0.0101101   0.0101182   2.0019279   2.0018216
 100.0000000   0.0101096   0.0101175   2.0019401   2.0018351
 101.0000000   0.0101093   0.0101184   2.0019525   2.0018479
 102.0000000   0.0101088   0.0101165   2.0019642   2.0018604
 103.0000000   0.0101083   0.0101010   2.0019749   2.0018722
 104.0000000   0.0101079   0.0101115   2.0019844   2.0018843
 105.0000000   0.0101073   0.0101043   2.0019941   2.0018953
 106.0000000   0.0101067   0.0101249   2.0020025   2.0019060
 107.0000000   0.0101062   0.0100325   2.0020119   2.0019074
 108.0000000   0.0101055   0.0101849   2.0020194   2.0019321
 109.0000000   0.0101042   0.0100255   2.0020275   2.0019258
 110.0000000   0.0101041   0.0101590   2.0020352   2.0019518
 111.0000000   0.0101040   0.0101156   2.0020412   2.0019571
 112.0000000   0.0101031   0.0100808   2.0020473   2.0019644
 113.0000000   0.0101022   0.0101001   2.0020529   2.0019706
 114.0000000   0.0101014   0.0101418   2.0020572   2.0019775
 115.0000000   0.0100999   0.0099781   2.0020615   2.0019727
 116.0000000   0.0100990   0.0101004   2.0020649   2.0019842
 117.0000000   0.0100981   0.0101391   2.0020665   2.0019928
 118.0000000   0.0100963   0.0100727   2.0020741   2.0019929
 119.0000000   0.0100903   0.0100683   2.0020698   2.0019893
 120.0000000   0.0101010   0.0101010   2.0018584   2.0018584
