   2.00023573876633     
   1.99619319194227     
   1.99267864655797     
   1.98944573992980     
   1.98917123955273     
   1.98144317662888     
   1.98041670233329     
   1.98345773340310     
   1.98912728628335     
   1.98086074693327     
   1.98349066918999     
   1.97575594386950     
   1.97066630297440     
   1.96751194675228     
   1.96520230058003     
   1.96619704279297     
   1.97002493316474     
   1.97866891317753     
   1.97924402886753     
   1.98016449051402     
   1.97992621880294     
   1.98100492593120     
   1.98135919803677     
   1.97999274764764     
   1.97927417822110     
   1.97847473133888     
   1.98250131812189     
   1.98252605981561     
   1.98996914931091     
   1.99097636851163     
   1.99175941529880     
   1.99256800470070     
   1.99340175832622     
   1.99419352049123     
   1.99492739129643     
   1.99563122406665     
   1.99628666298326     
   1.99671774011004     
   1.99709469490098     
   1.99743444108577     
   1.99775318143999     
   1.99805009283669     
   1.99832314886276     
   1.99856595836258     
   1.99880869670519     
   1.99903899454395     
   1.99925950417770     
   1.99946709886723     
   1.99966392042273     
   1.99984953592840     
   2.00002452566362     
   2.00018890489414     
   2.00034381360592     
   2.00048177357242     
   2.00058686149588     
   2.00067780715780     
   2.00075943563440     
   2.00083449194627     
   2.00091001762267     
   2.00098199456453     
   2.00105371831806     
   2.00112140726830     
   2.00118892509407     
   2.00125388686803     
   2.00131971537446     
   2.00138208984964     
   2.00144501467702     
   2.00150280494668     
   2.00155756158471     
   2.00160770628730     
   2.00163772141059     
   2.00164220269055     
   2.00163543791971     
   2.00162554598339     
   2.00162331598730     
   2.00162477450985     
   2.00162912965257     
   2.00163682466213     
   2.00164656145782     
   2.00165849846108     
   2.00167150320214     
   2.00168521961789     
   2.00169840640228     
   2.00171161751384     
   2.00172728041682     
   2.00174304835549     
   2.00175981776987     
   2.00177566380079     
   2.00179241680001     
   2.00180859497547     
   2.00182465426712     
   2.00184082731601     
   2.00185624910185     
   2.00187141979783     
   2.00188642493435     
   2.00190047400213     
   2.00191463769490     
   2.00192791906831     
   2.00194014685185     
   2.00195251227899     
   2.00196415370610     
   2.00197487796570     
   2.00198444594374     
   2.00199405063535     
   2.00200246734675     
   2.00201191917417     
   2.00201940842285     
   2.00202748267953     
   2.00203515413202     
   2.00204118274282     
   2.00204732359897     
   2.00205290785054     
   2.00205722063437     
   2.00206150726753     
   2.00206490987003     
   2.00206652972360     
   2.00207407035266     
   2.00206975836132     
