 t output_loss_entry employment_loss_entry investment_loss_entry debt_loss_entry
 output_gain_entry employment_gain_entry investment_gain_entry debt_gain_entry
 output_loss_exit employment_loss_exit investment_loss_exit debt_loss_exit
 output_gain_exit employment_gain_exit investment_gain_exit debt_gain_exit
 output_loss_incumbent employment_loss_incumbent investment_loss_incumbent debt_
 loss_incumbent
 output_gain_incumbent employment_gain_incumbent investment_gain_incumbent debt_
 gain_incumbent
 gdp1 h1 inv1 firm_debt2
 gdp_t h_t inv_t firm_debt_t
   1.0000000   0.0000000   0.0000000   0.0000000   0.0000000   0.0000000   0.0000000   0.0000000   0.0000000   0.0000000   0.0000000   0.0000000   0.0000000   0.0000000   0.0000000   0.0000000   0.0000000   0.0000000   0.0000000   0.0000000   0.0000000   0.0000000   0.0000000   0.0000000   0.0000000   3.0906914   1.0019087   0.5532838   5.7495697   3.0906914   1.0019087   0.5532838   5.7495697
   2.0000000   0.0037336   0.0018918   0.0160989   0.0041198   0.0000000   0.0000000   0.0000000   0.0000000   0.0018559   0.0009233  -0.0124066   0.0000137   0.0000000   0.0000000  -0.0124481   0.0000000   3.0851019   0.9990937   0.5495915   5.7454361   3.0471355   0.9908794   0.5486234   5.7381089   3.0906914   1.0019087   0.5532838   5.7495697   3.0471355   0.9908794   0.5361753   5.7381089
   3.0000000   0.0063267   0.0030878   0.0170179   0.0094209   0.0000000   0.0000000   0.0000000   0.0000000   0.0017996   0.0008951  -0.0174729   0.0000133   0.0000000   0.0000000  -0.0119341   0.0000000   3.0825665   0.9979262   0.5537389   5.7401354   3.0337084   0.9878219   0.5389475   5.7275521   3.0906914   1.0019087   0.5532838   5.7495697   3.0337084   0.9878219   0.5270134   5.7275521
   4.0000000   0.0089270   0.0042537   0.0159230   0.0144416   0.0000000   0.0000000   0.0000000   0.0000000   0.0018863   0.0009380  -0.0185321   0.0000147   0.0000000   0.0000000  -0.0126342   0.0000000   3.0798810   0.9967178   0.5558930   5.7351134   3.0220816   0.9855111   0.5284970   5.7151780   3.0906914   1.0019087   0.5532838   5.7495697   3.0220816   0.9855111   0.5158628   5.7151780
   5.0000000   0.0112068   0.0052569   0.0146194   0.0189411   0.0000000   0.0000000   0.0000000   0.0000000   0.0018886   0.0009391  -0.0184688   0.0000161   0.0000000   0.0000000  -0.0127421   0.0000000   3.0776001   0.9957138   0.5571334   5.7306125   3.0110582   0.9833131   0.5194697   5.7023664   3.0906914   1.0019087   0.5532838   5.7495697   3.0110582   0.9833131   0.5067276   5.7023664
   6.0000000   0.0132497   0.0061453   0.0136906   0.0230174   0.0000000   0.0000000   0.0000000   0.0000000   0.0016735   0.0008323  -0.0165869   0.0000174   0.0000000   0.0000000  -0.0113821   0.0000000   3.0757737   0.9949327   0.5561802   5.7265349   3.0169746   0.9841491   0.5255760   5.6873620   3.0906914   1.0019087   0.5532838   5.7495697   3.0169746   0.9841491   0.5141939   5.6873620
   7.0000000   0.0150984   0.0069413   0.0128491   0.0266871   0.0000000   0.0000000   0.0000000   0.0000000   0.0018845   0.0009369  -0.0181987   0.0000187   0.0000000   0.0000000  -0.0124193   0.0000000   3.0737154   0.9940325   0.5586335   5.7228639   2.9789633   0.9773260   0.4911055   5.6729847   3.0906914   1.0019087   0.5532838   5.7495697   2.9789633   0.9773260   0.4786862   5.6729847
   8.0000000   0.0167682   0.0076527   0.0122287   0.0300395   0.0000000   0.0000000   0.0000000   0.0000000   0.0018514   0.0009205  -0.0180951   0.0000146   0.0000000   0.0000000  -0.0175938   0.0000000   3.0720800   0.9933379   0.5591504   5.7195155   2.9810844   0.9775613   0.5006575   5.6595861   3.0906914   1.0019087   0.5532838   5.7495697   2.9810844   0.9775613   0.4830636   5.6595861
   9.0000000   0.0162076   0.0072399   0.0027493   0.0308318   0.0000000   0.0000000   0.0000000   0.0000000   0.0003217   0.0001600  -0.0062984   0.0000135   0.0000000   0.0000000  -0.0034644   0.0000000   3.0741715   0.9945115   0.5568331   5.7187243   3.0033603   0.9822839   0.5107066   5.6501157   3.0906914   1.0019087   0.5532838   5.7495697   3.0033603   0.9822839   0.5072422   5.6501157
  10.0000000   0.0161612   0.0071577   0.0018405   0.0307467   0.0000000   0.0000000   0.0000000   0.0000000   0.0000064   0.0000029  -0.0045895   0.0000106   0.0000629   0.0000316  -0.0016031   0.0000000   3.0745346   0.9947513   0.5560330   5.7188124   3.0396437   0.9887611   0.5467084   5.6414826   3.0906914   1.0019087   0.5532838   5.7495697   3.0397066   0.9887927   0.5451053   5.6414826
  11.0000000   0.0160088   0.0070441   0.0021451   0.0306389   0.0000000   0.0000000   0.0000000   0.0000000   0.0003487   0.0001734  -0.0068943   0.0000120   0.0000000   0.0000000  -0.0034707   0.0000000   3.0743460   0.9946946   0.5580333   5.7189187   2.9946351   0.9810433   0.5059596   5.6333980   3.0906914   1.0019087   0.5532838   5.7495697   2.9946351   0.9810433   0.5024889   5.6333980
  12.0000000   0.0159488   0.0069803   0.0026529   0.0306823   0.0000000   0.0000000   0.0000000   0.0000000   0.0000072   0.0000032  -0.0042329   0.0000124   0.0000000   0.0000000  -0.0011363   0.0000000   3.0747487   0.9949290   0.5548641   5.7188750   3.0132673   0.9844745   0.5247407   5.6226265   3.0906914   1.0019087   0.5532838   5.7495697   3.0132673   0.9844745   0.5236044   5.6226265
  13.0000000   0.0159505   0.0069470   0.0030171   0.0308519   0.0000000   0.0000000   0.0000000   0.0000000   0.0017178   0.0008542  -0.0165295   0.0000126   0.0000000   0.0000000  -0.0122347   0.0000000   3.0730376   0.9941117   0.5667965   5.7187052   2.9726585   0.9771899   0.4979962   5.6086628   3.0906914   1.0019087   0.5532838   5.7495697   2.9726585   0.9771899   0.4857615   5.6086628
  14.0000000   0.0160010   0.0069367   0.0033833   0.0311614   0.0000000   0.0000000   0.0000000   0.0000000   0.0019435   0.0009661  -0.0180785   0.0000128   0.0000000   0.0000000  -0.0141807   0.0000000   3.0727626   0.9940104   0.5679793   5.7183955   2.9477220   0.9729878   0.4775961   5.5919976   3.0906914   1.0019087   0.5532838   5.7495697   2.9477220   0.9729878   0.4634155   5.5919976
  15.0000000   0.0161011   0.0069493   0.0036670   0.0315796   0.0000000   0.0000000   0.0000000   0.0000000   0.0019468   0.0009678  -0.0177573   0.0000129   0.0000000   0.0000000  -0.0136472   0.0000000   3.0726604   0.9939965   0.5673745   5.7179772   2.9349543   0.9709621   0.4680075   5.5738059   3.0906914   1.0019087   0.5532838   5.7495697   2.9349543   0.9709621   0.4543604   5.5738059
  16.0000000   0.0150555   0.0063789  -0.0011934   0.0307830   0.0000000   0.0000000   0.0000000   0.0000000   0.0019493   0.0009690  -0.0184711   0.0000130   0.0000000   0.0000000  -0.0182716   0.0000000   3.0737047   0.9945660   0.5729486   5.7187737   2.9265062   0.9698565   0.4658246   5.5569544   3.0906914   1.0019087   0.5532838   5.7495697   2.9265062   0.9698565   0.4475530   5.5569544
  17.0000000   0.0139394   0.0058080  -0.0032689   0.0291793   0.0000000   0.0000000   0.0000000   0.0000000   0.0017507   0.0008705  -0.0156285   0.0000119   0.0000000   0.0000000  -0.0150751   0.0000000   3.0750206   0.9952357   0.5721816   5.7203785   2.9361539   0.9719833   0.4744411   5.5444276   3.0906914   1.0019087   0.5532838   5.7495697   2.9361539   0.9719833   0.4593660   5.5444276
  18.0000000   0.0129890   0.0053448  -0.0028302   0.0275919   0.0003807   0.0001953   0.0016665   0.0004277   0.0003788   0.0001884  -0.0055238   0.0000104   0.0000000   0.0000000  -0.0077948   0.0000000   3.0773439   0.9963814   0.5616382   5.7219674   2.9586200   0.9765865   0.4905162   5.5371645   3.0906914   1.0019087   0.5532838   5.7495697   2.9590007   0.9767818   0.4843880   5.5375922
  19.0000000   0.0121613   0.0049464  -0.0021019   0.0262672   0.0023832   0.0012039   0.0092771   0.0028968   0.0000042   0.0000017  -0.0025950   0.0000097   0.0001692   0.0000853  -0.0039812   0.0000001   3.0785474   0.9969667   0.5579812   5.7232928   3.0049427   0.9847900   0.5283794   5.5322391   3.0906914   1.0019087   0.5532838   5.7495697   3.0074951   0.9860792   0.5336752   5.5351360
  20.0000000   0.0114654   0.0046120  -0.0014908   0.0251925   0.0038409   0.0018803   0.0095366   0.0058680   0.0000039   0.0000015  -0.0021536   0.0000093   0.0001545   0.0000779  -0.0029922   0.0000001   3.0792447   0.9973017   0.5569287   5.7243678   3.0035786   0.9844910   0.5281112   5.5301980   3.0906914   1.0019087   0.5532838   5.7495697   3.0075740   0.9864491   0.5346556   5.5360662
  21.0000000   0.0108733   0.0043263  -0.0009697   0.0243431   0.0052648   0.0025227   0.0088414   0.0086324   0.0000036   0.0000014  -0.0020734   0.0000091   0.0001626   0.0000820  -0.0025367   0.0000001   3.0798382   0.9975878   0.5563274   5.7252175   3.0044765   0.9845533   0.5312645   5.5290525   3.0906914   1.0019087   0.5532838   5.7495697   3.0099039   0.9871580   0.5375692   5.5376850
  22.0000000   0.0103719   0.0040829  -0.0005393   0.0236838   0.0065009   0.0030727   0.0081181   0.0111047   0.0000035   0.0000013  -0.0019050   0.0000089   0.0001557   0.0000785  -0.0022617   0.0000001   3.0803409   0.9978316   0.5557286   5.7258770   3.0007441   0.9839285   0.5302321   5.5285646   3.0906914   1.0019087   0.5532838   5.7495697   3.0074007   0.9870796   0.5360885   5.5396694
  23.0000000   0.0099461   0.0038745  -0.0001842   0.0231822   0.0076177   0.0035607   0.0075895   0.0133316   0.0000033   0.0000013  -0.0018881   0.0000087   0.0001553   0.0000783  -0.0021556   0.0000001   3.0807679   0.9980404   0.5553566   5.7263788   3.0030303   0.9842486   0.5339680   5.5278427   3.0906914   1.0019087   0.5532838   5.7495697   3.0108033   0.9878876   0.5394019   5.5411744
  24.0000000   0.0095828   0.0036948   0.0001121   0.0228120   0.0086161   0.0039949   0.0071224   0.0153346   0.0000032   0.0000012  -0.0018850   0.0000086   0.0001562   0.0000787  -0.0020400   0.0000001   3.0811324   0.9982204   0.5550573   5.7267491   3.0011151   0.9838207   0.5333107   5.5266484   3.0906914   1.0019087   0.5532838   5.7495697   3.0098874   0.9878943   0.5383930   5.5419831
  25.0000000   0.0092712   0.0035389   0.0003616   0.0225518   0.0094874   0.0043769   0.0067894   0.0171804   0.0000031   0.0000012  -0.0011399   0.0000085   0.0000336   0.0000170  -0.0012070   0.0000001   3.0814451   0.9983766   0.5540627   5.7270094   2.9898943   0.9818125   0.5224737   5.5246456   3.0906914   1.0019087   0.5532838   5.7495697   2.9994154   0.9862063   0.5280561   5.5418261
  26.0000000   0.0090029   0.0034029   0.0005739   0.0223843   0.0102927   0.0047245   0.0064919   0.0188724   0.0000030   0.0000011  -0.0006664   0.0000084   0.0000001   0.0000000  -0.0008515   0.0000001   3.0817145   0.9985130   0.5533770   5.7271769   2.9833302   0.9806562   0.5163248   5.5218502   3.0906914   1.0019087   0.5532838   5.7495697   2.9936229   0.9853807   0.5219652   5.5407227
  27.0000000   0.0087709   0.0032835   0.0007564   0.0222956   0.0110257   0.0050383   0.0063017   0.0204498   0.0000035   0.0000013  -0.0009921   0.0000083   0.0000001   0.0000000  -0.0031938   0.0000001   3.0819470   0.9986325   0.5535201   5.7272657   2.9768449   0.9794474   0.5130837   5.5203613   3.0906914   1.0019087   0.5532838   5.7495697   2.9878706   0.9844857   0.5161916   5.5408112
  28.0000000   0.0085697   0.0031782   0.0009146   0.0222741   0.0118132   0.0053492   0.0063622   0.0220062   0.0000029   0.0000010  -0.0044380   0.0000083   0.0001618   0.0000816  -0.0048228   0.0000001   3.0821498   0.9987383   0.5568079   5.7272873   2.9979539   0.9831868   0.5358750   5.5207183   3.0906914   1.0019087   0.5532838   5.7495697   3.0099289   0.9886176   0.5374144   5.5427246
  29.0000000   0.0083946   0.0030849   0.0010526   0.0223099   0.0124818   0.0056286   0.0060766   0.0234352   0.0000028   0.0000010  -0.0009331   0.0000083   0.0000657   0.0000331  -0.0035176   0.0000001   3.0823260   0.9988320   0.5531650   5.7272515   2.9949704   0.9826263   0.5315173   5.5241120   3.0906914   1.0019087   0.5532838   5.7495697   3.0075179   0.9882880   0.5340763   5.5475473
  30.0000000   0.0082418   0.0030018   0.0011734   0.0223946   0.0133411   0.0059493   0.0060401   0.0247815   0.0000028   0.0000010  -0.0103876   0.0000082   0.0015669   0.0007863  -0.0129768   0.0000006   3.0824797   0.9989153   0.5624987   5.7271669   3.0324787   0.9888752   0.5796462   5.5301098   3.0906914   1.0019087   0.5532838   5.7495697   3.0473867   0.9956109   0.5727094   5.5548919
  31.0000000   0.0081083   0.0029276   0.0012795   0.0225206   0.0139494   0.0061932   0.0061167   0.0261582   0.0000027   0.0000010  -0.0109521   0.0000082   0.0012193   0.0006119  -0.0112035   0.0000006   3.0826143   0.9989899   0.5629572   5.7270409   3.0337443   0.9890323   0.5779589   5.5379908   3.0906914   1.0019087   0.5532838   5.7495697   3.0489130   0.9958373   0.5728721   5.5641495
  32.0000000   0.0079913   0.0028610   0.0013725   0.0226811   0.0145128   0.0064137   0.0058595   0.0274019   0.0000027   0.0000009  -0.0069675   0.0000082   0.0006321   0.0003169  -0.0073976   0.0000004   3.0827323   0.9990567   0.5588796   5.7268804   3.0351385   0.9892401   0.5742137   5.5455858   3.0906914   1.0019087   0.5532838   5.7495697   3.0502833   0.9959707   0.5726756   5.5729880
  33.0000000   0.0078885   0.0028010   0.0014538   0.0228697   0.0150202   0.0066072   0.0058550   0.0286336   0.0000027   0.0000009  -0.0020821   0.0000082   0.0002090   0.0001045  -0.0037805   0.0000003   3.0828360   0.9991170   0.5539129   5.7266917   3.0360438   0.9891862   0.5701640   5.5531730   3.0906914   1.0019087   0.5532838   5.7495697   3.0512731   0.9958979   0.5722385   5.5818068
  34.0000000   0.0077979   0.0027468   0.0015246   0.0230805   0.0155499   0.0068119   0.0059573   0.0298874   0.0000026   0.0000009  -0.0020285   0.0000082   0.0002102   0.0001051  -0.0028192   0.0000003   3.0829275   0.9991715   0.5537885   5.7264809   3.0371878   0.9892671   0.5692481   5.5606705   3.0906914   1.0019087   0.5532838   5.7495697   3.0529478   0.9961841   0.5723862   5.5905582
  35.0000000   0.0077179   0.0026976   0.0015857   0.0233077   0.0160680   0.0070107   0.0059415   0.0311122   0.0000026   0.0000009  -0.0019987   0.0000082   0.0002078   0.0001039  -0.0027091   0.0000003   3.0830085   0.9992210   0.5536976   5.7262537   3.0383290   0.9893855   0.5685007   5.5679279   3.0906914   1.0019087   0.5532838   5.7495697   3.0546048   0.9965001   0.5717331   5.5990403
  36.0000000   0.0076469   0.0026527   0.0016377   0.0235458   0.0165671   0.0072001   0.0059837   0.0323334   0.0000026   0.0000009  -0.0020598   0.0000082   0.0001745   0.0000873  -0.0023414   0.0000002   3.0830804   0.9992661   0.5537068   5.7260157   3.0394273   0.9894869   0.5684902   5.5754198   3.0906914   1.0019087   0.5532838   5.7495697   3.0561689   0.9967743   0.5721325   5.6077535
  37.0000000   0.0075836   0.0026117   0.0016811   0.0237892   0.0170543   0.0073835   0.0059558   0.0335170   0.0000026   0.0000009  -0.0020288   0.0000083   0.0001714   0.0000857  -0.0023315   0.0000002   3.0831445   0.9993074   0.5536323   5.7257722   3.0405406   0.9896084   0.5680024   5.5824412   3.0906914   1.0019087   0.5532838   5.7495697   3.0577663   0.9970776   0.5716267   5.6159584
  38.0000000   0.0075270   0.0025739   0.0017164   0.0240329   0.0175207   0.0075567   0.0060375   0.0347170   0.0000026   0.0000009  -0.0019652   0.0000083   0.0001693   0.0000846  -0.0019681   0.0000002   3.0832021   0.9993454   0.5535334   5.7255285   3.0415436   0.9896869   0.5677945   5.5897635   3.0906914   1.0019087   0.5532838   5.7495697   3.0592335   0.9973283   0.5718638   5.6244807
  39.0000000   0.0074758   0.0025391   0.0017440   0.0242715   0.0162421   0.0068436  -0.0014350   0.0339895   0.0000025   0.0000008  -0.0018920   0.0000083   0.0001681   0.0000840  -0.0018882   0.0000002   3.0832540   0.9993805   0.5534327   5.7252899   3.0428530   0.9899353   0.5728377   5.5983918   3.0906914   1.0019087   0.5532838   5.7495697   3.0592631   0.9968629   0.5695145   5.6323815
  40.0000000   0.0074294   0.0025067   0.0017641   0.0245001   0.0154935   0.0064536  -0.0017518   0.0327335   0.0000025   0.0000008  -0.0019171   0.0000083   0.0001646   0.0000823  -0.0018118   0.0000002   3.0833014   0.9994131   0.5534377   5.7250613   3.0444588   0.9902725   0.5723192   5.6067824   3.0906914   1.0019087   0.5532838   5.7495697   3.0601168   0.9968084   0.5687556   5.6395160
  41.0000000   0.0073867   0.0024766   0.0017772   0.0247139   0.0147402   0.0060765  -0.0011250   0.0316354   0.0000025   0.0000008  -0.0019040   0.0000083   0.0001630   0.0000815  -0.0017768   0.0000002   3.0833449   0.9994435   0.5534115   5.7248474   3.0460340   0.9906105   0.5708839   5.6145630   3.0906914   1.0019087   0.5532838   5.7495697   3.0609372   0.9967685   0.5679822   5.6461985
  42.0000000   0.0073470   0.0024483   0.0017835   0.0249085   0.0141366   0.0057750  -0.0004378   0.0307901   0.0000025   0.0000008  -0.0019016   0.0000083   0.0001623   0.0000812  -0.0017613   0.0000001   3.0833854   0.9994720   0.5534029   5.7246529   3.0475144   0.9909302   0.5695226   5.6218120   3.0906914   1.0019087   0.5532838   5.7495697   3.0618134   0.9967864   0.5673236   5.6526023
  43.0000000   0.0073098   0.0024216   0.0017834   0.0250796   0.0136368   0.0055233   0.0000806   0.0301547   0.0000025   0.0000008  -0.0018869   0.0000083   0.0001559   0.0000780  -0.0016842   0.0000001   3.0834234   0.9994990   0.5533883   5.7244818   3.0488923   0.9912251   0.5677462   5.6286136   3.0906914   1.0019087   0.5532838   5.7495697   3.0626850   0.9968264   0.5661426   5.6587685
  44.0000000   0.0072743   0.0023963   0.0017774   0.0252234   0.0132229   0.0053121   0.0005551   0.0297206   0.0000025   0.0000008  -0.0018488   0.0000083   0.0001555   0.0000777  -0.0016383   0.0000001   3.0834597   0.9995245   0.5533562   5.7243379   3.0501789   0.9915060   0.5665848   5.6350731   3.0906914   1.0019087   0.5532838   5.7495697   3.0635572   0.9968958   0.5655016   5.6647939
  45.0000000   0.0072402   0.0023722   0.0017658   0.0253367   0.0128867   0.0051370   0.0009261   0.0294446   0.0000025   0.0000008  -0.0017174   0.0000083   0.0001411   0.0000706  -0.0015042   0.0000001   3.0834947   0.9995488   0.5532364   5.7242247   3.0514177   0.9917833   0.5653305   5.6413263   3.0906914   1.0019087   0.5532838   5.7495697   3.0644455   0.9969909   0.5647524   5.6707710
  46.0000000   0.0072068   0.0023491   0.0017493   0.0254166   0.0126107   0.0049897   0.0012421   0.0293036   0.0000025   0.0000008  -0.0009771   0.0000082   0.0000564   0.0000282  -0.0007637   0.0000001   3.0835288   0.9995722   0.5525127   5.7241448   3.0525589   0.9920348   0.5630839   5.6473233   3.0906914   1.0019087   0.5532838   5.7495697   3.0652260   0.9970527   0.5635622   5.6766270
  47.0000000   0.0071738   0.0023268   0.0017282   0.0254609   0.0123884   0.0048671   0.0015044   0.0292734   0.0000024   0.0000008  -0.0009456   0.0000082   0.0000564   0.0000282  -0.0007334   0.0000001   3.0835626   0.9995947   0.5525022   5.7241006   3.0536106   0.9922673   0.5622705   5.6531581   3.0906914   1.0019087   0.5532838   5.7495697   3.0660553   0.9971626   0.5630415   5.6824316
  48.0000000   0.0071409   0.0023052   0.0017032   0.0254680   0.0122082   0.0047639   0.0017270   0.0293346   0.0000024   0.0000008  -0.0009529   0.0000082   0.0000552   0.0000276  -0.0007144   0.0000001   3.0835962   0.9996165   0.5525345   5.7240935   3.0546084   0.9924883   0.5617417   5.6587207   3.0906914   1.0019087   0.5532838   5.7495697   3.0668718   0.9972798   0.5627543   5.6880554
  49.0000000   0.0071077   0.0022842   0.0016748   0.0254367   0.0120630   0.0046767   0.0019181   0.0294727   0.0000024   0.0000008  -0.0009154   0.0000081   0.0000551   0.0000275  -0.0006922   0.0000001   3.0836302   0.9996377   0.5525255   5.7241248   3.0555499   0.9926975   0.5607363   5.6639983   3.0906914   1.0019087   0.5532838   5.7495697   3.0676680   0.9974017   0.5619622   5.6934712
  50.0000000   0.0070741   0.0022636   0.0016434   0.0253667   0.0119470   0.0046028   0.0020838   0.0296754   0.0000024   0.0000008  -0.0008921   0.0000080   0.0000551   0.0000275  -0.0006766   0.0000001   3.0836645   0.9996585   0.5525335   5.7241949   3.0564273   0.9928924   0.5596776   5.6689267   3.0906914   1.0019087   0.5532838   5.7495697   3.0684294   0.9975228   0.5610848   5.6986023
  51.0000000   0.0070397   0.0022434   0.0016097   0.0252578   0.0118556   0.0045402   0.0022287   0.0299324   0.0000024   0.0000008  -0.0008832   0.0000080   0.0000550   0.0000275  -0.0006710   0.0000001   3.0836996   0.9996789   0.5525584   5.7243038   3.0572347   0.9930716   0.5590911   5.6736265   3.0906914   1.0019087   0.5532838   5.7495697   3.0691453   0.9976392   0.5606489   5.7035591
  52.0000000   0.0070045   0.0022236   0.0015742   0.0251108   0.0117849   0.0044870   0.0023553   0.0302338   0.0000024   0.0000007  -0.0008564   0.0000079   0.0000550   0.0000275  -0.0006552   0.0000001   3.0837355   0.9996990   0.5525672   5.7244510   3.0579965   0.9932401   0.5583947   5.6781100   3.0906914   1.0019087   0.5532838   5.7495697   3.0698365   0.9977546   0.5600947   5.7083439
  53.0000000   0.0069684   0.0022039   0.0015372   0.0249265   0.0117318   0.0044420   0.0024488   0.0305641   0.0000024   0.0000007  -0.0008375   0.0000078   0.0000550   0.0000275  -0.0006411   0.0000001   3.0837724   0.9997188   0.5525853   5.7246353   3.0587098   0.9933979   0.5573024   5.6820064   3.0906914   1.0019087   0.5532838   5.7495697   3.0704967   0.9978673   0.5591100   5.7125705
  54.0000000   0.0069312   0.0021845   0.0014991   0.0247064   0.0116914   0.0044027   0.0025587   0.0309296   0.0000024   0.0000007  -0.0008191   0.0000077   0.0000550   0.0000275  -0.0006064   0.0000001   3.0838103   0.9997385   0.5526049   5.7248555   3.0592734   0.9934910   0.5574509   5.6860358   3.0906914   1.0019087   0.5532838   5.7495697   3.0710198   0.9979212   0.5594031   5.7169655
  55.0000000   0.0068929   0.0021652   0.0014605   0.0244522   0.0116648   0.0043699   0.0026524   0.0313217   0.0000023   0.0000007  -0.0007115   0.0000076   0.0000365   0.0000183  -0.0004917   0.0000001   3.0838492   0.9997580   0.5525360   5.7251098   3.0598754   0.9936107   0.5564791   5.6898837   3.0906914   1.0019087   0.5532838   5.7495697   3.0715767   0.9979988   0.5586398   5.7212054
  56.0000000   0.0068535   0.0021460   0.0014215   0.0241659   0.0112646   0.0041470   0.0010658   0.0313055   0.0000023   0.0000007  -0.0006990   0.0000075   0.0000364   0.0000182  -0.0004790   0.0000001   3.0838893   0.9997773   0.5525624   5.7253962   3.0604748   0.9937453   0.5573229   5.6938049   3.0906914   1.0019087   0.5532838   5.7495697   3.0717759   0.9979105   0.5579097   5.7251105
  57.0000000   0.0068129   0.0021269   0.0013826   0.0238498   0.0109930   0.0040010   0.0010499   0.0311833   0.0000023   0.0000007  -0.0006875   0.0000074   0.0000362   0.0000181  -0.0004702   0.0000001   3.0839306   0.9997966   0.5525899   5.7257124   3.0611186   0.9938948   0.5570170   5.6975561   3.0906914   1.0019087   0.5532838   5.7495697   3.0721478   0.9979139   0.5575967   5.7287396
  58.0000000   0.0067712   0.0021079   0.0013439   0.0235063   0.0107298   0.0038625   0.0012320   0.0311009   0.0000023   0.0000007  -0.0006773   0.0000073   0.0000361   0.0000180  -0.0004625   0.0000001   3.0839729   0.9998158   0.5526184   5.7260561   3.0617424   0.9940418   0.5562598   5.7010199   3.0906914   1.0019087   0.5532838   5.7495697   3.0725082   0.9979224   0.5570293   5.7321210
  59.0000000   0.0067285   0.0020889   0.0013057   0.0231378   0.0105076   0.0037448   0.0014252   0.0310766   0.0000023   0.0000007  -0.0006683   0.0000072   0.0000360   0.0000180  -0.0004561   0.0000001   3.0840163   0.9998350   0.5526477   5.7264247   3.0623138   0.9941747   0.5558241   5.7043136   3.0906914   1.0019087   0.5532838   5.7495697   3.0728573   0.9979374   0.5567932   5.7353904
  60.0000000   0.0066847   0.0020700   0.0012681   0.0227469   0.0103160   0.0036419   0.0015683   0.0310940   0.0000023   0.0000007  -0.0006600   0.0000070   0.0000359   0.0000179  -0.0004527   0.0000001   3.0840608   0.9998541   0.5526769   5.7268157   3.0628499   0.9943007   0.5552061   5.7073554   3.0906914   1.0019087   0.5532838   5.7495697   3.0732017   0.9979605   0.5563217   5.7384496
  61.0000000   0.0066399   0.0020511   0.0012313   0.0223363   0.0101492   0.0035511   0.0016946   0.0311467   0.0000022   0.0000007  -0.0006484   0.0000069   0.0000351   0.0000175  -0.0004465   0.0000001   3.0841062   0.9998732   0.5527022   5.7272265   3.0633441   0.9944175   0.5548811   5.7101988   3.0906914   1.0019087   0.5532838   5.7495697   3.0735283   0.9979862   0.5561292   5.7413456
  62.0000000   0.0065941   0.0020322   0.0011953   0.0219085   0.0100047   0.0034711   0.0017905   0.0312204   0.0000022   0.0000007  -0.0006382   0.0000067   0.0000350   0.0000175  -0.0004426   0.0000001   3.0841526   0.9998923   0.5527279   5.7276544   3.0638102   0.9945274   0.5544779   5.7128316   3.0906914   1.0019087   0.5532838   5.7495697   3.0738500   0.9980160   0.5558258   5.7440521
  63.0000000   0.0065474   0.0020134   0.0011603   0.0214659   0.0098781   0.0033999   0.0018669   0.0313057   0.0000022   0.0000007  -0.0006283   0.0000066   0.0000349   0.0000175  -0.0004373   0.0000001   3.0841999   0.9999113   0.5527531   5.7280972   3.0642470   0.9946308   0.5540528   5.7152670   3.0906914   1.0019087   0.5532838   5.7495697   3.0741600   0.9980481   0.5554824   5.7465728
  64.0000000   0.0065000   0.0019945   0.0011263   0.0210110   0.0097662   0.0033360   0.0019250   0.0313935   0.0000022   0.0000007  -0.0006209   0.0000065   0.0000349   0.0000174  -0.0004344   0.0000001   3.0842479   0.9999303   0.5527797   5.7285522   3.0646499   0.9947259   0.5539954   5.7175794   3.0906914   1.0019087   0.5532838   5.7495697   3.0744510   0.9980793   0.5554860   5.7489730
  65.0000000   0.0064518   0.0019758   0.0010933   0.0205461   0.0096663   0.0032782   0.0019682   0.0314761   0.0000022   0.0000007  -0.0006113   0.0000063   0.0000349   0.0000174  -0.0004294   0.0000001   3.0842968   0.9999492   0.5528031   5.7290172   3.0650414   0.9948185   0.5537104   5.7197335   3.0906914   1.0019087   0.5532838   5.7495697   3.0747426   0.9981141   0.5552492   5.7512097
  66.0000000   0.0064028   0.0019570   0.0010613   0.0200734   0.0095762   0.0032255   0.0019987   0.0315471   0.0000022   0.0000007  -0.0006037   0.0000062   0.0000348   0.0000174  -0.0004260   0.0000001   3.0843463   0.9999681   0.5528276   5.7294901   3.0654062   0.9949037   0.5534841   5.7217458   3.0906914   1.0019087   0.5532838   5.7495697   3.0750172   0.9981465   0.5550568   5.7532931
  67.0000000   0.0063533   0.0019383   0.0010303   0.0195950   0.0094942   0.0031771   0.0020180   0.0316009   0.0000021   0.0000007  -0.0005966   0.0000060   0.0000348   0.0000174  -0.0004233   0.0000001   3.0843964   0.9999870   0.5528514   5.7299687   3.0657527   0.9949850   0.5532216   5.7235743   3.0906914   1.0019087   0.5532838   5.7495697   3.0752816   0.9981794   0.5548164   5.7551753
  68.0000000   0.0063032   0.0019196   0.0010004   0.0191126   0.0094185   0.0031323   0.0020283   0.0316331   0.0000021   0.0000006  -0.0005777   0.0000058   0.0000348   0.0000174  -0.0004162   0.0000001   3.0844471   1.0000059   0.5528624   5.7304512   3.0660709   0.9950582   0.5531640   5.7252786   3.0906914   1.0019087   0.5532838   5.7495697   3.0755242   0.9982079   0.5547761   5.7569119
  69.0000000   0.0062525   0.0019010   0.0009715   0.0186282   0.0093479   0.0030905   0.0020306   0.0316404   0.0000021   0.0000006  -0.0002059   0.0000057   0.0000005   0.0000002  -0.0000506   0.0000001   3.0844983   1.0000246   0.5525196   5.7309358   3.0663836   0.9951314   0.5528889   5.7268754   3.0906914   1.0019087   0.5532838   5.7495697   3.0757320   0.9982221   0.5548689   5.7585159
  70.0000000   0.0062015   0.0018824   0.0009436   0.0181433   0.0092818   0.0030515   0.0020259   0.0316196   0.0000021   0.0000006  -0.0001969   0.0000055   0.0000005   0.0000002  -0.0000477   0.0000001   3.0845500   1.0000434   0.5525385   5.7314209   3.0666930   0.9952039   0.5528372   5.7283659   3.0906914   1.0019087   0.5532838   5.7495697   3.0759752   0.9982556   0.5548154   5.7599856
  71.0000000   0.0066137   0.0020992   0.0029215   0.0181731   0.0092190   0.0030148   0.0020156   0.0315690   0.0000021   0.0000006  -0.0001903   0.0000054   0.0000005   0.0000002  -0.0000449   0.0000001   3.0841383   0.9998268   0.5505540   5.7313912   3.0665322   0.9950405   0.5508220   5.7293299   3.0906914   1.0019087   0.5532838   5.7495697   3.0757517   0.9980554   0.5527927   5.7608990
  72.0000000   0.0068826   0.0022290   0.0029996   0.0183483   0.0091589   0.0029800   0.0019997   0.0314865   0.0000021   0.0000006  -0.0001844   0.0000052   0.0000005   0.0000002  -0.0000428   0.0000001   3.0838699   0.9996972   0.5504700   5.7312161   3.0665312   0.9949743   0.5512182   5.7301476   3.0906914   1.0019087   0.5532838   5.7495697   3.0756906   0.9979545   0.5531751   5.7616342
  73.0000000   0.0071508   0.0023545   0.0028278   0.0184876   0.0091009   0.0029468   0.0019789   0.0313708   0.0000020   0.0000006  -0.0001775   0.0000051   0.0000005   0.0000002  -0.0000408   0.0000001   3.0836022   0.9995718   0.5506348   5.7310770   3.0665770   0.9949316   0.5513948   5.7309126   3.0906914   1.0019087   0.5532838   5.7495697   3.0756784   0.9978786   0.5533329   5.7622836
  74.0000000   0.0073776   0.0024591   0.0026366   0.0185645   0.0090442   0.0029151   0.0019551   0.0312216   0.0000020   0.0000006  -0.0001515   0.0000049   0.0000005   0.0000002  -0.0000312   0.0000001   3.0833760   0.9994673   0.5508001   5.7310002   3.0666559   0.9949045   0.5517913   5.7317480   3.0906914   1.0019087   0.5532838   5.7495697   3.0757007   0.9978198   0.5537152   5.7629697
  75.0000000   0.0075743   0.0025494   0.0024961   0.0185937   0.0089887   0.0028846   0.0019275   0.0310385   0.0000020   0.0000006  -0.0001721   0.0000048   0.0000005   0.0000002  -0.0000426   0.0000001   3.0831798   0.9993772   0.5509613   5.7309711   3.0668054   0.9949140   0.5522671   5.7325972   3.0906914   1.0019087   0.5532838   5.7495697   3.0757946   0.9977988   0.5541521   5.7636358
  76.0000000   0.0077467   0.0026283   0.0023682   0.0185786   0.0089338   0.0028551   0.0018967   0.0308217   0.0000020   0.0000006  -0.0001649   0.0000046   0.0000005   0.0000002  -0.0000375   0.0000001   3.0830079   0.9992985   0.5510819   5.7309864   3.0669646   0.9949234   0.5521357   5.7333583   3.0906914   1.0019087   0.5532838   5.7495697   3.0758989   0.9977787   0.5539949   5.7641801
  77.0000000   0.0078968   0.0026967   0.0022691   0.0185310   0.0088792   0.0028264   0.0018636   0.0305715   0.0000020   0.0000006  -0.0001636   0.0000045   0.0000005   0.0000002  -0.0000374   0.0000001   3.0828583   0.9992301   0.5511798   5.7310341   3.0671256   0.9949375   0.5519998   5.7340071   3.0906914   1.0019087   0.5532838   5.7495697   3.0760052   0.9977641   0.5538259   5.7645787
  78.0000000   0.0080292   0.0027570   0.0021869   0.0184587   0.0088246   0.0027985   0.0018286   0.0302890   0.0000020   0.0000006  -0.0001628   0.0000044   0.0000005   0.0000002  -0.0000382   0.0000001   3.0827265   0.9991701   0.5512611   5.7311066   3.0672831   0.9949535   0.5518369   5.7345740   3.0906914   1.0019087   0.5532838   5.7495697   3.0761082   0.9977522   0.5536273   5.7648632
  79.0000000   0.0081466   0.0028103   0.0021203   0.0183687   0.0087698   0.0027712   0.0017922   0.0299756   0.0000019   0.0000006  -0.0001627   0.0000042   0.0000005   0.0000002  -0.0000388   0.0000001   3.0826095   0.9991169   0.5513277   5.7311968   3.0674347   0.9949705   0.5517197   5.7350853   3.0906914   1.0019087   0.5532838   5.7495697   3.0762050   0.9977419   0.5534731   5.7650611
  80.0000000   0.0082519   0.0028579   0.0020654   0.0182663   0.0087147   0.0027444   0.0017544   0.0296326   0.0000019   0.0000006  -0.0001615   0.0000041   0.0000005   0.0000002  -0.0000391   0.0000001   3.0825047   0.9990694   0.5513813   5.7312993   3.0675824   0.9949885   0.5515851   5.7355185   3.0906914   1.0019087   0.5532838   5.7495697   3.0762976   0.9977332   0.5533004   5.7651511
  81.0000000   0.0083469   0.0029008   0.0020203   0.0181561   0.0086592   0.0027181   0.0017159   0.0292616   0.0000019   0.0000006  -0.0001635   0.0000040   0.0000005   0.0000002  -0.0000373   0.0000001   3.0824102   0.9990266   0.5514285   5.7314096   3.0677241   0.9950068   0.5515030   5.7358878   3.0906914   1.0019087   0.5532838   5.7495697   3.0763838   0.9977252   0.5531816   5.7651495
  82.0000000   0.0084334   0.0029398   0.0019830   0.0180415   0.0086032   0.0026922   0.0016768   0.0288645   0.0000019   0.0000006  -0.0001628   0.0000038   0.0000005   0.0000002  -0.0000379   0.0000001   3.0823241   0.9989878   0.5514651   5.7315243   3.0678622   0.9950257   0.5514684   5.7361926   3.0906914   1.0019087   0.5532838   5.7495697   3.0764658   0.9977181   0.5531073   5.7650572
  83.0000000   0.0085127   0.0029753   0.0019523   0.0179255   0.0085465   0.0026666   0.0016375   0.0284434   0.0000019   0.0000006  -0.0001607   0.0000037   0.0000005   0.0000002  -0.0000370   0.0000001   3.0822453   0.9989524   0.5514937   5.7316405   3.0679983   0.9950454   0.5513761   5.7364445   3.0906914   1.0019087   0.5532838   5.7495697   3.0765453   0.9977122   0.5529767   5.7648881
  84.0000000   0.0085858   0.0030079   0.0019270   0.0178103   0.0084892   0.0026413   0.0015981   0.0280003   0.0000018   0.0000005  -0.0001561   0.0000036   0.0000000   0.0000000  -0.0000385   0.0000001   3.0821727   0.9989199   0.5515144   5.7317557   3.0681298   0.9950654   0.5513268   5.7366399   3.0906914   1.0019087   0.5532838   5.7495697   3.0766190   0.9977068   0.5528864   5.7646404
  85.0000000   0.0086538   0.0030381   0.0019064   0.0176980   0.0084313   0.0026163   0.0015584   0.0275369   0.0000018   0.0000005  -0.0001307   0.0000035   0.0000000   0.0000000  -0.0000264   0.0000001   3.0821052   0.9988899   0.5515096   5.7318681   3.0682413   0.9950754   0.5513046   5.7368031   3.0906914   1.0019087   0.5532838   5.7495697   3.0766726   0.9976917   0.5528366   5.7643401
  86.0000000   0.0087172   0.0030661   0.0018898   0.0175902   0.0083726   0.0025914   0.0015192   0.0270555   0.0000018   0.0000005  -0.0001286   0.0000034   0.0000000   0.0000000  -0.0000254   0.0000001   3.0820422   0.9988620   0.5515241   5.7319761   3.0683631   0.9950931   0.5512639   5.7369387   3.0906914   1.0019087   0.5532838   5.7495697   3.0767357   0.9976846   0.5527577   5.7639943
  87.0000000   0.0087769   0.0030923   0.0018767   0.0174882   0.0083132   0.0025668   0.0014803   0.0265580   0.0000018   0.0000005  -0.0001267   0.0000032   0.0000000   0.0000000  -0.0000236   0.0000001   3.0819830   0.9988359   0.5515353   5.7320783   3.0684820   0.9951108   0.5512548   5.7370521   3.0906914   1.0019087   0.5532838   5.7495697   3.0767952   0.9976776   0.5527115   5.7636102
  88.0000000   0.0088332   0.0031169   0.0018666   0.0173930   0.0082531   0.0025423   0.0014416   0.0260463   0.0000018   0.0000005  -0.0001259   0.0000031   0.0000000   0.0000000  -0.0000235   0.0000001   3.0819271   0.9988115   0.5515446   5.7321735   3.0685990   0.9951287   0.5512229   5.7371170   3.0906914   1.0019087   0.5532838   5.7495697   3.0768521   0.9976711   0.5526410   5.7631635
  89.0000000   0.0088868   0.0031400   0.0018593   0.0173057   0.0081923   0.0025180   0.0014038   0.0255226   0.0000018   0.0000005  -0.0001246   0.0000030   0.0000000   0.0000000  -0.0000232   0.0000001   3.0818739   0.9987885   0.5515507   5.7322609   3.0687140   0.9951471   0.5512243   5.7371668   3.0906914   1.0019087   0.5532838   5.7495697   3.0769063   0.9976651   0.5526049   5.7626896
  90.0000000   0.0089379   0.0031619   0.0018544   0.0172270   0.0081309   0.0024939   0.0013663   0.0249886   0.0000017   0.0000005  -0.0001237   0.0000029   0.0000000   0.0000000  -0.0000228   0.0000001   3.0818232   0.9987667   0.5515547   5.7323398   3.0688270   0.9951654   0.5512657   5.7371958   3.0906914   1.0019087   0.5532838   5.7495697   3.0769579   0.9976593   0.5526093   5.7621846
  91.0000000   0.0089870   0.0031828   0.0018516   0.0171575   0.0080689   0.0024698   0.0013295   0.0244463   0.0000017   0.0000005  -0.0001229   0.0000028   0.0000000   0.0000000  -0.0000233   0.0000001   3.0817746   0.9987460   0.5515566   5.7324094   3.0689411   0.9951845   0.5512557   5.7372041   3.0906914   1.0019087   0.5532838   5.7495697   3.0770100   0.9976543   0.5525619   5.7616504
  92.0000000   0.0090342   0.0032027   0.0018507   0.0170978   0.0080062   0.0024459   0.0012936   0.0238973   0.0000017   0.0000005  -0.0001221   0.0000027   0.0000000   0.0000000  -0.0000236   0.0000001   3.0817278   0.9987262   0.5515568   5.7324692   3.0690528   0.9952035   0.5512798   5.7372074   3.0906914   1.0019087   0.5532838   5.7495697   3.0770590   0.9976493   0.5525498   5.7611048
  93.0000000   0.0090800   0.0032217   0.0018517   0.0170483   0.0079430   0.0024221   0.0012581   0.0233432   0.0000017   0.0000005  -0.0001214   0.0000026   0.0000000   0.0000000  -0.0000241   0.0000001   3.0816824   0.9987073   0.5515551   5.7325188   3.0691634   0.9952223   0.5512335   5.7371693   3.0906914   1.0019087   0.5532838   5.7495697   3.0771064   0.9976444   0.5524675   5.7605126
  94.0000000   0.0091244   0.0032400   0.0018542   0.0170093   0.0078793   0.0023983   0.0012236   0.0227857   0.0000017   0.0000005  -0.0001204   0.0000025   0.0000000   0.0000000  -0.0000244   0.0000001   3.0816384   0.9986891   0.5515516   5.7325578   3.0692706   0.9952409   0.5512974   5.7371198   3.0906914   1.0019087   0.5532838   5.7495697   3.0771499   0.9976392   0.5524966   5.7599056
  95.0000000   0.0091677   0.0032577   0.0018582   0.0169811   0.0078151   0.0023747   0.0011900   0.0222264   0.0000016   0.0000005  -0.0001193   0.0000024   0.0000000   0.0000000  -0.0000241   0.0000001   3.0815955   0.9986715   0.5515465   5.7325861   3.0693792   0.9952601   0.5512900   5.7370654   3.0906914   1.0019087   0.5532838   5.7495697   3.0771943   0.9976348   0.5524559   5.7592918
  96.0000000   0.0092101   0.0032748   0.0018635   0.0169640   0.0077504   0.0023512   0.0011572   0.0216665   0.0000016   0.0000005  -0.0001179   0.0000024   0.0000000   0.0000000  -0.0000235   0.0000001   3.0815535   0.9986545   0.5515398   5.7326033   3.0694855   0.9952789   0.5513148   5.7369827   3.0906914   1.0019087   0.5532838   5.7495697   3.0772360   0.9976301   0.5524485   5.7586494
  97.0000000   0.0092517   0.0032913   0.0018701   0.0169581   0.0076854   0.0023278   0.0011251   0.0211074   0.0000016   0.0000005  -0.0001170   0.0000023   0.0000000   0.0000000  -0.0000238   0.0000001   3.0815123   0.9986381   0.5515323   5.7326093   3.0695921   0.9952983   0.5513355   5.7368645   3.0906914   1.0019087   0.5532838   5.7495697   3.0772775   0.9976261   0.5524368   5.7579720
  98.0000000   0.0092926   0.0033074   0.0018777   0.0169633   0.0076200   0.0023045   0.0010941   0.0205504   0.0000016   0.0000005  -0.0001166   0.0000022   0.0000000   0.0000000  -0.0000239   0.0000001   3.0814718   0.9986221   0.5515243   5.7326041   3.0696964   0.9953172   0.5513481   5.7367295   3.0906914   1.0019087   0.5532838   5.7495697   3.0773164   0.9976216   0.5524183   5.7572799
  99.0000000   0.0093330   0.0033232   0.0018863   0.0169799   0.0075542   0.0022813   0.0010643   0.0199967   0.0000016   0.0000005  -0.0001163   0.0000021   0.0000000   0.0000000  -0.0000244   0.0000001   3.0814318   0.9986065   0.5515154   5.7325877   3.0698000   0.9953362   0.5513733   5.7365984   3.0906914   1.0019087   0.5532838   5.7495697   3.0773542   0.9976175   0.5524132   5.7565952
 100.0000000   0.0093729   0.0033385   0.0018958   0.0170076   0.0074883   0.0022581   0.0010351   0.0194475   0.0000016   0.0000005  -0.0001164   0.0000020   0.0000000   0.0000000  -0.0000253   0.0000001   3.0813922   0.9985912   0.5515061   5.7325601   3.0699041   0.9953558   0.5514003   5.7364720   3.0906914   1.0019087   0.5532838   5.7495697   3.0773924   0.9976140   0.5524101   5.7559196
 101.0000000   0.0094124   0.0033535   0.0019060   0.0170463   0.0074221   0.0022351   0.0010069   0.0189037   0.0000015   0.0000005  -0.0001166   0.0000020   0.0000000   0.0000000  -0.0000261   0.0000001   3.0813530   0.9985763   0.5514961   5.7325214   3.0700074   0.9953752   0.5514229   5.7363559   3.0906914   1.0019087   0.5532838   5.7495697   3.0774295   0.9976103   0.5524037   5.7552596
 102.0000000   0.0094517   0.0033683   0.0019168   0.0170960   0.0073557   0.0022122   0.0009796   0.0183661   0.0000015   0.0000004  -0.0001187   0.0000019   0.0000000   0.0000000  -0.0000238   0.0000001   3.0813141   0.9985617   0.5514873   5.7324718   3.0701114   0.9953951   0.5514469   5.7362406   3.0906914   1.0019087   0.5532838   5.7495697   3.0774671   0.9976073   0.5524026   5.7546068
 103.0000000   0.0094907   0.0033828   0.0019283   0.0171562   0.0072892   0.0021895   0.0009531   0.0178355   0.0000015   0.0000004  -0.0001173   0.0000018   0.0000000   0.0000000  -0.0000230   0.0000001   3.0812755   0.9985473   0.5514745   5.7324116   3.0702151   0.9954152   0.5515098   5.7361101   3.0906914   1.0019087   0.5532838   5.7495697   3.0775043   0.9976047   0.5524399   5.7539457
 104.0000000   0.0095296   0.0033971   0.0019401   0.0172268   0.0072226   0.0021668   0.0009274   0.0173124   0.0000015   0.0000004  -0.0001176   0.0000017   0.0000000   0.0000000  -0.0000244   0.0000001   3.0812370   0.9985331   0.5514630   5.7323411   3.0703209   0.9954362   0.5515499   5.7359665   3.0906914   1.0019087   0.5532838   5.7495697   3.0775435   0.9976030   0.5524529   5.7532790
 105.0000000   0.0095683   0.0034111   0.0019524   0.0173073   0.0071559   0.0021442   0.0009025   0.0167976   0.0000015   0.0000004  -0.0001174   0.0000017   0.0000000   0.0000000  -0.0000252   0.0000001   3.0811986   0.9985191   0.5514505   5.7322607   3.0704266   0.9954571   0.5516063   5.7358192   3.0906914   1.0019087   0.5532838   5.7495697   3.0775825   0.9976014   0.5524837   5.7526168
 106.0000000   0.0096068   0.0034250   0.0019649   0.0173972   0.0070892   0.0021218   0.0008784   0.0162915   0.0000015   0.0000004  -0.0001175   0.0000016   0.0000000   0.0000000  -0.0000258   0.0000001   3.0811604   0.9985054   0.5514380   5.7321708   3.0705344   0.9954790   0.5516126   5.7356513   3.0906914   1.0019087   0.5532838   5.7495697   3.0776236   0.9976009   0.5524652   5.7519429
 107.0000000   0.0096454   0.0034387   0.0019776   0.0174962   0.0070225   0.0020995   0.0008551   0.0157948   0.0000014   0.0000004  -0.0000404   0.0000016   0.0000000   0.0000000  -0.0000526   0.0000001   3.0811222   0.9984918   0.5513483   5.7320719   3.0706240   0.9954925   0.5518567   5.7355759   3.0906914   1.0019087   0.5532838   5.7495697   3.0776465   0.9975920   0.5526593   5.7513707
 108.0000000   0.0096838   0.0034522   0.0019904   0.0176036   0.0069558   0.0020773   0.0008329   0.0153077   0.0000014   0.0000004  -0.0001397   0.0000015   0.0000000   0.0000000  -0.0000411   0.0000001   3.0810841   0.9984783   0.5514348   5.7319645   3.0707660   0.9955303   0.5517331   5.7354070   3.0906914   1.0019087   0.5532838   5.7495697   3.0777218   0.9976076   0.5525250   5.7507148
 109.0000000   0.0097222   0.0034656   0.0020032   0.0177190   0.0068892   0.0020552   0.0008108   0.0148304   0.0000014   0.0000004  -0.0000473   0.0000014   0.0000000   0.0000000  -0.0000634   0.0000001   3.0810460   0.9984650   0.5513296   5.7318493   3.0708496   0.9955397   0.5519834   5.7353580   3.0906914   1.0019087   0.5532838   5.7495697   3.0777388   0.9975950   0.5527307   5.7501884
 110.0000000   0.0097605   0.0034789   0.0020160   0.0178415   0.0068227   0.0020333   0.0007899   0.0143632   0.0000014   0.0000004  -0.0001423   0.0000014   0.0000000   0.0000000  -0.0000455   0.0000001   3.0810080   0.9984519   0.5514118   5.7317267   3.0709978   0.9955814   0.5519231   5.7351940   3.0906914   1.0019087   0.5532838   5.7495697   3.0778205   0.9976147   0.5526676   5.7495572
 111.0000000   0.0097988   0.0034920   0.0020287   0.0179707   0.0067563   0.0020115   0.0007700   0.0139069   0.0000014   0.0000004  -0.0001090   0.0000013   0.0000000   0.0000000  -0.0000279   0.0000001   3.0809700   0.9984388   0.5513658   5.7315976   3.0711065   0.9956026   0.5519313   5.7350685   3.0906914   1.0019087   0.5532838   5.7495697   3.0778628   0.9976141   0.5526733   5.7489755
 112.0000000   0.0098371   0.0035050   0.0020412   0.0181059   0.0066901   0.0019898   0.0007501   0.0134609   0.0000014   0.0000004  -0.0001132   0.0000013   0.0000000   0.0000000  -0.0000303   0.0000001   3.0809321   0.9984259   0.5513575   5.7314625   3.0712165   0.9956274   0.5520478   5.7349600   3.0906914   1.0019087   0.5532838   5.7495697   3.0779066   0.9976172   0.5527676   5.7484210
 113.0000000   0.0098753   0.0035179   0.0020535   0.0182462   0.0066240   0.0019683   0.0007310   0.0130257   0.0000013   0.0000004  -0.0001127   0.0000012   0.0000000   0.0000000  -0.0000218   0.0000001   3.0808942   0.9984131   0.5513447   5.7313222   3.0713323   0.9956527   0.5521105   5.7349025   3.0906914   1.0019087   0.5532838   5.7495697   3.0779563   0.9976211   0.5528196   5.7479282
 114.0000000   0.0099134   0.0035307   0.0020656   0.0183912   0.0065581   0.0019469   0.0007126   0.0126013   0.0000013   0.0000004  -0.0001138   0.0000012   0.0000000   0.0000000  -0.0000216   0.0000001   3.0808564   0.9984004   0.5513338   5.7311772   3.0714543   0.9956802   0.5520827   5.7348478   3.0906914   1.0019087   0.5532838   5.7495697   3.0780124   0.9976272   0.5527737   5.7474491
 115.0000000   0.0099515   0.0035433   0.0020773   0.0185401   0.0064925   0.0019257   0.0006947   0.0121874   0.0000013   0.0000004  -0.0000359   0.0000011   0.0000000   0.0000000  -0.0000468   0.0000001   3.0808186   0.9983878   0.5512441   5.7310284   3.0715572   0.9956989   0.5524704   5.7348532   3.0906914   1.0019087   0.5532838   5.7495697   3.0780497   0.9976247   0.5531184   5.7470407
 116.0000000   0.0099895   0.0035559   0.0020888   0.0186923   0.0064270   0.0019046   0.0006774   0.0117846   0.0000013   0.0000004  -0.0000296   0.0000011   0.0000000   0.0000000  -0.0000305   0.0000001   3.0807809   0.9983754   0.5512264   5.7308763   3.0717024   0.9957353   0.5525526   5.7350374   3.0906914   1.0019087   0.5532838   5.7495697   3.0781295   0.9976399   0.5531996   5.7468220
 117.0000000   0.0100274   0.0035683   0.0021000   0.0188471   0.0063618   0.0018837   0.0006607   0.0113926   0.0000013   0.0000004  -0.0000256   0.0000011   0.0000000   0.0000000  -0.0000299   0.0000001   3.0807433   0.9983630   0.5512112   5.7307215   3.0718552   0.9957707   0.5525611   5.7352456   3.0906914   1.0019087   0.5532838   5.7495697   3.0782171   0.9976544   0.5531918   5.7466382
 118.0000000   0.0100652   0.0035807   0.0021108   0.0190040   0.0062969   0.0018629   0.0006448   0.0110114   0.0000013   0.0000004  -0.0000277   0.0000010   0.0000000   0.0000000  -0.0000316   0.0000000   3.0807058   0.9983507   0.5512024   5.7305647   3.0719937   0.9958009   0.5527228   5.7354869   3.0906914   1.0019087   0.5532838   5.7495697   3.0782906   0.9976638   0.5533360   5.7464984
 119.0000000   0.0101029   0.0035929   0.0021213   0.0191623   0.0062323   0.0018422   0.0006233   0.0106381   0.0000013   0.0000004  -0.0000369   0.0000010   0.0000000   0.0000000  -0.0000372   0.0000000   3.0806684   0.9983386   0.5512012   5.7304064   3.0721509   0.9958392   0.5506502   5.7352121   3.0906914   1.0019087   0.5532838   5.7495697   3.0783832   0.9976815   0.5512364   5.7495697
