   0.0000000  -1.5618279  -1.5618279  -1.5618279  -1.5618279  -1.5618279  -1.5618279
   0.0501881  -1.4975244  -1.6283450  -1.6239685  -1.6234374  -1.6201009  -1.6108896
   0.1419533  -1.3913910  -1.6292442  -1.6202293  -1.6191354  -1.7529824  -1.7340084
   0.2607850  -1.2582520  -1.7843759  -1.7706183  -1.7689488  -1.7584603  -1.9059957
   0.4015047  -1.1033261  -1.9855867  -1.9670173  -1.9647640  -1.9506071  -2.1176541
   0.5611199  -0.9296180  -2.0056369  -2.2016554  -2.1988119  -2.1809470  -2.3636352
   0.7376112  -0.7391505  -2.2541508  -2.2258122  -2.4662923  -2.4446876  -2.6403166
   0.9294964  -0.5334062  -2.5350318  -2.5017526  -2.4977142  -2.7384877  -2.9450325
   1.1356268  -0.3135326  -2.5686584  -2.8069968  -2.8023552  -3.0598458  -3.2757133
   1.3550784  -0.0804519  -2.8861055  -3.1392313  -3.1339834  -3.1010125  -3.6306914
   1.5870867  -2.1873509  -2.9241809  -3.1816981  -3.4907579  -3.4539590  -4.0085857
   1.8310056  -2.2066132  -3.2747306  -3.5452103  -3.5387412  -3.8305258  -4.4082276
   2.0862796  -2.2246914  -3.6494990  -3.9319717  -3.9248883  -4.2294468  -4.8286113
   2.3524244  -2.2417261  -3.6980838  -4.3407787  -4.3330788  -4.6496402  -5.2688596
   2.6290128  -2.5727503  -4.1015885  -4.3979752  -4.7622779  -5.0901669  -5.7281980
   2.9156644  -2.5969011  -4.5265018  -4.8329895  -4.8240508  -5.5502023  -6.2059365
   3.2120376  -2.6200670  -4.5843486  -5.2878696  -5.2783087  -5.6201330  -6.7014551
   3.5178234  -2.6423365  -5.0350062  -5.7618497  -5.7516651  -6.1034334  -7.2141928
   3.8327404  -3.0208733  -5.0961774  -5.8317306  -6.2434362  -6.6046911  -7.7436385
   4.1565312  -3.0494197  -5.5712833  -6.3287201  -6.3172834  -7.1233315  -8.2893243
   4.4889590  -3.0771066  -6.0648652  -6.8433407  -6.8312757  -7.6588321  -8.8508196
   4.8298049  -3.1039961  -6.1341299  -6.9202359  -7.3623564  -7.7436046  -9.2500793
   5.1788659  -3.1301434  -6.6502402  -7.4562463  -7.4429209  -8.2994498 -10.0196758
   5.5359531  -3.1555982  -6.7224830  -8.0087129  -7.9947554  -8.6934761 -10.6263235
   5.9008899  -3.5892869  -7.2602377  -8.3995462  -8.3849554  -9.4582280 -11.2473483
   6.2735110  -3.6203590  -7.3353952  -8.6647621  -9.1460540 -10.0603952 -11.8824493
   6.6536610  -3.6507485  -7.7163591  -9.2527877  -9.2369272 -10.1584376 -12.5313435
   7.0411937  -3.6804938  -7.9720160  -9.8559320  -9.8394350 -10.7789111 -13.1937646
   7.4359711  -3.7096305  -8.5507752  -9.9495729 -10.4567154 -11.4136979 -13.8694611
   7.8378626  -3.7381908  -9.1449297 -10.5712410 -10.5534681 -12.0625025 -14.5581949
   8.2467443  -3.7662047  -9.2298427 -11.2072677 -11.1888554 -12.7250470 -15.2597406
   8.6624988  -4.2547033  -9.8430317 -11.3067173 -11.8383040 -12.8352021 -15.9738838
   9.0850143  -4.2878113  -9.9305667 -11.9603916 -12.5015351 -13.5145265 -16.7004207
   9.5141842  -4.3203708 -10.5622473 -12.6277686 -12.6074327 -14.2070152 -17.4391572
   9.9499070  -4.3524066 -10.6523568 -12.7327943 -13.2876113 -14.9124372 -18.1899078
  10.3920856  -4.2062947 -11.3020300 -13.4170562 -13.9809897 -15.0306753 -18.9524955
  10.8406269  -4.4149985 -11.3946680 -14.1144473 -14.0921804 -15.7519436 -19.7267508
  11.2954421  -4.4455966 -12.0618728 -14.2248419 -14.8018281 -16.4856616 -20.5125112
  11.7564457  -4.4757553 -12.1569952 -14.9384465 -15.5241608 -17.2316336 -21.3096209
  12.2235558  -4.5054923 -12.8413042 -15.6646732 -15.6404685 -17.9896730 -22.1179303
  12.6966935  -4.5348245 -12.9388682 -15.7802507 -16.3784678 -18.1185983 -22.9372956
  13.1757830  -4.5637676 -13.6398840 -16.5220937 -16.4965935 -18.8914634 -23.0879522
  13.4831040  -4.7738946 -13.9263710 -16.8280134 -17.4386682 -19.2120678 -24.1150364
  14.1515279  -4.6205451 -14.4571999 -17.3966988 -18.0153090 -20.4720469 -24.7642629
  14.6480449  -4.6484069 -14.5595262 -18.1657920 -18.1383436 -20.6082134 -25.6184220
  15.1502367  -4.6759343 -15.2928652 -18.2881994 -18.9185489 -21.4184303 -26.4830846
  15.6580399  -4.7031392 -15.3975154 -19.0721023 -19.7103522 -22.2398123 -27.3581319
  16.1713931  -4.7300328 -16.1465159 -19.8675546 -19.8381524 -22.3801962 -28.2434490
  16.6902370  -4.7566260 -16.2534539 -19.9947750 -20.6443463 -23.2153470 -29.1389245
  17.2145141  -4.7829288 -17.0178088 -20.8045777 -21.4617845 -24.0613470 -30.0444509
  17.7441686  -4.8089508 -17.1269999 -20.9335586 -21.5942188 -24.9180662 -30.9599239
  18.2791464  -4.8347015 -17.2351840 -21.7574774 -22.4256252 -25.0652641 -31.1305421
  18.8193952  -4.8601893 -18.0178301 -22.5924113 -22.5597410 -25.9352221 -32.0581354
  19.3648640  -4.8854229 -18.1282573 -22.7260239 -23.4048998 -26.8156190 -32.9954535
  19.9155034  -4.9104100 -18.9256388 -23.5746744 -24.2608081 -26.9668099 -33.9424016
  20.4712651  -4.9351585 -19.0382754 -23.7099960 -24.3993978 -27.8601162 -34.8988881
  21.0321024  -4.9596754 -19.8501355 -24.5721578 -25.2686885 -28.7636017 -35.8648237
  21.5979699  -4.9839679 -19.9649494 -25.4448682 -25.4089164 -28.9187132 -36.8401216
  22.1688231  -5.0080426 -20.0788427 -25.5846579 -26.2913990 -29.8348019 -37.8246973
  22.7446189  -4.4226335 -20.9080048 -26.4705281 -27.1841963 -30.7608287 -38.8184687
  23.3253153  -4.4416582 -21.0240627 -26.6119783 -27.3287519 -30.9197913 -39.8213557
  23.9108712  -4.4605182 -21.8671799 -27.5108266 -28.2344135 -31.8581359 -40.8332804
  24.5012466  -4.4792184 -21.9853719 -27.6539299 -28.3805659 -32.8061937 -41.8541666
  25.0964026  -4.4977636 -22.1026966 -28.5655817 -29.2989220 -32.9689410 -42.8839404
  25.6963009  -4.5161581 -22.9625222 -28.7103301 -29.4466659 -33.9290496 -43.9225293
  26.3009044  -4.5344063 -23.0819669 -29.6346175 -30.3775533 -34.8986611 -44.9698629
  26.9101768  -4.5525125 -23.9552765 -29.7810029 -30.5268825 -35.0651296 -46.0258721
  27.5240826  -3.9294776 -24.0768123 -30.7177644 -31.4701438 -36.0465414 -46.2272041
  28.1425870  -3.9429058 -24.1975265 -31.6642650 -32.4230799 -37.0372590 -47.2938242
  28.7656561  -3.9562334 -25.0870074 -31.8148580 -32.5765356 -37.2073878 -48.3689716
  29.3932567  -3.9694632 -25.2097980 -32.7735546 -33.5415740 -38.2096703 -49.4525822
  30.0253564  -3.9825983 -25.3317950 -32.9257396 -33.6965755 -39.2210729 -50.5445936
  30.6619233  -3.3371928 -26.2371758 -33.8964866 -34.6735742 -39.3948039 -50.7526057
  31.3029262  -3.3458569 -26.3612337 -34.0502555 -34.8301149 -40.4175495 -51.8549078
  31.9483348  -3.3544617 -26.4845237 -35.0329124 -35.8189369 -41.4492404 -52.9654755
  32.5981192  -3.3630094 -27.4055460 -35.1882566 -35.9770100 -41.6265179 -54.0842505
  33.2522499  -3.3715017 -27.5308809 -36.1826877 -36.9775227 -42.6693420 -54.2968779
  33.9106985  -2.7044968 -27.6554715 -36.3395987 -37.1371212 -42.8478688 -55.4257199
  34.5734367  -2.7087015 -28.5918886 -37.3456727 -38.1491961 -43.9017170 -56.5626428
  35.2404370  -2.7128817 -28.7185078 -37.5041420 -38.3103130 -44.9642560 -57.7075922
  35.9116722  -2.7170387 -28.8444046 -37.6617348 -39.3338259 -45.1462612 -57.9247731
  36.5871159  -2.0332591 -29.7959809 -38.6817506 -39.4964537 -46.2196314 -59.0795794
  37.2667420  -2.0332660 -29.9238898 -38.8409074 -40.5312842 -46.4028730 -60.2422938
  37.9505248  -2.0332772 -30.0510966 -39.8722928 -40.6954155 -47.4869734 -60.4621026
  38.6384394  -1.3371890 -31.0176065 -40.0330042 -41.7414470 -48.5795307 -61.6345386
  39.3304610  -1.3331516 -31.1468087 -41.0756406 -41.9070742 -48.7661852 -62.8147691
  40.0265653  -1.3291438 -31.2753278 -41.2378972 -42.9641934 -49.8692945 -63.0371955
  40.7267286  -1.3251656 -31.4031741 -42.2916698 -43.1313090 -50.0571716 -64.2270177
  41.4309275  -0.6130056 -32.3870533 -42.4554624 -44.1994060 -51.1707396 -65.4245255
  42.1391390  -0.6050971 -32.5168855 -43.5202595 -44.3680023 -52.2925483 -66.6296723
  42.8513405  -0.5972409 -32.6460621 -43.6855787 -44.5357771 -52.4837754 -66.8565325
  43.5675097   0.1267326 -32.7745926 -43.8500989 -45.6170397 -53.6158774 -68.0710879
  44.2876248   0.1384309 -33.7755637 -44.9281288 -45.7862995 -53.8083128 -69.2931797
  45.0116642   0.1500562 -33.9060694 -45.0941777 -46.8783098 -54.9506213 -69.5226159
  45.7396069   0.1616090 -34.0359444 -46.1829984 -47.0490465 -55.1442650 -70.7539980
  46.4714320   0.1730899 -34.1651977 -46.3505664 -48.1517042 -56.2966951 -71.9928177
  47.2071191   0.1844995 -35.1829954 -47.4500761 -48.3239097 -56.4915465 -73.2390326
  47.9466478   0.1958383 -35.3142120 -47.6191539 -49.4371172 -57.6540154 -73.4728132
  48.6899985   0.2071069 -35.4448209 -47.7874749 -49.6107833 -57.8500737 -74.7281517
  49.4371515   0.2183057 -35.5748304 -48.8998319 -49.7836830 -59.0225005 -75.9907921
  50.1880877   0.2294353 -36.6092004 -49.0696630 -50.9095643 -60.2027656 -77.2606942
  50.9427879   0.2404962 -36.7411606 -50.1924949 -51.0839265 -60.4020703 -77.4987617
  51.7012336   0.2514889 -36.8725342 -50.3638266 -52.2201522 -61.5921502 -78.7776292
  52.4634063   0.2624139 -37.0033288 -50.5344297 -52.3959687 -61.7926462 -80.0636700
  53.2292880   0.2732716 -37.1335518 -51.6698630 -52.5710474 -62.9924652 -80.3042416
  53.9988606   0.2840625 -38.1867597 -51.8419660 -53.7197116 -63.1941511 -81.5991448
  54.7721067   0.2947870 -38.3189247 -52.0133578 -53.8962452 -64.4036352 -82.9011359
  55.5490089   0.3054457 -38.4505295 -53.1612655 -55.0550596 -64.6065094 -84.2101782
  56.3295499   0.3160388 -38.5815813 -53.3341558 -55.2330398 -64.8085809 -84.4549522
  57.1137130   0.3265670 -38.7120868 -54.4922308 -55.4103081 -66.0296468 -85.7727116
  57.9014814   0.3370306 -39.7838316 -54.6666098 -56.5813377 -66.2329154 -87.0974411
  58.6928389   0.3474300 -39.9162686 -54.8403017 -56.7600523 -67.4634907 -88.4291056
  59.4877690   0.3577656 -40.0481697 -56.0106249 -57.9410482 -67.6679539 -89.7676708
  60.2862559   0.3680378 -40.1795411 -56.1858035 -58.1212006 -68.9079695 -90.0182720
  61.0882839   0.3782471 -40.3103892 -56.3603102 -58.3006649 -69.1136249 -91.3653730
  61.8938372   0.3883937 -40.4407202 -57.5427641 -59.4936639 -70.3630131 -92.7192986
  62.7029006   0.3984781 -40.5705400 -57.7187548 -59.6745650 -70.5698581 -94.0800159
  63.5154589   0.4085007 -41.6654045 -57.8940880 -59.8547929 -71.8285527 -94.3346916
  64.3314972   0.4184619 -41.7971503 -59.0885584 -61.0596851 -72.0365846 -95.7038145
  65.1510006   0.4283619 -41.9283936 -59.2653725 -61.2413483 -72.2438706 -97.0796566
  65.9739545   0.4382011 -42.0591402 -59.4415426 -61.4223523 -73.5137366 -98.4621865
  66.8003447   0.4479799 -42.1893957 -60.6479182 -62.6390302 -73.7222154 -99.8513733
  67.6301567   0.4576987 -42.3191655 -60.8255658 -62.8214675 -75.0012477-100.1116987
  68.4633766   1.2971698 -42.4484551 -61.0025824 -63.0032591 -75.2109162-101.5091283
  69.2999906   1.3101773 -42.5772698 -61.1789743 -64.2316180 -76.4990525-102.9131463
  70.1399848   1.3231119 -43.6972262 -62.3992451 -64.4148405 -76.7099074-104.3237233
  70.9833457   1.3359741 -43.8279602 -62.5771166 -64.5974301 -76.9200486-105.7408301
  71.8300600   1.3487642 -43.9582265 -62.7543756 -64.7793930 -78.2191250-106.0067077
  72.6801144   1.3614829 -44.0880300 -63.9863212 -66.0213855 -78.4304571-107.4319035
  73.5334959   1.3741305 -44.2173758 -64.1650554 -66.2047823 -79.7385059-108.8635644
  74.3901914   1.3867076 -44.3462686 -64.3431885 -66.3875645 -79.9510253-109.1317581
  75.2501883   1.3992145 -44.4747133 -64.5207265 -67.6410212 -81.2679881-110.5714317
  76.1134740   1.4116518 -44.6027146 -65.7663101 -67.8252339 -81.4816913-110.8403592
  76.9800359   2.2840167 -44.7302769 -65.9453237 -68.0088432 -81.6947096-112.2880058
  77.8498617   2.2996046 -44.8574049 -66.1237529 -68.1918550 -83.0223940-112.5576721
  78.7229392   3.1783973 -44.9841030 -66.3016034 -69.4587033 -83.2365994-114.0132525
  79.5992563   3.1971003 -45.1103756 -67.5606926 -69.6431470 -83.4501331-114.2836624
  80.4788012   4.0822731 -45.2362271 -67.7400183 -69.8270038 -84.7884624-115.7471378
  81.3615619   4.1040565 -45.3616615 -67.9187752 -71.1051100 -85.0031858-116.0182960
  82.2475269   4.1257369 -45.4866833 -68.0969687 -71.2903947 -86.3502396-117.4896282
  83.1366846   5.0203927 -45.6112963 -69.3694349 -71.4751026 -86.5661488-117.7615387
  84.0290235   5.9181867 -45.7355048 -69.5491024 -71.6592392 -86.7814051-118.0326524
  84.9245324   5.9460303 -45.8593126 -69.7282161 -72.9505059 -88.1389643-119.5133570
  85.8232001   5.9737502 -47.0272207 -69.9067807 -73.1360704 -88.3554084-119.7852358
  86.7250155   6.8808924 -46.1057420 -70.0848015 -73.3210730 -89.7215752-120.0563329
  87.6299676   7.7911289 -47.2782801 -71.3725349 -73.5055188 -89.9392031-121.5463645
  88.5380457   7.8249041 -46.3506152 -71.5520318 -73.6894127 -90.1561954-121.8182386
  89.4492390   8.7412972 -46.4724775 -71.7309935 -74.9957004 -91.5327331-122.0893456
  90.3635368   8.7779920 -47.6519367 -71.9094246 -75.1810258 -91.7509107-123.5886593
  91.2809288   9.7004996 -46.7150717 -72.0873299 -75.3658081 -91.9684638-123.8605543
  92.2014044   9.7400841 -46.8358107 -73.3901754 -75.5500522 -93.3553022-124.1316961
  93.1249535  10.6686652 -46.9561823 -73.5695577 -75.7337625 -93.5740416-125.6402472
  94.0515657  10.7111103 -47.0761899 -73.7484223 -77.0549245 -93.7921671-125.9121873
  94.9812310  11.6457246 -47.1958368 -73.9267735 -77.2400686 -95.1892370-126.1833878
  95.9139395  12.5833407 -47.3151264 -74.1046157 -77.4246872 -95.4085497-126.4538544
  96.8496811  12.6316098 -47.4340620 -74.2819533 -77.6087847 -95.6272584-127.9731400
  97.7884462  13.5752001 -47.5526468 -75.6017406 -77.7923654 -97.0344922-128.2444215
  98.7302249  14.5217631 -47.6708839 -75.7805582 -79.1282585 -97.2543886-128.5149820
  99.6750078  14.5757804 -47.7887765 -75.9588784 -79.3132741 -97.4736909-130.0434124
 100.6227852  15.5282604 -47.9063277 -76.1367054 -79.4977807 -98.8910218-130.3147964
 101.5735478  16.4836849 -48.0235404 -76.3140433 -79.6817823 -99.1115119-130.5854716
 102.5272861  16.5433769 -48.1404179 -76.4908960 -79.8652830 -99.3314172-130.8554432
 103.4839910  17.5046627 -48.2569629 -77.8274429 -80.0482869-100.7587799-132.3945097
 104.4436533  17.5670501 -48.3731784 -78.0057771 -81.4007026-100.9798729-132.6653194
 105.4062638  18.5341610 -48.4890673 -78.1836328 -81.5851447-101.2003901-132.9354373
 106.3718137  19.5041710 -47.5046373 -78.3610138 -81.7690968-101.4203361-134.4835567
 107.3402939  19.5721193 -47.6173084 -78.5379240 -81.9525630-102.8594250-134.7545200
 108.3116956  20.5479013 -47.7296672 -78.7143671 -82.1355471-103.0805625-135.0248025
 109.2860100  21.5265563 -47.8417165 -78.8903468 -82.3180528-103.3011374-135.2944091
 110.2632286  21.5999975 -47.9534589 -79.0658667 -82.5000839-104.7501214-136.8530662
 111.2433426  22.5843728 -48.0648970 -79.2409305 -83.8707680-104.9718871-137.1235309
 112.2263435  23.5715955 -48.1760335 -80.5998900 -84.0542416-105.1930983-137.3933305
 113.2122230  24.5616573 -47.1715261 -80.7764423 -84.2372467-105.4137592-138.9609497
 114.2009726  24.6433567 -47.2795290 -80.9525443 -84.4197871-106.8743167-139.2316134
 115.1925839  25.6390720 -47.3872435 -81.1281993 -84.6018661-107.0961713-139.5016222
 116.1870489  26.6376017 -47.4946719 -81.3034107 -84.7834875-107.3174835-141.0781610
 117.1843592  27.6389379 -47.6018167 -81.4781820 -84.9646544-107.5382571-141.3490396
 118.1845068  27.7287747 -47.7086803 -81.6525165 -85.1453705-107.7584960-141.6192732
 119.1874838  28.7356998 -46.6872885 -81.8264175 -85.3256391-109.2322786-141.8888662
 120.1932820  28.8280156 -46.7910869 -81.9998882 -86.7181835-109.4537173-143.4757978
 121.2018937  29.8404982 -46.8946165 -82.1729318 -86.8999014-109.6746286-143.7462710
 122.2133110  30.8557479 -46.9978794 -82.3455515 -87.0811771-109.8950163-144.0161132
 123.2275261  31.8737571 -47.1008778 -82.5177505 -87.2620140-110.1148842-145.6118755
 124.2445314  32.8945181 -46.0656330 -82.6895318 -87.4424153-111.6017954-145.8826026
 125.2643192  32.9975477 -46.1656213 -82.8608985 -87.6223840-111.8228679-146.1527077
 126.2868819  34.0237899 -46.2653569 -83.0318537 -87.8019234-112.0434275-147.7572593
 127.3122121  35.0527614 -46.3648417 -84.4244311 -87.9810364-112.2634776-148.0282537
 128.3403022  35.1609060 -46.4640777 -84.5968887 -88.1597263-112.4830218-148.2986350
 129.3711449  36.1953143 -45.4151689 -84.7689392 -88.3379959-112.7020636-149.9119347
 130.4047329  37.2324302 -45.5114473 -84.9405856 -88.5158483-112.9206063-150.1832093
 131.4410589  38.2722464 -45.6074881 -85.1118307 -88.6932865-114.4239729-150.4538793
 132.4801157  39.3147558 -45.7032932 -85.2826774 -88.8703133-114.6437304-152.0758866
 133.5218961  40.3599513 -44.6435842 -85.4531284 -89.0469316-114.8629952-152.3474537
 134.5663930  40.4812137 -44.7364730 -85.6231867 -89.2231443-115.0817706-152.6184245
 135.6135993  41.5317605 -44.8291366 -85.7928548 -89.3989543-115.3000597-154.2490991
 136.6635081  42.5849725 -44.9215769 -85.9621356 -90.8261771-115.5178660-154.5209704
 137.7161125  43.6408429 -43.8511802 -86.1310317 -91.0034515-115.7351924-154.7922536
 138.7714055  43.7696997 -43.9407440 -86.2995458 -91.1803272-115.9520423-156.4315556
 139.8293804  44.8308665 -44.0300947 -86.4676806 -91.3568071-116.1684187-156.7037424
 140.8900303  45.8946716 -44.1192338 -86.6354385 -91.5328939-116.3843247-156.9753488
 141.9533485  46.9611081 -43.0382585 -86.8028223 -91.7085901-117.9091098-158.6232390
 143.0193283  48.0301696 -43.1245597 -86.9698344 -91.8838985-118.1262466-158.8957520
 144.0879631  49.1018494 -43.2106591 -87.1364774 -92.0588216-118.3429186-160.5507132
 145.1592463  50.1761410 -43.2965582 -87.3027537 -92.2333621-118.5591287-160.8241315
 146.2331715  51.2530381 -42.2051101 -87.4686658 -91.1354995-118.7748799-161.0969810
 147.3097320  51.3998258 -42.2882085 -86.3688942 -91.3070564-118.9901751-162.7604576
 148.3889215  52.4819146 -42.3711160 -86.5318477 -91.4782421-119.2050172-163.0342150
 149.4707336  53.5665896 -41.2718808 -86.6944483 -91.6490589-119.4194090-163.3074108
 150.5551619  54.6538448 -41.3520158 -86.8566982 -91.8195094-119.6333534-164.9793646
 151.6422002  55.7436739 -41.4319690 -87.0185997 -91.9895959-119.8468532-165.2534707
 152.7318421  56.8360706 -40.3250032 -87.1801552 -92.1593209-120.0599112-166.9324006
 153.8240816  57.9310289 -40.4022114 -87.3413668 -92.3286865-120.2725300-167.2074156
 154.9189123  59.0285426 -39.2901228 -87.5022370 -92.4976953-120.4847125-167.4818796
 156.0163283  60.1286058 -39.3646056 -87.6627678 -92.6663494-120.6964613-169.1692164
 157.1163234  60.2954708 -39.4389228 -87.8229615 -92.8346512-120.9077791-169.4445914
 158.2188916  61.4006149 -38.3191950 -87.9828202 -93.0026028-121.1186684-169.7194221
 159.3240269  62.5082906 -38.3908133 -86.8548238 -93.1702066-121.3291321-171.4151290
 160.4317233  63.6184919 -37.2660225 -87.0118201 -93.3374648-121.5391725-171.6908726
 161.5419750  64.7312131 -37.3349607 -87.1684915 -93.5043794-121.7487923-173.3934640
 162.6547761  65.8464483 -36.2051303 -87.3248402 -92.3681152-121.9579940-173.6701189
 163.7701207  66.9641919 -36.2714069 -87.4808682 -92.5321761-122.1667801-173.9462393
 164.8880031  68.0844380 -35.1365600 -87.6365775 -92.6959036-122.3751532-175.6571328
 166.0084174  69.2071810 -35.2001933 -87.7919702 -92.8592998-122.5831156-175.9341663
 167.1313581  70.3324153 -34.0603526 -86.6463875 -93.0223666-122.7906698-177.6518867
 168.2568195  70.5213702 -34.1213605 -86.7989759 -93.1851062-122.9978183-177.9298315
 169.3847958  71.6515703 -32.9765485 -86.9512572 -93.3475206-123.2045633-178.2072511
 170.5152816  72.7842449 -33.0349488 -87.1032333 -93.5096117-123.4109074-179.9332074
 171.6482712  73.9193887 -31.8851876 -87.2549060 -92.3534068-123.6168528-180.2115398
 172.7837591  75.0569961 -31.9409976 -87.4062773 -92.5127090-123.8224019-181.9442667
 173.9217399  76.1970617 -30.7863090 -86.2458402 -92.6716974-124.0275569-182.2235102
 175.0622080  77.3395802 -30.8395460 -86.3944552 -92.8303738-124.2323202-182.5022376
 176.2051582  78.4845461 -29.6799517 -86.5427779 -92.9887402-124.4366940-184.2431353
 177.3505849  79.6319543 -29.7306324 -86.6908099 -93.1467984-124.6406805-184.5227750
 178.4984829  80.7817994 -28.5661536 -86.8385531 -93.3045502-124.8442820-186.2703884
 179.6488469  81.9340761 -28.6142948 -85.6658861 -92.1311850-125.0475007-186.5509387
 180.8016715  83.0887793 -27.4449526 -85.8109120 -92.2862020-125.2503387-188.3052432
 181.9569516  84.2459038 -26.2731864 -85.9556577 -92.4409214-125.4527983-188.5867022
 183.1146819  85.4054445 -26.3163857 -86.1001250 -92.5953452-125.6548814-188.8676566
 184.2748572  86.5673961 -25.1397870 -86.2443154 -92.7494750-125.8565904-190.6300393
 185.4374725  87.7317538 -25.1804895 -85.0595491 -91.5640099-126.0579272-190.9119035
 186.6025225  88.8985123 -23.9990788 -85.2010598 -91.7154427-126.2588939-192.6809241
 187.7700023  90.0676668 -24.0373003 -85.3423019 -91.8665900-126.4594927-192.9636962
 188.9399068  91.2392121 -22.8510976 -85.4832772 -92.0174535-126.6597255-194.7393310
 190.1122309  92.4131435 -22.8868537 -84.2889228 -90.8223998-126.8595943-195.0230092
 191.2869697  93.5894558 -21.6958788 -84.4272480 -90.9705963-127.0591013-195.3061937
 192.4641182  94.7681444 -21.7291849 -84.5653144 -91.1185173-125.8548878-197.0898170
 193.6436716  95.9492042 -20.5334575 -84.7031235 -91.2661642-126.0516591-197.3739084
 194.8256248  97.1326305 -19.3353610 -83.4992599 -90.0616007-126.2480773-196.1528101
 196.0099731  98.3184184 -19.3638680 -83.6344479 -90.2066099-126.4441443-194.9293435
 197.1967116  99.5065633 -18.1610480 -83.7693863 -90.3513529-126.6398621-193.7035137
 198.3858355 100.6970603 -18.1871445 -82.5584415 -90.4958313-126.8352325-192.4753252
 199.5773400 101.8899047 -16.9796199 -82.6907808 -89.2818353-127.0302574-191.2447829
 200.7712204 103.0850918 -15.7697501 -82.8228782 -89.4237043-127.2249386-190.0118915
 201.9674720 104.2826171 -15.7911102 -81.6048947 -89.5653165-127.4192781-188.7766556
 203.1660901 105.4824758 -14.5765638 -81.7344146 -88.3442955-127.6132775-187.5390799
 204.3670700 106.6846633 -14.5955517 -81.8636998 -88.4833197-127.8069389-186.2991691
 205.5704070 107.8891751 -13.3763474 -80.6387195 -88.6220946-128.0002638-185.0569277
 206.7760966 109.0960066 -12.1548208 -80.7654483 -87.3940901-128.1932542-183.8123603
 207.9841343 110.3051534 -12.1691330 -80.8919497 -87.5302983-126.9585261-182.5654714
 209.1945153 111.5166108 -10.9429757 -79.6600136 -87.6662643-127.1488688-181.3162657
 210.4072352 112.7303745  -9.7145098 -79.7839793 -87.8019895-127.3388849-180.0647475
 211.6222896 113.9464399  -9.7241825 -78.5474284 -86.5647372-127.5285761-178.8109213
 212.8396739 115.1648027  -8.4911126 -78.6688730 -86.6979222-127.7179441-177.5547916
 214.0593836 116.3854585  -8.4984725 -78.7901029 -86.8308735-127.9069907-176.2963628
 215.2814144 117.6084029  -7.2608163 -77.5466631 -85.5867320-128.0957175-175.0356393
 216.5057619 118.8336316  -6.0208734 -77.6653918 -85.7171632-126.8448783-173.7726255
 217.7324216 120.0611402  -6.0236516 -76.4173813 -85.8473676-127.0310028-172.5073256
 218.9613892 121.2909244  -4.7791484 -76.5336231 -84.5963760-127.2168151-171.2397441
 220.1926605 122.5229800  -3.5323715 -76.6496623 -84.7240801-127.4023169-169.9698852
 221.4262310 123.7573028  -3.5306025 -75.3948279 -84.8515642-127.5875096-168.6977531
 222.6620966 124.9938884  -2.2792909 -75.5083995 -83.5937611-127.7723948-167.4233521
 223.9002529 126.2327327  -1.0257183 -75.6217750 -83.7187642-127.9569742-166.1466865
 225.1406957 127.4738316  -1.0194360 -74.3601547 -83.8435539-126.6902363-164.8677605
 226.3834209 128.7171809   0.2386461 -74.4710816 -82.5789772-126.8722570-163.5865781
 227.6284243 129.9627764   1.4989768 -73.2049583 -82.7013051-127.0539791-162.3031436
 228.8757016 131.2106140   1.5097390 -73.3134501 -81.4322334-127.2354040-161.0174611
 230.1252487 132.4606897   2.7745544 -73.4217572 -81.5521128-127.4165332-159.7295347
 231.3770616 134.6517644   4.0416061 -72.1489101 -80.2785625-127.5973683-158.4393684
 232.6311361 135.9063040   4.0568154 -72.2548005 -80.3960069-126.3171659-157.1469664
 233.8874682 137.1630695   5.3283275 -70.9774913 -80.5132545-126.4954784-155.8523327
 235.1460538 138.4220570   6.6020637 -71.0809779 -79.2330166-126.6735037-154.5554713
 236.4068889 139.6832624   6.6216881 -71.1842909 -79.3478474-126.8512432-153.2563861
 237.6699694 140.9466818   6.6412752 -69.9003185 -78.0631711-127.0286983-151.9550813
 238.9352915 142.2123113   6.6608251 -70.0012456 -78.1755979-125.7373865-150.6515606
 240.2028510 143.4801469   6.6803378 -68.7128507 -76.8864990-125.9123486-149.3458282
 241.4726442 144.7501848   6.6998136 -68.8114046 -76.9965346-126.0870331-148.0378877
 242.7446670 146.0224211   6.7192524 -67.5186029 -77.1063893-126.2614411-146.7277433
 244.0189156 147.2968519   8.0084475 -67.6147962 -75.8106858-124.9613126-145.4153986
 245.2953861 148.5734734   8.0300423 -66.3176031 -75.9181667-125.1332512-144.1008577
 246.5740746 149.8522818   8.0515966 -66.4114481 -74.6180792-125.3049200-142.7841242
 247.8549773 151.1332733   8.0731103 -65.1098790 -74.7231988-125.4763202-141.4652020
 249.1380904 152.4164442   8.0945837 -65.2013879 -73.4187426-125.6474532-140.1440950
 250.4234100 153.7017906   8.1160168 -63.8954579 -73.5215130-124.3363902-138.8208068
 251.7109324 155.9250505   8.1374097 -63.9846428 -72.2127032-124.5050817-137.4953413
 253.0006538 157.2147369   8.1587625 -62.6743669 -72.3131366-124.6735122-136.1677021
 254.2925704 158.5065877   8.1800754 -61.3619235 -70.9999881-123.3559336-134.8378930
 255.5866787 159.8005993   8.2013483 -61.4466327 -71.0980964-123.5219400-133.5059177
 256.8829747 161.0967680   8.2225815 -60.1298655 -69.7806238-123.6876916-132.1717798
 258.1814550 162.3950902   8.2437749 -60.2122818 -69.8764189-123.8531897-130.8354830
 259.4821157 163.6955622   8.2649288 -58.8912054 -68.5546370-122.5269751-129.4970310
 260.7849532 164.9981804   8.2860432 -58.9713405 -68.6481305-122.6900710-128.1564273
 262.0899640 166.3029413   8.3071181 -57.6459693 -67.3220536-122.8529192-126.8136755
 263.3971444 167.6098413   8.3281538 -57.7238346 -67.4132571-121.5202657-125.4687793
 264.7064907 168.9188768   8.3491502 -56.3941830 -66.0828996-121.6807284-124.1217422
 266.0179995 170.2300443   8.3701075 -55.0623965 -66.1718245-121.8409494-122.7725678
 267.3316672 171.5433404   8.3910258 -55.1358719 -64.8372005-120.5018890-121.4212595
 268.6474902 172.8587614   8.4119052 -53.7998262 -64.9238581-120.6597408-120.0678210
 269.9654649 174.1763039   8.4327457 -53.8710613 -63.5849817-120.8173567-118.7122556
 271.2855880 175.4959645   8.4535474 -52.5307703 -63.6693832-119.4719209-117.3545669
 272.6078559 176.8177397   8.4743105 -52.5997762 -62.3262682-119.6271838-115.9947584
 273.9322651 179.0743346   8.4950350 -51.2552536 -62.4084247-118.2775151-114.6328334
 275.2588121 180.4003288   8.5157210 -51.3220412 -61.0610848-116.9257352-113.2687954
 276.5874936 181.7284273   8.5363687 -49.9733008 -59.7116377-115.5718473-111.9026479
 277.9183061 183.0586269   8.5569780 -48.6224567 -59.7894561-114.2158549-110.5343941
 279.2512462 184.3909240   8.5775491 -48.6849362 -58.4358045-112.8577614-109.1640376
 280.5863105 185.7253155   8.5980820 -47.3298945 -58.5114063-111.4975700-107.7915816
 281.9234957 187.0617979   8.6185770 -47.3901838 -57.1535637-110.1352843-106.4170295
 283.2627983 188.4003680   8.6390339 -46.0309580 -55.7936306-108.7709074-105.0403847
 284.6042150 189.7410224   8.6594530 -44.6696450 -55.8649392-107.4044427-103.6616504
 285.9477426 191.0837579   8.6798343 -44.7256707 -54.5008349-106.0358935-102.2808299
 287.2933777 192.4285712   8.7001778 -43.3601934 -54.5699546-104.6652631-100.8979266
 288.6411169 193.7754590   8.7204838 -43.4140562 -53.2016923-103.2925547 -99.5129437
 289.9909571 195.1244181   8.7407522 -42.0444276 -51.8313559-101.9177716 -98.1258844
 291.3428949 196.4754453   8.7609832 -40.6727281 -51.8962261-100.5409170 -96.7367520
 292.6969272 197.8285373   8.7811767 -40.7223707 -50.5217511 -99.1619941 -95.3455497
 294.0530506 199.1836911   8.8013330 -39.3465393 -50.5844594 -97.7810062 -93.9522808
 295.4112620 200.5409033   8.8214521 -37.9686466 -49.2058586 -96.3979563 -92.5569483
 296.7715581 201.9001709   8.8415340 -38.0140950 -47.8251997 -95.0128478 -91.1595556
 298.1339357 203.2614906   8.8615789 -36.6320894 -47.8837011 -93.6256837 -89.7601057
 299.4983918 205.5545247   8.8815868 -35.2480321 -46.4989354 -92.2364672 -88.3586018
 300.8649231 206.9199395   8.9015579 -35.2893118 -45.1121210 -90.8452014 -86.9550470
 302.2335264 208.2873971  10.2838697 -33.9011604 -45.1664411 -89.4518895 -85.5494445
 303.6041987 209.6568944  10.3058456 -32.5109666 -43.7755386 -88.0565345 -84.1417973
 304.9769368 211.0284283  10.3277816 -32.5481030 -42.3825967 -86.6591395 -82.7321086
 306.3517376 212.4019959  10.3496779 -31.1538337 -42.4327608 -85.2597077 -81.3203814
 307.7285981 213.7775940  10.3715346 -29.7575312 -41.0357493 -83.8582420 -79.9066189
 309.1075151 215.1552196  10.3933517 -29.7905491 -41.0838094 -82.4547455 -78.4908239
 310.4884856 216.5348697  10.4151294 -28.3901893 -39.6827405 -81.0492212 -77.0729997
 311.8715065 218.8431535  10.4368677 -26.9878055 -38.2796474 -79.6416722 -75.6531492
 313.2565749 220.2268436  10.4585667 -25.5834005 -36.8745331 -78.2321015 -74.2312753
 314.6436876 221.6125491  10.4802265 -25.6103065 -36.9164594 -76.8205120 -72.8073812
 316.0328417 223.0002672  10.5018473 -24.2018683 -35.5073117 -75.4069068 -71.3814698
 317.4240342 224.3899948  10.5234290 -22.7914180 -34.0961518 -73.9912888 -69.9535440
 318.8172621 225.7817291  10.5449718 -22.8142631 -34.1339955 -72.5736609 -68.5236069
 320.2125224 227.1754671  10.5664757 -21.3997973 -32.7188200 -71.1540261 -67.0916613
 321.6098122 228.5712059  10.5879409 -19.9833281 -31.3016410 -69.7323873 -65.6577103
 323.0091285 229.9689425  10.6093674 -18.5648586 -31.3354260 -68.3087474 -64.2217566
 324.4104684 231.3686741  10.6307554 -18.5816690 -29.9142489 -66.8831094 -62.7838032
 325.8138290 232.7703978  10.6521048 -17.1592073 -28.4910770 -65.4554761 -61.3438531
 327.2192073 234.1741108  10.6734158 -15.7347538 -27.0659133 -64.0258504 -59.9019091
 328.6266006 235.5798101  10.6946885 -15.7475591 -27.0936741 -62.5942352 -58.4579740
 330.0360058 236.9874930  10.7159230 -14.3191307 -25.6645352 -61.1606333 -57.0120507
 331.4474202 238.3971565  10.7371192 -12.8887190 -24.2334131 -59.7250475 -55.5641421
 332.8608408 239.8087980  10.7582774 -11.4563269 -24.2571703 -58.2874807 -54.1142510
 334.2762649 241.2224145  10.7793976 -11.4631725 -22.8220900 -56.8479357 -52.6623802
 335.6936896 243.5615524  10.8004799 -10.0268281 -21.3850348 -55.4064153 -51.2085325
 337.1131120 244.9791107  10.8215243  -8.5885116 -19.9460076 -53.9629223 -49.7527108
 338.5345295 246.3986358  10.8425309  -7.1482260 -19.9638147 -52.5174595 -48.2949177
 339.9579391 247.8201248  10.8634999  -7.1491540 -18.5208516 -51.0700296 -46.8351561
 341.3833381 249.2435751  10.8844312  -5.7049382 -17.0759248 -49.6206354 -45.3734287
 342.8107237 250.6689838  10.9053250  -4.2587615 -17.0897817 -48.1692796 -43.9097383
 344.2400932 252.0963483  10.9261814  -2.8106265 -15.6409356 -46.7159650 -42.4440876
 345.6714438 253.5256659  10.9470004  -2.8056784 -14.1901338 -45.2606943 -40.9764794
 347.1047728 254.9569338  10.9677821  -1.3536351 -12.7373792 -43.8034702 -39.5069163
 348.5400774 257.3106250  10.9885266   0.1003582 -12.7453578 -42.3442954 -38.0354010
 349.9773549 258.7457855  11.0092340   1.5562989 -11.2887055 -40.8831726 -36.5619363
 351.4166027 260.1828883  11.0299043   1.5670825  -9.8301084 -39.4201044 -35.0865249
 352.8578180 261.6219308  11.0505376   3.0269101  -8.3695691 -37.9550936 -33.6091693
 354.3009981 263.0629103  11.0711340   4.4886770  -8.3717099 -36.4881428 -32.1298723
 355.7461404 264.5058242  11.0916935   5.9523807  -6.9072943 -35.0192546 -30.6486365
 357.1932423 265.9506698  11.1122163   7.4180185  -5.4409445 -33.5484317 -29.1654645
 358.6423010 267.3974445  11.1327024   7.4365292  -3.9726631 -32.0756767 -27.6803591
 360.0933139 268.8461457  11.1531519   8.9060275  -2.5024527 -30.6009922 -26.1933227
 361.5462784 270.2967709  11.1735648  10.3774520  -2.4968689 -29.1243807 -24.7043579
 363.0011920 271.7493174  11.1939412  11.8508003  -1.0228083 -27.6458450 -23.2134675
 364.4580518 273.2037826  11.2142813  11.8750568   0.4531735 -26.1653876 -21.7206540
 365.9168555 274.6601641  11.2345850  11.8992802   1.9310739 -24.6830109 -20.2259199
 367.3776004 276.1184593  12.7078170  11.9234707   1.9424065 -23.1987177 -18.7292678
 368.8402838 277.5786655  14.1829618  11.9476282   3.4241366 -21.7125105 -17.2307002
 370.3049034 279.0407803  15.6600169  11.9717529   4.9077776 -20.2243918 -15.7302198
 371.7714564 280.5048012  15.6860151  11.9958448   6.3933272 -18.7343640 -14.2278290
 373.2399403 282.8881176  17.1668831  12.0199040   7.8807827 -17.2424298 -12.7235303
 374.7103527 284.3559430  18.6496539  12.0439305   7.8997292 -15.7485917 -11.2173264
 376.1826909 285.8256670  20.1343248  13.5344773   9.3909891 -14.2528522  -9.7092196
 377.6569526 287.2972871  21.6208934  13.5603695  10.8841475 -12.7552136  -8.1992125
 379.1331350 288.7708008  21.6544438  13.5862267  12.3792018 -11.2556786  -6.6873075
 380.6112359 290.2462056  23.1448005  13.6120489  12.4038114  -9.7542496  -5.1735072
 382.0912526 291.7234990  24.6370475  13.6378362  12.4283886  -8.2509291  -3.6578139
 383.5731828 293.2026787  26.1311824  13.6635887  12.4529336  -6.7457194  -2.1402303
 385.0570238 294.6837422  27.6272027  13.6893063  13.9555473  -5.2386231  -0.6207586
 386.5427734 297.0809850  27.6682462  13.7149893  13.9819438  -3.7296426   0.9005987
 388.0304290 298.5658088  29.1680301  13.7406375  14.0083057  -2.2187803   2.4238391
 389.5199882 300.0525092  30.6696922  13.7662512  14.0346331  -0.7060386   3.9489603
 391.0114485 301.5410837  32.1732300  13.7918304  14.0609261   0.8085800   5.4759597
 392.5048076 303.0315300  33.6786413  13.8173751  14.0871847   2.3250733   7.0048351
 394.0000630 304.5238457  35.1859235  13.8428854  14.1134090   3.8434387   8.5355840
 395.4972123 306.0180283  35.2362707  13.8683614  14.1395990   5.3636739  10.0682041
 396.9962532 307.5140757  36.7472879  13.8938031  14.1657549   6.8857767  11.6026929
 398.4971832 309.0119853  38.2601689  13.9192106  14.1918766   8.4097444  13.1390482
 400.0000000 310.5117549  39.7749115  13.9445840  14.2179642   9.9355750  14.6772675
