   0.0000000  -0.4533981  -0.4533981  -0.4533981  -0.4533981  -0.4533981  -0.4533981************************************************************************
   0.0773665  -0.3569911  -0.4044630  -0.5315159  -0.5296143  -0.5171153  -0.4782189************************************************************************
   0.2188256  -0.1988602  -0.5431261  -0.5153001  -0.5116271  -0.4874849  -0.4123551************************************************************************
   0.4020084  -0.4021442  -0.5342015  -0.4933043  -0.4879059  -0.4524231  -0.5880533************************************************************************
   0.6189324  -0.6334832  -0.5219517  -0.4682049  -0.4611103  -0.6865460  -0.5414302************************************************************************
   0.8649843  -0.6454603  -0.5076006  -0.7369633  -0.7281939  -0.6705548  -0.8089393************************************************************************
   1.1370514  -0.6557310  -0.8095648  -0.7305706  -0.7201433  -0.7818878  -1.1342637************************************************************************
   1.4328485  -0.6647432  -0.6052564  -1.0794669  -1.0673955  -0.9880537  -1.1171522************************************************************************
   1.7506051  -0.4647826  -0.8150151  -1.0872101  -1.0735066  -0.9834366  -1.0966537************************************************************************
   1.8808858  -0.8953830  -1.0459482  -0.9373072  -0.9229665  -1.2222215  -1.3391630************************************************************************
   2.4465450  -0.6867832  -1.2242864  -1.0959661  -1.0790278  -1.3940657  -1.9463541************************************************************************
   2.8225539  -0.6929883  -1.2381199  -1.5395247  -1.5209815  -1.3991015  -1.9480605************************************************************************
   3.2160669  -0.6987935  -1.2504237  -1.5547125  -1.5345718  -1.8735705  -2.4461954************************************************************************
   3.6263376  -0.7042685  -1.2613893  -1.5681365  -1.5464050  -1.8890239  -2.4561034************************************************************************
   4.0527075  -0.7094696  -1.7566293  -2.0791270  -2.0558109  -2.4150075  -3.0016056************************************************************************
   4.4945902  -0.7144426  -1.7790452  -2.1028952  -2.0780001  -2.4397953  -3.0191330************************************************************************
   4.9514589  -0.7192255  -1.8001584  -2.1250634  -2.0985946  -2.4627102  -3.6087395************************************************************************
   5.4228375  -0.7238500  -1.8200915  -2.6962372  -2.6681997  -3.0464773  -4.2308034************************************************************************
   5.9082922  -0.7283430  -1.8389505  -2.7277200  -2.6981183  -3.0779609  -4.2644488************************************************************************
   6.4074262  -0.7327273  -2.4193896  -2.7577270  -2.7265656  -3.7051566  -4.9261660************************************************************************
   6.9198742  -0.7370224  -2.4482118  -2.7863703  -3.3510474  -3.7445680  -4.9660949************************************************************************
   7.4452991  -0.7412453  -2.4759654  -3.4223113  -3.3880425  -3.7823305  -5.6654897************************************************************************
   7.9833879  -0.7454108  -2.5027281  -3.4594810  -3.4236642  -4.4594521  -5.7114252************************************************************************
   8.5338492  -0.7495317  -2.5285691  -3.4953638  -3.4580025  -4.5046557  -6.4467896************************************************************************
   9.0964109  -0.7536193  -2.5535508  -3.5300409  -4.1424596  -4.5483427  -7.2091389************************************************************************
   9.6708183  -0.1716701  -3.2186285  -4.2251651  -4.1847248  -5.2722335  -7.2683254************************************************************************
  10.2568317  -0.1643393  -3.2524775  -4.2677464  -4.2257713  -5.3229524  -8.0640990************************************************************************
  10.8542259  -0.1572147  -3.2854567  -4.3091741  -4.2656672  -5.3722596  -8.1285556************************************************************************
  11.4627879  -0.1502918  -3.3176161  -4.3495105  -5.0055868  -6.1402935  -8.9565430************************************************************************
  12.0823164  -0.1435665  -3.3490012  -5.0994649  -5.0529027  -6.1962829  -9.0261021************************************************************************
  12.7126207  -0.1370346  -3.3796541  -5.1471997  -5.0991140  -6.2509466  -9.8852151************************************************************************
  13.3535196  -0.1306925  -3.4096136  -5.1938809  -5.1442742  -7.0608944 -10.7679132************************************************************************
  14.0048408  -0.1245366  -3.4389154  -5.2395584  -5.9360272  -7.1219371 -10.8489768************************************************************************
  14.6664200  -0.1185636  -4.1969496  -6.0408263  -5.9881848  -7.1817259 -11.7611044************************************************************************
  15.3381007  -0.1127701  -4.2342081  -6.0934811  -6.0393256  -8.0316647 -11.8467899************************************************************************
  16.0197331  -0.1071531  -4.2707889  -6.1451606  -6.0894935  -8.0975666 -12.7875100************************************************************************
  16.7111740   0.5897311  -4.3067226  -6.1959059  -6.9300797  -8.1622759 -12.8777026************************************************************************
  17.4122861   0.6046748  -4.3420381  -6.2457554  -6.9868859  -9.0505248 -13.8462455************************************************************************
  18.1229380   0.6193187  -4.3767621  -7.1029350  -7.0427457  -9.1211113 -13.9408383************************************************************************
  18.8430031   0.6336706  -4.4109198  -7.1593883  -7.0976957  -9.1905584 -14.9364931************************************************************************
  19.5723600   0.6477378  -4.4445350  -7.2149643  -7.1517703  -9.2589072 -15.0353861************************************************************************
  20.3108919   0.6615272  -4.4776298  -7.2696956  -8.0458596 -10.1907454 -16.0574937************************************************************************
  21.0584860   0.6750453  -4.5102252  -7.3236127  -8.1062496 -10.2647661 -16.1605931************************************************************************
  21.8150339   0.6882985  -4.5423411  -7.3767449  -8.1657822 -10.3377305 -17.2085398************************************************************************
  22.5804308   0.7012924  -4.5739959  -8.2936682  -8.2244869 -11.3048356 -17.3157576************************************************************************
  23.3545756   0.7140328  -4.6052075  -8.3530654  -8.2823917 -11.3832812 -18.3889707************************************************************************
  24.1373705   1.5006697  -4.6359924  -8.4116875  -8.3395230 -11.4607081 -18.5002241************************************************************************
  24.9287209   1.5215687  -4.6663665  -8.4695599  -9.2910682 -11.5371477 -19.5981670************************************************************************
  25.7285354   1.5421349  -4.6963448  -8.5267064  -9.3542183 -12.5446454 -19.7133776************************************************************************
  26.5367253   1.5623757  -4.7259415  -8.5831500  -9.4166054 -12.6263957 -20.8355467************************************************************************
  27.3532047   2.3821130  -4.7551702  -8.6389126  -9.4782528 -12.7071894 -20.9546406************************************************************************
  28.1778902   2.4101002  -4.7840437  -8.6940148  -9.5391826 -12.7870537 -22.1005616************************************************************************
  29.0107011   2.4376971  -4.8125743  -9.6804923  -9.5994160 -12.8660148 -22.2234687************************************************************************
  29.8515587   2.4649125  -4.8407737  -9.7415298  -9.6589734 -13.9184993 -23.3926940************************************************************************
  30.7003869   3.3164405  -4.8686531  -9.8019092  -9.7178742 -14.0026138 -23.5193478************************************************************************
  31.5571114   3.3510435  -4.8962230  -9.8616491 -10.7366178 -14.0858486 -24.7114543************************************************************************
  32.4216602   3.3852110  -4.9234936  -9.9207673 -10.8012455 -14.1682267 -24.8417915************************************************************************
  33.2939630   4.2598102  -4.9504746  -9.9792808 -10.8652198 -15.2581335 -26.0563781************************************************************************
  34.1739515   4.3011058  -4.9771753 -10.0372061 -10.9285581 -15.3455192 -26.1903387************************************************************************
  35.0615593   4.3419195  -5.0036047 -10.0945589 -10.9912772 -15.4320683 -26.3230268************************************************************************
  35.9567213   5.2389864  -5.0297712 -10.1513541 -11.0533930 -15.5178011 -27.5645511************************************************************************
  36.8593745   5.2866919  -5.0556830 -10.2076065 -11.1149211 -15.6027372 -27.7008273************************************************************************
  37.7694572   6.1984244  -4.1208669 -10.2633298 -11.1758762 -15.6868956 -28.9640120************************************************************************
  38.6869091   6.2528516  -4.1393070 -10.3185375 -11.2362727 -16.8243677 -29.1038204************************************************************************
  39.6116716   6.3067107  -4.1575651 -10.3732425 -11.2961244 -16.9133938 -30.3883240************************************************************************
  40.5436873   7.2400023  -4.1756470 -10.4274574 -11.3554445 -17.0016568 -30.5316112************************************************************************
  41.4829002   7.3003800  -4.1935584 -10.4811940 -11.4142457 -17.0891738 -31.8371082************************************************************************
  42.4292557   8.2477672  -4.2113047 -10.5344639 -11.4725405 -17.1759613 -31.9838230************************************************************************
  43.3827000   8.3145152  -4.2288911 -10.5872784 -11.5303407 -17.2620351 -32.1293710************************************************************************
  44.3431811   8.3806260  -4.2463227 -10.6396481 -11.5876579 -17.3474106 -33.4600955************************************************************************
  45.3106475   9.3487658  -3.2552407 -10.6915835 -11.6445030 -18.5361004 -33.6090393************************************************************************
  46.2850494   9.4210702  -3.2657209 -10.7430947 -11.7008869 -18.6262062 -34.9600840************************************************************************
  47.2663377  10.4027975  -3.2761037 -10.7941912 -11.7568199 -18.7156236 -35.1123759************************************************************************
  48.2544643  10.4811648  -3.2863925 -10.8448826 -11.8123121 -18.8043668 -35.2635552************************************************************************
  49.2493824  11.4762912  -2.2683883 -10.8951780 -11.8673731 -18.8924493 -36.6390523************************************************************************
  50.2510457  11.5605969  -2.2719707 -10.9450860 -11.9220123 -18.9798843 -36.7935488************************************************************************
  51.2594093  12.5689416  -2.2755098 -10.9946152 -11.9762389 -19.0666845 -38.1887532************************************************************************
  52.2744289  13.5838298  -2.2790078 -11.0437739 -12.0300617 -19.1528623 -38.3465225************************************************************************
  53.2960611  13.6804567  -1.2348016 -11.0925700 -12.0834891 -19.2384299 -38.5032268************************************************************************
  54.3242633  13.7762895  -1.2318162 -11.1410114 -12.1365295 -20.4867933 -39.9221750************************************************************************
  55.3589940  14.8105565  -1.2288347 -11.1891054 -12.1891909 -20.5769485 -40.0821222************************************************************************
  56.4002121  15.8512016  -1.2258585 -11.2368594 -12.2414811 -20.6664990 -41.5202168************************************************************************
  57.4478775  15.9589726  -0.1561153 -11.2842804 -12.2934077 -20.7554558 -41.6833652************************************************************************
  58.5019507  17.0122566  -0.1468595 -11.3313753 -12.3449779 -20.8438299 -41.8454911************************************************************************
  59.5623930  17.1254471  -0.1376491 -11.3781507 -12.3961990 -20.9316316 -43.3066786************************************************************************
  60.6291664  18.1912178   0.9508396 -11.4246132 -12.4470778 -21.0188712 -43.4719771************************************************************************
  61.7022336  19.2631766   0.9661787 -10.3190086 -12.4976210 -21.1055587 -43.6362803************************************************************************
  62.7815578  19.3878429   0.9814355 -10.3590320 -12.5478353 -21.1917036 -45.1202271************************************************************************
  63.8671030  20.4720703   2.0883411 -10.3987900 -11.4285586 -21.2773155 -45.2876745************************************************************************
  64.9588337  21.5623795   2.1095848 -10.4382878 -11.4723884 -21.3624034 -45.4541519************************************************************************
  66.0567151  21.6982553   2.1307126 -10.4775308 -11.5159358 -21.4469764 -46.9605383************************************************************************
  67.1607129  22.8006261   2.1517254 -10.5165238 -11.5592061 -21.5310431 -47.1301317************************************************************************
  68.2707934  22.9415112   3.2827043  -9.3746408 -11.6022047 -21.6146120 -47.2987790************************************************************************
  69.3869234  24.0558112   3.3095388  -9.4074589 -11.6449367 -21.6976914 -48.8272980************************************************************************
  70.5090705  25.1760275   3.3362277  -9.4400686 -11.6874072 -21.7802894 -48.9990333************************************************************************
  71.6372023  26.3021287   3.3627725  -9.4724741 -10.5263920 -21.8624137 -49.1698449************************************************************************
  72.7712874  26.4596817   3.3891742  -9.5046793 -10.5627706 -21.9440722 -50.7202014************************************************************************
  73.9112948  27.5974599   3.4154342  -8.3334593 -10.5989276 -22.0252722 -50.8940734************************************************************************
  75.0571937  28.7410314   3.4415535  -8.3596924 -10.6348672 -22.1060211 -51.0670427************************************************************************
  76.2089540  28.9090782   3.4675333  -8.3857625 -10.6705935 -22.1863260 -51.2391215************************************************************************
  77.3665461  30.0641478   3.4933748  -8.4116728  -9.4807002 -22.2661939 -52.8149556************************************************************************
  78.5299407  31.2249232   3.5190789  -7.2175238  -9.5105290 -22.3456315 -52.9900751************************************************************************
  79.6991091  32.3913761   3.5446469  -7.2376167  -9.5401804 -22.4246456 -53.1643234************************************************************************
  80.8740228  33.5634787   3.5700797  -7.2575838  -9.5696578 -22.5032426 -54.7613922************************************************************************
  82.0546539  34.7412035   3.5953784  -7.2774279  -8.3571782 -22.5814289 -54.9386539************************************************************************
  83.2409748  35.9245234   3.6205439  -6.0607997  -8.3809065 -22.6592106 -55.1150624************************************************************************
  84.4329584  37.1134119   3.6455774  -6.0749707  -8.4044939 -22.7365939 -55.2906286************************************************************************
  85.6305780  37.3197158   3.6704797  -6.0890499  -8.4279430 -21.4980697 -56.9124996************************************************************************
  86.8338070  38.5196627   3.6952519  -4.8558421  -7.1933075 -21.5695649 -57.0910587************************************************************************
  88.0426196  39.7251003   3.7198948  -4.8643563  -7.2111465 -21.6406987 -57.2687921************************************************************************
  89.2569899  40.9360034   3.7444093  -4.8728077  -7.2288777 -21.7114764 -58.9113409************************************************************************
  90.4768927  42.1523472   3.7687965  -3.6232491  -5.9778933 -21.7819033 -59.0920406************************************************************************
  91.7023030  43.3741070   3.7930571  -3.6262385  -5.9901183 -21.8519845 -59.2719302************************************************************************
  92.9331962  43.6063407   3.8171921  -3.6291925  -6.0022640 -21.9217248 -59.4510197************************************************************************
  94.1695480  44.8388605   3.8412023  -2.3635025  -4.7351501 -21.9911294 -61.1177445************************************************************************
  95.4113343  46.0767248   3.8650885  -2.3610926  -4.7418890 -20.7093318 -61.2997793************************************************************************
  96.6585315  47.3199102   3.8888516  -1.0847660  -4.7485750 -20.7731032 -61.4810285************************************************************************
  97.9111162  48.5683939   3.9124924  -1.0770624  -3.4655426 -20.8365710 -61.6615011************************************************************************
  99.1690653  49.8221532   3.9360117   0.2098095  -3.4669166 -20.8997395 -61.8412061************************************************************************
 100.4323560  51.0811657   3.9594102   0.2227385  -2.1733848 -20.9626129 -63.5354800************************************************************************
 101.7009660  52.3454093   3.9826888   0.2356314  -2.1695146 -19.6545302 -63.7181137************************************************************************
 102.9748728  53.6148623   4.0058482   1.5381550  -2.1656393 -19.7119217 -63.8999929************************************************************************
 104.2540547  55.8844210   4.0288892   1.5561854  -0.8565228 -19.7690475 -64.0811262************************************************************************
 105.5384900  57.1642282   4.0518125   2.8690359  -0.8474911 -19.8259115 -64.2615218************************************************************************
 106.8281571  58.4491809   4.0746188   2.8921404   0.4719092 -19.8825173 -65.9829476************************************************************************
 108.1230351  59.7392583   4.0973088   4.2152342   0.4860342 -18.5486910 -66.1662538************************************************************************
 109.4231031  62.0225666   5.4147612   4.2433510   1.8156356 -18.5999555 -66.3488341************************************************************************
 110.7283403  63.3228321   5.4424107   5.5766065   1.8347923 -18.6509889 -66.5306965************************************************************************
 112.0387264  64.6281616   5.4699254   5.6096757   3.1745142 -18.7017944 -66.7118487************************************************************************
 113.3542413  65.9385352   5.4973062   5.6426271   3.1986431 -17.3477415 -66.8922983************************************************************************
 114.6748649  67.2539333   5.5245539   5.6754615   4.5484068 -17.3933147 -68.6440882************************************************************************
 116.0005778  68.5743366   5.5516696   5.7081795   4.5774495 -17.4386854 -68.8274325************************************************************************
 117.3313603  69.8997260   5.5786539   5.7407818   5.9371781 -17.4838563 -69.0100845************************************************************************
 118.6671932  71.2300826   5.6055079   5.7732692   5.9710782 -16.1098876 -69.1920516************************************************************************
 120.0080576  72.5653877   5.6322322   5.8056421   6.0048634 -16.1499296 -69.3733408************************************************************************
 121.3539345  74.8869111   5.6588279   5.8379014   6.0385344 -16.1897956 -69.5539590************************************************************************
 122.7048055  76.2320580   5.6852956   5.8700475   6.0720918 -14.8010856 -69.7339132************************************************************************
 124.0606521  77.5820986   5.7116363   5.9020812   6.1055362 -14.8359005 -71.5191478************************************************************************
 125.4214561  78.9370150   5.7378506   5.9340031   6.1388682 -14.8705620 -71.7019815************************************************************************
 126.7871995  81.2711914   5.7639393   5.9658137   6.1720885 -13.4672722 -71.8841601************************************************************************
 128.1578646  82.6358066   5.7899033   5.9975136   6.2051976 -13.4969575 -72.0656901************************************************************************
 129.5334336  84.0052452   5.8157433   6.0291036   6.2381962 -12.0840352 -72.2465780************************************************************************
 130.9138893  85.3794900   5.8414600   6.0605840   6.2710848 -12.1087978 -72.4268301************************************************************************
 132.2992143  86.7585242   5.8670542   6.0919556   6.3038641 -12.1334471 -72.6064525************************************************************************
 133.6893916  90.0702784   5.8925266   6.1232189   6.3365345 -10.7062027 -72.7854514************************************************************************
 135.0844044  91.4588410   5.9178778   6.1543743   6.3690966 -10.7259997 -74.6070749************************************************************************
 136.4842358  92.8521433   5.9431087   6.1854226   6.4015511 -10.7457030 -74.7889375************************************************************************
 137.8888695  94.2501688   5.9682199   6.2163642   6.4338984  -9.3042849 -74.9701842************************************************************************
 139.2982890  95.6529017   5.9932120   6.2471997   6.4661391  -9.3192037 -75.1508209************************************************************************
 140.7124781  98.0137702   6.0180858   6.2779296   6.4982738  -7.8684165 -75.3308533************************************************************************
 142.1314208  99.4258700   6.0428420   6.3085544   6.5303028  -7.8785994 -75.5102871************************************************************************
 143.5551012 101.7889851   6.0674811   6.3390747   6.5622269  -6.4185058 -75.6891278************************************************************************
 144.9835037 103.2103895   6.0920038   6.3694909   6.5940464  -6.4240003 -75.8673809************************************************************************
 146.4166126 104.6364230   6.1164108   6.3998036   6.6257620  -4.9546616 -76.0450519************************************************************************
 147.8544126 107.0062837   6.1407026   6.4300132   6.6573740  -4.9555143 -76.2221461************************************************************************
 149.2968883 108.4415306   6.1648800   6.4601203   6.6888830  -3.4769906 -76.3986687************************************************************************
 150.7440247 109.8813618   7.6267434   7.9326010   6.7202895  -3.4732468 -76.5746249************************************************************************
 152.1958069 111.3257626   7.6553694   7.9671651   6.7515940  -3.4694923 -76.7500198************************************************************************
 153.6522199 112.7747185   9.1263434   8.0016131   6.7827969  -1.9773015 -76.9248585************************************************************************
 155.1132492 115.1602307   9.1593752   8.0359457   6.8138986  -0.4805838 -77.0991459************************************************************************
 156.5788802 117.5430160  10.6394022   8.0701634   8.3059291  -0.4677794 -77.2728870************************************************************************
 158.0490985 119.0055511  10.6767980   8.1042668   8.3414318   1.0379496 -77.4460866************************************************************************
 159.5238897 120.4725843  12.1658216   8.1382565   8.3768203   1.0552200 -77.6187493************************************************************************
 161.0032399 121.9441018  12.2075405   8.1721331   8.4120953   2.5699046 -77.7908800************************************************************************
 162.4871349 124.3375417  13.7055052   8.2058972   8.4472574   2.5915996 -77.9624833************************************************************************
 163.9755609 125.8179866  13.7515071   8.2395493   8.4823070   4.1151850 -78.1335637************************************************************************
 165.4685042 128.2129575  15.2583587   8.2730900   8.5172448   4.1412638 -78.3041258************************************************************************
 166.9659510 129.7022758  15.3086044   8.3065198   8.5520714   5.6736964 -78.4741739************************************************************************
 168.4678880 131.1960108  16.8242895   8.3398394   8.5867872   5.7041191 -78.6437125************************************************************************
 169.9743017 132.6941494  16.8787406   8.3730491   8.6213928   7.2453462 -78.8127460************************************************************************
 171.4851789 134.1966784  18.4032067   8.4061497   8.6558887   8.7909510 -78.9812785************************************************************************
 173.0005064 135.7035852  18.4618256   8.4391415   8.6902756   8.8300435 -79.1493144************************************************************************
 174.5202712 138.1175099  19.9950212   8.4720251   8.7245538   8.8690378 -79.3168578************************************************************************
 176.0444604 139.6331335  20.0577713   8.5048010   8.7587239   8.9079344 -79.4839127************************************************************************
 177.5730611 141.1530967  21.5996458   8.5374697   8.7927864   8.9467337 -79.6504833************************************************************************
 179.1060606 143.5725490  23.1458410   8.5700317   8.8267418   8.9854361 -79.8165735************************************************************************
 180.6434465 145.9887617  23.2169945   8.6024876   8.8605907   9.0240419 -79.9821873************************************************************************
 182.1852062 147.5216691  24.7717943   8.6348378   8.8943335   9.0625516 -80.1473286************************************************************************
 183.7313272 149.0588667  24.8469831   8.6670827   8.9279706   9.1009656 -80.3120013************************************************************************
 185.2817975 150.6003426  26.4103390   8.6992229   8.9615026   9.1392843 -80.4762092************************************************************************
 186.8366047 152.1460848  26.4895290   8.7312589   8.9949300   9.1775080 -80.6399559************************************************************************
 188.3957369 153.6960813  28.0613934   8.7631910   9.0282532   9.2156371 -80.8032453************************************************************************
 189.9591820 156.1303091  29.6374943   8.7950198   9.0614727   9.2536720 -79.1776335************************************************************************
 191.5269283 157.6887793  29.7248769   8.8267458   9.0945889  10.8550582 -79.3362579************************************************************************
 193.0989638 159.2514689  31.3094162   8.8583693   9.1276023  10.8972070 -79.4944437************************************************************************
 194.6752771 160.8183665  31.4007107   8.8898908   9.1605133  10.9392509 -79.6521942************************************************************************
 196.2558564 162.3894607  32.9936426   8.9213108   9.1933224  10.9811904 -79.8095131************************************************************************
 197.8406903 164.8370430  33.0888170   8.9526297   9.2260301  11.0230259 -79.9664037************************************************************************
 199.4297674 166.4164966  34.6900966   8.9838479   9.2586366  11.0647580 -80.1228692************************************************************************
 201.0230764 168.0001132  36.2955334   9.0149659   9.2911426  11.1063870 -78.4680156************************************************************************
 202.6206062 170.4524305  36.3987026   9.0459841   9.3235484  11.1479134 -78.6199265************************************************************************
 204.2223455 172.0443401  38.0124209   9.0769028   9.3558545  11.1893376 -78.7714298************************************************************************
 205.8282833 173.6403800  39.6302636   9.1077226   9.3880611  11.2306601 -78.9225288************************************************************************
 207.4384088 175.2405393  39.7413429   9.1384438   9.4201689  11.2718812 -79.0732264************************************************************************
 209.0527109 176.8448074  41.3674025   9.1690668   9.4521781  11.3130014 -77.3978149************************************************************************
 210.6711791 178.4531736  42.9975546   9.1995921   9.4840891  11.3540212 -77.5440346************************************************************************
 212.2938025 180.0656276  43.1164613   9.2300199   9.5159025  11.3949408 -77.6898695************************************************************************
 213.9205705 181.6821588  44.7547671   9.2603508   9.5476185  11.4357608 -77.8353226************************************************************************
 215.5514726 183.3027569  46.3971343   9.2905851   9.5792375  11.4764816 -76.1436542************************************************************************
 217.1864984 184.9274116  46.5237878   9.3207232   9.6107600  11.5171034 -76.2846898************************************************************************
 218.8256375 186.5561127  48.1742470   9.3507655   9.6421864  11.5576268 -76.4253593************************************************************************
 220.4688796 189.0455747  49.8287371   9.3807123   9.6735169  11.5980521 -76.5656656************************************************************************
 222.1162144 190.6823384  49.9630588   9.4105641   9.7047520  11.6383797 -74.8579033************************************************************************
 223.7676318 192.3231184  51.6255806   9.4403211   9.7358920  11.6786100 -74.9938505************************************************************************
 225.4231219 193.9679048  53.2921034   9.4699838   9.7669374  11.7187433 -75.1294496************************************************************************
 227.0826744 195.6166878  53.4340167   9.4995525   9.7978884  11.7587801 -75.2647033************************************************************************
 228.7462797 198.1182858  55.1085122   9.5290276   9.8287455  11.7987207 -73.5410049************************************************************************
 230.4139277 199.7750327  56.7869796  11.2179620   9.8595090  11.8385655 -73.6719559************************************************************************
 232.0856087 201.4357472  58.4694092  11.2513036   9.8901793  11.8783149 -73.8025761************************************************************************
 233.7613130 203.1004197  58.6227920  11.2845427   9.9207566  11.9179691 -73.9328678************************************************************************
 235.4410310 204.7690408  60.3131177  11.3176799   9.9512414  11.9575287 -72.1933869************************************************************************
 237.1247531 207.2824586  62.0073774  11.3507154  11.6573383  11.9969938 -72.3194305************************************************************************
 238.8124699 208.9589486  62.1681758  11.3836498  11.6916527  12.0363649 -72.4451597************************************************************************
 240.5041718 210.6393591  63.8702755  11.4164834  11.7258660  12.0756423 -70.6939399************************************************************************
 242.1998495 212.3236809  65.5762813  11.4492167  11.7599786  12.1148264 -70.8154625************************************************************************
 243.8994937 214.0119049  67.2861842  11.4818500  11.7939909  12.1539175 -70.9366842************************************************************************
 245.6030951 215.7040219  67.4582156  11.5143837  11.8279033  12.1929160 -69.1738077************************************************************************
 247.3106447 218.2328340  69.1758856  11.5468182  11.8617162  12.2318221 -69.2908633************************************************************************
 249.0221333 219.9327103  70.8974257  11.5791539  11.8954299  12.2706362 -69.4076313************************************************************************
 250.7375518 221.6364528  72.6228271  11.6113911  11.9290449  12.3093587 -67.6331785************************************************************************
 252.4568913 223.3440528  72.8059598  11.6435304  11.9625616  12.3479899 -67.7458198************************************************************************
 254.1801428 225.0555014  74.5390574  11.6755719  11.9959802  12.3865300 -67.8581863************************************************************************
 255.9072975 226.7707899  76.2759899  11.7075161  12.0293013  12.4249794 -66.0722359************************************************************************
 257.6383466 228.4899098  78.0167488  11.7393635  12.0625251  12.4633385 -66.1805144************************************************************************
 259.3732813 230.2128523  79.7613256  11.7711142  12.0956520  12.5016075 -66.2885305************************************************************************
 261.1120930 231.9396090  79.9592414  11.8027687  12.1286824  12.5397868 -64.4911597************************************************************************
 262.8547730 233.6701714  81.7114283  11.8343274  12.1616166  12.5778766 -64.5951254************************************************************************
 264.6013128 235.4045310  83.4674077  11.8657906  12.1944550  12.6158773 -62.7901832************************************************************************
 266.3517039 237.1426796  85.2271712  11.8971586  12.2271980  12.6537891 -62.8901253************************************************************************
 268.1059377 238.8846087  86.9907105  11.9284318  12.2598459  12.6916124 -62.9898272************************************************************************
 269.8640059 240.6303102  87.2032102  11.9596106  12.2923990  12.7293475 -61.1735898************************************************************************
 271.6259002 242.3797758  88.9742765  11.9906952  12.3248577  12.7669947 -61.2693044************************************************************************
 273.3916123 244.1329974  90.7490941  13.7759199  12.3572223  12.8045542 -59.4455776************************************************************************
 275.1611339 246.7146524  92.5276549  13.8106517  12.3894931  12.8420264 -59.5373308************************************************************************
 276.9344568 248.4753617  94.3099509  15.6033503  12.4216706  12.8794115 -57.7061468************************************************************************
 278.7115729 250.2398029  94.5368420  17.3997739  12.4537550  14.6862314 -57.7939640************************************************************************
 280.4924742 252.0079679  96.3265845  17.4418463  12.4857466  14.7272445 -55.9553544************************************************************************
 282.2771525 253.7798490  98.1200384  19.2456962  12.5176458  14.7681633 -56.0392608************************************************************************
 284.0656000 256.3719177  99.9171960  19.2913531  12.5494529  14.8089881 -54.1932570************************************************************************
 285.8578087 258.1512073 101.7180493  21.1025980  12.5811682  14.8497193 -54.2732773************************************************************************
 287.6537707 259.9341896 103.5225908  21.1518168  12.6127921  14.8903570 -52.4199101************************************************************************
 289.4534783 261.7208569 103.7673676  22.9704259  12.6443248  14.9309017 -52.4960687************************************************************************
 291.2569235 264.3193913 105.5792623  24.7927056  12.6757666  14.9713537 -50.6353687************************************************************************
 293.0640987 266.1134055 107.3948222  24.8491268  14.5030800  15.0117133 -50.7076897************************************************************************
 294.8749962 267.9110819 109.2140399  26.6787251  14.5380866  15.0519808 -48.8396870************************************************************************
 296.6896084 269.7124130 111.0369077  26.7386486  16.3727030  15.0921565 -48.9081941************************************************************************
 298.5079277 271.5173912 112.8634184  28.5755357  16.4112522  15.1322407 -47.0329184************************************************************************
 300.3299465 273.3260092 113.1258181  30.4160560  18.2531419  15.1722338 -47.0976350************************************************************************
 302.1556573 275.1382596 114.9595922  30.4830861  20.0986573  15.2121360 -45.2151158************************************************************************
 303.9850528 276.9541351 116.7969869  32.3308510  20.1443458  15.2519477 -45.2760649************************************************************************
 305.8181254 278.7736284 118.6379951  32.4013259  21.9970906  15.2916690 -43.3863312************************************************************************
 307.6548678 280.5967323 120.4826096  34.2563063  22.0462640  15.3313004 -43.4435356************************************************************************
 309.4952728 282.4234395 122.3308231  36.1148836  23.9062094  15.3708422 -41.5466162************************************************************************
 311.3393330 284.2537430 124.1826285  36.1923725  23.9588469  15.4102945 -41.6000983************************************************************************
 313.1870411 286.0876355 126.0380188  38.0581225  25.8259644  15.4496578 -39.6960215************************************************************************
 315.0383901 287.9251101 127.8969869  39.9274482  27.6966574  15.4889323 -39.7458034************************************************************************
 316.8933728 289.7661598 129.7595257  40.0118952  27.7563066  15.5281182 -37.8345972************************************************************************
 318.7519820 291.6107774 130.0535928  41.8883515  29.6341296  15.5672159 -37.8807007************************************************************************
 320.6142107 293.4589562 131.9232524  43.7683627  31.5155072  15.6062256 -35.9623929************************************************************************
 322.4800518 296.1105037 133.7964620  43.8597131  31.5821132  15.6451477 -34.0405445************************************************************************
 324.3494985 297.9657840 135.6732148  45.7468135  33.4705794  15.6839823 -34.0794575************************************************************************
 326.2225437 299.8246048 137.5535039  47.6374481  33.5405609  15.7227298 -32.1505484************************************************************************
 328.0991806 301.6869593 139.4373226  47.7356484  35.4360885  15.7613904 -32.1858393************************************************************************
 329.9794023 303.5528408 141.3246642  49.6333315  37.3351368  15.7999645 -30.2498965************************************************************************
 331.8632020 305.4222426 143.2155219  49.7348214  37.4119881  15.8384522 -28.3104468************************************************************************
 333.7505728 308.0865085 145.1098892  51.6395263  39.3180576  15.8768538 -28.3386361************************************************************************
 335.6415081 309.9629308 147.0077594  53.5477322  41.2276278  15.9151696 -26.3921924************************************************************************
 337.5360011 311.8428536 147.3328127  55.4594324  41.3112967  15.9533999 -26.4168141************************************************************************
 339.4340452 313.7262702 149.2376690  55.5711753  43.2278486  15.9915449 -24.4634026************************************************************************
 341.3356338 315.6131741 151.1460086  57.4898447  45.1478816  16.0296049 -22.5065169************************************************************************
 343.2407601 317.5035589 153.0578251  59.4119891  45.2383166  16.0675802 -22.5241233************************************************************************
 345.1494178 319.3974180 154.9731119  59.5304267  47.1652924  16.1054708 -20.5603085************************************************************************
 347.0616002 321.2947451 156.8918627  61.4595016  49.0957301  16.1432773 -20.5744001************************************************************************
 348.9773009 323.1955338 158.8140712  63.3920322  49.1928809  16.1809997 -18.6036816************************************************************************
 350.8965135 325.0997777 160.7397310  63.5171148  51.1302232  16.2186383 -16.6295207************************************************************************
 352.8192314 327.0074706 162.6688358  65.4565379  53.0710084  16.2561934 -14.6519237************************************************************************
 354.7454484 328.9186062 164.6013794  67.3993980  53.1748253  16.2936653 -14.6556538************************************************************************
 356.6751581 330.8331782 166.5373555  69.3456887  55.1224776  16.3310541 -12.6712032************************************************************************
 358.6083542 332.7511805 168.4767580  69.4807918  57.0735541  16.3683600 -10.6833350************************************************************************
 360.5450304 334.6726068 170.4195807  71.4339253  57.1839885  16.4055835  -8.6920553************************************************************************
 362.4851804 336.5974511 172.3658174  73.3904711  59.1418951  16.4427246  -8.6855172************************************************************************
 364.4287981 338.5257072 174.3154622  73.5321037  61.1032076  16.4797836  -6.6874329************************************************************************
 366.3758772 340.4573690 176.2685089  75.4954557  61.2202117  16.5167607  -4.6859554************************************************************************
 368.3264118 342.3924306 178.2249515  77.4622018  63.1883179  16.5536562  -4.6726215************************************************************************
 370.2803955 344.3308859 180.1847840  79.4323360  65.1598119  16.5904704  -2.6643754************************************************************************
 372.2378224 346.2727289 182.1480004  79.5838335  67.1346877  16.6272033  -0.6527538************************************************************************
 374.1986863 349.0007486 184.1145949  81.5607260  67.2615906  16.6638553   1.3622372************************************************************************
 376.1629814 350.9493493 186.0845615  83.5409888  69.2432125  16.7004266   1.3856825************************************************************************
 378.1307016 353.6754647 188.0578944  85.5246161  71.2281987  16.7369174   3.4073950************************************************************************
 380.1018409 355.6307996 190.0345877  85.6858911  71.3615606  16.7733280   5.4324594************************************************************************
 382.0763935 357.5894927 192.0146356  87.6762299  73.3532577  16.8096584   7.4608700************************************************************************
 384.0543534 359.5515384 193.9980323  89.6699156  75.3483016  16.8459091   7.4943391************************************************************************
 386.0357147 361.5169309 195.9847721  91.6669427  77.3466866  16.8820801   9.5294250************************************************************************
 388.0204718 363.4856644 197.9748493  91.8379100  77.4897978  16.9181717  11.5678398************************************************************************
 390.0086187 365.4577333 199.9682582  93.8416026  79.4948479  16.9541842  11.6079292************************************************************************
 392.0001496 367.4331318 201.9649931  95.8486195  81.5032220  16.9901176  13.6529852************************************************************************
 393.9950590 369.4118544 203.9650484  97.8589550  83.5149145  17.0259723  15.7013534************************************************************************
 395.9933409 371.3938954 205.9684185  98.0395309  83.6676911  17.0617485  17.7530282************************************************************************
 397.9949898 373.3792492 207.9750978 100.0564870  85.6860037  17.0974463  19.8080040************************************************************************
 400.0000000 375.3679102 209.9850808 102.0767449  87.7076180  17.1330660  19.8612652************************************************************************
