   0.0000000   0.0000000   0.0000000   0.0000000   0.0000000   0.0000000   0.0000000   0.0000000   0.0000000   0.0000000   0.0000000   0.0000000   0.0000000
   0.0773665   0.0000000   0.0773665   0.2188256   0.2188256   0.2188256   0.2188256   0.0000000   0.0000000   0.0000000   0.0000000   0.0000000   0.0000000
   0.2188256   0.0000000   0.4020084   0.4020084   0.4020084   0.4020084   0.4020084   0.0000000   0.0000000   0.0000000   0.0000000   0.0000000   0.0000000
   0.4020084   0.4020084   0.6189324   0.6189324   0.6189324   0.6189324   0.8649843   0.0000000   0.0000000   0.0000000   0.0000000   0.0000000   0.0000000
   0.6189324   0.8649843   0.8649843   0.8649843   0.8649843   1.1370514   1.1370514   0.0000000   0.0000000   0.0000000   0.0000000   0.0000000   0.0000000
   0.8649843   1.1370514   1.1370514   1.4328485   1.4328485   1.4328485   1.7506051   0.0000000   0.0000000   0.0000000   0.0000000   0.0000000   0.0000000
   1.1370514   1.4328485   1.7506051   1.7506051   1.7506051   1.8808858   2.4465450   0.0000000   0.0000000   0.0000000   0.0000000   0.0000000   0.0000000
   1.4328485   1.7506051   1.8808858   2.4465450   2.4465450   2.4465450   2.8225539   0.0000000   0.0000000   0.0000000   0.0000000   0.0000000   0.0000000
   1.7506051   1.8808858   2.4465450   2.8225539   2.8225539   2.8225539   3.2160669   0.0000000   0.0000000   0.0000000   0.0000000   0.0000000   0.0000000
   1.8808858   2.4465450   2.8225539   2.8225539   2.8225539   3.2160669   3.6263376   0.0000000   0.0000000   0.0000000   0.0000000   0.0000000   0.0000000
   2.4465450   2.8225539   3.6263376   3.6263376   3.6263376   4.0527075   4.9514589   0.0000000   0.0000000   0.0000000   0.0000000   0.0000000   0.0000000
   2.8225539   3.2160669   4.0527075   4.4945902   4.4945902   4.4945902   5.4228375   0.0000000   0.0000000   0.0000000   0.0000000   0.0000000   0.0000000
   3.2160669   3.6263376   4.4945902   4.9514589   4.9514589   5.4228375   6.4074262   0.0000000   0.0000000   0.0000000   0.0000000   0.0000000   0.0000000
   3.6263376   4.0527075   4.9514589   5.4228375   5.4228375   5.9082922   6.9198742   0.0000000   0.0000000   0.0000000   0.0000000   0.0000000   0.0000000
   4.0527075   4.4945902   5.9082922   6.4074262   6.4074262   6.9198742   7.9833879   0.0000000   0.0000000   0.0000000   0.0000000   0.0000000   0.0000000
   4.4945902   4.9514589   6.4074262   6.9198742   6.9198742   7.4452991   8.5338492   0.0000000   0.0000000   0.0000000   0.0000000   0.0000000   0.0000000
   4.9514589   5.4228375   6.9198742   7.4452991   7.4452991   7.9833879   9.6708183   0.0000000   0.0000000   0.0000000   0.0000000   0.0000000   0.0000000
   5.4228375   5.9082922   7.4452991   8.5338492   8.5338492   9.0964109  10.8542259   0.0000000   0.0000000   0.0000000   0.0000000   0.0000000   0.0000000
   5.9082922   6.4074262   7.9833879   9.0964109   9.0964109   9.6708183  11.4627879   0.0000000   0.0000000   0.0000000   0.0000000   0.0000000   0.0000000
   6.4074262   6.9198742   9.0964109   9.6708183   9.6708183  10.8542259  12.7126207   0.0000000   0.0000000   0.0000000   0.0000000   0.0000000   0.0000000
   6.9198742   7.4452991   9.6708183  10.2568317  10.8542259  11.4627879  13.3535196   0.0000000   0.0000000   0.0000000   0.0000000   0.0000000   0.0000000
   7.4452991   7.9833879  10.2568317  11.4627879  11.4627879  12.0823164  14.6664200   0.0000000   0.0000000   0.0000000   0.0000000   0.0000000   0.0000000
   7.9833879   8.5338492  10.8542259  12.0823164  12.0823164  13.3535196  15.3381007   0.0000000   0.0000000   0.0000000   0.0000000   0.0000000   0.0000000
   8.5338492   9.0964109  11.4627879  12.7126207  12.7126207  14.0048408  16.7111740   0.0000000   0.0000000   0.0000000   0.0000000   0.0000000   0.0000000
   9.0964109   9.6708183  12.0823164  13.3535196  14.0048408  14.6664200  18.1229380   0.0000000   0.0000000   0.0000000   0.0000000   0.0000000   0.0000000
   9.6708183   9.6708183  13.3535196  14.6664200  14.6664200  16.0197331  18.8430031   0.0000000   0.0000000   0.0000000   0.0000000   0.0000000   0.0000000
  10.2568317  10.2568317  14.0048408  15.3381007  15.3381007  16.7111740  20.3108919   0.0000000   0.0000000   0.0000000   0.0000000   0.0000000   0.0000000
  10.8542259  10.8542259  14.6664200  16.0197331  16.0197331  17.4122861  21.0584860   0.0000000   0.0000000   0.0000000   0.0000000   0.0000000   0.0000000
  11.4627879  11.4627879  15.3381007  16.7111740  17.4122861  18.8430031  22.5804308   0.0000000   0.0000000   0.0000000   0.0000000   0.0000000   0.0000000
  12.0823164  12.0823164  16.0197331  18.1229380  18.1229380  19.5723600  23.3545756   0.0000000   0.0000000   0.0000000   0.0000000   0.0000000   0.0000000
  12.7126207  12.7126207  16.7111740  18.8430031  18.8430031  20.3108919  24.9287209   0.0000000   0.0000000   0.0000000   0.0000000   0.0000000   0.0000000
  13.3535196  13.3535196  17.4122861  19.5723600  19.5723600  21.8150339  26.5367253   0.0000000   0.0000000   0.0000000   0.0000000   0.0000000   0.0000000
  14.0048408  14.0048408  18.1229380  20.3108919  21.0584860  22.5804308  27.3532047   0.0000000   0.0000000   0.0000000   0.0000000   0.0000000   0.0000000
  14.6664200  14.6664200  19.5723600  21.8150339  21.8150339  23.3545756  29.0107011   0.0000000   0.0000000   0.0000000   0.0000000   0.0000000   0.0000000
  15.3381007  15.3381007  20.3108919  22.5804308  22.5804308  24.9287209  29.8515587   0.0000000   0.0000000   0.0000000   0.0000000   0.0000000   0.0000000
  16.0197331  16.0197331  21.0584860  23.3545756  23.3545756  25.7285354  31.5571114   0.0000000   0.0000000   0.0000000   0.0000000   0.0000000   0.0000000
  16.7111740  16.0197331  21.8150339  24.1373705  24.9287209  26.5367253  32.4216602   0.0000000   0.0000000   0.0000000   0.0000000   0.0000000   0.0000000
  17.4122861  16.7111740  22.5804308  24.9287209  25.7285354  28.1778902  34.1739515   0.0000000   0.0000000   0.0000000   0.0000000   0.0000000   0.0000000
  18.1229380  17.4122861  23.3545756  26.5367253  26.5367253  29.0107011  35.0615593   0.0000000   0.0000000   0.0000000   0.0000000   0.0000000   0.0000000
  18.8430031  18.1229380  24.1373705  27.3532047  27.3532047  29.8515587  36.8593745   0.0000000   0.0000000   0.0000000   0.0000000   0.0000000   0.0000000
  19.5723600  18.8430031  24.9287209  28.1778902  28.1778902  30.7003869  37.7694572   0.0000000   0.0000000   0.0000000   0.0000000   0.0000000   0.0000000
  20.3108919  19.5723600  25.7285354  29.0107011  29.8515587  32.4216602  39.6116716   0.0000000   0.0000000   0.0000000   0.0000000   0.0000000   0.0000000
  21.0584860  20.3108919  26.5367253  29.8515587  30.7003869  33.2939630  40.5436873   0.0000000   0.0000000   0.0000000   0.0000000   0.0000000   0.0000000
  21.8150339  21.0584860  27.3532047  30.7003869  31.5571114  34.1739515  42.4292557   0.0000000   0.0000000   0.0000000   0.0000000   0.0000000   0.0000000
  22.5804308  21.8150339  28.1778902  32.4216602  32.4216602  35.9567213  43.3827000   0.0000000   0.0000000   0.0000000   0.0000000   0.0000000   0.0000000
  23.3545756  22.5804308  29.0107011  33.2939630  33.2939630  36.8593745  45.3106475   0.0000000   0.0000000   0.0000000   0.0000000   0.0000000   0.0000000
  24.1373705  22.5804308  29.8515587  34.1739515  34.1739515  37.7694572  46.2850494   0.0000000   0.0000000   0.0000000   0.0000000   0.0000000   0.0000000
  24.9287209  23.3545756  30.7003869  35.0615593  35.9567213  38.6869091  48.2544643   0.0000000   0.0000000   0.0000000   0.0000000   0.0000000   0.0000000
  25.7285354  24.1373705  31.5571114  35.9567213  36.8593745  40.5436873  49.2493824   0.0000000   0.0000000   0.0000000   0.0000000   0.0000000   0.0000000
  26.5367253  24.9287209  32.4216602  36.8593745  37.7694572  41.4829002  51.2594093   0.0000000   0.0000000   0.0000000   0.0000000   0.0000000   0.0000000
  27.3532047  24.9287209  33.2939630  37.7694572  38.6869091  42.4292557  52.2744289   0.0000000   0.0000000   0.0000000   0.0000000   0.0000000   0.0000000
  28.1778902  25.7285354  34.1739515  38.6869091  39.6116716  43.3827000  54.3242633   0.0000000   0.0000000   0.0000000   0.0000000   0.0000000   0.0000000
  29.0107011  26.5367253  35.0615593  40.5436873  40.5436873  44.3431811  55.3589940   0.0000000   0.0000000   0.0000000   0.0000000   0.0000000   0.0000000
  29.8515587  27.3532047  35.9567213  41.4829002  41.4829002  46.2850494  57.4478775   0.0000000   0.0000000   0.0000000   0.0000000   0.0000000   0.0000000
  30.7003869  27.3532047  36.8593745  42.4292557  42.4292557  47.2663377  58.5019507   0.0000000   0.0000000   0.0000000   0.0000000   0.0000000   0.0000000
  31.5571114  28.1778902  37.7694572  43.3827000  44.3431811  48.2544643  60.6291664   0.0000000   0.0000000   0.0000000   0.0000000   0.0000000   0.0000000
  32.4216602  29.0107011  38.6869091  44.3431811  45.3106475  49.2493824  61.7022336   0.0000000   0.0000000   0.0000000   0.0000000   0.0000000   0.0000000
  33.2939630  29.0107011  39.6116716  45.3106475  46.2850494  51.2594093  63.8671030   0.0000000   0.0000000   0.0000000   0.0000000   0.0000000   0.0000000
  34.1739515  29.8515587  40.5436873  46.2850494  47.2663377  52.2744289  64.9588337   0.0000000   0.0000000   0.0000000   0.0000000   0.0000000   0.0000000
  35.0615593  30.7003869  41.4829002  47.2663377  48.2544643  53.2960611  66.0567151   0.0000000   0.0000000   0.0000000   0.0000000   0.0000000   0.0000000
  35.9567213  30.7003869  42.4292557  48.2544643  49.2493824  54.3242633  68.2707934   0.0000000   0.0000000   0.0000000   0.0000000   0.0000000   0.0000000
  36.8593745  31.5571114  43.3827000  49.2493824  50.2510457  55.3589940  69.3869234   0.0000000   0.0000000   0.0000000   0.0000000   0.0000000   0.0000000
  37.7694572  31.5571114  43.3827000  50.2510457  51.2594093  56.4002121  71.6372023   0.0000000   0.0000000   0.0000000   0.0000000   0.0000000   0.0000000
  38.6869091  32.4216602  44.3431811  51.2594093  52.2744289  58.5019507  72.7712874   0.0000000   0.0000000   0.0000000   0.0000000   0.0000000   0.0000000
  39.6116716  33.2939630  45.3106475  52.2744289  53.2960611  59.5623930  75.0571937   0.0000000   0.0000000   0.0000000   0.0000000   0.0000000   0.0000000
  40.5436873  33.2939630  46.2850494  53.2960611  54.3242633  60.6291664  76.2089540   0.0000000   0.0000000   0.0000000   0.0000000   0.0000000   0.0000000
  41.4829002  34.1739515  47.2663377  54.3242633  55.3589940  61.7022336  78.5299407   0.0000000   0.0000000   0.0000000   0.0000000   0.0000000   0.0000000
  42.4292557  34.1739515  48.2544643  55.3589940  56.4002121  62.7815578  79.6991091   0.0000000   0.0000000   0.0000000   0.0000000   0.0000000   0.0000000
  43.3827000  35.0615593  49.2493824  56.4002121  57.4478775  63.8671030  80.8740228   0.0000000   0.0000000   0.0000000   0.0000000   0.0000000   0.0000000
  44.3431811  35.9567213  50.2510457  57.4478775  58.5019507  64.9588337  83.2409748   0.0000000   0.0000000   0.0000000   0.0000000   0.0000000   0.0000000
  45.3106475  35.9567213  50.2510457  58.5019507  59.5623930  67.1607129  84.4329584   0.0000000   0.0000000   0.0000000   0.0000000   0.0000000   0.0000000
  46.2850494  36.8593745  51.2594093  59.5623930  60.6291664  68.2707934  86.8338070   0.0000000   0.0000000   0.0000000   0.0000000   0.0000000   0.0000000
  47.2663377  36.8593745  52.2744289  60.6291664  61.7022336  69.3869234  88.0426196   0.0000000   0.0000000   0.0000000   0.0000000   0.0000000   0.0000000
  48.2544643  37.7694572  53.2960611  61.7022336  62.7815578  70.5090705  89.2569899   0.0000000   0.0000000   0.0000000   0.0000000   0.0000000   0.0000000
  49.2493824  37.7694572  53.2960611  62.7815578  63.8671030  71.6372023  91.7023030   0.0000000   0.0000000   0.0000000   0.0000000   0.0000000   0.0000000
  50.2510457  38.6869091  54.3242633  63.8671030  64.9588337  72.7712874  92.9331962   0.0000000   0.0000000   0.0000000   0.0000000   0.0000000   0.0000000
  51.2594093  38.6869091  55.3589940  64.9588337  66.0567151  73.9112948  95.4113343   0.0000000   0.0000000   0.0000000   0.0000000   0.0000000   0.0000000
  52.2744289  38.6869091  56.4002121  66.0567151  67.1607129  75.0571937  96.6585315   0.0000000   0.0000000   0.0000000   0.0000000   0.0000000   0.0000000
  53.2960611  39.6116716  56.4002121  67.1607129  68.2707934  76.2089540  97.9111162   0.0000000   0.0000000   0.0000000   0.0000000   0.0000000   0.0000000
  54.3242633  40.5436873  57.4478775  68.2707934  69.3869234  78.5299407 100.4323560   0.0000000   0.0000000   0.0000000   0.0000000   0.0000000   0.0000000
  55.3589940  40.5436873  58.5019507  69.3869234  70.5090705  79.6991091 101.7009660   0.0000000   0.0000000   0.0000000   0.0000000   0.0000000   0.0000000
  56.4002121  40.5436873  59.5623930  70.5090705  71.6372023  80.8740228 104.2540547   0.0000000   0.0000000   0.0000000   0.0000000   0.0000000   0.0000000
  57.4478775  41.4829002  59.5623930  71.6372023  72.7712874  82.0546539 105.5384900   0.0000000   0.0000000   0.0000000   0.0000000   0.0000000   0.0000000
  58.5019507  41.4829002  60.6291664  72.7712874  73.9112948  83.2409748 106.8281571   0.0000000   0.0000000   0.0000000   0.0000000   0.0000000   0.0000000
  59.5623930  42.4292557  61.7022336  73.9112948  75.0571937  84.4329584 109.4231031   0.0000000   0.0000000   0.0000000   0.0000000   0.0000000   0.0000000
  60.6291664  42.4292557  61.7022336  75.0571937  76.2089540  85.6305780 110.7283403   0.0000000   0.0000000   0.0000000   0.0000000   0.0000000   0.0000000
  61.7022336  42.4292557  62.7815578  75.0571937  77.3665461  86.8338070 112.0387264   0.0000000   0.0000000   0.0000000   0.0000000   0.0000000   0.0000000
  62.7815578  43.3827000  63.8671030  76.2089540  78.5299407  88.0426196 114.6748649   0.0000000   0.0000000   0.0000000   0.0000000   0.0000000   0.0000000
  63.8671030  43.3827000  63.8671030  77.3665461  78.5299407  89.2569899 116.0005778   0.0000000   0.0000000   0.0000000   0.0000000   0.0000000   0.0000000
  64.9588337  43.3827000  64.9588337  78.5299407  79.6991091  90.4768927 117.3313603   0.0000000   0.0000000   0.0000000   0.0000000   0.0000000   0.0000000
  66.0567151  44.3431811  66.0567151  79.6991091  80.8740228  91.7023030 120.0080576   0.0000000   0.0000000   0.0000000   0.0000000   0.0000000   0.0000000
  67.1607129  44.3431811  67.1607129  80.8740228  82.0546539  92.9331962 121.3539345   0.0000000   0.0000000   0.0000000   0.0000000   0.0000000   0.0000000
  68.2707934  45.3106475  67.1607129  80.8740228  83.2409748  94.1695480 122.7048055   0.0000000   0.0000000   0.0000000   0.0000000   0.0000000   0.0000000
  69.3869234  45.3106475  68.2707934  82.0546539  84.4329584  95.4113343 125.4214561   0.0000000   0.0000000   0.0000000   0.0000000   0.0000000   0.0000000
  70.5090705  45.3106475  69.3869234  83.2409748  85.6305780  96.6585315 126.7871995   0.0000000   0.0000000   0.0000000   0.0000000   0.0000000   0.0000000
  71.6372023  45.3106475  70.5090705  84.4329584  85.6305780  97.9111162 128.1578646   0.0000000   0.0000000   0.0000000   0.0000000   0.0000000   0.0000000
  72.7712874  46.2850494  71.6372023  85.6305780  86.8338070  99.1690653 130.9138893   0.0000000   0.0000000   0.0000000   0.0000000   0.0000000   0.0000000
  73.9112948  46.2850494  72.7712874  85.6305780  88.0426196 100.4323560 132.2992143   0.0000000   0.0000000   0.0000000   0.0000000   0.0000000   0.0000000
  75.0571937  46.2850494  73.9112948  86.8338070  89.2569899 101.7009660 133.6893916   0.0000000   0.0000000   0.0000000   0.0000000   0.0000000   0.0000000
  76.2089540  47.2663377  75.0571937  88.0426196  90.4768927 102.9748728 135.0844044   0.0000000   0.0000000   0.0000000   0.0000000   0.0000000   0.0000000
  77.3665461  47.2663377  76.2089540  89.2569899  90.4768927 104.2540547 137.8888695   0.0000000   0.0000000   0.0000000   0.0000000   0.0000000   0.0000000
  78.5299407  47.2663377  77.3665461  89.2569899  91.7023030 105.5384900 139.2982890   0.0000000   0.0000000   0.0000000   0.0000000   0.0000000   0.0000000
  79.6991091  47.2663377  78.5299407  90.4768927  92.9331962 106.8281571 140.7124781   0.0000000   0.0000000   0.0000000   0.0000000   0.0000000   0.0000000
  80.8740228  47.2663377  79.6991091  91.7023030  94.1695480 108.1230351 143.5551012   0.0000000   0.0000000   0.0000000   0.0000000   0.0000000   0.0000000
  82.0546539  47.2663377  80.8740228  92.9331962  94.1695480 109.4231031 144.9835037   0.0000000   0.0000000   0.0000000   0.0000000   0.0000000   0.0000000
  83.2409748  47.2663377  82.0546539  92.9331962  95.4113343 110.7283403 146.4166126   0.0000000   0.0000000   0.0000000   0.0000000   0.0000000   0.0000000
  84.4329584  47.2663377  83.2409748  94.1695480  96.6585315 112.0387264 147.8544126   0.0000000   0.0000000   0.0000000   0.0000000   0.0000000   0.0000000
  85.6305780  48.2544643  84.4329584  95.4113343  97.9111162 112.0387264 150.7440247   0.0000000   0.0000000   0.0000000   0.0000000   0.0000000   0.0000000
  86.8338070  48.2544643  85.6305780  95.4113343  97.9111162 113.3542413 152.1958069   0.0000000   0.0000000   0.0000000   0.0000000   0.0000000   0.0000000
  88.0426196  48.2544643  86.8338070  96.6585315  99.1690653 114.6748649 153.6522199   0.0000000   0.0000000   0.0000000   0.0000000   0.0000000   0.0000000
  89.2569899  48.2544643  88.0426196  97.9111162 100.4323560 116.0005778 156.5788802   0.0000000   0.0000000   0.0000000   0.0000000   0.0000000   0.0000000
  90.4768927  48.2544643  89.2569899  97.9111162 100.4323560 117.3313603 158.0490985   0.0000000   0.0000000   0.0000000   0.0000000   0.0000000   0.0000000
  91.7023030  48.2544643  90.4768927  99.1690653 101.7009660 118.6671932 159.5238897   0.0000000   0.0000000   0.0000000   0.0000000   0.0000000   0.0000000
  92.9331962  49.2493824  91.7023030 100.4323560 102.9748728 120.0080576 161.0032399   0.0000000   0.0000000   0.0000000   0.0000000   0.0000000   0.0000000
  94.1695480  49.2493824  92.9331962 100.4323560 102.9748728 121.3539345 163.9755609   0.0000000   0.0000000   0.0000000   0.0000000   0.0000000   0.0000000
  95.4113343  49.2493824  94.1695480 101.7009660 104.2540547 121.3539345 165.4685042   0.0000000   0.0000000   0.0000000   0.0000000   0.0000000   0.0000000
  96.6585315  49.2493824  95.4113343 101.7009660 105.5384900 122.7048055 166.9659510   0.0000000   0.0000000   0.0000000   0.0000000   0.0000000   0.0000000
  97.9111162  49.2493824  96.6585315 102.9748728 105.5384900 124.0606521 168.4678880   0.0000000   0.0000000   0.0000000   0.0000000   0.0000000   0.0000000
  99.1690653  49.2493824  97.9111162 102.9748728 106.8281571 125.4214561 169.9743017   0.0000000   0.0000000   0.0000000   0.0000000   0.0000000   0.0000000
 100.4323560  49.2493824  99.1690653 104.2540547 106.8281571 126.7871995 173.0005064   0.0000000   0.0000000   0.0000000   0.0000000   0.0000000   0.0000000
 101.7009660  49.2493824 100.4323560 105.5384900 108.1230351 126.7871995 174.5202712   0.0000000   0.0000000   0.0000000   0.0000000   0.0000000   0.0000000
 102.9748728  49.2493824 101.7009660 105.5384900 109.4231031 128.1578646 176.0444604   0.0000000   0.0000000   0.0000000   0.0000000   0.0000000   0.0000000
 104.2540547  48.2544643 102.9748728 106.8281571 109.4231031 129.5334336 177.5730611   0.0000000   0.0000000   0.0000000   0.0000000   0.0000000   0.0000000
 105.5384900  48.2544643 104.2540547 106.8281571 110.7283403 130.9138893 179.1060606   0.0000000   0.0000000   0.0000000   0.0000000   0.0000000   0.0000000
 106.8281571  48.2544643 105.5384900 108.1230351 110.7283403 132.2992143 182.1852062   0.0000000   0.0000000   0.0000000   0.0000000   0.0000000   0.0000000
 108.1230351  48.2544643 106.8281571 108.1230351 112.0387264 132.2992143 183.7313272   0.0000000   0.0000000   0.0000000   0.0000000   0.0000000   0.0000000
 109.4231031  47.2663377 106.8281571 109.4231031 112.0387264 133.6893916 185.2817975   0.0000000   0.0000000   0.0000000   0.0000000   0.0000000   0.0000000
 110.7283403  47.2663377 108.1230351 109.4231031 113.3542413 135.0844044 186.8366047   0.0000000   0.0000000   0.0000000   0.0000000   0.0000000   0.0000000
 112.0387264  47.2663377 109.4231031 110.7283403 113.3542413 136.4842358 188.3957369   0.0000000   0.0000000   0.0000000   0.0000000   0.0000000   0.0000000
 113.3542413  47.2663377 110.7283403 112.0387264 114.6748649 136.4842358 189.9591820   0.0000000   0.0000000   0.0000000   0.0000000   0.0000000   0.0000000
 114.6748649  47.2663377 112.0387264 113.3542413 114.6748649 137.8888695 193.0989638   0.0000000   0.0000000   0.0000000   0.0000000   0.0000000   0.0000000
 116.0005778  47.2663377 113.3542413 114.6748649 116.0005778 139.2982890 194.6752771   0.0000000   0.0000000   0.0000000   0.0000000   0.0000000   0.0000000
 117.3313603  47.2663377 114.6748649 116.0005778 116.0005778 140.7124781 196.2558564   0.0000000   0.0000000   0.0000000   0.0000000   0.0000000   0.0000000
 118.6671932  47.2663377 116.0005778 117.3313603 117.3313603 140.7124781 197.8406903   0.0000000   0.0000000   0.0000000   0.0000000   0.0000000   0.0000000
 120.0080576  47.2663377 117.3313603 118.6671932 118.6671932 142.1314208 199.4297674   0.0000000   0.0000000   0.0000000   0.0000000   0.0000000   0.0000000
 121.3539345  46.2850494 118.6671932 120.0080576 120.0080576 143.5551012 201.0230764   0.0000000   0.0000000   0.0000000   0.0000000   0.0000000   0.0000000
 122.7048055  46.2850494 120.0080576 121.3539345 121.3539345 143.5551012 202.6206062   0.0000000   0.0000000   0.0000000   0.0000000   0.0000000   0.0000000
 124.0606521  46.2850494 121.3539345 122.7048055 122.7048055 144.9835037 205.8282833   0.0000000   0.0000000   0.0000000   0.0000000   0.0000000   0.0000000
 125.4214561  46.2850494 122.7048055 124.0606521 124.0606521 146.4166126 207.4384088   0.0000000   0.0000000   0.0000000   0.0000000   0.0000000   0.0000000
 126.7871995  45.3106475 124.0606521 125.4214561 125.4214561 146.4166126 209.0527109   0.0000000   0.0000000   0.0000000   0.0000000   0.0000000   0.0000000
 128.1578646  45.3106475 125.4214561 126.7871995 126.7871995 147.8544126 210.6711791   0.0000000   0.0000000   0.0000000   0.0000000   0.0000000   0.0000000
 129.5334336  45.3106475 126.7871995 128.1578646 128.1578646 147.8544126 212.2938025   0.0000000   0.0000000   0.0000000   0.0000000   0.0000000   0.0000000
 130.9138893  45.3106475 128.1578646 129.5334336 129.5334336 149.2968883 213.9205705   0.0000000   0.0000000   0.0000000   0.0000000   0.0000000   0.0000000
 132.2992143  45.3106475 129.5334336 130.9138893 130.9138893 150.7440247 215.5514726   0.0000000   0.0000000   0.0000000   0.0000000   0.0000000   0.0000000
 133.6893916  43.3827000 130.9138893 132.2992143 132.2992143 150.7440247 217.1864984   0.0000000   0.0000000   0.0000000   0.0000000   0.0000000   0.0000000
 135.0844044  43.3827000 132.2992143 133.6893916 133.6893916 152.1958069 220.4688796   0.0000000   0.0000000   0.0000000   0.0000000   0.0000000   0.0000000
 136.4842358  43.3827000 133.6893916 135.0844044 135.0844044 153.6522199 222.1162144   0.0000000   0.0000000   0.0000000   0.0000000   0.0000000   0.0000000
 137.8888695  43.3827000 135.0844044 136.4842358 136.4842358 153.6522199 223.7676318   0.0000000   0.0000000   0.0000000   0.0000000   0.0000000   0.0000000
 139.2982890  43.3827000 136.4842358 137.8888695 137.8888695 155.1132492 225.4231219   0.0000000   0.0000000   0.0000000   0.0000000   0.0000000   0.0000000
 140.7124781  42.4292557 137.8888695 139.2982890 139.2982890 155.1132492 227.0826744   0.0000000   0.0000000   0.0000000   0.0000000   0.0000000   0.0000000
 142.1314208  42.4292557 139.2982890 140.7124781 140.7124781 156.5788802 228.7462797   0.0000000   0.0000000   0.0000000   0.0000000   0.0000000   0.0000000
 143.5551012  41.4829002 140.7124781 142.1314208 142.1314208 156.5788802 230.4139277   0.0000000   0.0000000   0.0000000   0.0000000   0.0000000   0.0000000
 144.9835037  41.4829002 142.1314208 143.5551012 143.5551012 158.0490985 232.0856087   0.0000000   0.0000000   0.0000000   0.0000000   0.0000000   0.0000000
 146.4166126  41.4829002 143.5551012 144.9835037 144.9835037 158.0490985 233.7613130   0.0000000   0.0000000   0.0000000   0.0000000   0.0000000   0.0000000
 147.8544126  40.5436873 144.9835037 146.4166126 146.4166126 159.5238897 235.4410310   0.0000000   0.0000000   0.0000000   0.0000000   0.0000000   0.0000000
 149.2968883  40.5436873 146.4166126 147.8544126 147.8544126 159.5238897 237.1247531   0.0000000   0.0000000   0.0000000   0.0000000   0.0000000   0.0000000
 150.7440247  40.5436873 146.4166126 147.8544126 149.2968883 161.0032399 238.8124699   0.0000000   0.0000000   0.0000000   0.0000000   0.0000000   0.0000000
 152.1958069  40.5436873 147.8544126 149.2968883 150.7440247 162.4871349 240.5041718   0.0000000   0.0000000   0.0000000   0.0000000   0.0000000   0.0000000
 153.6522199  40.5436873 147.8544126 150.7440247 152.1958069 162.4871349 242.1998495   0.0000000   0.0000000   0.0000000   0.0000000   0.0000000   0.0000000
 155.1132492  39.6116716 149.2968883 152.1958069 153.6522199 162.4871349 243.8994937   0.0000000   0.0000000   0.0000000   0.0000000   0.0000000   0.0000000
 156.5788802  38.6869091 149.2968883 153.6522199 153.6522199 163.9755609 245.6030951   0.0000000   0.0000000   0.0000000   0.0000000   0.0000000   0.0000000
 158.0490985  38.6869091 150.7440247 155.1132492 155.1132492 163.9755609 247.3106447   0.0000000   0.0000000   0.0000000   0.0000000   0.0000000   0.0000000
 159.5238897  38.6869091 150.7440247 156.5788802 156.5788802 165.4685042 249.0221333   0.0000000   0.0000000   0.0000000   0.0000000   0.0000000   0.0000000
 161.0032399  38.6869091 152.1958069 158.0490985 158.0490985 165.4685042 250.7375518   0.0000000   0.0000000   0.0000000   0.0000000   0.0000000   0.0000000
 162.4871349  37.7694572 152.1958069 159.5238897 159.5238897 166.9659510 252.4568913   0.0000000   0.0000000   0.0000000   0.0000000   0.0000000   0.0000000
 163.9755609  37.7694572 153.6522199 161.0032399 161.0032399 166.9659510 254.1801428   0.0000000   0.0000000   0.0000000   0.0000000   0.0000000   0.0000000
 165.4685042  36.8593745 153.6522199 162.4871349 162.4871349 168.4678880 255.9072975   0.0000000   0.0000000   0.0000000   0.0000000   0.0000000   0.0000000
 166.9659510  36.8593745 155.1132492 163.9755609 163.9755609 168.4678880 257.6383466   0.0000000   0.0000000   0.0000000   0.0000000   0.0000000   0.0000000
 168.4678880  36.8593745 155.1132492 165.4685042 165.4685042 169.9743017 259.3732813   0.0000000   0.0000000   0.0000000   0.0000000   0.0000000   0.0000000
 169.9743017  36.8593745 156.5788802 166.9659510 166.9659510 169.9743017 261.1120930   0.0000000   0.0000000   0.0000000   0.0000000   0.0000000   0.0000000
 171.4851789  36.8593745 156.5788802 168.4678880 168.4678880 169.9743017 262.8547730   0.0000000   0.0000000   0.0000000   0.0000000   0.0000000   0.0000000
 173.0005064  36.8593745 158.0490985 169.9743017 169.9743017 171.4851789 264.6013128   0.0000000   0.0000000   0.0000000   0.0000000   0.0000000   0.0000000
 174.5202712  35.9567213 158.0490985 171.4851789 171.4851789 173.0005064 266.3517039   0.0000000   0.0000000   0.0000000   0.0000000   0.0000000   0.0000000
 176.0444604  35.9567213 159.5238897 173.0005064 173.0005064 174.5202712 268.1059377   0.0000000   0.0000000   0.0000000   0.0000000   0.0000000   0.0000000
 177.5730611  35.9567213 159.5238897 174.5202712 174.5202712 176.0444604 269.8640059   0.0000000   0.0000000   0.0000000   0.0000000   0.0000000   0.0000000
 179.1060606  35.0615593 159.5238897 176.0444604 176.0444604 177.5730611 271.6259002   0.0000000   0.0000000   0.0000000   0.0000000   0.0000000   0.0000000
 180.6434465  34.1739515 161.0032399 177.5730611 177.5730611 179.1060606 273.3916123   0.0000000   0.0000000   0.0000000   0.0000000   0.0000000   0.0000000
 182.1852062  34.1739515 161.0032399 179.1060606 179.1060606 180.6434465 275.1611339   0.0000000   0.0000000   0.0000000   0.0000000   0.0000000   0.0000000
 183.7313272  34.1739515 162.4871349 180.6434465 180.6434465 182.1852062 276.9344568   0.0000000   0.0000000   0.0000000   0.0000000   0.0000000   0.0000000
 185.2817975  34.1739515 162.4871349 182.1852062 182.1852062 183.7313272 278.7115729   0.0000000   0.0000000   0.0000000   0.0000000   0.0000000   0.0000000
 186.8366047  34.1739515 163.9755609 183.7313272 183.7313272 185.2817975 280.4924742   0.0000000   0.0000000   0.0000000   0.0000000   0.0000000   0.0000000
 188.3957369  34.1739515 163.9755609 185.2817975 185.2817975 186.8366047 282.2771525   0.0000000   0.0000000   0.0000000   0.0000000   0.0000000   0.0000000
 189.9591820  33.2939630 163.9755609 186.8366047 186.8366047 188.3957369 282.2771525   0.0000000   0.0000000   0.0000000   0.0000000   0.0000000   0.0000000
 191.5269283  33.2939630 165.4685042 188.3957369 188.3957369 188.3957369 284.0656000   0.0000000   0.0000000   0.0000000   0.0000000   0.0000000   0.0000000
 193.0989638  33.2939630 165.4685042 189.9591820 189.9591820 189.9591820 285.8578087   0.0000000   0.0000000   0.0000000   0.0000000   0.0000000   0.0000000
 194.6752771  33.2939630 166.9659510 191.5269283 191.5269283 191.5269283 287.6537707   0.0000000   0.0000000   0.0000000   0.0000000   0.0000000   0.0000000
 196.2558564  33.2939630 166.9659510 193.0989638 193.0989638 193.0989638 289.4534783   0.0000000   0.0000000   0.0000000   0.0000000   0.0000000   0.0000000
 197.8406903  32.4216602 168.4678880 194.6752771 194.6752771 194.6752771 291.2569235   0.0000000   0.0000000   0.0000000   0.0000000   0.0000000   0.0000000
 199.4297674  32.4216602 168.4678880 196.2558564 196.2558564 196.2558564 293.0640987   0.0000000   0.0000000   0.0000000   0.0000000   0.0000000   0.0000000
 201.0230764  32.4216602 168.4678880 197.8406903 197.8406903 197.8406903 293.0640987   0.0000000   0.0000000   0.0000000   0.0000000   0.0000000   0.0000000
 202.6206062  31.5571114 169.9743017 199.4297674 199.4297674 199.4297674 294.8749962   0.0000000   0.0000000   0.0000000   0.0000000   0.0000000   0.0000000
 204.2223455  31.5571114 169.9743017 201.0230764 201.0230764 201.0230764 296.6896084   0.0000000   0.0000000   0.0000000   0.0000000   0.0000000   0.0000000
 205.8282833  31.5571114 169.9743017 202.6206062 202.6206062 202.6206062 298.5079277   0.0000000   0.0000000   0.0000000   0.0000000   0.0000000   0.0000000
 207.4384088  31.5571114 171.4851789 204.2223455 204.2223455 204.2223455 300.3299465   0.0000000   0.0000000   0.0000000   0.0000000   0.0000000   0.0000000
 209.0527109  31.5571114 171.4851789 205.8282833 205.8282833 205.8282833 300.3299465   0.0000000   0.0000000   0.0000000   0.0000000   0.0000000   0.0000000
 210.6711791  31.5571114 171.4851789 207.4384088 207.4384088 207.4384088 302.1556573   0.0000000   0.0000000   0.0000000   0.0000000   0.0000000   0.0000000
 212.2938025  31.5571114 173.0005064 209.0527109 209.0527109 209.0527109 303.9850528   0.0000000   0.0000000   0.0000000   0.0000000   0.0000000   0.0000000
 213.9205705  31.5571114 173.0005064 210.6711791 210.6711791 210.6711791 305.8181254   0.0000000   0.0000000   0.0000000   0.0000000   0.0000000   0.0000000
 215.5514726  31.5571114 173.0005064 212.2938025 212.2938025 212.2938025 305.8181254   0.0000000   0.0000000   0.0000000   0.0000000   0.0000000   0.0000000
 217.1864984  31.5571114 174.5202712 213.9205705 213.9205705 213.9205705 307.6548678   0.0000000   0.0000000   0.0000000   0.0000000   0.0000000   0.0000000
 218.8256375  31.5571114 174.5202712 215.5514726 215.5514726 215.5514726 309.4952728   0.0000000   0.0000000   0.0000000   0.0000000   0.0000000   0.0000000
 220.4688796  30.7003869 174.5202712 217.1864984 217.1864984 217.1864984 311.3393330   0.0000000   0.0000000   0.0000000   0.0000000   0.0000000   0.0000000
 222.1162144  30.7003869 176.0444604 218.8256375 218.8256375 218.8256375 311.3393330   0.0000000   0.0000000   0.0000000   0.0000000   0.0000000   0.0000000
 223.7676318  30.7003869 176.0444604 220.4688796 220.4688796 220.4688796 313.1870411   0.0000000   0.0000000   0.0000000   0.0000000   0.0000000   0.0000000
 225.4231219  30.7003869 176.0444604 222.1162144 222.1162144 222.1162144 315.0383901   0.0000000   0.0000000   0.0000000   0.0000000   0.0000000   0.0000000
 227.0826744  30.7003869 177.5730611 223.7676318 223.7676318 223.7676318 316.8933728   0.0000000   0.0000000   0.0000000   0.0000000   0.0000000   0.0000000
 228.7462797  29.8515587 177.5730611 225.4231219 225.4231219 225.4231219 316.8933728   0.0000000   0.0000000   0.0000000   0.0000000   0.0000000   0.0000000
 230.4139277  29.8515587 177.5730611 225.4231219 227.0826744 227.0826744 318.7519820   0.0000000   0.0000000   0.0000000   0.0000000   0.0000000   0.0000000
 232.0856087  29.8515587 177.5730611 227.0826744 228.7462797 228.7462797 320.6142107   0.0000000   0.0000000   0.0000000   0.0000000   0.0000000   0.0000000
 233.7613130  29.8515587 179.1060606 228.7462797 230.4139277 230.4139277 322.4800518   0.0000000   0.0000000   0.0000000   0.0000000   0.0000000   0.0000000
 235.4410310  29.8515587 179.1060606 230.4139277 232.0856087 232.0856087 322.4800518   0.0000000   0.0000000   0.0000000   0.0000000   0.0000000   0.0000000
 237.1247531  29.0107011 179.1060606 232.0856087 232.0856087 233.7613130 324.3494985   0.0000000   0.0000000   0.0000000   0.0000000   0.0000000   0.0000000
 238.8124699  29.0107011 180.6434465 233.7613130 233.7613130 235.4410310 326.2225437   0.0000000   0.0000000   0.0000000   0.0000000   0.0000000   0.0000000
 240.5041718  29.0107011 180.6434465 235.4410310 235.4410310 237.1247531 326.2225437   0.0000000   0.0000000   0.0000000   0.0000000   0.0000000   0.0000000
 242.1998495  29.0107011 180.6434465 237.1247531 237.1247531 238.8124699 328.0991806   0.0000000   0.0000000   0.0000000   0.0000000   0.0000000   0.0000000
 243.8994937  29.0107011 180.6434465 238.8124699 238.8124699 240.5041718 329.9794023   0.0000000   0.0000000   0.0000000   0.0000000   0.0000000   0.0000000
 245.6030951  29.0107011 182.1852062 240.5041718 240.5041718 242.1998495 329.9794023   0.0000000   0.0000000   0.0000000   0.0000000   0.0000000   0.0000000
 247.3106447  28.1778902 182.1852062 242.1998495 242.1998495 243.8994937 331.8632020   0.0000000   0.0000000   0.0000000   0.0000000   0.0000000   0.0000000
 249.0221333  28.1778902 182.1852062 243.8994937 243.8994937 245.6030951 333.7505728   0.0000000   0.0000000   0.0000000   0.0000000   0.0000000   0.0000000
 250.7375518  28.1778902 182.1852062 245.6030951 245.6030951 247.3106447 333.7505728   0.0000000   0.0000000   0.0000000   0.0000000   0.0000000   0.0000000
 252.4568913  28.1778902 183.7313272 247.3106447 247.3106447 249.0221333 335.6415081   0.0000000   0.0000000   0.0000000   0.0000000   0.0000000   0.0000000
 254.1801428  28.1778902 183.7313272 249.0221333 249.0221333 250.7375518 337.5360011   0.0000000   0.0000000   0.0000000   0.0000000   0.0000000   0.0000000
 255.9072975  28.1778902 183.7313272 250.7375518 250.7375518 252.4568913 337.5360011   0.0000000   0.0000000   0.0000000   0.0000000   0.0000000   0.0000000
 257.6383466  28.1778902 183.7313272 252.4568913 252.4568913 254.1801428 339.4340452   0.0000000   0.0000000   0.0000000   0.0000000   0.0000000   0.0000000
 259.3732813  28.1778902 183.7313272 254.1801428 254.1801428 255.9072975 341.3356338   0.0000000   0.0000000   0.0000000   0.0000000   0.0000000   0.0000000
 261.1120930  28.1778902 185.2817975 255.9072975 255.9072975 257.6383466 341.3356338   0.0000000   0.0000000   0.0000000   0.0000000   0.0000000   0.0000000
 262.8547730  28.1778902 185.2817975 257.6383466 257.6383466 259.3732813 343.2407601   0.0000000   0.0000000   0.0000000   0.0000000   0.0000000   0.0000000
 264.6013128  28.1778902 185.2817975 259.3732813 259.3732813 261.1120930 343.2407601   0.0000000   0.0000000   0.0000000   0.0000000   0.0000000   0.0000000
 266.3517039  28.1778902 185.2817975 261.1120930 261.1120930 262.8547730 345.1494178   0.0000000   0.0000000   0.0000000   0.0000000   0.0000000   0.0000000
 268.1059377  28.1778902 185.2817975 262.8547730 262.8547730 264.6013128 347.0616002   0.0000000   0.0000000   0.0000000   0.0000000   0.0000000   0.0000000
 269.8640059  28.1778902 186.8366047 264.6013128 264.6013128 266.3517039 347.0616002   0.0000000   0.0000000   0.0000000   0.0000000   0.0000000   0.0000000
 271.6259002  28.1778902 186.8366047 266.3517039 266.3517039 268.1059377 348.9773009   0.0000000   0.0000000   0.0000000   0.0000000   0.0000000   0.0000000
 273.3916123  28.1778902 186.8366047 266.3517039 268.1059377 269.8640059 348.9773009   0.0000000   0.0000000   0.0000000   0.0000000   0.0000000   0.0000000
 275.1611339  27.3532047 186.8366047 268.1059377 269.8640059 271.6259002 350.8965135   0.0000000   0.0000000   0.0000000   0.0000000   0.0000000   0.0000000
 276.9344568  27.3532047 186.8366047 268.1059377 271.6259002 273.3916123 350.8965135   0.0000000   0.0000000   0.0000000   0.0000000   0.0000000   0.0000000
 278.7115729  27.3532047 188.3957369 268.1059377 273.3916123 273.3916123 352.8192314   0.0000000   0.0000000   0.0000000   0.0000000   0.0000000   0.0000000
 280.4924742  27.3532047 188.3957369 269.8640059 275.1611339 275.1611339 352.8192314   0.0000000   0.0000000   0.0000000   0.0000000   0.0000000   0.0000000
 282.2771525  27.3532047 188.3957369 269.8640059 276.9344568 276.9344568 354.7454484   0.0000000   0.0000000   0.0000000   0.0000000   0.0000000   0.0000000
 284.0656000  26.5367253 188.3957369 271.6259002 278.7115729 278.7115729 354.7454484   0.0000000   0.0000000   0.0000000   0.0000000   0.0000000   0.0000000
 285.8578087  26.5367253 188.3957369 271.6259002 280.4924742 280.4924742 356.6751581   0.0000000   0.0000000   0.0000000   0.0000000   0.0000000   0.0000000
 287.6537707  26.5367253 188.3957369 273.3916123 282.2771525 282.2771525 356.6751581   0.0000000   0.0000000   0.0000000   0.0000000   0.0000000   0.0000000
 289.4534783  26.5367253 189.9591820 273.3916123 284.0656000 284.0656000 358.6083542   0.0000000   0.0000000   0.0000000   0.0000000   0.0000000   0.0000000
 291.2569235  25.7285354 189.9591820 273.3916123 285.8578087 285.8578087 358.6083542   0.0000000   0.0000000   0.0000000   0.0000000   0.0000000   0.0000000
 293.0640987  25.7285354 189.9591820 275.1611339 285.8578087 287.6537707 360.5450304   0.0000000   0.0000000   0.0000000   0.0000000   0.0000000   0.0000000
 294.8749962  25.7285354 189.9591820 275.1611339 287.6537707 289.4534783 360.5450304   0.0000000   0.0000000   0.0000000   0.0000000   0.0000000   0.0000000
 296.6896084  25.7285354 189.9591820 276.9344568 287.6537707 291.2569235 362.4851804   0.0000000   0.0000000   0.0000000   0.0000000   0.0000000   0.0000000
 298.5079277  25.7285354 189.9591820 276.9344568 289.4534783 293.0640987 362.4851804   0.0000000   0.0000000   0.0000000   0.0000000   0.0000000   0.0000000
 300.3299465  25.7285354 191.5269283 276.9344568 289.4534783 294.8749962 364.4287981   0.0000000   0.0000000   0.0000000   0.0000000   0.0000000   0.0000000
 302.1556573  25.7285354 191.5269283 278.7115729 289.4534783 296.6896084 364.4287981   0.0000000   0.0000000   0.0000000   0.0000000   0.0000000   0.0000000
 303.9850528  25.7285354 191.5269283 278.7115729 291.2569235 298.5079277 366.3758772   0.0000000   0.0000000   0.0000000   0.0000000   0.0000000   0.0000000
 305.8181254  25.7285354 191.5269283 280.4924742 291.2569235 300.3299465 366.3758772   0.0000000   0.0000000   0.0000000   0.0000000   0.0000000   0.0000000
 307.6548678  25.7285354 191.5269283 280.4924742 293.0640987 302.1556573 368.3264118   0.0000000   0.0000000   0.0000000   0.0000000   0.0000000   0.0000000
 309.4952728  25.7285354 191.5269283 280.4924742 293.0640987 303.9850528 368.3264118   0.0000000   0.0000000   0.0000000   0.0000000   0.0000000   0.0000000
 311.3393330  25.7285354 191.5269283 282.2771525 294.8749962 305.8181254 370.2803955   0.0000000   0.0000000   0.0000000   0.0000000   0.0000000   0.0000000
 313.1870411  25.7285354 191.5269283 282.2771525 294.8749962 307.6548678 370.2803955   0.0000000   0.0000000   0.0000000   0.0000000   0.0000000   0.0000000
 315.0383901  25.7285354 191.5269283 282.2771525 294.8749962 309.4952728 372.2378224   0.0000000   0.0000000   0.0000000   0.0000000   0.0000000   0.0000000
 316.8933728  25.7285354 191.5269283 284.0656000 296.6896084 311.3393330 372.2378224   0.0000000   0.0000000   0.0000000   0.0000000   0.0000000   0.0000000
 318.7519820  25.7285354 193.0989638 284.0656000 296.6896084 313.1870411 374.1986863   0.0000000   0.0000000   0.0000000   0.0000000   0.0000000   0.0000000
 320.6142107  25.7285354 193.0989638 284.0656000 296.6896084 315.0383901 374.1986863   0.0000000   0.0000000   0.0000000   0.0000000   0.0000000   0.0000000
 322.4800518  24.9287209 193.0989638 285.8578087 298.5079277 316.8933728 374.1986863   0.0000000   0.0000000   0.0000000   0.0000000   0.0000000   0.0000000
 324.3494985  24.9287209 193.0989638 285.8578087 298.5079277 318.7519820 376.1629814   0.0000000   0.0000000   0.0000000   0.0000000   0.0000000   0.0000000
 326.2225437  24.9287209 193.0989638 285.8578087 300.3299465 320.6142107 376.1629814   0.0000000   0.0000000   0.0000000   0.0000000   0.0000000   0.0000000
 328.0991806  24.9287209 193.0989638 287.6537707 300.3299465 322.4800518 378.1307016   0.0000000   0.0000000   0.0000000   0.0000000   0.0000000   0.0000000
 329.9794023  24.9287209 193.0989638 287.6537707 300.3299465 324.3494985 378.1307016   0.0000000   0.0000000   0.0000000   0.0000000   0.0000000   0.0000000
 331.8632020  24.9287209 193.0989638 289.4534783 302.1556573 326.2225437 378.1307016   0.0000000   0.0000000   0.0000000   0.0000000   0.0000000   0.0000000
 333.7505728  24.1373705 193.0989638 289.4534783 302.1556573 328.0991806 380.1018409   0.0000000   0.0000000   0.0000000   0.0000000   0.0000000   0.0000000
 335.6415081  24.1373705 193.0989638 289.4534783 302.1556573 329.9794023 380.1018409   0.0000000   0.0000000   0.0000000   0.0000000   0.0000000   0.0000000
 337.5360011  24.1373705 194.6752771 289.4534783 303.9850528 331.8632020 382.0763935   0.0000000   0.0000000   0.0000000   0.0000000   0.0000000   0.0000000
 339.4340452  24.1373705 194.6752771 291.2569235 303.9850528 333.7505728 382.0763935   0.0000000   0.0000000   0.0000000   0.0000000   0.0000000   0.0000000
 341.3356338  24.1373705 194.6752771 291.2569235 303.9850528 335.6415081 382.0763935   0.0000000   0.0000000   0.0000000   0.0000000   0.0000000   0.0000000
 343.2407601  24.1373705 194.6752771 291.2569235 305.8181254 337.5360011 384.0543534   0.0000000   0.0000000   0.0000000   0.0000000   0.0000000   0.0000000
 345.1494178  24.1373705 194.6752771 293.0640987 305.8181254 339.4340452 384.0543534   0.0000000   0.0000000   0.0000000   0.0000000   0.0000000   0.0000000
 347.0616002  24.1373705 194.6752771 293.0640987 305.8181254 341.3356338 386.0357147   0.0000000   0.0000000   0.0000000   0.0000000   0.0000000   0.0000000
 348.9773009  24.1373705 194.6752771 293.0640987 307.6548678 343.2407601 386.0357147   0.0000000   0.0000000   0.0000000   0.0000000   0.0000000   0.0000000
 350.8965135  24.1373705 194.6752771 294.8749962 307.6548678 345.1494178 386.0357147   0.0000000   0.0000000   0.0000000   0.0000000   0.0000000   0.0000000
 352.8192314  24.1373705 194.6752771 294.8749962 307.6548678 347.0616002 386.0357147   0.0000000   0.0000000   0.0000000   0.0000000   0.0000000   0.0000000
 354.7454484  24.1373705 194.6752771 294.8749962 309.4952728 348.9773009 388.0204718   0.0000000   0.0000000   0.0000000   0.0000000   0.0000000   0.0000000
 356.6751581  24.1373705 194.6752771 294.8749962 309.4952728 350.8965135 388.0204718   0.0000000   0.0000000   0.0000000   0.0000000   0.0000000   0.0000000
 358.6083542  24.1373705 194.6752771 296.6896084 309.4952728 352.8192314 388.0204718   0.0000000   0.0000000   0.0000000   0.0000000   0.0000000   0.0000000
 360.5450304  24.1373705 194.6752771 296.6896084 311.3393330 354.7454484 388.0204718   0.0000000   0.0000000   0.0000000   0.0000000   0.0000000   0.0000000
 362.4851804  24.1373705 194.6752771 296.6896084 311.3393330 356.6751581 390.0086187   0.0000000   0.0000000   0.0000000   0.0000000   0.0000000   0.0000000
 364.4287981  24.1373705 194.6752771 298.5079277 311.3393330 358.6083542 390.0086187   0.0000000   0.0000000   0.0000000   0.0000000   0.0000000   0.0000000
 366.3758772  24.1373705 194.6752771 298.5079277 313.1870411 360.5450304 390.0086187   0.0000000   0.0000000   0.0000000   0.0000000   0.0000000   0.0000000
 368.3264118  24.1373705 194.6752771 298.5079277 313.1870411 362.4851804 392.0001496   0.0000000   0.0000000   0.0000000   0.0000000   0.0000000   0.0000000
 370.2803955  24.1373705 194.6752771 298.5079277 313.1870411 364.4287981 392.0001496   0.0000000   0.0000000   0.0000000   0.0000000   0.0000000   0.0000000
 372.2378224  24.1373705 194.6752771 300.3299465 313.1870411 366.3758772 392.0001496   0.0000000   0.0000000   0.0000000   0.0000000   0.0000000   0.0000000
 374.1986863  23.3545756 194.6752771 300.3299465 315.0383901 368.3264118 392.0001496   0.0000000   0.0000000   0.0000000   0.0000000   0.0000000   0.0000000
 376.1629814  23.3545756 194.6752771 300.3299465 315.0383901 370.2803955 393.9950590   0.0000000   0.0000000   0.0000000   0.0000000   0.0000000   0.0000000
 378.1307016  22.5804308 194.6752771 300.3299465 315.0383901 372.2378224 393.9950590   0.0000000   0.0000000   0.0000000   0.0000000   0.0000000   0.0000000
 380.1018409  22.5804308 194.6752771 302.1556573 316.8933728 374.1986863 393.9950590   0.0000000   0.0000000   0.0000000   0.0000000   0.0000000   0.0000000
 382.0763935  22.5804308 194.6752771 302.1556573 316.8933728 376.1629814 393.9950590   0.0000000   0.0000000   0.0000000   0.0000000   0.0000000   0.0000000
 384.0543534  22.5804308 194.6752771 302.1556573 316.8933728 378.1307016 395.9933409   0.0000000   0.0000000   0.0000000   0.0000000   0.0000000   0.0000000
 386.0357147  22.5804308 194.6752771 302.1556573 316.8933728 380.1018409 395.9933409   0.0000000   0.0000000   0.0000000   0.0000000   0.0000000   0.0000000
 388.0204718  22.5804308 194.6752771 303.9850528 318.7519820 382.0763935 395.9933409   0.0000000   0.0000000   0.0000000   0.0000000   0.0000000   0.0000000
 390.0086187  22.5804308 194.6752771 303.9850528 318.7519820 384.0543534 397.9949898   0.0000000   0.0000000   0.0000000   0.0000000   0.0000000   0.0000000
 392.0001496  22.5804308 194.6752771 303.9850528 318.7519820 386.0357147 397.9949898   0.0000000   0.0000000   0.0000000   0.0000000   0.0000000   0.0000000
 393.9950590  22.5804308 194.6752771 303.9850528 318.7519820 388.0204718 397.9949898   0.0000000   0.0000000   0.0000000   0.0000000   0.0000000   0.0000000
 395.9933409  22.5804308 194.6752771 305.8181254 320.6142107 390.0086187 397.9949898   0.0000000   0.0000000   0.0000000   0.0000000   0.0000000   0.0000000
 397.9949898  22.5804308 194.6752771 305.8181254 320.6142107 392.0001496 397.9949898   0.0000000   0.0000000   0.0000000   0.0000000   0.0000000   0.0000000
 400.0000000  22.5804308 194.6752771 305.8181254 320.6142107 393.9950590 400.0000000   0.0000000   0.0000000   0.0000000   0.0000000   0.0000000   0.0000000
