    0.0000000    0.0000000    0.0000000    0.0000000    0.0000000    0.0000000    0.0000000    0.0000000    0.0000000    0.0000000    0.0000000    0.0000000    0.0000000    0.0000000    0.0000000    0.0000000    0.0000000    0.0000000    0.0000000    0.0000000    0.0000000    0.0000000    0.0000000    0.0000000    0.0000000
    0.0773665    0.0000000  351.8896918  343.2768715  343.2768715  343.2768715  343.2768715    0.0000000    0.0000000    0.0000000    0.0000000    0.0000000    0.0000000    0.0000000  348.7752613  351.8841477  351.8822461  351.8697472  351.8308507    0.0000000    0.0000000    0.0000000    0.0000000    0.0000000    0.0000000
    0.2188256    0.0000000  343.7359333  343.7359333  343.7359333  343.7359333  343.7359333    0.0000000    0.0000000    0.0000000    0.0000000    0.0000000    0.0000000    0.0000000  343.2540351  343.2262091  343.2225361  343.1983939  343.1232641    0.0000000    0.0000000    0.0000000    0.0000000    0.0000000    0.0000000
    0.4020084  338.6646867  340.4639850  340.4639850  340.4639850  340.4639850  342.0021603    0.0000000    0.0000000    0.0000000    0.0000000    0.0000000    0.0000000  335.6801872  338.5958769  338.5549797  338.5495813  338.5140985  343.7359333    0.0000000    0.0000000    0.0000000    0.0000000    0.0000000    0.0000000
    0.6189324  338.2532533  342.0021603  342.0021603  342.0021603  340.7581443  340.7581443    0.0000000    0.0000000    0.0000000    0.0000000    0.0000000    0.0000000  336.0482480  339.6481345  339.5943876  339.5872930  340.4494438  340.3043280    0.0000000    0.0000000    0.0000000    0.0000000    0.0000000    0.0000000
    0.8649843  339.3964725  340.7581443  338.0301161  338.0301161  338.0301161  340.9945227    0.0000000    0.0000000    0.0000000    0.0000000    0.0000000    0.0000000  336.9885363  338.1987317  336.8704502  336.8616808  336.8040416  342.0021603    0.0000000    0.0000000    0.0000000    0.0000000    0.0000000    0.0000000
    1.1370514  337.8775432  340.9945227  340.9945227  340.9945227  340.0261872  338.4425648    0.0000000    0.0000000    0.0000000    0.0000000    0.0000000    0.0000000  335.3874678  339.3964725  339.3174783  339.3070510  338.8809997  340.7581443    0.0000000    0.0000000    0.0000000    0.0000000    0.0000000    0.0000000
    1.4328485  336.5640814  340.0261872  338.4425648  338.4425648  338.4425648  336.9723620    0.0000000    0.0000000    0.0000000    0.0000000    0.0000000    0.0000000  334.0324855  337.5677680  337.8605874  337.8485161  337.7691742  337.9580359    0.0000000    0.0000000    0.0000000    0.0000000    0.0000000    0.0000000
    1.7506051  336.1285918  338.4425648  336.9723620  336.9723620  336.9723620  339.9291423    0.0000000    0.0000000    0.0000000    0.0000000    0.0000000    0.0000000  333.2511572  336.4171983  335.9805836  335.9668801  335.8768101  340.0388395    0.0000000    0.0000000    0.0000000    0.0000000    0.0000000    0.0000000
    1.8808858  337.7897451  336.9723620  336.9723620  336.9723620  339.9291423  339.0271351    0.0000000    0.0000000    0.0000000    0.0000000    0.0000000    0.0000000  335.6185841  335.5114395  335.4027985  335.3884578  339.4867578  339.9405560    0.0000000    0.0000000    0.0000000    0.0000000    0.0000000    0.0000000
    2.4465450  336.5889134  339.0271351  339.0271351  339.0271351  337.5340337  336.2500680    0.0000000    0.0000000    0.0000000    0.0000000    0.0000000    0.0000000  333.9911226  337.6616682  337.5333479  337.5164095  337.0364310  338.4425648    0.0000000    0.0000000    0.0000000    0.0000000    0.0000000    0.0000000
    2.8225539  335.7270193  337.5340337  336.8670702  336.8670702  336.8670702  335.3454233    0.0000000    0.0000000    0.0000000    0.0000000    0.0000000    0.0000000  333.1296518  336.0506974  336.2459396  336.2273964  336.1055164  336.8616368    0.0000000    0.0000000    0.0000000    0.0000000    0.0000000    0.0000000
    3.2160669  334.8912447  336.8670702  336.2500680  336.2500680  335.3454233  337.4678886    0.0000000    0.0000000    0.0000000    0.0000000    0.0000000    0.0000000  332.2971505  335.2928672  335.4446100  335.4244693  335.4863396  339.9291423    0.0000000    0.0000000    0.0000000    0.0000000    0.0000000    0.0000000
    3.6263376  337.5145299  336.2500680  335.3454233  335.3454233  338.4204370  336.7120923    0.0000000    0.0000000    0.0000000    0.0000000    0.0000000    0.0000000  334.8912447  334.6086225  334.4049640  334.3832325  338.2884043  338.6406502    0.0000000    0.0000000    0.0000000    0.0000000    0.0000000    0.0000000
    4.0527075  336.7309972  338.4204370  337.4678886  337.4678886  336.7120923  334.6405887    0.0000000    0.0000000    0.0000000    0.0000000    0.0000000    0.0000000  334.1140849  337.5145299  337.3344625  337.3111464  337.4829603  337.5340337    0.0000000    0.0000000    0.0000000    0.0000000    0.0000000    0.0000000
    4.4945902  335.8431333  337.4678886  336.7120923  336.7120923  335.7459983  333.7878049    0.0000000    0.0000000    0.0000000    0.0000000    0.0000000    0.0000000  333.2347164  336.4957628  336.4501968  336.4253017  336.3120055  336.2493369    0.0000000    0.0000000    0.0000000    0.0000000    0.0000000    0.0000000
    4.9514589  335.0763048  336.7120923  335.7459983  335.7459983  334.6405887  332.2928091    0.0000000    0.0000000    0.0000000    0.0000000    0.0000000    0.0000000  332.4759692  335.6891738  335.3868482  335.3603794  335.0476281  335.7058845    0.0000000    0.0000000    0.0000000    0.0000000    0.0000000    0.0000000
    5.4228375  334.0947235  335.7459983  333.7878049  333.7878049  333.1928480  330.9710381    0.0000000    0.0000000    0.0000000    0.0000000    0.0000000    0.0000000  331.5052168  334.6874525  334.2791270  334.2510894  334.4871510  335.3454233    0.0000000    0.0000000    0.0000000    0.0000000    0.0000000    0.0000000
    5.9082922  333.2664847  334.6405887  333.1928480  333.1928480  332.2928091  331.6274150    0.0000000    0.0000000    0.0000000    0.0000000    0.0000000    0.0000000  330.6867344  333.5577724  333.5909697  333.5613680  333.4438902  335.6180867    0.0000000    0.0000000    0.0000000    0.0000000    0.0000000    0.0000000
    6.4074262  332.5052448  333.1928480  332.2928091  332.2928091  330.9710381  332.5336039    0.0000000    0.0000000    0.0000000    0.0000000    0.0000000    0.0000000  329.9349418  332.8865931  332.6205787  332.5894173  333.0245172  337.4678886    0.0000000    0.0000000    0.0000000    0.0000000    0.0000000    0.0000000
    6.9198742  331.8287773  332.2928091  331.6151768  330.9710381  331.6274150  331.8939208    0.0000000    0.0000000    0.0000000    0.0000000    0.0000000    0.0000000  329.2673618  331.9621367  331.8859133  332.1251712  333.5393808  336.5167322    0.0000000    0.0000000    0.0000000    0.0000000    0.0000000    0.0000000
    7.4452991  334.4136848  331.6151768  331.6274150  331.6274150  333.3297215  330.0737783    0.0000000    0.0000000    0.0000000    0.0000000    0.0000000    0.0000000  331.8287773  331.2658861  332.7357823  332.7015135  335.1140539  335.6767755    0.0000000    0.0000000    0.0000000    0.0000000    0.0000000    0.0000000
    7.9833879  333.6431531  330.9710381  333.3297215  333.3297215  331.8939208  329.0845323    0.0000000    0.0000000    0.0000000    0.0000000    0.0000000    0.0000000  331.0685016  330.6092099  334.3633751  334.3275583  334.5920508  334.4267194    0.0000000    0.0000000    0.0000000    0.0000000    0.0000000    0.0000000
    8.5338492  333.0369767  331.6274150  332.5336039  332.5336039  330.8691471  327.3846199    0.0000000    0.0000000    0.0000000    0.0000000    0.0000000    0.0000000  330.4711012  331.2452171  333.5290486  333.4916874  333.4799520  333.7183660    0.0000000    0.0000000    0.0000000    0.0000000    0.0000000    0.0000000
    9.0964109  332.2928091  333.3297215  331.8939208  330.8691471  330.0737783  325.7370904    0.0000000    0.0000000    0.0000000    0.0000000    0.0000000    0.0000000  329.7372301  332.9208950  332.8589950  332.7052454  332.6121183  333.0785955    0.0000000    0.0000000    0.0000000    0.0000000    0.0000000    0.0000000
    9.6708183  332.2928091  331.8939208  330.0737783  330.0737783  328.1089516  324.8478227    0.0000000    0.0000000    0.0000000    0.0000000    0.0000000    0.0000000  329.1415543  332.2928091  331.9167815  331.8763412  331.5837674  331.9642618    0.0000000    0.0000000    0.0000000    0.0000000    0.0000000    0.0000000
   10.2568317  331.6151768  330.8691471  329.0845323  329.0845323  327.3846199  323.3182499    0.0000000    0.0000000    0.0000000    0.0000000    0.0000000    0.0000000  328.4633676  331.2725989  330.9062917  330.8643167  330.7968738  331.4568296    0.0000000    0.0000000    0.0000000    0.0000000    0.0000000    0.0000000
   10.8542259  330.9710381  330.0737783  328.1089516  328.1089516  326.4548275  322.4842147    0.0000000    0.0000000    0.0000000    0.0000000    0.0000000    0.0000000  327.8185456  330.4831363  329.9166766  329.8731697  329.8192010  330.4304252    0.0000000    0.0000000    0.0000000    0.0000000    0.0000000    0.0000000
   11.4627879  329.9941129  329.0845323  327.3846199  326.4548275  324.8478227  320.9859626    0.0000000    0.0000000    0.0000000    0.0000000    0.0000000    0.0000000  326.8444668  329.5047633  329.1819520  329.1232209  329.1666344  329.9708911    0.0000000    0.0000000    0.0000000    0.0000000    0.0000000    0.0000000
   12.0823164  329.2156852  328.1089516  325.7370904  325.7370904  324.0172836  321.7424342    0.0000000    0.0000000    0.0000000    0.0000000    0.0000000    0.0000000  326.0670980  328.5424499  328.4396406  328.3930785  328.2963140  330.5474191    0.0000000    0.0000000    0.0000000    0.0000000    0.0000000    0.0000000
   12.7126207  328.2460610  327.3846199  324.8478227  324.8478227  323.3182499  322.4064366    0.0000000    0.0000000    0.0000000    0.0000000    0.0000000    0.0000000  325.1006381  327.8309959  327.5470620  327.4989763  327.5657868  332.2463624    0.0000000    0.0000000    0.0000000    0.0000000    0.0000000    0.0000000
   13.3535196  327.7230937  326.4548275  324.0172836  324.0172836  321.8261291  320.9505259    0.0000000    0.0000000    0.0000000    0.0000000    0.0000000    0.0000000  324.5765584  326.9179207  326.7176012  326.6679945  327.0509595  331.8641101    0.0000000    0.0000000    0.0000000    0.0000000    0.0000000    0.0000000
   14.0048408  326.8219321  325.7370904  323.3182499  322.4842147  320.9859626  320.0938448    0.0000000    0.0000000    0.0000000    0.0000000    0.0000000    0.0000000  323.6782526  326.2162848  326.0225768  326.0686462  326.1887750  330.8691471    0.0000000    0.0000000    0.0000000    0.0000000    0.0000000    0.0000000
   14.6664200  325.9152397  324.0172836  321.8261291  321.8261291  321.7424342  318.2018257    0.0000000    0.0000000    0.0000000    0.0000000    0.0000000    0.0000000  322.7746540  325.3592408  325.4665212  325.4138796  326.9147510  330.0737783    0.0000000    0.0000000    0.0000000    0.0000000    0.0000000    0.0000000
   15.3381007  325.3182177  323.3182499  320.9859626  320.9859626  322.4064366  317.2877863    0.0000000    0.0000000    0.0000000    0.0000000    0.0000000    0.0000000  322.1778087  324.6811228  324.6370862  324.5829307  328.5599457  329.0439170    0.0000000    0.0000000    0.0000000    0.0000000    0.0000000    0.0000000
   16.0197331  324.6196735  322.4842147  321.7424342  321.7424342  321.8138337  315.2355520    0.0000000    0.0000000    0.0000000    0.0000000    0.0000000    0.0000000  321.4806330  323.8707295  325.3918381  325.3361710  327.9576669  328.1089516    0.0000000    0.0000000    0.0000000    0.0000000    0.0000000    0.0000000
   16.7111740  324.6196735  321.8261291  320.2686494  322.4064366  320.9505259  314.3537347    0.0000000    0.0000000    0.0000000    0.0000000    0.0000000    0.0000000  320.8090904  323.2356991  323.9416753  326.9448604  327.0933472  327.1303969    0.0000000    0.0000000    0.0000000    0.0000000    0.0000000    0.0000000
   17.4122861  324.6488598  320.9859626  322.4064366  321.8138337  319.0341885  312.5440455    0.0000000    0.0000000    0.0000000    0.0000000    0.0000000    0.0000000  320.8226802  322.4214090  326.0696011  326.3678340  326.2102948  326.4548275    0.0000000    0.0000000    0.0000000    0.0000000    0.0000000    0.0000000
   18.1229380  326.1520310  321.7424342  320.9505259  320.9505259  318.2018257  311.6233348    0.0000000    0.0000000    0.0000000    0.0000000    0.0000000    0.0000000  322.2958266  323.1886432  325.5859354  325.5257461  325.3833878  325.4551495    0.0000000    0.0000000    0.0000000    0.0000000    0.0000000    0.0000000
   18.8430031  325.5812688  320.2686494  320.0938448  320.0938448  317.2877863  309.8629411    0.0000000    0.0000000    0.0000000    0.0000000    0.0000000    0.0000000  321.7160805  321.7486500  324.7544703  324.6927777  324.4804346  324.8478227    0.0000000    0.0000000    0.0000000    0.0000000    0.0000000    0.0000000
   19.5723600  324.7699415  322.4064366  319.0341885  319.0341885  316.2507131  308.9377340    0.0000000    0.0000000    0.0000000    0.0000000    0.0000000    0.0000000  320.8984676  323.8847309  323.7242913  323.6610972  323.4599091  323.8593983    0.0000000    0.0000000    0.0000000    0.0000000    0.0000000    0.0000000
   20.3108919  324.0172836  321.8138337  318.2018257  317.2877863  314.3537347  306.9252533    0.0000000    0.0000000    0.0000000    0.0000000    0.0000000    0.0000000  320.1392213  323.3182499  322.9210824  322.9203342  322.6248566  323.0220349    0.0000000    0.0000000    0.0000000    0.0000000    0.0000000    0.0000000
   21.0584860  323.3182499  320.9505259  317.2877863  316.2507131  313.5309557  306.2631387    0.0000000    0.0000000    0.0000000    0.0000000    0.0000000    0.0000000  319.4333390  322.4842147  322.0387179  321.9161232  321.8225377  322.3083731    0.0000000    0.0000000    0.0000000    0.0000000    0.0000000    0.0000000
   21.8150339  322.4842147  320.0938448  316.2507131  315.2355520  312.5440455  304.1428768    0.0000000    0.0000000    0.0000000    0.0000000    0.0000000    0.0000000  318.5940739  321.6571137  321.0360405  320.9355057  320.8612144  321.3838678    0.0000000    0.0000000    0.0000000    0.0000000    0.0000000    0.0000000
   22.5804308  321.8261291  319.0341885  314.3537347  314.3537347  310.7905295  303.5152981    0.0000000    0.0000000    0.0000000    0.0000000    0.0000000    0.0000000  317.9292604  320.6293804  320.1577495  320.0885682  320.1954750  320.7175097    0.0000000    0.0000000    0.0000000    0.0000000    0.0000000    0.0000000
   23.3545756  320.9859626  318.2018257  313.5309557  313.5309557  309.8629411  301.2741117    0.0000000    0.0000000    0.0000000    0.0000000    0.0000000    0.0000000  317.0844422  319.8269283  319.3722192  319.3015454  319.2986525  319.6928381    0.0000000    0.0000000    0.0000000    0.0000000    0.0000000    0.0000000
   24.1373705  320.9859626  317.2877863  312.5440455  312.5440455  308.9377340  300.0572668    0.0000000    0.0000000    0.0000000    0.0000000    0.0000000    0.0000000  316.3428119  318.9438311  318.4254862  318.3533216  318.4070850  318.4552048    0.0000000    0.0000000    0.0000000    0.0000000    0.0000000    0.0000000
   24.9287209  320.3937056  316.2507131  311.6233348  310.7905295  308.0721979  299.8952293    0.0000000    0.0000000    0.0000000    0.0000000    0.0000000    0.0000000  315.7352081  317.9391054  317.5454211  317.6473821  317.5771710  319.5083924    0.0000000    0.0000000    0.0000000    0.0000000    0.0000000    0.0000000
   25.7285354  319.1179694  315.2355520  310.7905295  309.8629411  306.2631387  302.2459102    0.0000000    0.0000000    0.0000000    0.0000000    0.0000000    0.0000000  314.4513153  316.9562128  316.7533744  316.7628359  316.8865783  321.8138337    0.0000000    0.0000000    0.0000000    0.0000000    0.0000000    0.0000000
   26.5367253  318.5585152  314.3537347  309.8629411  308.9377340  305.0969468  299.3797174    0.0000000    0.0000000    0.0000000    0.0000000    0.0000000    0.0000000  313.8768866  316.1054404  315.8683619  315.8817596  315.7643940  320.2093347    0.0000000    0.0000000    0.0000000    0.0000000    0.0000000    0.0000000
   27.3532047  318.5585152  313.5309557  308.9377340  308.0721979  304.1428768  299.1274541    0.0000000    0.0000000    0.0000000    0.0000000    0.0000000    0.0000000  313.1075037  315.3131990  314.9864680  315.0607374  314.8543790  319.9483261    0.0000000    0.0000000    0.0000000    0.0000000    0.0000000    0.0000000
   28.1778902  317.6593442  312.5440455  308.0721979  306.9252533  303.5152981  296.6269298    0.0000000    0.0000000    0.0000000    0.0000000    0.0000000    0.0000000  312.1888490  314.3585279  314.1643131  313.9619829  314.2695287  318.7251714    0.0000000    0.0000000    0.0000000    0.0000000    0.0000000    0.0000000
   29.0107011  316.8411239  311.6233348  306.2631387  306.2631387  302.2418872  295.9837465    0.0000000    0.0000000    0.0000000    0.0000000    0.0000000    0.0000000  311.3507672  313.4694339  313.4250434  313.3439671  313.0470380  318.0869526    0.0000000    0.0000000    0.0000000    0.0000000    0.0000000    0.0000000
   29.8515587  315.9899993  310.7905295  305.0969468  305.0969468  300.0572668  293.5271175    0.0000000    0.0000000    0.0000000    0.0000000    0.0000000    0.0000000  310.4805292  312.6673884  312.3101348  312.2275784  312.0184502  316.9264753    0.0000000    0.0000000    0.0000000    0.0000000    0.0000000    0.0000000
   30.7003869  315.9899993  309.8629411  304.1428768  304.1428768  301.3252657  292.5332723    0.0000000    0.0000000    0.0000000    0.0000000    0.0000000    0.0000000  309.6831826  311.7715142  311.4058056  311.3217706  313.3169567  315.9503179    0.0000000    0.0000000    0.0000000    0.0000000    0.0000000    0.0000000
   31.5571114  315.3902458  308.9377340  303.5152981  302.2418872  299.8952293  290.4940830    0.0000000    0.0000000    0.0000000    0.0000000    0.0000000    0.0000000  309.0542215  310.8779903  310.8252069  310.5212134  311.9458802  315.2222032    0.0000000    0.0000000    0.0000000    0.0000000    0.0000000    0.0000000
   32.4216602  314.0553602  308.0721979  302.2418872  301.2741117  302.2459102  289.4568304    0.0000000    0.0000000    0.0000000    0.0000000    0.0000000    0.0000000  307.6979717  310.0435219  309.6056716  309.6066597  314.3190326  314.2117716    0.0000000    0.0000000    0.0000000    0.0000000    0.0000000    0.0000000
   33.2939630  314.0553602  306.9252533  301.2741117  300.0572668  299.3797174  287.4462618    0.0000000    0.0000000    0.0000000    0.0000000    0.0000000    0.0000000  306.8806526  308.9304300  308.6890926  308.4460290  312.6463836  313.5309557    0.0000000    0.0000000    0.0000000    0.0000000    0.0000000    0.0000000
   34.1739515  313.4380684  306.2631387  300.0572668  301.3252657  299.1274541  286.0380409    0.0000000    0.0000000    0.0000000    0.0000000    0.0000000    0.0000000  306.2274800  308.2972817  307.5262586  309.7458302  312.4474279  312.1615039    0.0000000    0.0000000    0.0000000    0.0000000    0.0000000    0.0000000
   35.0615593  312.5985975  305.0969468  301.3252657  299.8952293  298.1260937  285.0039000    0.0000000    0.0000000    0.0000000    0.0000000    0.0000000    0.0000000  305.3549048  307.1650507  308.8236955  308.3749540  311.5079898  311.1671215    0.0000000    0.0000000    0.0000000    0.0000000    0.0000000    0.0000000
   35.9567213  312.5985975  304.1428768  299.8952293  302.2459102  296.6269298  282.9602858    0.0000000    0.0000000    0.0000000    0.0000000    0.0000000    0.0000000  304.5175556  306.2427679  307.4503094  310.7473128  310.0767332  310.4755107    0.0000000    0.0000000    0.0000000    0.0000000    0.0000000    0.0000000
   36.8593745  311.5818762  303.5152981  302.2459102  300.8127544  295.9837465  281.5445950    0.0000000    0.0000000    0.0000000    0.0000000    0.0000000    0.0000000  303.4624001  305.6436528  309.8200265  309.3739505  309.4937987  309.1108206    0.0000000    0.0000000    0.0000000    0.0000000    0.0000000    0.0000000
   37.7694572  311.5818762  303.5152981  300.8127544  299.3797174  294.9405032  279.6668961    0.0000000    0.0000000    0.0000000    0.0000000    0.0000000    0.0000000  302.6126347  304.6770494  308.4439031  308.0009400  308.5156104  308.6021741    0.0000000    0.0000000    0.0000000    0.0000000    0.0000000    0.0000000
   38.6869091  310.6973082  302.2418872  299.3797174  299.1274541  292.5332723  278.2440199    0.0000000    0.0000000    0.0000000    0.0000000    0.0000000    0.0000000  301.6813745  303.4323645  307.0680235  307.7970911  307.3353902  307.2374681    0.0000000    0.0000000    0.0000000    0.0000000    0.0000000    0.0000000
   39.6116716  310.0823917  301.2741117  299.1274541  298.1260937  291.9003293  275.9607066    0.0000000    0.0000000    0.0000000    0.0000000    0.0000000    0.0000000  301.0177409  302.4901929  306.8612078  306.8517964  306.7679658  306.3458170    0.0000000    0.0000000    0.0000000    0.0000000    0.0000000    0.0000000
   40.5436873  310.0823917  300.0572668  298.1260937  296.6269298  290.4940830  275.0606920    0.0000000    0.0000000    0.0000000    0.0000000    0.0000000    0.0000000  300.1479874  301.3013755  305.9128580  305.4138051  305.4356569  305.5055433    0.0000000    0.0000000    0.0000000    0.0000000    0.0000000    0.0000000
   41.4829002  309.2010033  301.3252657  296.6269298  295.9837465  289.4568304  272.2812376    0.0000000    0.0000000    0.0000000    0.0000000    0.0000000    0.0000000  299.2138359  302.5724854  304.4717316  304.8233348  304.4692626  304.1411103    0.0000000    0.0000000    0.0000000    0.0000000    0.0000000    0.0000000
   42.4292557  309.2010033  299.8952293  295.9837465  294.9405032  288.3516165  271.6298032    0.0000000    0.0000000    0.0000000    0.0000000    0.0000000    0.0000000  298.3315679  301.1724714  303.8780540  303.8368795  303.4361291  303.5534584    0.0000000    0.0000000    0.0000000    0.0000000    0.0000000    0.0000000
   43.3827000  308.2962044  302.2459102  294.9405032  293.5271175  287.4462618  270.1820841    0.0000000    0.0000000    0.0000000    0.0000000    0.0000000    0.0000000  297.3676896  303.5152981  302.8883262  302.4840340  302.6013360  302.1805817    0.0000000    0.0000000    0.0000000    0.0000000    0.0000000    0.0000000
   44.3431811  307.9462704  300.8127544  293.5271175  292.5332723  286.0380409  267.9079548    0.0000000    0.0000000    0.0000000    0.0000000    0.0000000    0.0000000  296.9538892  302.1120567  301.5321496  301.5465635  301.2691285  301.3378433    0.0000000    0.0000000    0.0000000    0.0000000    0.0000000    0.0000000
   45.3106475  307.9462704  300.8127544  292.5332723  291.9003293  283.8666965  266.8739666    0.0000000    0.0000000    0.0000000    0.0000000    0.0000000    0.0000000  296.0519228  301.1007953  300.5912950  300.9663968  300.3646474  300.3806008    0.0000000    0.0000000    0.0000000    0.0000000    0.0000000    0.0000000
   46.2850494  307.0860666  299.3797174  291.9003293  290.4940830  282.9602858  264.5593893    0.0000000    0.0000000    0.0000000    0.0000000    0.0000000    0.0000000  295.1266093  299.6914050  300.0076965  299.6206529  299.5336132  299.5159137    0.0000000    0.0000000    0.0000000    0.0000000    0.0000000    0.0000000
   47.2663377  307.0860666  299.1274541  290.4940830  289.4568304  281.5445950  263.2970126    0.0000000    0.0000000    0.0000000    0.0000000    0.0000000    0.0000000  294.2122090  299.4509322  298.6584784  298.6401905  298.1987448  298.3384008    0.0000000    0.0000000    0.0000000    0.0000000    0.0000000    0.0000000
   48.2544643  308.9377340  298.1260937  289.4568304  288.3516165  280.5530483  262.0183030    0.0000000    0.0000000    0.0000000    0.0000000    0.0000000    0.0000000  295.9654500  298.4688054  297.6745035  297.5924096  297.2840864  297.1471596    0.0000000    0.0000000    0.0000000    0.0000000    0.0000000    0.0000000
   49.2493824  308.9377340  298.1260937  288.3516165  287.4462618  279.6668961  259.4340326    0.0000000    0.0000000    0.0000000    0.0000000    0.0000000    0.0000000  295.0386448  297.4364652  296.6231762  296.7424399  296.4740342  296.0366140    0.0000000    0.0000000    0.0000000    0.0000000    0.0000000    0.0000000
   50.2510457  308.0721979  296.6269298  287.4462618  286.0380409  278.2440199  261.5414238    0.0000000    0.0000000    0.0000000    0.0000000    0.0000000    0.0000000  294.0957995  295.9552518  295.7696296  295.3945716  295.1328522  298.2030758    0.0000000    0.0000000    0.0000000    0.0000000    0.0000000    0.0000000
   51.2594093  308.0721979  295.9837465  286.0380409  285.0039000  277.1772074  260.4966886    0.0000000    0.0000000    0.0000000    0.0000000    0.0000000    0.0000000  293.1566376  295.3214406  294.4181577  294.4169709  294.1443649  298.6344515    0.0000000    0.0000000    0.0000000    0.0000000    0.0000000    0.0000000
   52.2744289  308.0721979  294.9405032  285.0039000  283.8666965  275.9607066  260.9083619    0.0000000    0.0000000    0.0000000    0.0000000    0.0000000    0.0000000  292.2119264  294.2915525  293.4369297  293.3372573  293.0078454  299.1274541    0.0000000    0.0000000    0.0000000    0.0000000    0.0000000    0.0000000
   53.2960611  306.6907321  294.9405032  283.8666965  282.9602858  275.0606920  259.3879588    0.0000000    0.0000000    0.0000000    0.0000000    0.0000000    0.0000000  290.7456495  293.2375804  292.3535680  292.4859390  292.1847767  297.7096402    0.0000000    0.0000000    0.0000000    0.0000000    0.0000000    0.0000000
   54.3242633  306.2631387  293.5271175  282.9602858  281.5445950  272.2812376  256.3388647    0.0000000    0.0000000    0.0000000    0.0000000    0.0000000    0.0000000  290.2246664  291.8350466  291.4985837  291.1303363  290.7286781  296.1775354    0.0000000    0.0000000    0.0000000    0.0000000    0.0000000    0.0000000
   55.3589940  306.2631387  292.5332723  281.5445950  280.5530483  271.6298032  254.7569962    0.0000000    0.0000000    0.0000000    0.0000000    0.0000000    0.0000000  289.2609916  290.8478730  290.1392993  290.1945320  290.1559336  294.7038825    0.0000000    0.0000000    0.0000000    0.0000000    0.0000000    0.0000000
   56.4002121  306.2631387  291.9003293  280.5530483  279.6668961  270.1820841  253.4768514    0.0000000    0.0000000    0.0000000    0.0000000    0.0000000    0.0000000  288.2917325  290.2180085  289.1998002  289.3629582  288.7949605  294.9405032    0.0000000    0.0000000    0.0000000    0.0000000    0.0000000    0.0000000
   57.4478775  305.0969468  291.9003293  279.6668961  278.2440199  269.1465988  251.9509274    0.0000000    0.0000000    0.0000000    0.0000000    0.0000000    0.0000000  287.0273280  289.1421079  288.3645202  287.9999118  287.8421676  293.5271175    0.0000000    0.0000000    0.0000000    0.0000000    0.0000000    0.0000000
   58.5019507  305.0969468  290.4940830  278.2440199  277.1772074  267.9079548  250.3503650    0.0000000    0.0000000    0.0000000    0.0000000    0.0000000    0.0000000  286.0459308  287.7405558  286.9977583  286.9892476  286.6882938  292.0413877    0.0000000    0.0000000    0.0000000    0.0000000    0.0000000    0.0000000
   59.5623930  304.1428768  289.4568304  277.1772074  275.9607066  266.8739666  247.8692061    0.0000000    0.0000000    0.0000000    0.0000000    0.0000000    0.0000000  284.9860838  286.7043570  285.9833712  285.8302669  285.7370548  291.1095267    0.0000000    0.0000000    0.0000000    0.0000000    0.0000000    0.0000000
   60.6291664  304.1428768  289.4568304  275.9607066  275.0606920  265.6065955  246.2802289    0.0000000    0.0000000    0.0000000    0.0000000    0.0000000    0.0000000  283.9926460  285.6125036  284.8206617  284.9844785  284.5547730  289.6399173    0.0000000    0.0000000    0.0000000    0.0000000    0.0000000    0.0000000
   61.7022336  304.1428768  288.3516165  275.9607066  273.7379594  264.5593893  245.9894240    0.0000000    0.0000000    0.0000000    0.0000000    0.0000000    0.0000000  282.9935971  284.5029778  283.6813786  283.7200667  283.5904432  289.4568304    0.0000000    0.0000000    0.0000000    0.0000000    0.0000000    0.0000000
   62.7815578  303.5152981  287.4462618  275.0606920  272.2812376  263.2970126  242.9104666    0.0000000    0.0000000    0.0000000    0.0000000    0.0000000    0.0000000  282.2453186  283.5913956  282.8265846  282.3228699  282.4130670  287.9535133    0.0000000    0.0000000    0.0000000    0.0000000    0.0000000    0.0000000
   63.8671030  303.5152981  287.4462618  273.7379594  272.2812376  262.0183030  241.3660740    0.0000000    0.0000000    0.0000000    0.0000000    0.0000000    0.0000000  281.2343482  282.4834608  281.5531672  281.1684318  281.2194788  286.5338253    0.0000000    0.0000000    0.0000000    0.0000000    0.0000000    0.0000000
   64.9588337  303.5152981  286.0380409  272.2812376  271.6298032  260.9210545  240.3364847    0.0000000    0.0000000    0.0000000    0.0000000    0.0000000    0.0000000  280.2177653  281.0680785  280.1469670  280.5631515  280.2054807  285.6249387    0.0000000    0.0000000    0.0000000    0.0000000    0.0000000    0.0000000
   66.0567151  302.2418872  285.0039000  271.6298032  270.1820841  259.4340326  237.2290943    0.0000000    0.0000000    0.0000000    0.0000000    0.0000000    0.0000000  278.8187764  280.0231511  279.5378675  279.1694101  278.8055378  284.1136774    0.0000000    0.0000000    0.0000000    0.0000000    0.0000000    0.0000000
   67.1607129  302.2418872  283.8666965  270.1820841  269.1465988  261.5414238  235.7105402    0.0000000    0.0000000    0.0000000    0.0000000    0.0000000    0.0000000  277.7904065  278.8763068  278.1403117  278.1836399  280.9639833  282.7249913    0.0000000    0.0000000    0.0000000    0.0000000    0.0000000    0.0000000
   68.2707934  301.2741117  283.8666965  270.1820841  267.9079548  260.0305403  235.3577751    0.0000000    0.0000000    0.0000000    0.0000000    0.0000000    0.0000000  276.6890439  277.7490166  276.9722230  276.9966018  279.5402451  282.4914213    0.0000000    0.0000000    0.0000000    0.0000000    0.0000000    0.0000000
   69.3869234  301.2741117  282.9602858  269.1465988  266.8739666  260.4966886  232.3385232    0.0000000    0.0000000    0.0000000    0.0000000    0.0000000    0.0000000  275.6489985  276.8243206  275.9773322  276.0120313  280.0736671  281.0874603    0.0000000    0.0000000    0.0000000    0.0000000    0.0000000    0.0000000
   70.5090705  301.2741117  281.5445950  267.9079548  265.6065955  260.9083619  230.7692053    0.0000000    0.0000000    0.0000000    0.0000000    0.0000000    0.0000000  274.6033893  275.3955777  274.7811899  274.7962698  280.5530483  279.6536249    0.0000000    0.0000000    0.0000000    0.0000000    0.0000000    0.0000000
   71.6372023  301.2741117  280.5530483  266.8739666  265.6065955  259.3879588  229.6312235    0.0000000    0.0000000    0.0000000    0.0000000    0.0000000    0.0000000  273.5522121  274.3868768  273.7875330  273.6082747  279.1195548  278.6476570    0.0000000    0.0000000    0.0000000    0.0000000    0.0000000    0.0000000
   72.7712874  300.0541534  279.6668961  265.6065955  264.5593893  257.8648092  226.4839198    0.0000000    0.0000000    0.0000000    0.0000000    0.0000000    0.0000000  272.1843665  273.4826545  272.5627039  272.6051181  277.6832158  277.1368059    0.0000000    0.0000000    0.0000000    0.0000000    0.0000000    0.0000000
   73.9112948  300.0541534  278.2440199  265.6065955  263.2970126  256.3388647  224.9452084    0.0000000    0.0000000    0.0000000    0.0000000    0.0000000    0.0000000  271.1216966  272.0472123  271.3705369  271.3888096  276.2439760  275.7381014    0.0000000    0.0000000    0.0000000    0.0000000    0.0000000    0.0000000
   75.0571937  300.0541534  277.1772074  264.5593893  262.0183030  254.7569962  223.3626607    0.0000000    0.0000000    0.0000000    0.0000000    0.0000000    0.0000000  270.0534965  270.9646868  270.3582366  270.1561991  274.7492314  274.2967212    0.0000000    0.0000000    0.0000000    0.0000000    0.0000000    0.0000000
   76.2089540  299.4509322  275.9607066  263.2970126  260.9210545  254.9997249  221.7767268    0.0000000    0.0000000    0.0000000    0.0000000    0.0000000    0.0000000  269.2857501  269.7343551  269.1328099  269.1031032  275.0606920  272.8526528    0.0000000    0.0000000    0.0000000    0.0000000    0.0000000    0.0000000
   77.3665461  299.4509322  275.0606920  262.0183030  260.9210545  253.4768514  220.0797449    0.0000000    0.0000000    0.0000000    0.0000000    0.0000000    0.0000000  268.2062101  268.8174836  267.8911072  267.8913989  273.6240549  272.8005394    0.0000000    0.0000000    0.0000000    0.0000000    0.0000000    0.0000000
   78.5299407  299.4509322  273.7379594  262.0183030  259.4340326  251.9509274  218.4771930    0.0000000    0.0000000    0.0000000    0.0000000    0.0000000    0.0000000  267.1211845  267.4822590  266.6798788  266.4470785  272.1842413  271.3438340    0.0000000    0.0000000    0.0000000    0.0000000    0.0000000    0.0000000
   79.6991091  299.4509322  272.2812376  260.9210545  261.5414238  250.3503650  216.8713265    0.0000000    0.0000000    0.0000000    0.0000000    0.0000000    0.0000000  266.0306794  266.0145217  265.6124161  268.5611098  270.6703749  269.8844105    0.0000000    0.0000000    0.0000000    0.0000000    0.0000000    0.0000000
   80.8740228  299.4509322  271.6298032  259.4340326  260.0305403  248.8182123  214.1749429    0.0000000    0.0000000    0.0000000    0.0000000    0.0000000    0.0000000  264.9347025  265.3441546  264.1589900  267.0929325  269.2240691  268.8624386    0.0000000    0.0000000    0.0000000    0.0000000    0.0000000    0.0000000
   82.0546539  299.4509322  270.1820841  261.5414238  260.0305403  247.8692061  212.5663127    0.0000000    0.0000000    0.0000000    0.0000000    0.0000000    0.0000000  263.8332630  263.8856002  266.2639461  265.8624563  268.3549096  267.4039908    0.0000000    0.0000000    0.0000000    0.0000000    0.0000000    0.0000000
   83.2409748  299.4509322  269.1465988  261.5414238  260.4966886  246.2802289  210.9543023    0.0000000    0.0000000    0.0000000    0.0000000    0.0000000    0.0000000  262.7263713  262.8352906  265.0334817  266.3462170  266.8520068  265.9426714    0.0000000    0.0000000    0.0000000    0.0000000    0.0000000    0.0000000
   84.4329584  299.4509322  267.9079548  260.0305403  260.9083619  245.9894240  209.4344174    0.0000000    0.0000000    0.0000000    0.0000000    0.0000000    0.0000000  261.6140389  261.5839865  263.5509858  266.7759484  266.6341194  264.5729879    0.0000000    0.0000000    0.0000000    0.0000000    0.0000000    0.0000000
   85.6305780  298.7985164  266.8739666  260.4966886  259.3879588  245.9894240  206.2315542    0.0000000    0.0000000    0.0000000    0.0000000    0.0000000    0.0000000  260.7591927  260.5354231  264.0256850  265.2928261  265.3550047  263.0721753    0.0000000    0.0000000    0.0000000    0.0000000    0.0000000    0.0000000
   86.8338070  298.7985164  265.6065955  260.4966886  259.3879588  244.4515758  204.6048044    0.0000000    0.0000000    0.0000000    0.0000000    0.0000000    0.0000000  259.6358990  259.2559412  262.7811564  264.0434108  263.8977330  261.6002784    0.0000000    0.0000000    0.0000000    0.0000000    0.0000000    0.0000000
   88.0426196  298.7985164  264.5593893  260.9083619  257.8648092  242.9104666  202.9746513    0.0000000    0.0000000    0.0000000    0.0000000    0.0000000    0.0000000  258.5072241  258.1945521  263.1966042  262.5522884  262.4370509  260.1253703    0.0000000    0.0000000    0.0000000    0.0000000    0.0000000    0.0000000
   89.2569899  298.7985164  263.2970126  259.3879588  256.3388647  241.3660740  201.3529472    0.0000000    0.0000000    0.0000000    0.0000000    0.0000000    0.0000000  257.3731819  256.9202728  261.6992508  261.0583201  260.9729353  260.2091205    0.0000000    0.0000000    0.0000000    0.0000000    0.0000000    0.0000000
   90.4768927  298.7985164  262.0183030  259.3879588  256.3388647  240.3364847  199.6982694    0.0000000    0.0000000    0.0000000    0.0000000    0.0000000    0.0000000  256.2337870  255.6299518  260.4405721  259.7950502  260.0182904  258.7134352    0.0000000    0.0000000    0.0000000    0.0000000    0.0000000    0.0000000
   91.7023030  298.7985164  260.9210545  257.8648092  254.7569962  238.7843977  198.1760132    0.0000000    0.0000000    0.0000000    0.0000000    0.0000000    0.0000000  255.0890547  254.5194040  258.9352249  258.2404719  258.5461873  257.3491395    0.0000000    0.0000000    0.0000000    0.0000000    0.0000000    0.0000000
   92.9331962  297.7833913  259.4340326  256.3388647  254.9997249  237.2290943  196.5137873    0.0000000    0.0000000    0.0000000    0.0000000    0.0000000    0.0000000  253.8494149  253.0231065  257.4270865  258.4921857  257.0707136  255.8465341    0.0000000    0.0000000    0.0000000    0.0000000    0.0000000    0.0000000
   94.1695480  297.7833913  261.5414238  256.3388647  254.9997249  235.7105402  193.6855533    0.0000000    0.0000000    0.0000000    0.0000000    0.0000000    0.0000000  252.6940147  255.0854032  256.1542068  257.2149780  255.6314347  254.7580432    0.0000000    0.0000000    0.0000000    0.0000000    0.0000000    0.0000000
   95.4113343  297.7833913  260.0305403  254.7569962  253.4768514  235.7105402  193.0274894    0.0000000    0.0000000    0.0000000    0.0000000    0.0000000    0.0000000  251.5333399  253.5657320  254.5854806  255.7135432  254.3172711  254.2529600    0.0000000    0.0000000    0.0000000    0.0000000    0.0000000    0.0000000
   96.6585315  297.7833913  260.4966886  254.7569962  251.9509274  235.3577751  193.3530005    0.0000000    0.0000000    0.0000000    0.0000000    0.0000000    0.0000000  250.3674066  254.0034457  253.3035630  254.2090495  254.0272655  254.7218211    0.0000000    0.0000000    0.0000000    0.0000000    0.0000000    0.0000000
   97.9111162  297.7833913  260.9083619  254.9997249  251.9509274  233.7958669  191.6836298    0.0000000    0.0000000    0.0000000    0.0000000    0.0000000    0.0000000  249.1962318  254.3873518  253.5360001  252.9178537  252.5400249  253.2159271    0.0000000    0.0000000    0.0000000    0.0000000    0.0000000    0.0000000
   99.1690653  297.7833913  259.3879588  254.9997249  250.3503650  232.3385232  192.0050193    0.0000000    0.0000000    0.0000000    0.0000000    0.0000000    0.0000000  248.0198324  252.8586239  252.2449906  251.3343139  251.1561199  253.6810380    0.0000000    0.0000000    0.0000000    0.0000000    0.0000000    0.0000000
  100.4323560  297.7833913  257.8648092  253.4768514  250.3503650  230.7692053  190.6461609    0.0000000    0.0000000    0.0000000    0.0000000    0.0000000    0.0000000  246.8382259  251.3272980  250.7243314  250.0342092  249.6611773  254.0724341    0.0000000    0.0000000    0.0000000    0.0000000    0.0000000    0.0000000
  101.7009660  297.7833913  256.3388647  251.9509274  248.8182123  230.7692053  190.9629328    0.0000000    0.0000000    0.0000000    0.0000000    0.0000000    0.0000000  245.6514299  249.7933253  249.2006905  248.5132738  248.3254980  254.5362670    0.0000000    0.0000000    0.0000000    0.0000000    0.0000000    0.0000000
  102.9748728  297.7833913  254.7569962  251.9509274  247.8692061  229.6312235  191.2792167    0.0000000    0.0000000    0.0000000    0.0000000    0.0000000    0.0000000  244.4594624  248.2041072  247.8953991  247.5696542  247.2527162  254.9997249    0.0000000    0.0000000    0.0000000    0.0000000    0.0000000    0.0000000
  104.2540547  298.7985164  254.9997249  250.3503650  247.8692061  228.0592494  189.5890176    0.0000000    0.0000000    0.0000000    0.0000000    0.0000000    0.0000000  243.3518649  248.4213591  246.2927769  246.2555017  245.7501069  253.4768514    0.0000000    0.0000000    0.0000000    0.0000000    0.0000000    0.0000000
  105.5384900  298.7985164  253.4768514  250.3503650  246.2802289  226.4839198  187.8956705    0.0000000    0.0000000    0.0000000    0.0000000    0.0000000    0.0000000  242.1495523  246.8907827  244.9783419  244.6732445  244.2440013  251.9509274    0.0000000    0.0000000    0.0000000    0.0000000    0.0000000    0.0000000
  106.8281571  298.7985164  251.9509274  248.8182123  246.2802289  224.9452084  184.4994762    0.0000000    0.0000000    0.0000000    0.0000000    0.0000000    0.0000000  240.9421151  245.3573035  243.4383980  243.3501082  242.7739739  250.3503650    0.0000000    0.0000000    0.0000000    0.0000000    0.0000000    0.0000000
  108.1230351  298.7985164  250.3503650  248.8182123  245.9894240  224.9452084  182.7966025    0.0000000    0.0000000    0.0000000    0.0000000    0.0000000    0.0000000  239.7295724  243.7500487  242.1147984  243.0480128  241.4165584  248.8182123    0.0000000    0.0000000    0.0000000    0.0000000    0.0000000    0.0000000
  109.4231031  299.4509322  250.3503650  247.8692061  245.9894240  223.3626607  181.0905277    0.0000000    0.0000000    0.0000000    0.0000000    0.0000000    0.0000000  238.2489291  242.4749681  241.1471654  241.7158635  239.8982902  247.2829212    0.0000000    0.0000000    0.0000000    0.0000000    0.0000000    0.0000000
  110.7283403  299.4509322  248.8182123  247.8692061  244.4515758  221.7767268  179.3812401    0.0000000    0.0000000    0.0000000    0.0000000    0.0000000    0.0000000  237.0261355  240.9300246  239.8143882  240.1742060  238.3765068  245.7444625    0.0000000    0.0000000    0.0000000    0.0000000    0.0000000    0.0000000
  112.0387264  299.4509322  247.8692061  246.2802289  244.4515758  221.5548461  177.6687284    0.0000000    0.0000000    0.0000000    0.0000000    0.0000000    0.0000000  235.7982881  239.9625261  238.2082242  238.8330227  238.2049742  244.2028084    0.0000000    0.0000000    0.0000000    0.0000000    0.0000000    0.0000000
  113.3542413  299.4509322  246.2802289  245.9894240  242.9104666  221.5548461  175.9529819    0.0000000    0.0000000    0.0000000    0.0000000    0.0000000    0.0000000  234.5654064  238.3615857  237.8873686  237.2831884  236.8303721  242.6579325    0.0000000    0.0000000    0.0000000    0.0000000    0.0000000    0.0000000
  114.6748649  299.4509322  245.9894240  244.4515758  242.9104666  220.0797449  172.5117442    0.0000000    0.0000000    0.0000000    0.0000000    0.0000000    0.0000000  233.3275098  238.0459642  236.3320575  235.9329575  235.4133320  241.0407208    0.0000000    0.0000000    0.0000000    0.0000000    0.0000000    0.0000000
  116.0005778  299.4509322  244.4515758  242.9104666  241.3660740  218.4771930  171.2031746    0.0000000    0.0000000    0.0000000    0.0000000    0.0000000    0.0000000  232.0846177  236.4958974  234.7736343  234.3749661  233.8699665  239.9020631    0.0000000    0.0000000    0.0000000    0.0000000    0.0000000    0.0000000
  117.3313603  299.4509322  242.9104666  241.3660740  241.3660740  216.8713265  171.4836209    0.0000000    0.0000000    0.0000000    0.0000000    0.0000000    0.0000000  230.8367493  234.9427288  233.2120766  233.0156804  232.3231711  240.3364847    0.0000000    0.0000000    0.0000000    0.0000000    0.0000000    0.0000000
  118.6671932  299.4509322  241.3660740  240.3364847  240.3364847  216.8713265  169.7575533    0.0000000    0.0000000    0.0000000    0.0000000    0.0000000    0.0000000  229.5839239  233.3864355  232.1602892  231.9624802  230.9313079  238.7843977    0.0000000    0.0000000    0.0000000    0.0000000    0.0000000    0.0000000
  120.0080576  299.4509322  240.3364847  238.7843977  238.7843977  215.2621322  168.0283103    0.0000000    0.0000000    0.0000000    0.0000000    0.0000000    0.0000000  228.3261607  232.3399224  230.5913437  230.3921223  229.3764318  237.2290943    0.0000000    0.0000000    0.0000000    0.0000000    0.0000000    0.0000000
  121.3539345  300.0541534  238.7843977  237.2290943  237.2290943  214.1749429  166.3362736    0.0000000    0.0000000    0.0000000    0.0000000    0.0000000    0.0000000  226.7574722  230.7762608  229.0193277  228.8186946  228.3382059  235.7105402    0.0000000    0.0000000    0.0000000    0.0000000    0.0000000    0.0000000
  122.7048055  300.0541534  237.2290943  235.7105402  235.7105402  214.1749429  164.6001800    0.0000000    0.0000000    0.0000000    0.0000000    0.0000000    0.0000000  225.4897475  229.2095382  227.4838068  227.2817625  226.9336764  234.1482735    0.0000000    0.0000000    0.0000000    0.0000000    0.0000000    0.0000000
  124.0606521  300.0541534  235.7105402  235.3577751  235.3577751  212.5663127  161.1183993    0.0000000    0.0000000    0.0000000    0.0000000    0.0000000    0.0000000  224.2171393  227.6793202  227.1025296  226.8990746  225.3744645  232.5217706    0.0000000    0.0000000    0.0000000    0.0000000    0.0000000    0.0000000
  125.4214561  300.0541534  235.3577751  233.7958669  233.7958669  210.9543023  159.3726933    0.0000000    0.0000000    0.0000000    0.0000000    0.0000000    0.0000000  222.9396668  227.3033549  225.5243126  225.3194475  223.8117859  230.9530177    0.0000000    0.0000000    0.0000000    0.0000000    0.0000000    0.0000000
  126.7871995  301.2741117  233.7958669  232.3385232  232.3385232  210.9543023  157.6632438    0.0000000    0.0000000    0.0000000    0.0000000    0.0000000    0.0000000  221.9680765  225.7304590  224.0497260  223.8434511  222.3945477  229.4200425    0.0000000    0.0000000    0.0000000    0.0000000    0.0000000    0.0000000
  128.1578646  301.2741117  232.3385232  230.7692053  230.7692053  209.4344174  155.9106513    0.0000000    0.0000000    0.0000000    0.0000000    0.0000000    0.0000000  220.6807724  224.2612023  222.4643956  222.2567116  220.9183446  227.8442296    0.0000000    0.0000000    0.0000000    0.0000000    0.0000000    0.0000000
  129.5334336  301.2741117  230.7692053  229.6312235  229.6312235  209.4344174  154.1548309    0.0000000    0.0000000    0.0000000    0.0000000    0.0000000    0.0000000  219.3886585  222.6812107  221.3061981  221.0971054  219.4929753  226.2650858    0.0000000    0.0000000    0.0000000    0.0000000    0.0000000    0.0000000
  130.9138893  301.2741117  229.6312235  228.0592494  228.0592494  207.8549100  152.3957748    0.0000000    0.0000000    0.0000000    0.0000000    0.0000000    0.0000000  218.0917535  221.5283606  219.7184578  219.5079570  217.9530381  224.6825942    0.0000000    0.0000000    0.0000000    0.0000000    0.0000000    0.0000000
  132.2992143  301.2741117  228.0592494  226.4839198  226.4839198  206.2315542  150.6725178    0.0000000    0.0000000    0.0000000    0.0000000    0.0000000    0.0000000  216.7900758  219.9459763  218.1275046  217.9155961  216.3695989  223.1353911    0.0000000    0.0000000    0.0000000    0.0000000    0.0000000    0.0000000
  133.6893916  303.5152981  226.4839198  224.9452084  224.9452084  206.2315542  148.9065561    0.0000000    0.0000000    0.0000000    0.0000000    0.0000000    0.0000000  215.9270333  218.3603873  216.5729118  216.3595962  214.9314650  221.5457495    0.0000000    0.0000000    0.0000000    0.0000000    0.0000000    0.0000000
  135.0844044  303.5152981  224.9452084  223.3626607  223.3626607  204.6048044  145.3648855    0.0000000    0.0000000    0.0000000    0.0000000    0.0000000    0.0000000  214.6155164  216.8111672  214.9750290  214.7603067  213.3399944  219.8936583    0.0000000    0.0000000    0.0000000    0.0000000    0.0000000    0.0000000
  136.4842358  303.5152981  223.3626607  221.7767268  221.7767268  202.9746513  143.6277801    0.0000000    0.0000000    0.0000000    0.0000000    0.0000000    0.0000000  213.2992804  215.2186650  213.3739011  213.1577726  211.7450774  218.3355412    0.0000000    0.0000000    0.0000000    0.0000000    0.0000000    0.0000000
  137.8888695  303.5152981  221.7767268  221.5548461  221.5548461  202.9746513  141.8484007    0.0000000    0.0000000    0.0000000    0.0000000    0.0000000    0.0000000  211.9783434  213.6229258  213.1232927  212.9057585  210.2941803  216.7353981    0.0000000    0.0000000    0.0000000    0.0000000    0.0000000    0.0000000
  139.2982890  303.5152981  221.5548461  220.0797449  220.0797449  202.8672408  140.0657595    0.0000000    0.0000000    0.0000000    0.0000000    0.0000000    0.0000000  210.6527231  213.3777140  211.6321022  211.4131628  210.2021461  215.1318445    0.0000000    0.0000000    0.0000000    0.0000000    0.0000000    0.0000000
  140.7124781  304.1428768  220.0797449  218.4771930  218.4771930  202.8672408  138.2798511    0.0000000    0.0000000    0.0000000    0.0000000    0.0000000    0.0000000  209.0653561  211.8919279  210.0148413  209.7944971  208.7430423  213.5248685    0.0000000    0.0000000    0.0000000    0.0000000    0.0000000    0.0000000
  142.1314208  304.1428768  218.4771930  216.8713265  216.8713265  201.3529472  136.5288721    0.0000000    0.0000000    0.0000000    0.0000000    0.0000000    0.0000000  207.7302392  210.2800790  208.3944040  208.1726556  207.2535877  211.9522783    0.0000000    0.0000000    0.0000000    0.0000000    0.0000000    0.0000000
  143.5551012  305.0969468  216.8713265  215.2621322  215.2621322  201.3529472  134.7360407    0.0000000    0.0000000    0.0000000    0.0000000    0.0000000    0.0000000  206.4631050  208.6650613  206.7707768  206.5476246  205.7862590  210.3380546    0.0000000    0.0000000    0.0000000    0.0000000    0.0000000    0.0000000
  144.9835037  305.0969468  215.2621322  214.1749429  214.1749429  199.6982694  132.9399364    0.0000000    0.0000000    0.0000000    0.0000000    0.0000000    0.0000000  205.1185576  207.0468611  205.6640387  205.4394832  204.1532456  208.7203853    0.0000000    0.0000000    0.0000000    0.0000000    0.0000000    0.0000000
  146.4166126  305.0969468  214.1749429  212.5663127  212.5663127  199.6982694  131.8697060    0.0000000    0.0000000    0.0000000    0.0000000    0.0000000    0.0000000  203.7694149  205.9455573  204.0411778  203.8152194  202.6776786  207.8211206    0.0000000    0.0000000    0.0000000    0.0000000    0.0000000    0.0000000
  147.8544126  306.2631387  212.5663127  210.9543023  210.9543023  198.1760132  130.1247998    0.0000000    0.0000000    0.0000000    0.0000000    0.0000000    0.0000000  202.7046117  204.3281379  202.4150737  202.1877128  201.1712129  206.2537113    0.0000000    0.0000000    0.0000000    0.0000000    0.0000000    0.0000000
  149.2968883  306.2631387  210.9543023  209.4344174  209.4344174  198.1760132  130.3197716    0.0000000    0.0000000    0.0000000    0.0000000    0.0000000    0.0000000  201.3461396  202.7074824  200.8802763  200.6515135  199.6873988  206.6065613    0.0000000    0.0000000    0.0000000    0.0000000    0.0000000    0.0000000
  150.7440247  306.2631387  210.9543023  209.4344174  207.8549100  196.5137873  128.5678450    0.0000000    0.0000000    0.0000000    0.0000000    0.0000000    0.0000000  199.9831234  201.3108916  199.4344831  199.0563906  198.0378427  205.0317574    0.0000000    0.0000000    0.0000000    0.0000000    0.0000000    0.0000000
  152.1958069  306.2631387  209.4344174  207.8549100  206.2315542  194.9835588  126.7526546    0.0000000    0.0000000    0.0000000    0.0000000    0.0000000    0.0000000  198.6155796  199.7771724  197.8356103  197.4179599  196.5189572  203.3940937    0.0000000    0.0000000    0.0000000    0.0000000    0.0000000    0.0000000
  153.6522199  306.2631387  209.4344174  206.2315542  204.6048044  194.9835588  124.9937056    0.0000000    0.0000000    0.0000000    0.0000000    0.0000000    0.0000000  197.2435245  198.3724242  196.1934395  195.7762707  195.0224078  201.8118766    0.0000000    0.0000000    0.0000000    0.0000000    0.0000000    0.0000000
  155.1132492  306.6907321  207.8549100  204.6048044  202.9746513  194.9835588  123.1717078    0.0000000    0.0000000    0.0000000    0.0000000    0.0000000    0.0000000  195.4306320  196.7754458  194.5480199  194.1313135  193.5220884  200.1670050    0.0000000    0.0000000    0.0000000    0.0000000    0.0000000    0.0000000
  156.5788802  308.0721979  207.8549100  202.9746513  202.9746513  193.6855533  121.4057359    0.0000000    0.0000000    0.0000000    0.0000000    0.0000000    0.0000000  194.5641507  195.3625554  192.8993417  192.6635760  192.2241610  198.5773595    0.0000000    0.0000000    0.0000000    0.0000000    0.0000000    0.0000000
  158.0490985  308.0721979  206.2315542  202.8672408  202.8672408  193.6855533  119.5769368    0.0000000    0.0000000    0.0000000    0.0000000    0.0000000    0.0000000  193.1782814  193.7179689  192.7582889  192.5211239  190.7155903  196.9252723    0.0000000    0.0000000    0.0000000    0.0000000    0.0000000    0.0000000
  159.5238897  308.0721979  206.2315542  201.3529472  201.3529472  193.0274894  117.8039429    0.0000000    0.0000000    0.0000000    0.0000000    0.0000000    0.0000000  191.7879669  192.2969536  191.2245312  190.9859674  190.0467767  195.3281864    0.0000000    0.0000000    0.0000000    0.0000000    0.0000000    0.0000000
  161.0032399  308.0721979  204.6048044  199.6982694  199.6982694  193.0274894  115.9683492    0.0000000    0.0000000    0.0000000    0.0000000    0.0000000    0.0000000  190.3932229  190.6448434  189.5519021  189.3119399  188.5299596  193.6688780    0.0000000    0.0000000    0.0000000    0.0000000    0.0000000    0.0000000
  162.4871349  308.9377340  204.6048044  198.1760132  198.1760132  193.3530005  114.1883356    0.0000000    0.0000000    0.0000000    0.0000000    0.0000000    0.0000000  189.0042466  189.2157220  188.0104789  187.7691188  188.8304883  192.0643425    0.0000000    0.0000000    0.0000000    0.0000000    0.0000000    0.0000000
  163.9755609  308.9377340  202.9746513  196.5137873  196.5137873  193.3530005  112.3459550    0.0000000    0.0000000    0.0000000    0.0000000    0.0000000    0.0000000  187.6005019  187.5561133  186.3305936  186.0878359  187.3054322  190.3978098    0.0000000    0.0000000    0.0000000    0.0000000    0.0000000    0.0000000
  165.4685042  307.0860666  202.9746513  194.9835588  194.9835588  191.6836298  110.5589253    0.0000000    0.0000000    0.0000000    0.0000000    0.0000000    0.0000000  183.5191645  186.1189062  184.7814930  184.5373381  185.6266627  188.7858182    0.0000000    0.0000000    0.0000000    0.0000000    0.0000000    0.0000000
  166.9659510  307.0860666  202.8672408  193.6855533  193.6855533  191.6836298  108.7097659    0.0000000    0.0000000    0.0000000    0.0000000    0.0000000    0.0000000  182.1064828  185.9627178  183.4623999  183.2168484  184.0933775  187.1120599    0.0000000    0.0000000    0.0000000    0.0000000    0.0000000    0.0000000
  168.4678880  307.0860666  202.8672408  193.0274894  193.0274894  192.0050193  106.9157247    0.0000000    0.0000000    0.0000000    0.0000000    0.0000000    0.0000000  180.6894500  184.5174467  182.7769554  182.5300076  184.3811270  185.4926080    0.0000000    0.0000000    0.0000000    0.0000000    0.0000000    0.0000000
  169.9743017  307.0860666  201.3529472  193.3530005  193.3530005  192.0050193  105.0597954    0.0000000    0.0000000    0.0000000    0.0000000    0.0000000    0.0000000  179.2680806  182.9643828  183.0653557  182.8170121  182.8396247  183.8116246    0.0000000    0.0000000    0.0000000    0.0000000    0.0000000    0.0000000
  171.4851789  307.0860666  201.3529472  191.6836298  191.6836298  192.0050193  103.2587484    0.0000000    0.0000000    0.0000000    0.0000000    0.0000000    0.0000000  177.8423892  181.5110707  181.3789283  181.1291893  181.2942871  182.1847106    0.0000000    0.0000000    0.0000000    0.0000000    0.0000000    0.0000000
  173.0005064  307.0860666  199.6982694  192.0050193  192.0050193  192.3259267  101.3960587    0.0000000    0.0000000    0.0000000    0.0000000    0.0000000    0.0000000  176.4123901  179.8149989  181.6634582  181.4123241  181.5728899  180.4965044    0.0000000    0.0000000    0.0000000    0.0000000    0.0000000    0.0000000
  174.5202712  307.9462704  199.6982694  192.3259267  192.3259267  190.6461609   99.5880128    0.0000000    0.0000000    0.0000000    0.0000000    0.0000000    0.0000000  174.9955903  178.3536698  181.9476151  181.6950864  179.8709244  178.8621284    0.0000000    0.0000000    0.0000000    0.0000000    0.0000000    0.0000000
  176.0444604  307.9462704  198.1760132  190.6461609  190.6461609  190.9629328   97.7185725    0.0000000    0.0000000    0.0000000    0.0000000    0.0000000    0.0000000  173.5568382  176.7847011  180.2512091  179.9972862  180.1456289  177.1667033    0.0000000    0.0000000    0.0000000    0.0000000    0.0000000    0.0000000
  177.5730611  307.9462704  198.1760132  190.9629328  190.9629328  191.2792167   96.3205520    0.0000000    0.0000000    0.0000000    0.0000000    0.0000000    0.0000000  172.1138222  175.3153798  180.5314787  180.2761620  180.4199477  175.9377139    0.0000000    0.0000000    0.0000000    0.0000000    0.0000000    0.0000000
  179.1060606  308.2962044  198.1760132  191.2792167  191.2792167  189.5890176   96.4661321    0.0000000    0.0000000    0.0000000    0.0000000    0.0000000    0.0000000  170.1854449  173.8422666  180.8113678  180.5546577  178.7079453  176.2366179    0.0000000    0.0000000    0.0000000    0.0000000    0.0000000    0.0000000
  180.6434465  309.2010033  196.5137873  189.5890176  189.5890176  187.8956705   96.6114459    0.0000000    0.0000000    0.0000000    0.0000000    0.0000000    0.0000000  168.8089450  172.1265921  179.1049411  178.8468380  176.9929230  176.5349863    0.0000000    0.0000000    0.0000000    0.0000000    0.0000000    0.0000000
  182.1852062  309.2010033  196.5137873  187.8956705  187.8956705  186.1991612   94.7477642    0.0000000    0.0000000    0.0000000    0.0000000    0.0000000    0.0000000  167.3528668  170.6455173  177.3954996  177.1360039  175.2748663  174.8441758    0.0000000    0.0000000    0.0000000    0.0000000    0.0000000    0.0000000
  183.7313272  309.2010033  194.9835588  186.1991612  186.1991612  184.4994762   94.8893535    0.0000000    0.0000000    0.0000000    0.0000000    0.0000000    0.0000000  165.8925822  169.0566128  175.6830289  175.4221410  173.5537613  175.1383096    0.0000000    0.0000000    0.0000000    0.0000000    0.0000000    0.0000000
  185.2817975  309.2010033  194.9835588  184.4994762  184.4994762  182.7966025   95.0306822    0.0000000    0.0000000    0.0000000    0.0000000    0.0000000    0.0000000  164.4281043  167.5676036  173.9675149  173.7052352  171.8295950  175.4319107    0.0000000    0.0000000    0.0000000    0.0000000    0.0000000    0.0000000
  186.8366047  309.2010033  193.6855533  182.7966025  182.7966025  181.0905277   93.1572016    0.0000000    0.0000000    0.0000000    0.0000000    0.0000000    0.0000000  162.9594464  166.2047245  172.2489446  171.9852734  170.1023546  173.7305751    0.0000000    0.0000000    0.0000000    0.0000000    0.0000000    0.0000000
  188.3957369  309.2010033  193.6855533  181.0905277  181.0905277  179.3812401   93.2948174    0.0000000    0.0000000    0.0000000    0.0000000    0.0000000    0.0000000  161.4866214  164.7078086  170.5273051  170.2622429  168.3720281  174.0199489    0.0000000    0.0000000    0.0000000    0.0000000    0.0000000    0.0000000
  189.9591820  310.0823917  193.6855533  179.3812401  179.3812401  177.6687284   93.2948174    0.0000000    0.0000000    0.0000000    0.0000000    0.0000000    0.0000000  160.0678081  163.2071154  168.8025844  168.5361315  166.6386040  172.3525518    0.0000000    0.0000000    0.0000000    0.0000000    0.0000000    0.0000000
  191.5269283  310.0823917  193.0274894  177.6687284  177.6687284  177.6687284   93.4321786    0.0000000    0.0000000    0.0000000    0.0000000    0.0000000    0.0000000  158.5865187  162.4698336  167.0747708  166.8069277  165.0464584  172.6377365    0.0000000    0.0000000    0.0000000    0.0000000    0.0000000    0.0000000
  193.0989638  310.0823917  193.0274894  175.9529819  175.9529819  175.9529819   91.5488943    0.0000000    0.0000000    0.0000000    0.0000000    0.0000000    0.0000000  157.1011019  160.9612693  165.3438534  165.0746205  163.3050157  170.9222058    0.0000000    0.0000000    0.0000000    0.0000000    0.0000000    0.0000000
  194.6752771  310.0823917  193.3530005  174.2339904  174.2339904  174.2339904   91.6825553    0.0000000    0.0000000    0.0000000    0.0000000    0.0000000    0.0000000  155.6115703  161.1939351  163.6098217  163.3391992  161.5604616  171.2031746    0.0000000    0.0000000    0.0000000    0.0000000    0.0000000    0.0000000
  196.2558564  310.0823917  193.3530005  172.5117442  172.5117442  172.5117442   91.8159680    0.0000000    0.0000000    0.0000000    0.0000000    0.0000000    0.0000000  154.1179363  159.6775288  161.8726655  161.6006539  159.8127859  171.4836209    0.0000000    0.0000000    0.0000000    0.0000000    0.0000000    0.0000000
  197.8406903  310.6973082  191.6836298  171.2031746  171.2031746  171.2031746   89.9228786    0.0000000    0.0000000    0.0000000    0.0000000    0.0000000    0.0000000  152.4209971  157.9315006  160.5451464  160.2717461  158.4747502  169.7575533    0.0000000    0.0000000    0.0000000    0.0000000    0.0000000    0.0000000
  199.4297674  310.6973082  191.6836298  171.4836209  171.4836209  171.4836209   88.0268611    0.0000000    0.0000000    0.0000000    0.0000000    0.0000000    0.0000000  150.9190329  156.4072817  160.7908499  160.5160612  158.7099398  168.0283103    0.0000000    0.0000000    0.0000000    0.0000000    0.0000000    0.0000000
  201.0230764  310.6973082  191.6836298  169.7575533  169.7575533  169.7575533   88.0268611    0.0000000    0.0000000    0.0000000    0.0000000    0.0000000    0.0000000  149.4130042  154.8793089  159.0502012  158.7740245  156.9587801  166.3362736    0.0000000    0.0000000    0.0000000    0.0000000    0.0000000    0.0000000
  202.6206062  311.5818762  192.0050193  168.0283103  168.0283103  168.0283103   86.1279047    0.0000000    0.0000000    0.0000000    0.0000000    0.0000000    0.0000000  147.9774943  155.0963731  157.3065049  157.0289406  155.2045756  164.6001800    0.0000000    0.0000000    0.0000000    0.0000000    0.0000000    0.0000000
  204.2223455  311.5818762  192.0050193  166.3362736  166.3362736  166.3362736   84.2259988    0.0000000    0.0000000    0.0000000    0.0000000    0.0000000    0.0000000  146.4632141  153.5606265  155.5997385  155.3207868  153.4873037  162.8608918    0.0000000    0.0000000    0.0000000    0.0000000    0.0000000    0.0000000
  205.8282833  311.5818762  192.0050193  164.6001800  164.6001800  164.6001800   82.3211332    0.0000000    0.0000000    0.0000000    0.0000000    0.0000000    0.0000000  144.9449063  152.0211357  153.8494509  153.5691124  151.7265134  161.1183993    0.0000000    0.0000000    0.0000000    0.0000000    0.0000000    0.0000000
  207.4384088  311.5818762  192.3259267  162.8608918  162.8608918  162.8608918   80.4132984    0.0000000    0.0000000    0.0000000    0.0000000    0.0000000    0.0000000  143.4225823  152.2300425  152.0960956  151.8143705  149.9626582  159.3726933    0.0000000    0.0000000    0.0000000    0.0000000    0.0000000    0.0000000
  209.0527109  311.5818762  192.3259267  161.1183993  161.1183993  161.1183993   80.4132984    0.0000000    0.0000000    0.0000000    0.0000000    0.0000000    0.0000000  141.8962537  150.6828180  150.3396625  150.0565513  148.1957279  157.6632438    0.0000000    0.0000000    0.0000000    0.0000000    0.0000000    0.0000000
  210.6711791  311.5818762  192.3259267  159.3726933  159.3726933  159.3726933   78.5024850    0.0000000    0.0000000    0.0000000    0.0000000    0.0000000    0.0000000  140.3659318  149.1318601  148.5801864  148.2956893  146.4257573  155.9106513    0.0000000    0.0000000    0.0000000    0.0000000    0.0000000    0.0000000
  212.2938025  311.5818762  190.6461609  157.6632438  157.6632438  157.6632438   76.5886841    0.0000000    0.0000000    0.0000000    0.0000000    0.0000000    0.0000000  138.8316278  147.3524989  146.8573953  146.5715128  144.6924744  154.1548309    0.0000000    0.0000000    0.0000000    0.0000000    0.0000000    0.0000000
  213.9205705  311.5818762  190.6461609  155.9106513  155.9106513  155.9106513   74.6718875    0.0000000    0.0000000    0.0000000    0.0000000    0.0000000    0.0000000  137.2933529  145.7938483  145.0919897  144.8047220  142.9165797  152.3957748    0.0000000    0.0000000    0.0000000    0.0000000    0.0000000    0.0000000
  215.5514726  311.5818762  190.6461609  154.1548309  154.1548309  154.1548309   74.6718875    0.0000000    0.0000000    0.0000000    0.0000000    0.0000000    0.0000000  135.7511182  144.2314766  143.3234852  143.0348328  141.1375888  150.6725178    0.0000000    0.0000000    0.0000000    0.0000000    0.0000000    0.0000000
  217.1864984  311.5818762  190.9629328  152.3957748  152.3957748  152.3957748   72.7520868    0.0000000    0.0000000    0.0000000    0.0000000    0.0000000    0.0000000  134.2049346  144.4211637  141.5518737  141.2618369  139.3554935  148.9065561    0.0000000    0.0000000    0.0000000    0.0000000    0.0000000    0.0000000
  218.8256375  311.5818762  190.9629328  150.6725178  150.6725178  150.6725178   70.8292745    0.0000000    0.0000000    0.0000000    0.0000000    0.0000000    0.0000000  132.6548130  142.8511411  139.8157993  139.5243784  137.6089380  147.1373475    0.0000000    0.0000000    0.0000000    0.0000000    0.0000000    0.0000000
  220.4688796  312.5985975  190.9629328  148.9065561  148.9065561  148.9065561   68.9034431    0.0000000    0.0000000    0.0000000    0.0000000    0.0000000    0.0000000  131.3118795  141.2774103  138.0375427  137.7447381  135.8202029  145.3648855    0.0000000    0.0000000    0.0000000    0.0000000    0.0000000    0.0000000
  222.1162144  312.5985975  191.2792167  147.1373475  147.1373475  147.1373475   68.9034431    0.0000000    0.0000000    0.0000000    0.0000000    0.0000000    0.0000000  129.7537714  141.4591665  136.2561669  135.9619790  134.0283513  143.6277801    0.0000000    0.0000000    0.0000000    0.0000000    0.0000000    0.0000000
  223.7676318  312.5985975  191.2792167  145.3648855  145.3648855  145.3648855   66.9745857    0.0000000    0.0000000    0.0000000    0.0000000    0.0000000    0.0000000  128.1917586  139.8778271  134.4716651  134.1760942  132.2333762  141.8484007    0.0000000    0.0000000    0.0000000    0.0000000    0.0000000    0.0000000
  225.4231219  312.5985975  191.2792167  143.6277801  143.6277801  143.6277801   65.0426954    0.0000000    0.0000000    0.0000000    0.0000000    0.0000000    0.0000000  126.6258517  138.2927936  132.7222607  132.4253071  130.4735012  140.0657595    0.0000000    0.0000000    0.0000000    0.0000000    0.0000000    0.0000000
  227.0826744  312.5985975  189.5890176  141.8484007  141.8484007  141.8484007   63.1077660    0.0000000    0.0000000    0.0000000    0.0000000    0.0000000    0.0000000  125.0560610  136.4807588  130.9310991  130.6327632  128.6718715  138.2798511    0.0000000    0.0000000    0.0000000    0.0000000    0.0000000    0.0000000
  228.7462797  313.4380684  189.5890176  140.0657595  140.0657595  140.0657595   63.1077660    0.0000000    0.0000000    0.0000000    0.0000000    0.0000000    0.0000000  123.5247679  134.8881594  129.1368022  128.8370843  126.8671090  136.5288721    0.0000000    0.0000000    0.0000000    0.0000000    0.0000000    0.0000000
  230.4139277  313.4380684  189.5890176  140.0657595  138.2798511  138.2798511   61.1697914    0.0000000    0.0000000    0.0000000    0.0000000    0.0000000    0.0000000  121.9471043  133.2918804  127.5137734  127.0382645  125.0592080  134.7360407    0.0000000    0.0000000    0.0000000    0.0000000    0.0000000    0.0000000
  232.0856087  313.4380684  189.5890176  138.2798511  136.5288721  136.5288721   59.2287657    0.0000000    0.0000000    0.0000000    0.0000000    0.0000000    0.0000000  120.3655888  131.6919251  125.7117620  125.2741181  123.2859824  132.9399364    0.0000000    0.0000000    0.0000000    0.0000000    0.0000000    0.0000000
  233.7613130  313.4380684  187.8956705  136.5288721  134.7360407  134.7360407   57.2846836    0.0000000    0.0000000    0.0000000    0.0000000    0.0000000    0.0000000  118.7802316  129.8656280  123.9444292  123.4686309  121.4714184  131.1405546    0.0000000    0.0000000    0.0000000    0.0000000    0.0000000    0.0000000
  235.4410310  313.4380684  187.8956705  134.7360407  132.9399364  132.9399364   57.2846836    0.0000000    0.0000000    0.0000000    0.0000000    0.0000000    0.0000000  117.1910424  128.2581619  122.1357608  121.6599961  119.6537089  129.3756900    0.0000000    0.0000000    0.0000000    0.0000000    0.0000000    0.0000000
  237.1247531  314.0553602  187.8956705  132.9399364  132.9399364  131.8697060   55.3375398    0.0000000    0.0000000    0.0000000    0.0000000    0.0000000    0.0000000  115.4272764  126.6470350  120.3239499  120.0173270  118.5547090  127.5693853    0.0000000    0.0000000    0.0000000    0.0000000    0.0000000    0.0000000
  238.8124699  314.0553602  186.1991612  131.8697060  131.8697060  130.1247998   53.3873294    0.0000000    0.0000000    0.0000000    0.0000000    0.0000000    0.0000000  113.8303231  124.8104079  119.2308516  118.9228487  116.7878742  125.7597994    0.0000000    0.0000000    0.0000000    0.0000000    0.0000000    0.0000000
  240.5041718  314.0553602  186.1991612  130.1247998  130.1247998  130.3197716   53.3873294    0.0000000    0.0000000    0.0000000    0.0000000    0.0000000    0.0000000  112.2295687  123.1918135  117.4699211  117.1605386  116.9416124  123.9846840    0.0000000    0.0000000    0.0000000    0.0000000    0.0000000    0.0000000
  242.1998495  314.0553602  186.1991612  130.3197716  130.3197716  128.5678450   51.4340477    0.0000000    0.0000000    0.0000000    0.0000000    0.0000000    0.0000000  110.6250225  121.5695743  117.6295665  117.3188046  115.1680147  122.1681784    0.0000000    0.0000000    0.0000000    0.0000000    0.0000000    0.0000000
  243.8994937  314.0553602  186.1991612  128.5678450  128.5678450  126.7526546   49.4776903    0.0000000    0.0000000    0.0000000    0.0000000    0.0000000    0.0000000  109.0166942  119.9436939  115.8618787  115.5497377  113.3318788  120.3483896    0.0000000    0.0000000    0.0000000    0.0000000    0.0000000    0.0000000
  245.6030951  314.0553602  184.4994762  126.7526546  126.7526546  124.9937056   49.4776903    0.0000000    0.0000000    0.0000000    0.0000000    0.0000000    0.0000000  107.4045933  118.0930109  114.0316554  113.7181358  111.5515147  118.5630131    0.0000000    0.0000000    0.0000000    0.0000000    0.0000000    0.0000000
  247.3106447  315.3902458  184.4994762  124.9937056  124.9937056  123.1717078   47.5182531    0.0000000    0.0000000    0.0000000    0.0000000    0.0000000    0.0000000  106.3351990  116.4597192  112.2572066  111.9423086  109.7088247  116.7363105    0.0000000    0.0000000    0.0000000    0.0000000    0.0000000    0.0000000
  249.0221333  315.3902458  184.4994762  123.1717078  123.1717078  121.4057359   45.5557321    0.0000000    0.0000000    0.0000000    0.0000000    0.0000000    0.0000000  104.7154582  114.8228029  110.4204346  110.1041585  107.9216924  114.9063235    0.0000000    0.0000000    0.0000000    0.0000000    0.0000000    0.0000000
  250.7375518  315.3902458  184.4994762  121.4057359  121.4057359  119.5769368   45.5557321    0.0000000    0.0000000    0.0000000    0.0000000    0.0000000    0.0000000  103.0919739  113.1822663  108.6392228  108.3215690  106.0724528  113.1106809    0.0000000    0.0000000    0.0000000    0.0000000    0.0000000    0.0000000
  252.4568913  315.3902458  182.7966025  119.5769368  119.5769368  117.8039429   43.5901237    0.0000000    0.0000000    0.0000000    0.0000000    0.0000000    0.0000000  101.4647552  111.3176454  106.7959065  106.4768753  104.2785519  111.2737881    0.0000000    0.0000000    0.0000000    0.0000000    0.0000000    0.0000000
  254.1801428  315.3902458  182.7966025  117.8039429  117.8039429  115.9683492   41.6214244    0.0000000    0.0000000    0.0000000    0.0000000    0.0000000    0.0000000   99.8338112  109.6697536  105.0079313  104.6875229  102.4227683  109.4336113    0.0000000    0.0000000    0.0000000    0.0000000    0.0000000    0.0000000
  255.9072975  315.3902458  182.7966025  115.9683492  115.9683492  114.1883356   41.6214244    0.0000000    0.0000000    0.0000000    0.0000000    0.0000000    0.0000000   98.1991508  108.0182584  103.1580759  102.8362908  100.6220997  107.6277019    0.0000000    0.0000000    0.0000000    0.0000000    0.0000000    0.0000000
  257.6383466  315.3902458  182.7966025  114.1883356  114.1883356  112.3459550   39.6496309    0.0000000    0.0000000    0.0000000    0.0000000    0.0000000    0.0000000   96.5607832  106.3631643  101.3633380  101.0401764   98.7597783  105.7806293    0.0000000    0.0000000    0.0000000    0.0000000    0.0000000    0.0000000
  259.3732813  315.3902458  182.7966025  112.3459550  112.3459550  110.5589253   37.6747403    0.0000000    0.0000000    0.0000000    0.0000000    0.0000000    0.0000000   94.9187171  104.7044756   99.5069497   99.1824119   96.9523443  103.9302737    0.0000000    0.0000000    0.0000000    0.0000000    0.0000000    0.0000000
  261.1120930  315.3902458  181.0905277  110.5589253  110.5589253  108.7097659   37.6747403    0.0000000    0.0000000    0.0000000    0.0000000    0.0000000    0.0000000   93.2729613  102.8223282   97.7054513   97.3795376   95.0834918  102.1141011    0.0000000    0.0000000    0.0000000    0.0000000    0.0000000    0.0000000
  262.8547730  315.3902458  181.0905277  108.7097659  108.7097659  106.9157247   35.6967496    0.0000000    0.0000000    0.0000000    0.0000000    0.0000000    0.0000000   91.6235247  101.1563534   95.8425368   95.5152475   93.2692957  100.2568615    0.0000000    0.0000000    0.0000000    0.0000000    0.0000000    0.0000000
  264.6013128  315.3902458  181.0905277  106.9157247  106.9157247  105.0597954   35.6967496    0.0000000    0.0000000    0.0000000    0.0000000    0.0000000    0.0000000   89.9704158   99.4868017   94.0342810   93.7056165   91.3939198   98.4340271    0.0000000    0.0000000    0.0000000    0.0000000    0.0000000    0.0000000
  266.3517039  315.3902458  181.0905277  105.0597954  105.0597954  103.2587484   33.7156563    0.0000000    0.0000000    0.0000000    0.0000000    0.0000000    0.0000000   88.3136433   97.8136777   92.1648476   91.8348082   89.5729662   96.5699126    0.0000000    0.0000000    0.0000000    0.0000000    0.0000000    0.0000000
  268.1059377  315.3902458  181.0905277  103.2587484  103.2587484  101.3960587   31.7314580    0.0000000    0.0000000    0.0000000    0.0000000    0.0000000    0.0000000   86.6532158   96.1369862   90.3498389   90.0184248   87.6910749   94.7025216    0.0000000    0.0000000    0.0000000    0.0000000    0.0000000    0.0000000
  269.8640059  315.3902458  179.3812401  101.3960587  101.3960587   99.5880128   31.7314580    0.0000000    0.0000000    0.0000000    0.0000000    0.0000000    0.0000000   84.9891418   94.2375011   88.4738946   88.1411062   85.8633692   92.8694304    0.0000000    0.0000000    0.0000000    0.0000000    0.0000000    0.0000000
  271.6259002  315.3902458  179.3812401   99.5880128   99.5880128   97.7185725   29.7441523    0.0000000    0.0000000    0.0000000    0.0000000    0.0000000    0.0000000   83.3214296   92.5535924   86.6521382   86.3179758   83.9749711   90.9951788    0.0000000    0.0000000    0.0000000    0.0000000    0.0000000    0.0000000
  273.3916123  315.3902458  179.3812401   99.5880128   97.7185725   96.3205520   29.7441523    0.0000000    0.0000000    0.0000000    0.0000000    0.0000000    0.0000000   81.6500877   90.8661341   84.9456421   84.4341555   82.5533663   89.1554204    0.0000000    0.0000000    0.0000000    0.0000000    0.0000000    0.0000000
  275.1611339  315.9899993  179.3812401   97.7185725   96.3205520   96.4661321   27.7537373    0.0000000    0.0000000    0.0000000    0.0000000    0.0000000    0.0000000   79.7996239   89.1751309   83.0596139   83.0171309   82.6600136   87.2743191    0.0000000    0.0000000    0.0000000    0.0000000    0.0000000    0.0000000
  276.9344568  315.9899993  179.3812401   97.7185725   96.4661321   96.6114459   27.7537373    0.0000000    0.0000000    0.0000000    0.0000000    0.0000000    0.0000000   78.1209418   87.4805878   81.3462297   83.1283607   82.7664843   85.4278904    0.0000000    0.0000000    0.0000000    0.0000000    0.0000000    0.0000000
  278.7115729  315.9899993  177.6687284   97.7185725   96.6114459   96.6114459   25.7602109    0.0000000    0.0000000    0.0000000    0.0000000    0.0000000    0.0000000   76.4386556   85.5639489   79.6295381   83.2394165   81.0069402   83.5399506    0.0000000    0.0000000    0.0000000    0.0000000    0.0000000    0.0000000
  280.4924742  315.9899993  177.6687284   96.3205520   94.7477642   94.7477642   25.7602109    0.0000000    0.0000000    0.0000000    0.0000000    0.0000000    0.0000000   74.7527735   83.8622574   78.2031821   81.3616559   79.1201580   81.6868498    0.0000000    0.0000000    0.0000000    0.0000000    0.0000000    0.0000000
  282.2771525  315.9899993  177.6687284   96.3205520   94.8893535   94.8893535   23.7635716    0.0000000    0.0000000    0.0000000    0.0000000    0.0000000    0.0000000   73.0633036   82.1570440   76.4796254   81.4692024   79.2186849   79.7920836    0.0000000    0.0000000    0.0000000    0.0000000    0.0000000    0.0000000
  284.0656000  316.8411239  177.6687284   96.4661321   95.0306822   95.0306822   23.7635716    0.0000000    0.0000000    0.0000000    0.0000000    0.0000000    0.0000000   71.4508093   80.4483138   76.5779971   81.5765795   79.3170443   77.9323102    0.0000000    0.0000000    0.0000000    0.0000000    0.0000000    0.0000000
  285.8578087  316.8411239  177.6687284   96.4661321   93.1572016   93.1572016   21.7638177    0.0000000    0.0000000    0.0000000    0.0000000    0.0000000    0.0000000   69.7540869   78.7360718   74.8475939   79.6893837   77.4208327   76.0307298    0.0000000    0.0000000    0.0000000    0.0000000    0.0000000    0.0000000
  287.6537707  316.8411239  177.6687284   96.6114459   93.2948174   93.2948174   21.7638177    0.0000000    0.0000000    0.0000000    0.0000000    0.0000000    0.0000000   68.0538015   77.0203232   74.9422855   79.7932613   77.5156964   74.1642843    0.0000000    0.0000000    0.0000000    0.0000000    0.0000000    0.0000000
  289.4534783  316.8411239  175.9529819   96.6114459   93.4321786   93.4321786   19.7609478    0.0000000    0.0000000    0.0000000    0.0000000    0.0000000    0.0000000   66.3499608   75.0831351   73.2050544   79.8969745   77.6103976   72.2559027    0.0000000    0.0000000    0.0000000    0.0000000    0.0000000    0.0000000
  291.2569235  317.6593442  175.9529819   96.6114459   91.5488943   91.5488943   19.7609478    0.0000000    0.0000000    0.0000000    0.0000000    0.0000000    0.0000000   64.6979501   73.3603191   71.4645320   78.0003359   75.7047488   70.3827867    0.0000000    0.0000000    0.0000000    0.0000000    0.0000000    0.0000000
  293.0640987  317.6593442  175.9529819   94.7477642   91.5488943   91.6825553   17.7549607    0.0000000    0.0000000    0.0000000    0.0000000    0.0000000    0.0000000   62.9869254   71.6340145   69.5634039   76.2534905   75.7959650   68.4676171    0.0000000    0.0000000    0.0000000    0.0000000    0.0000000    0.0000000
  294.8749962  317.6593442  175.9529819   94.7477642   91.6825553   91.8159680   17.7549607    0.0000000    0.0000000    0.0000000    0.0000000    0.0000000    0.0000000   61.2723694   69.9042267   67.8160784   76.3502163   75.8870239   66.5878334    0.0000000    0.0000000    0.0000000    0.0000000    0.0000000    0.0000000
  296.6896084  317.6593442  175.9529819   94.8893535   91.6825553   89.9228786   15.7458553    0.0000000    0.0000000    0.0000000    0.0000000    0.0000000    0.0000000   59.5542897   68.1709608   67.8968052   74.5966253   73.9719340   64.6658895    0.0000000    0.0000000    0.0000000    0.0000000    0.0000000    0.0000000
  298.5079277  317.6593442  175.9529819   94.8893535   91.8159680   88.0268611   15.7458553    0.0000000    0.0000000    0.0000000    0.0000000    0.0000000    0.0000000   57.8326940   66.4342221   66.1426960   74.6897130   72.0540334   62.7794415    0.0000000    0.0000000    0.0000000    0.0000000    0.0000000    0.0000000
  300.3299465  317.6593442  174.2339904   94.8893535   91.8159680   86.1279047   13.7336307    0.0000000    0.0000000    0.0000000    0.0000000    0.0000000    0.0000000   56.1075897   64.4767431   64.3853082   72.9293939   70.1333110   60.8507373    0.0000000    0.0000000    0.0000000    0.0000000    0.0000000    0.0000000
  302.1556573  317.6593442  174.2339904   95.0306822   91.8159680   84.2259988   13.7336307    0.0000000    0.0000000    0.0000000    0.0000000    0.0000000    0.0000000   54.3789842   62.7330168   64.4589475   71.1658328   68.2097559   58.9576295    0.0000000    0.0000000    0.0000000    0.0000000    0.0000000    0.0000000
  303.9850528  317.6593442  174.2339904   95.0306822   89.9228786   82.3211332   11.7182859    0.0000000    0.0000000    0.0000000    0.0000000    0.0000000    0.0000000   52.6468850   60.9858357   62.6948019   69.2458421   66.2833580   57.0221792    0.0000000    0.0000000    0.0000000    0.0000000    0.0000000    0.0000000
  305.8181254  317.6593442  174.2339904   93.1572016   89.9228786   80.4132984   11.7182859    0.0000000    0.0000000    0.0000000    0.0000000    0.0000000    0.0000000   50.9112995   59.2352052   60.7704686   67.4755761   64.3541072   55.1224169    0.0000000    0.0000000    0.0000000    0.0000000    0.0000000    0.0000000
  307.6548678  317.6593442  174.2339904   93.1572016   88.0268611   78.5024850    9.6998205    0.0000000    0.0000000    0.0000000    0.0000000    0.0000000    0.0000000   49.1722349   57.4811306   58.9995848   65.5493452   62.4219943   53.1802353    0.0000000    0.0000000    0.0000000    0.0000000    0.0000000    0.0000000
  309.4952728  317.6593442  174.2339904   93.1572016   88.0268611   76.5886841    9.6998205    0.0000000    0.0000000    0.0000000    0.0000000    0.0000000    0.0000000   47.4296985   55.7236172   57.2254366   63.7723924   60.4870101   51.2738244    0.0000000    0.0000000    0.0000000    0.0000000    0.0000000    0.0000000
  311.3393330  317.6593442  174.2339904   93.2948174   86.1279047   74.6718875    7.6782337    0.0000000    0.0000000    0.0000000    0.0000000    0.0000000    0.0000000   45.6836975   53.9626703   57.2853424   61.8399294   58.5491461   49.3249262    0.0000000    0.0000000    0.0000000    0.0000000    0.0000000    0.0000000
  313.1870411  317.6593442  174.2339904   93.2948174   86.1279047   72.7520868    7.6782337    0.0000000    0.0000000    0.0000000    0.0000000    0.0000000    0.0000000   43.9342391   52.1982953   55.5044826   60.0563078   56.6083938   47.4118734    0.0000000    0.0000000    0.0000000    0.0000000    0.0000000    0.0000000
  315.0383901  317.6593442  174.2339904   93.2948174   86.1279047   70.8292745    5.6535252    0.0000000    0.0000000    0.0000000    0.0000000    0.0000000    0.0000000   42.1813304   50.4304975   53.7203668   58.2694620   54.6647454   45.4562738    0.0000000    0.0000000    0.0000000    0.0000000    0.0000000    0.0000000
  316.8933728  317.6593442  174.2339904   93.4321786   84.2259988   68.9034431    5.6535252    0.0000000    0.0000000    0.0000000    0.0000000    0.0000000    0.0000000   40.4249785   48.6592824   53.7733244   56.3273491   52.7181932   43.5365864    0.0000000    0.0000000    0.0000000    0.0000000    0.0000000    0.0000000
  318.7519820  317.6593442  172.5117442   93.4321786   84.2259988   66.9745857    3.6256947    0.0000000    0.0000000    0.0000000    0.0000000    0.0000000    0.0000000   38.6651904   46.6679029   51.9825241   54.5338590   50.7687302   41.5743007    0.0000000    0.0000000    0.0000000    0.0000000    0.0000000    0.0000000
  320.6142107  317.6593442  172.5117442   93.4321786   84.2259988   65.0426954    3.6256947    0.0000000    0.0000000    0.0000000    0.0000000    0.0000000    0.0000000   36.9019730   44.8898291   50.1884767   52.7371518   48.8163493   39.6479868    0.0000000    0.0000000    0.0000000    0.0000000    0.0000000    0.0000000
  322.4800518  318.5585152  172.5117442   91.5488943   82.3211332   63.1077660    3.6256947    0.0000000    0.0000000    0.0000000    0.0000000    0.0000000    0.0000000   35.2771975   43.1083558   48.2343488   50.7854273   46.8610440   37.7185250    0.0000000    0.0000000    0.0000000    0.0000000    0.0000000    0.0000000
  324.3494985  318.5585152  172.5117442   91.5488943   82.3211332   61.1697914    1.5947420    0.0000000    0.0000000    0.0000000    0.0000000    0.0000000    0.0000000   33.5070595   41.3234885   46.4336442   48.9821009   44.9028080   35.7460984    0.0000000    0.0000000    0.0000000    0.0000000    0.0000000    0.0000000
  326.2225437  318.5585152  172.5117442   91.5488943   80.4132984   59.2287657    1.5947420    0.0000000    0.0000000    0.0000000    0.0000000    0.0000000    0.0000000   31.7335137   39.5352325   44.6297018   47.0241941   42.9416353   33.8100185    0.0000000    0.0000000    0.0000000    0.0000000    0.0000000    0.0000000
  328.0991806  318.5585152  172.5117442   91.6825553   80.4132984   57.2846836    0.0000000    0.0000000    0.0000000    0.0000000    0.0000000    0.0000000    0.0000000   29.9565669   37.7435932   44.6657527   45.2142672   40.9775203   32.2658857    0.0000000    0.0000000    0.0000000    0.0000000    0.0000000    0.0000000
  329.9794023  318.5585152  172.5117442   91.6825553   80.4132984   55.3375398    0.0000000    0.0000000    0.0000000    0.0000000    0.0000000    0.0000000    0.0000000   28.1762259   35.9485759   42.8551809   43.4011375   39.0104575   30.3231970    0.0000000    0.0000000    0.0000000    0.0000000    0.0000000    0.0000000
  331.8632020  318.5585152  172.5117442   91.8159680   78.5024850   53.3873294    0.0000000    0.0000000    0.0000000    0.0000000    0.0000000    0.0000000    0.0000000   26.3924973   34.1501861   42.8878184   41.4336785   37.0404418   28.3773579    0.0000000    0.0000000    0.0000000    0.0000000    0.0000000    0.0000000
  333.7505728  319.1179694  172.5117442   91.8159680   78.5024850   51.4340477    0.0000000    0.0000000    0.0000000    0.0000000    0.0000000    0.0000000    0.0000000   24.4184078   32.3484291   41.0706373   39.6139740   35.0674683   28.4050324    0.0000000    0.0000000    0.0000000    0.0000000    0.0000000    0.0000000
  335.6415081  319.1179694  172.5117442   91.8159680   78.5024850   49.4776903    0.0000000    0.0000000    0.0000000    0.0000000    0.0000000    0.0000000    0.0000000   22.6278457   30.5433103   39.2502359   37.7910750   33.0915324   26.4525954    0.0000000    0.0000000    0.0000000    0.0000000    0.0000000    0.0000000
  337.5360011  319.1179694  171.2031746   91.8159680   76.5886841   47.5182531    0.0000000    0.0000000    0.0000000    0.0000000    0.0000000    0.0000000    0.0000000   20.8339166   28.9314943   37.4266162   35.8141022   31.1126298   26.4767562    0.0000000    0.0000000    0.0000000    0.0000000    0.0000000    0.0000000
  339.4340452  319.1179694  171.2031746   89.9228786   76.5886841   45.5557321    0.0000000    0.0000000    0.0000000    0.0000000    0.0000000    0.0000000    0.0000000   19.0366271   27.1196420   35.4431351   33.9846544   29.1307562   24.5177321    0.0000000    0.0000000    0.0000000    0.0000000    0.0000000    0.0000000
  341.3356338  319.1179694  171.2031746   89.9228786   76.5886841   43.5901237    0.0000000    0.0000000    0.0000000    0.0000000    0.0000000    0.0000000    0.0000000   17.2359837   25.3044455   33.6129420   32.1520208   27.1459079   22.5555579    0.0000000    0.0000000    0.0000000    0.0000000    0.0000000    0.0000000
  343.2407601  319.1179694  171.2031746   89.9228786   74.6718875   41.6214244    0.0000000    0.0000000    0.0000000    0.0000000    0.0000000    0.0000000    0.0000000   15.4319929   23.4859102   31.7795410   30.1655725   25.1580811   22.5727950    0.0000000    0.0000000    0.0000000    0.0000000    0.0000000    0.0000000
  345.1494178  319.1179694  171.2031746   88.0268611   74.6718875   39.6496309    0.0000000    0.0000000    0.0000000    0.0000000    0.0000000    0.0000000    0.0000000   13.6246610   21.6640413   29.7867083   28.3264163   23.1672724   20.6040466    0.0000000    0.0000000    0.0000000    0.0000000    0.0000000    0.0000000
  347.0616002  319.1179694  171.2031746   88.0268611   74.6718875   37.6747403    0.0000000    0.0000000    0.0000000    0.0000000    0.0000000    0.0000000    0.0000000   11.8139946   19.8388443   27.9467621   26.4840836   21.1734785   20.6178115    0.0000000    0.0000000    0.0000000    0.0000000    0.0000000    0.0000000
  348.9773009  319.1179694  171.2031746   88.0268611   72.7520868   35.6967496    0.0000000    0.0000000    0.0000000    0.0000000    0.0000000    0.0000000    0.0000000    9.9999998   18.0103245   26.1036185   24.4881980   19.1766965   18.6425005    0.0000000    0.0000000    0.0000000    0.0000000    0.0000000    0.0000000
  350.8965135  319.1179694  171.2031746   86.1279047   72.7520868   33.7156563    0.0000000    0.0000000    0.0000000    0.0000000    0.0000000    0.0000000    0.0000000    8.1826832   16.1784873   24.1014702   22.6393690   17.1769233   16.6640422    0.0000000    0.0000000    0.0000000    0.0000000    0.0000000    0.0000000
  352.8192314  319.1179694  171.2031746   86.1279047   72.7520868   31.7314580    0.0000000    0.0000000    0.0000000    0.0000000    0.0000000    0.0000000    0.0000000    6.3620509   14.3433379   22.2518097   20.7873730   15.1741565   14.6824354    0.0000000    0.0000000    0.0000000    0.0000000    0.0000000    0.0000000
  354.7454484  319.1179694  171.2031746   86.1279047   70.8292745   29.7441523    0.0000000    0.0000000    0.0000000    0.0000000    0.0000000    0.0000000    0.0000000    4.5381091   12.5048818   20.3989626   18.7820882   13.1683936   14.6859416    0.0000000    0.0000000    0.0000000    0.0000000    0.0000000    0.0000000
  356.6751581  319.1179694  171.2031746   86.1279047   70.8292745   27.7537373    0.0000000    0.0000000    0.0000000    0.0000000    0.0000000    0.0000000    0.0000000    2.7108642   10.6631242   18.5429316   16.9236225   11.1596322   12.6977898    0.0000000    0.0000000    0.0000000    0.0000000    0.0000000    0.0000000
  358.6083542  319.1179694  171.2031746   84.2259988   70.8292745   25.7602109    0.0000000    0.0000000    0.0000000    0.0000000    0.0000000    0.0000000    0.0000000    0.8803222    8.8180705   16.5281989   15.0619995    9.1478703   10.7064916    0.0000000    0.0000000    0.0000000    0.0000000    0.0000000    0.0000000
  360.5450304  319.1179694  171.2031746   84.2259988   68.9034431   23.7635716    0.0000000    0.0000000    0.0000000    0.0000000    0.0000000    0.0000000    0.0000000   -0.9535107    6.9697260   14.6656876   13.0473534    7.1331059    8.7120463    0.0000000    0.0000000    0.0000000    0.0000000    0.0000000    0.0000000
  362.4851804  319.1179694  171.2031746   84.2259988   68.9034431   21.7638177    0.0000000    0.0000000    0.0000000    0.0000000    0.0000000    0.0000000    0.0000000   -2.7906284    5.1180960   12.8000034   11.1792875    5.1153372    8.7053640    0.0000000    0.0000000    0.0000000    0.0000000    0.0000000    0.0000000
  364.4287981  319.1179694  171.2031746   82.3211332   68.9034431   19.7609478    0.0000000    0.0000000    0.0000000    0.0000000    0.0000000    0.0000000    0.0000000   -4.6310248    3.2631858   10.7760439    9.3080742    3.0945627    6.7043933    0.0000000    0.0000000    0.0000000    0.0000000    0.0000000    0.0000000
  366.3758772  319.1179694  171.2031746   82.3211332   66.9745857   17.7549607    0.0000000    0.0000000    0.0000000    0.0000000    0.0000000    0.0000000    0.0000000   -6.4746940    1.4050007    8.9039078    7.2841046    1.0707809    4.7002785    0.0000000    0.0000000    0.0000000    0.0000000    0.0000000    0.0000000
  368.3264118  319.1179694  171.2031746   82.3211332   66.9745857   15.7458553    0.0000000    0.0000000    0.0000000    0.0000000    0.0000000    0.0000000    0.0000000   -8.3216299   -0.4564540    7.0286101    5.4064751   -0.9560096    4.6868426    0.0000000    0.0000000    0.0000000    0.0000000    0.0000000    0.0000000
  370.2803955  319.1179694  171.2031746   82.3211332   66.9745857   13.7336307    0.0000000    0.0000000    0.0000000    0.0000000    0.0000000    0.0000000    0.0000000  -10.1718265   -2.3211730    5.1501537    3.5257085   -2.9858099    2.6762198    0.0000000    0.0000000    0.0000000    0.0000000    0.0000000    0.0000000
  372.2378224  319.1179694  171.2031746   80.4132984   66.9745857   11.7182859    0.0000000    0.0000000    0.0000000    0.0000000    0.0000000    0.0000000    0.0000000  -12.0252779   -4.1891511    3.1137377    1.6418073   -5.0186210    0.6624567    0.0000000    0.0000000    0.0000000    0.0000000    0.0000000    0.0000000
  374.1986863  320.3937056  171.2031746   80.4132984   65.0426954    9.6998205    0.0000000    0.0000000    0.0000000    0.0000000    0.0000000    0.0000000    0.0000000  -13.3533023   -6.0603831    1.2288661   -0.3947030   -7.0544438   -1.3544466    0.0000000    0.0000000    0.0000000    0.0000000    0.0000000    0.0000000
  376.1629814  320.3937056  171.2031746   80.4132984   65.0426954    7.6782337    0.0000000    0.0000000    0.0000000    0.0000000    0.0000000    0.0000000    0.0000000  -15.2133114   -7.9348636   -0.6591527   -2.2849857   -9.0932791   -1.3779465    0.0000000    0.0000000    0.0000000    0.0000000    0.0000000    0.0000000
  378.1307016  320.9859626  171.2031746   80.4132984   65.0426954    5.6535252    0.0000000    0.0000000    0.0000000    0.0000000    0.0000000    0.0000000    0.0000000  -17.2165117   -9.8125875   -2.5503158   -4.1783925  -11.1351275   -3.4013356    0.0000000    0.0000000    0.0000000    0.0000000    0.0000000    0.0000000
  380.1018409  320.9859626  171.2031746   78.5024850   63.1077660    3.6256947    0.0000000    0.0000000    0.0000000    0.0000000    0.0000000    0.0000000    0.0000000  -19.0830527  -11.6935495   -4.5991139   -6.2241353  -13.1799894   -5.4278603    0.0000000    0.0000000    0.0000000    0.0000000    0.0000000    0.0000000
  382.0763935  320.9859626  171.2031746   78.5024850   63.1077660    1.5947420    0.0000000    0.0000000    0.0000000    0.0000000    0.0000000    0.0000000    0.0000000  -20.9528184  -13.5777444   -6.4966554   -8.1238966  -15.2278654   -7.4575202    0.0000000    0.0000000    0.0000000    0.0000000    0.0000000    0.0000000
  384.0543534  320.9859626  171.2031746   78.5024850   63.1077660    0.0000000    0.0000000    0.0000000    0.0000000    0.0000000    0.0000000    0.0000000    0.0000000  -22.8258030  -15.4651670   -8.3973295  -10.0267714  -16.8438161   -7.4910124    0.0000000    0.0000000    0.0000000    0.0000000    0.0000000    0.0000000
  386.0357147  320.9859626  171.2031746   78.5024850   63.1077660    0.0000000    0.0000000    0.0000000    0.0000000    0.0000000    0.0000000    0.0000000    0.0000000  -24.7020009  -17.3558121  -10.3011331  -11.9327570  -16.8808956   -9.5271345    0.0000000    0.0000000    0.0000000    0.0000000    0.0000000    0.0000000
  388.0204718  320.9859626  171.2031746   76.5886841   61.1697914    0.0000000    0.0000000    0.0000000    0.0000000    0.0000000    0.0000000    0.0000000    0.0000000  -26.5814064  -19.2496746  -12.3622402  -13.9909122  -16.9173639  -11.5663864    0.0000000    0.0000000    0.0000000    0.0000000    0.0000000    0.0000000
  390.0086187  320.9859626  171.2031746   76.5886841   61.1697914    0.0000000    0.0000000    0.0000000    0.0000000    0.0000000    0.0000000    0.0000000    0.0000000  -28.4640138  -21.1467493  -14.2723855  -15.9032174  -16.9533818  -11.6064857    0.0000000    0.0000000    0.0000000    0.0000000    0.0000000    0.0000000
  392.0001496  320.9859626  171.2031746   76.5886841   61.1697914    0.0000000    0.0000000    0.0000000    0.0000000    0.0000000    0.0000000    0.0000000    0.0000000  -30.3498176  -23.0470310  -16.1856485  -17.8186225  -16.9893207  -13.6521801    0.0000000    0.0000000    0.0000000    0.0000000    0.0000000    0.0000000
  393.9950590  320.9859626  171.2031746   76.5886841   61.1697914    0.0000000    0.0000000    0.0000000    0.0000000    0.0000000    0.0000000    0.0000000    0.0000000  -32.2388122  -24.9505146  -18.1020259  -19.7371247  -17.0251808  -15.7009986    0.0000000    0.0000000    0.0000000    0.0000000    0.0000000    0.0000000
  395.9933409  320.9859626  171.2031746   74.6718875   59.2287657    0.0000000    0.0000000    0.0000000    0.0000000    0.0000000    0.0000000    0.0000000    0.0000000  -34.1309920  -26.8571951  -20.1753699  -21.8076186  -17.0609622  -17.7529402    0.0000000    0.0000000    0.0000000    0.0000000    0.0000000    0.0000000
  397.9949898  320.9859626  171.2031746   74.6718875   59.2287657    0.0000000    0.0000000    0.0000000    0.0000000    0.0000000    0.0000000    0.0000000    0.0000000  -36.0263516  -28.7670672  -22.0980525  -23.7324055  -17.0966653  -19.8080040    0.0000000    0.0000000    0.0000000    0.0000000    0.0000000    0.0000000
  400.0000000  320.9859626  171.2031746   74.6718875   59.2287657    0.0000000    0.0000000    0.0000000    0.0000000    0.0000000    0.0000000    0.0000000    0.0000000  -37.9248855  -30.6801258  -24.0238378  -25.6602784  -17.1322901  -19.8612652    0.0000000    0.0000000    0.0000000    0.0000000    0.0000000    0.0000000
