 date d_e_o v_e cost mass
   1.0000000   0.0000000  -0.1419719   3.1729851   0.0065415
   1.0000000   0.0000000  -0.1419719   3.1729851   0.0249417
   1.0000000   0.0000000  -0.1419719   3.1729851   0.0619137
   1.0000000   0.0000000  -0.1419719   3.1729851   0.1087603
   1.0000000   0.0000000  -0.1419719   3.1729851   0.1445049
   1.0000000   0.0000000  -0.1419719   3.1729851   0.1531307
   1.0000000   0.0000000  -0.1419719   3.1729851   0.1354822
   1.0000000   0.0000000  -0.1419719   3.1729851   0.1045608
   1.0000000   0.0000000  -0.1419719   3.1729851   0.0733753
   1.0000000   0.0000000  -0.0262585   3.1729851   0.0483990
   1.0000000   0.0000000   0.4449829   3.1729851   0.0306037
   1.0000000   0.0000000   1.1033513   3.1729851   0.0186298
   1.0000000   0.0000000   1.7674279   3.1729851   0.0107142
   1.0000000   0.0000000   2.2679687   3.1729851   0.0054531
   1.0000000   0.0000000   3.1162851   3.1729851   0.0020246
   1.0000000   1.0000000   3.1818140   3.1729851   0.0004519
   1.0000000   1.0000000   3.2004322   3.1729851   0.0005587
   1.0000000   1.0000000   3.2879615   3.1729851   0.0014229
   1.0000000   1.0000000   3.4791991   3.1729851   0.0025042
   1.0000000   1.0000000   3.8089362   3.1729851   0.0036724
   1.0000000   1.0000000   4.3200779   3.1729851   0.0048036
   1.0000000   1.0000000   5.0692656   3.1729851   0.0057715
   1.0000000   1.0000000   6.1317982   3.1729851   0.0064553
   1.0000000   1.0000000   7.6057309   3.1729851   0.0067582
   1.0000000   1.0000000   9.6143503   3.1729851   0.0066298
   1.0000000   1.0000000  12.3051501   3.1729851   0.0060858
   1.0000000   1.0000000  15.8400707   3.1729851   0.0052109
   1.0000000   1.0000000  20.3626583   3.1729851   0.0041414
   1.0000000   1.0000000  25.9086869   3.1729851   0.0030257
   1.0000000   1.0000000  32.2086690   3.1729851   0.0019726
   1.0000000   1.0000000  38.4446338   3.1729851   0.0014995
   1.0000000   0.0000000  -0.1419719   3.1729851   0.0000661
   1.0000000   0.0000000  -0.1419719   3.1729851   0.0002519
   1.0000000   0.0000000  -0.1419719   3.1729851   0.0006254
   1.0000000   0.0000000  -0.1419719   3.1729851   0.0010986
   1.0000000   0.0000000  -0.1419719   3.1729851   0.0014596
   1.0000000   0.0000000  -0.1419719   3.1729851   0.0015468
   1.0000000   0.0000000  -0.1419719   3.1729851   0.0013685
   1.0000000   0.0000000  -0.1419719   3.1729851   0.0010562
   1.0000000   0.0000000  -0.1419719   3.1729851   0.0007412
   1.0000000   0.0000000  -0.1419719   3.1729851   0.0004889
   1.0000000   0.0000000  -0.1419719   3.1729851   0.0003091
   1.0000000   0.0000000  -0.1419719   3.1729851   0.0001882
   1.0000000   0.0000000  -0.1419719   3.1729851   0.0001082
   1.0000000   0.0000000  -0.1419719   3.1729851   0.0000551
   1.0000000   0.0000000  -0.1419719   3.1729851   0.0000205
   1.0000000   0.0000000  -0.1419719   3.1729851   0.0000046
   1.0000000   0.0000000  -0.1419719   3.1729851   0.0000056
   1.0000000   0.0000000  -0.1419719   3.1729851   0.0000144
   1.0000000   0.0000000  -0.1419719   3.1729851   0.0000253
   1.0000000   0.0000000  -0.1419719   3.1729851   0.0000371
   1.0000000   0.0000000  -0.1419719   3.1729851   0.0000485
   1.0000000   0.0000000  -0.1419719   3.1729851   0.0000583
   1.0000000   0.0000000  -0.1419719   3.1729851   0.0000652
   1.0000000   0.0000000  -0.1419719   3.1729851   0.0000683
   1.0000000   0.0000000  -0.1419719   3.1729851   0.0000670
   1.0000000   0.0000000  -0.1419719   3.1729851   0.0000615
   1.0000000   0.0000000  -0.1419719   3.1729851   0.0000526
   1.0000000   0.0000000  -0.1419719   3.1729851   0.0000418
   1.0000000   0.0000000  -0.1419719   3.1729851   0.0000306
   1.0000000   0.0000000  -0.1419719   3.1729851   0.0000199
   1.0000000   0.0000000  -0.1419719   3.1729851   0.0000151
