   0.0000000  -1.5601607  -1.5601607  -1.5601607  -1.5601607  -1.5601607  -1.5601607
   0.0501881  -1.4960523  -1.6268880  -1.6225042  -1.6219729  -1.6186342  -1.6094059
   0.1419533  -1.3900977  -1.6279607  -1.6189223  -1.6178269  -1.7516630  -1.7326366
   0.2607850  -1.2571303  -1.7832502  -1.7694492  -1.7677766  -1.7572659  -1.9047052
   0.4015047  -1.1023712  -1.9846081  -1.9659731  -1.9637145  -1.9495223  -2.1164246
   0.5611199  -0.9288261  -2.0047973  -2.2007259  -2.1978750  -2.1799601  -2.3624510
   0.7376112  -0.7385185  -2.2534436  -2.2249894  -2.4654597  -2.4437892  -2.6391650
   0.9294964  -0.5329316  -2.5344514  -2.5010295  -2.4969788  -2.7376698  -2.9439027
   1.1356268  -0.3132131  -2.5681999  -2.8063674  -2.8017109  -3.0591015  -3.2745959
   1.3550784  -0.0802855  -2.8857647  -3.1386904  -3.1334247  -3.1003355  -3.6295783
   1.5870867   0.1650885  -2.9239538  -3.1812409  -3.4902800  -3.4533439  -4.0074694
   1.8310056  -2.2067479  -3.2746137  -3.5448325  -3.5383396  -3.8299674  -4.4071014
   2.0862796  -2.2249743  -3.6494891  -3.9316692  -3.9245590  -4.2289407  -4.8274691
   2.3524244  -2.2421557  -3.6981780  -4.3405479  -4.3328181  -4.6491820  -5.2676955
   2.6290128  -2.5733255  -4.1017839  -4.3978128  -4.7620823  -5.0897528  -5.7270069
   2.9156644  -2.5976206  -4.1541749  -4.8328922  -4.8239171  -5.5498285  -6.2047134
   3.2120376  -2.6209297  -4.5847390  -5.2878345  -5.2782338  -5.6197961  -6.7001955
   3.5178234  -2.6433414  -5.0354905  -5.7618740  -5.7516461  -6.1031302  -7.2128921
   3.8327404  -3.0220193  -5.0967535  -5.8318115  -6.2434703  -6.6044183  -7.7422926
   4.1565312  -3.0507058  -5.5719491  -6.3288552  -6.3173681  -7.1230864  -8.2879294
   4.4889590  -3.0785320  -5.6364488  -6.8435275  -6.8314086  -7.6586118  -8.8493719
   4.8298049  -3.1055598  -6.1349693  -6.9204721  -7.3625352  -7.7434064  -9.2485753
   5.1788659  -3.1318446  -6.6511637  -7.4565298  -7.4431431  -8.2992712 -10.0181120
   5.5359531  -3.1574362  -6.7234889  -8.0090415  -7.9950191  -8.6933146 -10.6246966
   5.9008899  -3.5912608  -7.2613244  -8.3999179  -8.3852584  -9.4580813 -11.2456553
   6.2735110  -3.6224681  -7.3365609  -8.6651750  -9.1463943 -10.0602611 -11.8806870
   6.6536610  -3.6529921  -7.7176025  -9.2532399  -9.2373029 -10.6771577 -12.5295092
   7.0411937  -3.6828712  -7.9733355  -9.8564217  -9.8398443 -10.7787956 -13.1918554
   7.4359711  -3.7121410  -8.5521695  -9.9500983 -10.4571565 -11.4135886 -13.8674742
   7.8378626  -3.7408338  -9.1463973 -10.5718005 -10.5539393 -12.0623975 -14.5561278
   8.2467443  -3.7689795  -9.2313823 -11.2078596 -11.1893550 -12.7249445 -15.2575907
   8.6624988  -3.7966058  -9.8446420 -11.3073401 -11.8388304 -12.8351001 -15.9716487
   9.0850143  -4.2908481  -9.9322465 -11.9610437 -12.5020867 -13.5144233 -16.6980980
   9.5141842  -4.3235376 -10.5639953 -12.6284484 -12.6080080 -14.2069090 -17.4367445
   9.9499070  -4.3557030 -10.6541719 -12.7335004 -13.2882088 -14.9123264 -18.1874030
  10.3920856  -4.2097201 -11.3039110 -13.4177873 -13.9816079 -15.6304565 -18.9498963
  10.8406269  -4.4185523 -11.3966138 -14.1152019 -14.0928180 -15.7518186 -19.7240551
  11.2954421  -4.4492784 -12.0638823 -14.2256187 -14.8024836 -16.4855272 -20.5097169
  11.7564457  -4.4795645 -12.1590672 -14.9392442 -15.5248330 -17.2314882 -21.3067259
  12.2235558  -4.5094285 -12.8434378 -15.6654905 -15.6411560 -17.9895151 -22.1149328
  12.6966935  -4.5388871 -12.9410624 -15.7810864 -16.3791692 -18.1184266 -22.9341935
  13.1757830  -4.5679562 -13.6421376 -16.5229465 -17.1294075 -18.8912764 -23.7643697
  13.4831040  -4.7781630 -13.9286620 -16.8288764 -17.4393899 -19.2118703 -24.1117593
  14.1515279  -4.6249844 -14.4595698 -17.3975823 -18.0160453 -20.4718251 -24.7608360
  14.6480449  -4.6529708 -14.5619528 -18.1666891 -18.1390890 -20.6079723 -25.6148832
  15.1502367  -4.6806224 -15.2953476 -18.2891090 -18.9193024 -21.4181685 -26.4794323
  15.6580399  -4.7079511 -15.4000527 -19.0730234 -19.7111127 -22.2395286 -27.3543643
  16.1713931  -4.7349681 -16.1491072 -19.8684860 -19.8389187 -23.0719109 -28.2395644
  16.6902370  -4.7616843 -16.2560983 -19.9957157 -20.6451174 -23.2150157 -29.1349214
  17.2145141  -4.7881096 -17.0205055 -20.8055266 -21.4625592 -24.0609901 -30.0403276
  17.7441686  -4.8142539 -17.1297480 -20.9345148 -21.5949963 -24.9176826 -30.9556789
  18.2791464  -4.8401263 -17.2379829 -21.7584399 -22.4264043 -25.0648526 -31.8808741
  18.8193952  -4.8657356 -18.0206789 -22.5933790 -22.5605208 -25.9347816 -32.8158151
  19.3648640  -4.8910902 -18.1311551 -22.7269959 -23.4056793 -26.8151482 -32.9908341
  19.9155034  -4.9161981 -18.9285849 -23.5756498 -24.2615863 -26.9663079 -33.9376545
  20.4712651  -4.9410669 -19.0412690 -23.7109738 -24.4001737 -27.8595819 -34.8940119
  21.0321024  -4.9657038 -19.8531759 -24.5731372 -25.2694613 -28.7630340 -35.8598169
  21.5979699  -4.3902176 -19.9680360 -25.4458482 -25.4096851 -29.6765567 -36.8349828
  22.1688231  -4.4097064 -20.0819746 -25.5856376 -26.2921627 -29.8341644 -37.8194252
  22.7446189  -4.4290198 -20.9111813 -26.4715067 -27.1849542 -30.7601547 -38.8130619
  23.3253153  -4.4481631 -21.0272832 -26.6129549 -27.3295030 -31.6959820 -39.8158129
  23.9108712  -4.4671415 -21.8704437 -27.5118004 -28.2351570 -31.8573860 -40.8276002
  24.5012466  -4.4859597 -21.9886783 -27.6549000 -28.3813010 -32.8054044 -41.8483479
  25.0964026  -4.5046225 -22.1060448 -28.5665473 -29.2996479 -33.7630416 -42.8779818
  25.6963009  -4.5231344 -22.9659117 -28.7112905 -29.4473816 -33.9281788 -43.9164296
  26.3009044  -4.5414997 -23.0853970 -29.6355719 -30.3782581 -34.8977480 -44.9636208
  26.9101768  -3.9231557 -23.9587466 -30.5697188 -31.3189330 -35.8767318 -46.0194866
  27.5240826  -3.9368041 -24.0803218 -30.7187042 -31.4708244 -36.0455413 -47.0839595
  28.1425870  -3.9503485 -24.2010747 -31.6651964 -32.4237472 -37.0362140 -47.2871480
  28.7656561  -3.9637919 -25.0905937 -31.8157803 -32.5771889 -37.2062971 -48.3621483
  29.3932567  -3.9771374 -25.2134218 -32.7744670 -33.5422124 -38.2085330 -49.4456107
  30.0253564  -3.3362570 -25.3354557 -32.9266414 -33.6971983 -39.2198881 -50.5374727
  30.6619233  -3.3450973 -26.2408728 -33.8973771 -34.6741808 -39.3935709 -51.6376733
  31.3029262  -3.3538761 -26.3649664 -34.0511339 -34.8307044 -40.4162674 -51.8474850
  31.9483348  -3.3625955 -26.4882915 -35.0337780 -35.8195087 -41.4479083 -52.9579000
  32.5981192  -2.7042570 -27.4093484 -35.1891088 -35.9775633 -41.6251352 -54.0765213
  33.2522499  -2.7086283 -27.5347174 -36.1835257 -36.9780568 -42.6679078 -55.2032918
  33.9106985  -2.7129723 -27.6593414 -36.3404220 -37.1376355 -43.7194598 -55.4176801
  34.5734367  -2.7172904 -28.5957915 -37.3464804 -38.1496899 -43.9001773 -56.5544461
  35.2404370  -2.7215839 -28.7224431 -37.5049336 -38.3107855 -44.9626625 -57.6992376
  35.9116722  -2.0420709 -28.8483717 -38.5225065 -39.3342765 -45.1446131 -57.9162596
  36.5871159  -2.0421868 -29.7999793 -38.6825079 -39.4968818 -46.2179279 -59.0709060
  37.2667420  -2.0423061 -29.9279190 -39.7114724 -40.5316891 -47.2997811 -60.2334594
  37.9505248  -1.3504079 -30.0551560 -39.8730133 -40.6957965 -47.4851570 -61.4038689
  38.6384394  -1.3464531 -31.0216957 -40.0337053 -41.7418036 -48.5776567 -61.6253795
  39.3304610  -1.3425275 -31.1509272 -41.0763218 -41.9074056 -48.7642530 -62.8054462
  40.0265653  -1.3386311 -31.2794750 -41.2385578 -42.9644991 -49.8673033 -63.9932577
  40.7267286  -0.6305652 -31.4073495 -42.2923092 -43.1315883 -50.9786698 -64.2173643
  41.4309275  -0.6227151 -32.3912565 -42.4560800 -44.1996583 -51.1686284 -65.4147055
  42.1391390  -0.6149173 -32.5211161 -43.5208547 -44.3682270 -52.2903759 -66.6196848
  42.8513405   0.1050299 -32.6503194 -43.6861509 -45.4471669 -52.4815413 -67.8322560
  43.5675097   0.1166915 -32.7788762 -44.7618408 -45.6172075 -53.6135809 -68.0607626
  44.2876248   0.1282798 -33.7798732 -44.9286534 -46.7069136 -53.8059533 -69.2826842
  45.0116642   0.1397953 -33.9104043 -45.0946775 -46.8784183 -54.9481980 -70.5120970
  45.7396069   0.1512384 -34.0403043 -46.1834729 -47.0491245 -56.0984822 -70.7431594
  46.4714320   0.1626100 -34.1695819 -46.3510151 -48.1517511 -56.2941423 -71.9818062
  47.2071191   0.1739104 -35.1874037 -47.4504985 -48.3239248 -57.4544779 -73.2278475
  47.9466478   0.1851402 -35.3186439 -47.6195493 -49.4371001 -57.6513306 -74.4812413
  48.6899985   0.1963000 -35.4492760 -48.7296217 -49.6107334 -58.8216364 -74.7166166
  49.4371515   0.2073903 -35.5793080 -48.9001718 -50.7343623 -59.0196812 -75.9790808
  50.1880877   0.2184115 -36.6137004 -49.0699744 -50.9094472 -60.1998781 -77.2488058
  50.9427879   0.2293643 -36.7456824 -50.1927772 -51.0837751 -60.3991140 -78.5257523
  51.7012336   0.2402490 -36.8770774 -50.3640793 -52.2199658 -61.5891245 -78.7653844
  52.4634063   0.2510662 -37.0078929 -51.4972629 -52.3957468 -61.7895505 -80.0512457
  53.2292880   0.2618163 -37.1381365 -51.6700550 -53.5421912 -62.9892989 -81.3442414
  53.9988606   0.2724999 -38.1913645 -51.8421268 -53.7194172 -63.1909136 -82.6443340
  54.7721067   0.2831173 -38.3235492 -52.9878015 -53.8959138 -64.4003260 -82.8881685
  55.5490089   0.2936690 -38.4551734 -53.1613625 -55.0546906 -64.6031277 -84.1970282
  56.3295499   0.3041554 -38.5862440 -53.3342201 -55.2326327 -65.8221316 -85.5129021
  57.1137130   0.3145770 -38.7167681 -54.4922620 -56.4014738 -66.0261188 -86.8357547
  57.9014814   0.3249342 -39.7885309 -54.6666074 -56.5808530 -67.2546434 -87.0837387
  58.6928389   0.3352274 -39.9209857 -54.8402653 -56.7595281 -67.4598140 -88.4152176
  59.4877690   0.3454570 -40.0529040 -56.0105538 -57.9404838 -68.6977899 -89.7535965
  60.2862559   0.3556234 -40.1842924 -56.1856974 -58.1205957 -68.9041419 -91.0988414
  61.0882839   0.3657270 -40.3151570 -56.3601685 -58.3000190 -70.1515013 -92.4509189
  61.8938372   0.3757682 -40.4455041 -57.5425864 -59.4929765 -70.3590324 -92.7046608
  62.7029006   0.3857473 -40.5753397 -57.7185407 -59.6738357 -70.5658000 -94.0651888
  63.5154589   0.3956648 -41.6702197 -57.8938369 -59.8540211 -71.8244166 -95.4324756
  64.3314972   0.4055210 -41.8019804 -59.0882699 -61.0588704 -72.0323702 -96.8064892
  65.1510006   0.4153163 -41.9332384 -59.2650462 -61.2404902 -73.3002271 -97.0642575
  65.9739545   0.4250510 -42.0639993 -59.4411780 -62.4550384 -73.5093638 -98.4465953
  66.8003447   0.4347254 -42.1942687 -60.6475148 -62.6380840 -74.7863974 -99.8355894
  67.6301567   1.2707301 -42.3240521 -60.8251233 -62.8204766 -74.9967143-101.2312093
  68.4633766   1.2837070 -42.4533549 -61.0021002 -63.0022230 -75.2063018-102.6334249
  69.2999906   1.2966107 -42.5821824 -62.2202325 -64.2305362 -76.4943566-102.8967800
  70.1399848   1.3094415 -43.7021513 -62.3986823 -64.4137127 -76.7051295-104.3071615
  70.9833457   1.3222001 -43.8328974 -62.5765129 -64.5962557 -78.0022265-105.7240722
  71.8300600   1.3348869 -43.9631754 -63.8063349 -65.8361465 -78.2141816-107.1474833
  72.6801144   1.3475023 -44.0929904 -63.9856344 -66.0201167 -79.5202609-108.5773665
  73.5334959   1.3600469 -44.2223473 -64.1643264 -66.2034658 -79.7333950-108.8462141
  74.3901914   1.3725211 -44.3512509 -64.3424169 -67.4548345 -79.9458299-110.2841135
  75.2501883   1.3849253 -44.4797060 -65.5858917 -67.6396077 -81.2627077-110.5536833
  76.1134740   2.2539556 -44.6077173 -65.7654520 -67.8237712 -81.4763255-111.9995592
  76.9800359   2.2695225 -44.7352894 -65.9444217 -68.0073311 -82.8020590-112.2698567
  77.8498617   3.1450051 -44.8624268 -66.1228067 -69.2721050 -83.0168560-113.7236700
  78.7229392   3.1636988 -44.9891340 -67.3798020 -69.4570909 -83.2309745-113.9947001
  79.5992563   4.0455855 -45.1154153 -67.5596567 -69.6414838 -84.5673615-115.4564121
  80.4788012   4.0673709 -45.2412752 -67.7389369 -70.9175290 -84.7826624-115.7281798
  81.3615619   4.0890527 -45.3667177 -67.9176479 -71.1033441 -86.1277833-117.1977523
  82.2475269   4.9804574 -45.4917472 -69.1880346 -71.2885768 -86.3442627-117.4702621
  83.1366846   5.8750119 -45.6163678 -69.3682147 -71.4732324 -86.5600828-117.7419677
  84.0290235   5.9028789 -45.7405834 -69.5478352 -72.7624514 -87.9157176-119.2209134
  84.9245324   5.9306214 -45.8643980 -69.7269014 -72.9485297 -88.1327186-119.4933742
  85.8232001   6.8345577 -45.9878156 -69.9054183 -73.1340407 -88.3490723-119.7650462
  86.7250155   7.7415992 -46.1108401 -71.1910873 -73.3189894 -89.7151482-121.2533203
  87.6299676   7.7754180 -46.2334752 -71.3710757 -73.5033808 -89.9326846-121.5257597
  88.5380457   8.6886376 -46.3557247 -71.5505237 -74.8076344 -91.3073155-121.7974253
  89.4492390   8.7253855 -47.5328853 -71.7294360 -74.9934526 -91.5260307-123.2949829
  90.3635368   9.6447409 -46.5990816 -71.9078175 -75.1787225 -91.7441157-123.5674273
  91.2809288   9.6843878 -47.7808460 -73.2086134 -75.3634490 -93.1290555-123.8391120
  92.2014044  10.6098374 -46.8409395 -73.3884677 -76.6806264 -93.3483205-125.3459087
  93.1249535  10.6523539 -46.9613152 -73.5677993 -76.8667785 -93.5669660-125.6183828
  94.0515657  11.5838570 -47.0813265 -73.7466127 -77.0523956 -94.9621457-125.8901110
  94.9812310  12.5183719 -47.2009769 -73.9249124 -77.2374824 -95.1819724-126.1610990
  95.9139395  12.5667311 -47.3202697 -75.2406835 -77.4220433 -95.4011898-127.6786299
  96.8496811  13.5072400 -47.4392082 -75.4204562 -78.7539807 -96.8065415-127.9504246
  97.7884462  13.5583923 -47.5577956 -75.5997228 -78.9399690 -97.0269408-128.2214921
  98.7302249  14.5048565 -47.6760350 -75.7784875 -79.1254393 -97.2467407-129.7481700
  99.6750078  15.4542840 -47.7939296 -75.9567544 -79.3103958 -98.6621978-130.0200531
 100.6227852  16.4066653 -47.9114825 -76.1345278 -79.4948428 -98.8831800-130.2912215
 101.5735478  16.4664825 -48.0286968 -77.4670917 -79.6787846 -99.1035724-130.5616804
 102.5272861  17.4247438 -48.1455754 -77.6463404 -81.0272752-100.5290693-132.0989948
 103.4839910  17.4872637 -48.2621213 -77.8251023 -81.2126483-100.7506441-132.3702843
 104.4436533  18.4513685 -48.3783374 -78.0033815 -81.3975233-100.9716382-132.6408763
 105.4062638  19.4183814 -48.4942267 -78.1811819 -81.5819041-102.4071107-134.1872462
 106.3718137  19.4864783 -47.5097968 -78.3585072 -81.7657947-102.6292870-134.4586763
 107.3402939  20.4592810 -47.6224676 -78.5353614 -81.9491989-102.8508916-134.7294202
 108.3116956  21.4349655 -47.7348260 -78.7117482 -83.3140740-104.2962763-136.2848024
 109.2860100  21.5085709 -47.8468745 -80.0648197 -83.4989121-104.5190627-136.5563914
 110.2632286  22.4899930 -47.9586159 -80.2426875 -83.6832705-104.7412859-136.8273052
 111.2433426  23.4742711 -48.0700528 -80.4200938 -83.8671528-104.9629501-137.0975485
 112.2263435  24.4613967 -48.1811877 -80.5970424 -84.0505628-106.4199250-138.6634222
 113.2122230  24.5432836 -47.1766785 -80.7735368 -84.2335040-106.6427744-138.9345230
 114.2009726  25.5360795 -47.2846793 -80.9495804 -84.4159801-106.8650730-139.2049638
 115.1925839  26.5316981 -47.3923914 -81.1251768 -84.5979946-107.0868247-140.7797599
 116.1870489  26.6189380 -47.4998173 -81.3003294 -85.9828880-107.3080335-141.0510640
 117.1843592  27.6201778 -47.6069593 -81.4750414 -86.1663423-108.7782505-141.3217182
 118.1845068  28.6242162 -47.7138197 -81.6493164 -86.3493409-109.0006511-142.9053946
 119.1874838  29.6310451 -46.6924245 -81.8231574 -86.5318870-109.2225164-143.1769176
 120.1932820  29.7263590 -46.7962194 -83.2022576 -86.7139841-109.4438502-143.4478004
 121.2018937  30.7387457 -46.8997451 -83.3775887 -86.8956355-109.6646564-145.0403152
 122.2133110  31.7538996 -47.0030038 -83.5524910 -87.0768444-111.1480192-145.3120719
 123.2275261  32.7718131 -47.1059978 -83.7269678 -87.2576142-111.3700227-145.5831978
 124.2445314  32.8750866 -46.0707484 -83.9010221 -87.4379480-111.5915056-147.1845096
 125.2643192  33.8984965 -46.1707319 -84.0746570 -87.6178489-111.8124716-147.4565141
 126.2868819  34.9246433 -46.2704623 -84.2478756 -87.7973202-112.0329242-147.7278969
 127.3122121  35.0330440 -46.3699417 -84.4206809 -87.9763649-112.2528671-149.3379648
 128.3403022  36.0646425 -46.4691721 -84.5930759 -89.3885566-113.7509922-149.6102306
 129.3711449  37.0989559 -45.4202575 -84.7650635 -89.5690522-113.9721401-149.8818836
 130.4047329  38.1359769 -45.5165298 -84.9366466 -89.7491261-114.1927849-151.5006669
 131.4410589  39.1756983 -45.6125642 -85.1078282 -89.9287812-114.4129298-151.7732069
 132.4801157  40.2181131 -45.7083627 -85.2786111 -90.1080204-114.6325784-152.0451426
 133.5218961  40.3396651 -44.6486469 -85.4489981 -90.2868467-114.8517339-153.6726012
 134.5663930  41.3874453 -44.7415286 -85.6189919 -90.4652629-115.0703995-153.9454277
 135.6135993  42.4378978 -44.8341849 -85.7885954 -90.6432719-115.2885787-154.2176581
 136.6635081  43.4910157 -44.9266176 -85.9578112 -90.8208765-116.8047548-155.8537523
 137.7161125  43.6201798 -43.8562132 -86.1266420 -90.9980795-117.0241511-156.1268771
 138.7714055  44.6786079 -43.9457691 -86.2950906 -91.1748836-117.2430669-156.3994137
 139.8293804  45.7396810 -44.0351115 -86.4631595 -91.3512916-117.4615052-158.0441041
 140.8900303  46.8033923 -44.1242421 -86.6308514 -91.5273061-117.6794691-158.3175383
 141.9533485  47.8697352 -43.0432581 -86.7981687 -91.7029298-117.8969619-158.5903923
 143.0193283  48.9387032 -43.1295504 -86.9651142 -91.8781653-118.1139864-160.2436400
 144.0879631  50.0102896 -43.2156406 -87.1316902 -92.0530154-118.3305458-160.5173944
 145.1592463  51.0844880 -43.3015304 -87.2978993 -92.2274824-118.5466430-162.1776888
 146.2331715  51.2316265 -42.2100727 -87.4637439 -92.4015690-118.7622809-162.4523426
 147.3097320  52.3110296 -42.2931612 -87.6292266 -92.5752777-118.9774625-162.7264275
 148.3889215  53.3930254 -42.3760586 -87.7943496 -92.7486110-119.1921907-164.3952073
 149.4707336  54.4776076 -41.2768132 -87.9591154 -92.9215714-119.4064683-164.6701942
 150.5551619  55.5647700 -41.3569376 -88.1235263 -93.0941613-119.6202982-164.9446194
 151.6422002  56.6545064 -41.4368801 -88.2875847 -93.2663831-121.1644957-166.6218469
 152.7318421  57.7468106 -40.3299034 -88.4512930 -93.4382393-121.3795661-166.8971766
 153.8240816  58.8416765 -40.4071005 -87.3359648 -93.6097321-121.5941937-168.5813568
 154.9189123  59.9390979 -39.2950004 -87.4967652 -93.7808640-121.8083813-168.8575895
 156.0163283  60.1063604 -39.3694717 -87.6572261 -92.6597206-122.0221315-169.1332711
 157.1163234  61.2088749 -38.2522725 -87.8173496 -92.8279459-122.2354470-170.8258295
 158.2188916  62.3139270 -38.3240373 -87.9771379 -92.9958209-122.4483305-171.1024163
 159.3240269  63.4215108 -38.3956432 -88.1365931 -93.1633477-122.6607846-172.8018683
 160.4317233  64.5316203 -37.2708400 -88.2957174 -93.3305286-122.8728120-173.0793588
 161.5419750  65.6442497 -37.3397655 -88.4545129 -93.4973657-123.0844151-173.3563083
 162.6547761  66.7593934 -36.2099223 -87.3188734 -93.6638613-123.2955966-175.0640705
 163.7701207  67.8770454 -36.2761857 -87.4748296 -93.8300175-123.5063590-175.3419257
 164.8880031  68.9972001 -35.1413255 -87.6304669 -93.9958363-123.7167047-177.0565238
 166.0084174  70.1198518 -35.2049453 -87.7857873 -94.1613199-123.9266363-177.3352829
 167.1313581  70.3092533 -34.0650909 -87.9407928 -93.0149616-124.1361562-179.0566909
 168.2568195  71.4368821 -34.1260849 -88.0954852 -93.1776221-124.3452668-179.3363526
 169.3847958  72.5669912 -32.9812587 -88.2498667 -93.3399571-124.5539706-179.6154862
 170.5152816  73.6995749 -33.0396446 -87.0967587 -93.5019686-124.7622700-181.3451075
 171.6482712  74.8346278 -31.8898689 -87.2483579 -93.6636587-124.9701672-181.6251451
 172.7837591  75.9721445 -31.9456642 -87.3996554 -93.8250291-125.1776647-183.3615206
 173.9217399  77.1121195 -30.7909607 -87.5506531 -93.9860820-125.3847648-183.6424607
 175.0622080  78.2545475 -30.8441824 -87.7013527 -94.1468191-125.5914697-183.9228818
 176.2051582  79.3994230 -29.6845728 -87.8517562 -92.9806954-125.7977817-185.6674062
 177.3505849  80.5467408 -29.7352380 -86.6838904 -93.1386725-126.0037031-185.9487312
 178.4984829  81.6964957 -28.5707434 -86.8315586 -93.2963430-126.2092362-187.6999552
 179.6488469  82.8486823 -28.6188687 -86.9789394 -93.4537087-126.4143831-187.9821823
 180.8016715  84.0032954 -27.4495102 -87.1260346 -93.6107714-126.6191460-189.7400816
 181.9569516  85.1603300 -26.2777277 -87.2728459 -93.7675330-126.8235271-190.0232092
 183.1146819  86.3197807 -26.3209104 -86.0928279 -92.5868101-127.0275286-190.3058293
 184.2748572  87.4816427 -25.1442950 -86.2369421 -92.7408573-125.8399601-192.0717858
 185.4374725  88.6459106 -25.1849806 -86.3807809 -92.8946120-126.0411733-192.3553075
 186.6025225  89.8125796 -24.0035527 -86.5243458 -93.0480759-126.2420161-194.1278865
 187.7700023  90.9816446 -24.0417569 -85.3346986 -91.8577232-126.4424907-194.4123082
 188.9399068  92.1531005 -22.8555366 -85.4755966 -92.0085031-126.6425991-196.1914860
 190.1122309  93.3269426 -22.8912751 -85.6162291 -92.1590006-126.8423432-196.4768058
 191.2869697  94.5031657 -21.7002823 -85.7565976 -92.3092174-127.0417252-198.2625591
 192.4641182  95.6817652 -20.5069105 -84.5574009 -91.1093148-127.2407470-198.5487753
 193.6436716  96.8627360 -20.5378245 -84.6951319 -91.2568771-127.4394105-197.3297964
 194.8256248  98.0460733 -19.3397096 -84.8326067 -91.4041668-127.6377178-196.1084443
 196.0099731  99.2317724 -19.3681979 -83.6262993 -91.5511854-127.8356708-194.8847236
 197.1967116 100.4198285 -18.1653590 -83.7611589 -90.3418109-128.0332714-193.6586392
 198.3858355 101.6102368 -18.1914365 -83.8957702 -90.4862039-128.2305215-192.4301959
 199.5773400 102.8029927 -16.9838926 -82.6823952 -90.6303336-128.4274229-191.1993984
 200.7712204 103.9980913 -15.7740034 -82.8144130 -89.4139053-128.6239777-189.9662514
 201.9674720 105.1955282 -15.7953439 -82.9461900 -89.5554313-128.8201875-188.7307596
 203.1660901 106.3952986 -14.5807777 -81.7257897 -89.6967016-127.5946369-187.4929276
 204.3670700 107.5973979 -14.5997457 -81.8549948 -89.8377176-127.7881703-186.2527602
 205.5704070 108.8018216 -13.3805211 -81.9839663 -88.6119496-127.9813671-185.0102618
 206.7760966 110.0085651 -12.1589743 -80.7565823 -88.7503894-128.1742291-183.7654372
 207.9841343 111.2176238 -12.1732659 -80.8830028 -88.8885823-128.3667580-182.5182907
 209.1945153 112.4289934 -10.9470879 -81.0091970 -87.6558574-128.5589556-181.2688269
 210.4072352 113.6426693  -9.7186011 -79.7748701 -87.7914949-128.7508236-180.0170504
 211.6222896 114.8586470  -9.7282527 -79.8985338 -87.9268928-128.9423637-178.7629656
 212.8396739 116.0769222  -8.4951616 -78.6596006 -86.6872515-129.1335777-177.5065769
 214.0593836 117.2974905  -8.5025001 -78.7807485 -86.8201143-127.8871897-176.2478888
 215.2814144 118.5203475  -7.2648222 -78.9016826 -86.9527446-128.0757863-174.9869056
 216.5057619 119.7454888  -6.0248576 -77.6558729 -85.7062265-128.2640644-173.7236318
 217.7324216 120.9729101  -6.0276138 -77.7743111 -85.8363418-128.4520258-172.4580716
 218.9613892 122.2026071  -4.7830885 -77.8925421 -85.9662314-128.6396720-171.1902294
 220.1926605 123.4345757  -3.5362893 -76.6398950 -84.7128755-128.8270047-169.9201094
 221.4262310 124.6688114  -3.5344978 -76.7556495 -84.8402699-129.0140254-168.6477160
 222.6620966 125.9053101  -2.2831635 -76.8712036 -84.9674451-129.2007359-167.3730534
 223.9002529 127.1440676  -1.0295681 -75.6117573 -83.7072898-127.9361246-166.0961258
 225.1406957 128.3850797  -1.0232628 -75.7248540 -83.8319891-128.1202675-164.8169375
 226.3834209 129.6283423   0.2348425 -74.4608960 -83.9564759-128.3041073-163.5354925
 227.6284243 130.8738511   1.4951966 -74.5715488 -82.6895588-128.4876457-162.2517950
 228.8757016 133.0573439   1.5059823 -74.6820126 -82.8115885-128.6708840-160.9658492
 230.1252487 134.3073331   2.7708214 -73.4113180 -81.5401842-128.8538239-159.6776592
 231.3770616 135.5595564   4.0378970 -73.5193565 -81.6597703-127.5757220-158.3872290
 232.6311361 136.8140098   4.0531304 -72.2441912 -81.7791554-127.7561307-157.0945628
 233.8874682 138.0706891   5.3246666 -72.3498176 -80.5010509-127.9362480-155.7996645
 235.1460538 139.3295905   6.5984273 -71.0701978 -80.6180107-128.1160752-154.5025382
 236.4068889 140.5907099   6.6180762 -71.1734250 -79.3354593-128.2956139-153.2031878
 237.6699694 141.8540433   6.6376880 -71.2764793 -79.4500069-127.0063814-151.9016175
 238.9352915 143.1195870   6.6572627 -69.9902075 -78.1630246-127.1834187-150.5978310
 240.2028510 144.3873368   6.6768006 -70.0908804 -78.2751727-127.3601742-149.2918323
 241.4726442 145.6572890   6.6963015 -68.8001936 -78.3871358-127.5366492-147.9836255
 242.7446670 146.9294396   6.7157657 -68.8984976 -77.0935366-127.7128451-146.6732142
 244.0189156 148.2037849   8.0049864 -67.6034114 -77.2031178-126.4125808-145.3606025
 245.2953861 149.4803209   8.0266069 -67.6993591 -75.9051266-126.5863042-144.0457942
 246.5740746 150.7590439   8.0481871 -66.3998888 -76.0123385-126.7597551-142.7287930
 247.8549773 152.0399501   8.0697269 -66.4934924 -74.7099706-126.9329348-141.4096028
 249.1380904 154.2557442   8.0912264 -65.1896532 -74.8148253-125.6239144-140.0882275
 250.4234100 155.5410054   8.1126859 -65.2809250 -73.5080959-125.7946446-138.7646707
 251.7109324 156.8284386   8.1341053 -63.9727320 -73.6106057-125.9651098-137.4389363
 253.0006538 158.1180400   8.1554848 -64.0616840 -72.2995297-126.1353115-136.1110279
 254.2925704 159.4098059   8.1768245 -62.7491520 -72.3997066-124.8175952-134.7809492
 255.5866787 160.7037327   8.1981245 -62.8357960 -71.0842989-124.9853698-133.4487041
 256.8829747 161.9998166   8.2193848 -61.5189399 -71.1821549-125.1528870-132.1142960
 258.1814550 163.2980540   8.2406056 -60.1999272 -71.2798547-123.8286877-130.7777288
 259.4821157 164.5984414   8.2617870 -60.2821220 -69.9579768-123.9937949-129.4390060
 260.7849532 165.9009751   8.2829290 -58.9588069 -70.0533719-124.1586507-128.0981313
 262.0899640 167.2056515   8.3040318 -59.0387244 -68.7271987-124.3232564-126.7551082
 263.3971444 168.5124671   8.3250954 -57.7111214 -68.8203006-122.9904636-125.4099404
 264.7064907 169.8214183   8.3461200 -57.7887729 -67.4898463-123.1526809-124.0626314
 266.0179995 171.1325016   8.3671055 -56.4568961 -66.1572568-123.3146538-122.7131847
 267.3316672 172.4457135   8.3880523 -56.5322930 -66.2459453-121.9754535-121.3616040
 268.6474902 173.7610504   8.4089602 -55.1961566 -64.9090959-122.1350544-120.0078926
 269.9654649 175.0785089   8.4298295 -55.2693100 -64.9955209-122.2944168-118.6520542
 271.2855880 177.3277509   8.4506601 -53.9289279 -63.6544257-120.9488406-117.2940921
 272.6078559 178.6494423   8.4714523 -52.5864281 -63.7385984-119.6011459-115.9340099
 273.9322651 179.9732449   8.4922060 -52.6552348 -62.3932711-118.2513363-114.5718109
 275.2588121 181.2991553   8.5129214 -51.3085100 -62.4752024-116.8994152-113.2074987
 276.5874936 182.6271703   8.5335985 -51.3751019 -61.1256567-115.5453859-111.8410766
 277.9183061 183.9572862   8.5542375 -50.0241658 -59.7740070-114.1892520-110.4725481
 279.2512462 185.2894999   8.5748384 -48.6711290 -59.8516071-112.8310166-109.1019164
 280.5863105 186.6238080   8.5954014 -48.7334197 -58.4957592-111.4706833-107.7291850
 281.9234957 187.9602070   8.6159264 -47.3761917 -58.5711463-110.1082553-106.3543573
 283.2627983 189.2986938   8.6364136 -47.4362956 -57.2111137-108.7437360-104.9774365
 284.6042150 190.6392650   8.6568632 -46.0748897 -55.8489937-107.3771286-103.5984259
 285.9477426 191.9819174   8.6772750 -44.7113998 -55.9200943-106.0084366-102.2173289
 287.2933777 193.3266476   8.6976493 -44.7672466 -54.5538093-104.6376631-100.8341488
 288.6411169 194.6734524   8.7179862 -43.3995985 -54.6227244-103.2648114 -99.4488888
 289.9909571 196.0223285   8.7382856 -43.4532858 -53.2522876-101.8898848 -98.0615521
 291.3428949 197.3732729   8.7585477 -42.0814925 -53.3190274-100.5128865 -96.6721421
 292.6969272 198.7262821   8.7787726 -40.7076315 -51.9444517 -99.1338197 -95.2806619
 294.0530506 200.0813532   8.7989604 -40.7571048 -50.5678112 -97.7526876 -93.8871147
 295.4112620 202.3650950   8.8191111 -39.3791178 -50.6303246 -96.3694934 -92.4915038
 296.7715581 203.7242800   8.8392248 -37.9990725 -49.2495644 -94.9842404 -91.0938323
 298.1339357 205.0855172   8.8593016 -38.0443579 -47.8667490 -93.5969315 -89.6941034
 299.4983918 206.4488036   8.8793415 -36.6602057 -47.9250618 -92.2075701 -88.2923202
 300.8649231 207.8141360   8.8993448 -35.2740047 -46.5381455 -90.8161592 -86.8884858
 302.2335264 209.1815113  10.2816890 -35.3151275 -46.5943258 -89.4227019 -85.4826034
 303.6041987 210.5509264  10.3036973 -33.9248382 -45.2033211 -88.0272013 -84.0746762
 304.9769368 211.9223782  10.3256660 -32.5325095 -43.8102768 -86.6296606 -82.6647071
 306.3517376 213.2958637  10.3475951 -32.5694949 -43.8622978 -85.2300827 -81.2526993
 307.7285981 215.5949288  10.3694847 -31.1730964 -42.4651836 -83.8284709 -79.8386558
 309.1075151 216.9724724  10.3913348 -29.7746676 -41.0660389 -82.4248280 -78.4225796
 310.4884856 218.3520407  10.4131457 -29.8075405 -41.1139256 -81.0191572 -77.0044739
 311.8715065 219.7336304  10.4349174 -28.4050601 -39.7107292 -79.6114614 -75.5843416
 313.2565749 221.1172387  10.4566499 -27.0005585 -38.3055115 -78.2017437 -74.1621858
 314.6436876 222.5028626  10.4783433 -25.5940386 -38.3492883 -76.7900070 -72.7380094
 316.0328417 223.8904991  10.4999979 -25.6208080 -36.9400368 -75.3762544 -71.3118155
 317.4240342 225.2801452  10.5216135 -24.2102605 -35.5287729 -73.9604888 -69.8836069
 318.8172621 226.6717980  10.5431903 -22.7977037 -34.1154996 -72.5427131 -68.4533867
 320.2125224 228.0654546  10.5647285 -22.8204179 -34.1531842 -71.1229304 -67.0211579
 321.6098122 229.4611120  10.5862280 -21.4038510 -32.7359007 -69.7011434 -65.5869232
 323.0091285 230.8587674  10.6076890 -19.9852836 -31.3166165 -68.2773552 -64.1506857
 324.4104684 232.2584178  10.6291116 -20.0039662 -31.3502480 -66.8515686 -62.7124482
 325.8138290 233.6600604  10.6504958 -18.5814063 -29.9269711 -65.4237866 -61.2722137
 327.2192073 235.0636922  10.6718417 -17.1568544 -28.5017022 -63.9940119 -59.8299851
 328.6266006 236.4693106  10.6931494 -15.7303134 -28.5313040 -62.5622476 -58.3857651
 330.0360058 237.8769125  10.7144190 -15.7430015 -27.1020596 -61.1284963 -56.9395567
 331.4474202 240.2069708  10.7356506 -14.3124909 -25.6708317 -59.6927610 -55.4913627
 332.8608408 241.6185315  10.7568442 -12.8799998 -24.2376232 -58.2550445 -54.0411860
 334.2762649 243.0320673  10.7779999 -11.4455309 -24.2612404 -56.8153496 -52.5890292
 335.6936896 244.4475754  10.7991179 -11.4522672 -22.8240790 -55.3736791 -51.1348954
 337.1131120 245.8650531  10.8201982 -10.0138512 -21.3849454 -53.9300358 -49.6787872
 338.5345295 247.2844976  10.8412408  -8.5734658 -21.4045871 -52.4844224 -48.2207075
 339.9579391 248.7059062  10.8622459  -7.1311139 -19.9615173 -51.0368419 -46.7606589
 341.3833381 250.1292760  10.8832135  -7.1319404 -18.5164836 -49.5872968 -45.2986444
 342.8107237 251.5546044  10.9041437  -5.6856634 -17.0694886 -48.1357899 -43.8346665
 344.2400932 253.8992806  10.9250366  -4.2374281 -17.0832186 -46.6823241 -42.3687281
 345.6714438 255.3285179  10.9458922  -2.7872371 -15.6323095 -45.2269020 -40.9008320
 347.1047728 256.7597057  10.9667107  -2.7821950 -14.1794473 -43.7695262 -39.4309807
 348.5400774 258.1928411  10.9874922  -1.3281008 -12.7246347 -42.3101996 -37.9591770
 349.9773549 259.6279216  11.0082366   0.1279410 -12.7324940 -40.8489248 -36.4854236
 351.4166027 261.0649445  11.0289440   1.5859276 -11.2737888 -39.3857045 -35.0097232
 352.8578180 262.5039071  11.0496147   3.0458565  -9.8131413 -37.9205413 -33.5320785
 354.3009981 263.9448067  11.0702485   3.0586662  -8.3505542 -36.4534379 -32.0524921
 355.7461404 265.3876408  11.0908456   4.5224716  -8.3525830 -34.9843970 -30.5709666
 357.1932423 266.8324067  11.1114061   5.9882112  -6.8861245 -33.5134211 -29.0875047
 358.6423010 268.2791018  11.1319300   7.4558826  -5.4177342 -32.0405130 -27.6021091
 360.0933139 269.7277234  11.1524175   7.4744701  -3.9474148 -30.5656752 -26.1147822
 361.5462784 271.1782690  11.1728685   8.9459969  -3.9436527 -29.0889103 -24.6255269
 363.0011920 272.6307361  11.1932832  10.4194477  -2.4694828 -27.6102209 -23.1343456
 364.4580518 274.0851219  11.2136616  11.8948197  -0.9933914 -26.1296096 -21.6412409
 365.9168555 276.4557219  11.2340038  11.9191459   0.4846187 -24.6470790 -20.1462154
 367.3776004 277.9139378  11.2543099  11.9434393   1.9645451 -23.1626315 -18.6492717
 368.8402838 279.3740648  12.7294935  11.9676999   1.9759728 -21.6762699 -17.1504123
 370.3049034 280.8361005  14.2065874  11.9919279   3.4597240 -20.1879966 -15.6496397
 371.7714564 282.3000422  14.2306757  12.0161232   4.9453839 -18.6978141 -14.1469566
 373.2399403 283.7658876  15.7115828  12.0402859   6.4329499 -17.2057250 -12.6423654
 374.7103527 285.2336341  17.1943928  12.0644161   6.4500812 -15.7117318 -11.1358686
 376.1826909 286.7032792  18.6791031  13.5550668   7.9414519 -14.2158369  -9.6274687
 377.6569526 288.1748204  20.1657113  13.5810631   9.4347212 -12.7180429  -8.1171683
 379.1331350 289.6482553  20.1973549  13.6070244  10.9298867 -11.2183523  -6.6049698
 380.6112359 291.1235814  21.6877514  13.6329510  12.4269458  -9.7167674  -5.0908757
 382.0912526 293.5119895  23.1800383  13.6588427  12.4516345  -8.2132909  -3.5748885
 383.5731828 294.9910905  24.6742132  13.6846998  12.4762911  -6.7079251  -2.0570105
 385.0570238 296.4720755  26.1702736  13.7105223  13.9790165  -5.2006724  -0.5372444
 386.5427734 297.9549419  26.2094135  13.7363101  14.0055249  -3.6915354   0.9844076
 388.0304290 299.4396873  27.7092378  13.7620635  14.0319989  -2.1805164   2.5079430
 389.5199882 300.9263093  29.2109404  13.7877825  14.0584385  -0.6676178   4.0333593
 391.0114485 302.4148055  30.7145189  13.8134670  14.0848439   0.8471579   5.5606542
 392.5048076 303.9051735  32.2199710  13.8391173  14.1112150   2.3638084   7.0898252
 394.0000630 305.3974110  32.2665492  13.8647333  14.1375520   3.8823312   8.6208700
 395.4972123 306.8915155  33.7757411  13.8903151  14.1638548   5.4027240  10.1537861
 396.9962532 308.3874848  35.2867993  13.9158628  14.1901236   6.9249845  11.6885713
 398.4971832 309.8853164  36.7997216  13.9413765  14.2163585   8.4491102  13.2252231
 400.0000000 311.3850080  38.3145056  13.9668561  14.2425594   9.9750988  14.7637392
