 date d_e_o v_e cost mass
   1.0000000   0.0000000  12.0722470  15.5228103   0.0067292
   1.0000000   0.0000000  12.0722470  15.5228103   0.0258122
   1.0000000   0.0000000  12.0722470  15.5228103   0.0641257
   1.0000000   0.0000000  12.0722470  15.5228103   0.1123242
   1.0000000   0.0000000  12.0722470  15.5228103   0.1484596
   1.0000000   0.0000000  12.0722470  15.5228103   0.1562630
   1.0000000   0.0000000  12.0722470  15.5228103   0.1371811
   1.0000000   0.0000000  12.0722470  15.5228103   0.1049786
   1.0000000   0.0000000  12.0722470  15.5228103   0.0730360
   1.0000000   0.0000000  12.0722470  15.5228103   0.0477868
   1.0000000   0.0000000  12.6490746  15.5228103   0.0300038
   1.0000000   0.0000000  13.6413570  15.5228103   0.0181606
   1.0000000   0.0000000  14.5293634  15.5228103   0.0104006
   1.0000000   0.0000000  15.1622100  15.5228103   0.0052794
   1.0000000   0.0000000  15.4812971  15.5228103   0.0019575
   1.0000000   1.0000000  15.5517437  15.5228103   0.0004332
   1.0000000   1.0000000  15.5710016  15.5228103   0.0005203
   1.0000000   1.0000000  15.6613494  15.5228103   0.0013251
   1.0000000   1.0000000  15.8577127  15.5228103   0.0023326
   1.0000000   1.0000000  16.1932417  15.5228103   0.0034218
   1.0000000   1.0000000  16.7067503  15.5228103   0.0044787
   1.0000000   1.0000000  17.4475458  15.5228103   0.0053864
   1.0000000   1.0000000  18.4796413  15.5228103   0.0060337
   1.0000000   1.0000000  19.8853536  15.5228103   0.0063311
   1.0000000   1.0000000  21.7672880  15.5228103   0.0062307
   1.0000000   1.0000000  24.2461262  15.5228103   0.0057442
   1.0000000   1.0000000  27.4486622  15.5228103   0.0049469
   1.0000000   1.0000000  31.4745182  15.5228103   0.0039613
   1.0000000   1.0000000  36.3166848  15.5228103   0.0029210
   1.0000000   1.0000000  41.7749636  15.5228103   0.0019255
   1.0000000   1.0000000  46.9569332  15.5228103   0.0015095
