 t r r1 w w1
   1.0000000   0.0101010   0.0101010   1.5363361   1.5363361
   2.0000000   0.0101010   0.0101010   1.4325526   1.4325526
   3.0000000   0.0088872   0.0085500   1.4406940   1.4406940
   4.0000000   0.0097455   0.0085859   1.4494955   1.4494955
   5.0000000   0.0101474   0.0092239   1.4600048   1.4600048
   6.0000000   0.0103050   0.0095611   1.4673579   1.4673579
   7.0000000   0.0102947   0.0084209   1.4787851   1.4787851
   8.0000000   0.0102085   0.0103554   1.4860335   1.4860335
   9.0000000   0.0100395   0.0086542   1.4915800   1.4915800
  10.0000000   0.0099790   0.0080385   1.4955371   1.4955371
  11.0000000   0.0099416   0.0110740   1.5011654   1.5011654
  12.0000000   0.0099928   0.0090573   1.5054496   1.5054496
  13.0000000   0.0100681   0.0091968   1.5088127   1.5088127
  14.0000000   0.0100839   0.0104938   1.5125105   1.5125105
  15.0000000   0.0101399   0.0104322   1.5150754   1.5150754
  16.0000000   0.0101657   0.0107955   1.5176474   1.5176474
  17.0000000   0.0101964   0.0109643   1.5193209   1.5193209
  18.0000000   0.0101758   0.0120495   1.5215312   1.5215312
  19.0000000   0.0101851   0.0113080   1.5227373   1.5227373
  20.0000000   0.0101559   0.0116190   1.5245603   1.5245603
  21.0000000   0.0101701   0.0118661   1.5259469   1.5259469
  22.0000000   0.0101385   0.0115175   1.5275472   1.5275472
  23.0000000   0.0101657   0.0112279   1.5282947   1.5282947
  24.0000000   0.0101632   0.0118806   1.5291668   1.5291668
  25.0000000   0.0101205   0.0119456   1.5306788   1.5306788
  26.0000000   0.0101404   0.0112358   1.5310624   1.5310624
  27.0000000   0.0101278   0.0110416   1.5320054   1.5320054
  28.0000000   0.0101358   0.0111490   1.5325120   1.5325120
  29.0000000   0.0101517   0.0112005   1.5323198   1.5323198
  30.0000000   0.0101192   0.0107956   1.5328262   1.5328262
  31.0000000   0.0101115   0.0103620   1.5335831   1.5335831
  32.0000000   0.0101223   0.0109787   1.5334052   1.5334052
  33.0000000   0.0100861   0.0107873   1.5342787   1.5342787
  34.0000000   0.0101016   0.0104595   1.5346078   1.5346078
  35.0000000   0.0101107   0.0106383   1.5349489   1.5349489
  36.0000000   0.0101170   0.0103677   1.5349747   1.5349747
  37.0000000   0.0101088   0.0104547   1.5353518   1.5353518
  38.0000000   0.0101084   0.0102518   1.5354811   1.5354811
  39.0000000   0.0101109   0.0105076   1.5355479   1.5355479
  40.0000000   0.0101111   0.0103948   1.5356334   1.5356334
  41.0000000   0.0101167   0.0103799   1.5354860   1.5354860
  42.0000000   0.0101082   0.0103542   1.5355244   1.5355244
  43.0000000   0.0100987   0.0105111   1.5358046   1.5358046
  44.0000000   0.0101061   0.0102331   1.5359314   1.5359314
  45.0000000   0.0101127   0.0109718   1.5359382   1.5359382
  46.0000000   0.0101145   0.0101243   1.5359549   1.5359549
  47.0000000   0.0101127   0.0104786   1.5360264   1.5360264
  48.0000000   0.0101150   0.0106128   1.5360199   1.5360199
  49.0000000   0.0101133   0.0104043   1.5360378   1.5360378
  50.0000000   0.0101129   0.0103872   1.5361014   1.5361014
  51.0000000   0.0101145   0.0105960   1.5361070   1.5361070
  52.0000000   0.0101142   0.0105245   1.5361102   1.5361102
  53.0000000   0.0101139   0.0105416   1.5361117   1.5361117
  54.0000000   0.0101136   0.0105153   1.5361237   1.5361237
  55.0000000   0.0101144   0.0104859   1.5361386   1.5361386
  56.0000000   0.0101129   0.0104789   1.5361503   1.5361503
  57.0000000   0.0101130   0.0104020   1.5361600   1.5361600
  58.0000000   0.0101124   0.0104901   1.5361714   1.5361714
  59.0000000   0.0101118   0.0105316   1.5361799   1.5361799
  60.0000000   0.0101121   0.0104429   1.5361870   1.5361870
  61.0000000   0.0101118   0.0103818   1.5361922   1.5361922
  62.0000000   0.0101113   0.0104388   1.5361934   1.5361934
  63.0000000   0.0101114   0.0105049   1.5361928   1.5361928
  64.0000000   0.0101111   0.0102303   1.5362019   1.5362019
  65.0000000   0.0101101   0.0101959   1.5362570   1.5362570
  66.0000000   0.0101079   0.0107550   1.5362558   1.5362558
  67.0000000   0.0101092   0.0104139   1.5362593   1.5362593
  68.0000000   0.0101092   0.0103832   1.5362652   1.5362652
  69.0000000   0.0101085   0.0103265   1.5362708   1.5362708
  70.0000000   0.0101082   0.0103340   1.5362766   1.5362766
  71.0000000   0.0101077   0.0103222   1.5362816   1.5362816
  72.0000000   0.0101071   0.0102877   1.5362854   1.5362854
  73.0000000   0.0101067   0.0103119   1.5362898   1.5362898
  74.0000000   0.0101064   0.0102641   1.5362930   1.5362930
  75.0000000   0.0101057   0.0102920   1.5362972   1.5362972
  76.0000000   0.0101055   0.0102005   1.5363001   1.5363001
  77.0000000   0.0101054   0.0101385   1.5363039   1.5363039
  78.0000000   0.0101050   0.0102370   1.5363071   1.5363071
  79.0000000   0.0101047   0.0102460   1.5363098   1.5363098
  80.0000000   0.0101044   0.0102223   1.5363130   1.5363130
  81.0000000   0.0101042   0.0101819   1.5363159   1.5363159
  82.0000000   0.0101038   0.0102433   1.5363191   1.5363191
  83.0000000   0.0101035   0.0102308   1.5363215   1.5363215
  84.0000000   0.0101031   0.0101838   1.5363226   1.5363226
  85.0000000   0.0101031   0.0101562   1.5363250   1.5363250
  86.0000000   0.0101029   0.0101482   1.5363265   1.5363265
  87.0000000   0.0101027   0.0101656   1.5363285   1.5363285
  88.0000000   0.0101026   0.0101355   1.5363300   1.5363300
  89.0000000   0.0101023   0.0101713   1.5363311   1.5363311
  90.0000000   0.0101022   0.0101285   1.5363323   1.5363323
  91.0000000   0.0101021   0.0101117   1.5363341   1.5363341
  92.0000000   0.0101020   0.0101593   1.5363352   1.5363352
  93.0000000   0.0101019   0.0101317   1.5363364   1.5363364
  94.0000000   0.0101018   0.0101350   1.5363370   1.5363370
  95.0000000   0.0101016   0.0101263   1.5363379   1.5363379
  96.0000000   0.0101016   0.0101178   1.5363391   1.5363391
  97.0000000   0.0101015   0.0101144   1.5363399   1.5363399
  98.0000000   0.0101014   0.0101180   1.5363402   1.5363402
  99.0000000   0.0101014   0.0101156   1.5363405   1.5363405
 100.0000000   0.0101013   0.0101138   1.5363414   1.5363414
 101.0000000   0.0101013   0.0101080   1.5363417   1.5363417
 102.0000000   0.0101012   0.0101046   1.5363414   1.5363414
 103.0000000   0.0101012   0.0101014   1.5363426   1.5363426
 104.0000000   0.0101012   0.0101043   1.5363426   1.5363426
 105.0000000   0.0101011   0.0101064   1.5363426   1.5363426
 106.0000000   0.0101011   0.0100972   1.5363437   1.5363437
 107.0000000   0.0101011   0.0100953   1.5363440   1.5363440
 108.0000000   0.0101010   0.0100947   1.5363449   1.5363449
 109.0000000   0.0101009   0.0100054   1.5363464   1.5363464
 110.0000000   0.0101004   0.0101493   1.5363461   1.5363461
 111.0000000   0.0101008   0.0100566   1.5363464   1.5363464
 112.0000000   0.0101004   0.0100680   1.5363496   1.5363496
 113.0000000   0.0101001   0.0100263   1.5363519   1.5363519
 114.0000000   0.0100994   0.0100615   1.5363684   1.5363684
 115.0000000   0.0100997   0.0099706   1.5363669   1.5363669
 116.0000000   0.0100987   0.0100979   1.5363777   1.5363777
 117.0000000   0.0100978   0.0099136   1.5363939   1.5363939
 118.0000000   0.0100954   0.0099901   1.5364032   1.5364032
 119.0000000   0.0100895   0.0099843   1.5363613   1.5363613
 120.0000000   0.0101010   0.0101010   1.5363361   1.5363361
