   2.01038686434132     
   1.97763158410637     
   1.97108280635799     
   1.96839102712262     
   1.96815920370404     
   1.96803222412044     
   1.96910717184219     
   1.97016747363740     
   1.97108078681816     
   1.97240121009172     
   1.97339602053060     
   1.97433469515364     
   1.97537360122167     
   1.97647774530223     
   1.97761929463039     
   1.97881067836481     
   1.97991090111489     
   1.98088412382245     
   1.98185424320079     
   1.98277567523031     
   1.98365785654945     
   1.98438954680535     
   1.98530766408052     
   1.98618460128937     
   1.98697501384300     
   1.98774132923880     
   1.98854876128606     
   1.98932189442868     
   1.99010419857129     
   1.99085273624464     
   1.99123138122684     
   1.99184406726842     
   1.99248082975037     
   1.99305650330288     
   1.99364438333666     
   1.99422267886355     
   1.99477042901105     
   1.99535781514790     
   1.99590908536444     
   1.99600983399886     
   1.99616267863213     
   1.99633843582447     
   1.99660181543938     
   1.99686225269776     
   1.99721927086847     
   1.99747311680408     
   1.99775016468454     
   1.99801388226502     
   1.99830413716768     
   1.99855252861209     
   1.99877066535950     
   1.99901271401707     
   1.99925384013798     
   1.99938051551732     
   1.99954034752178     
   1.99969591410660     
   1.99985548952520     
   2.00001462120555     
   2.00017131720132     
   2.00032381079643     
   2.00046336074795     
   2.00052354678252     
   2.00056783841828     
   2.00063013283389     
   2.00069633812303     
   2.00076820390306     
   2.00084356265705     
   2.00092055356326     
   2.00099836925992     
   2.00107598923815     
   2.00114928520455     
   2.00122326468717     
   2.00129572352204     
   2.00136140910760     
   2.00142148440965     
   2.00147762612821     
   2.00152501065733     
   2.00156985760553     
   2.00160200338758     
   2.00163366361865     
   2.00166951131344     
   2.00170657265270     
   2.00174396870681     
   2.00177991880042     
   2.00181550425815     
   2.00184923494698     
   2.00188006177748     
   2.00190882121397     
   2.00193611544922     
   2.00196162304102     
   2.00198593464762     
   2.00200696267516     
   2.00202591363418     
   2.00204396920869     
   2.00206032334114     
   2.00207493529071     
   2.00208890147824     
   2.00210068562875     
   2.00211065307834     
   2.00211925903581     
   2.00212568806019     
   2.00213040708858     
   2.00214152405582     
   2.00216536855479     
   2.00219572040817     
   2.00223585453311     
   2.00226434559499     
   2.00228395895699     
   2.00229874748564     
   2.00230979283796     
   2.00231799837972     
   2.00232357708344     
   2.00232687121621     
   2.00232825325800     
   2.00232775429567     
   2.00232072589512     
   2.00232309011468     
   2.00232459008151     
