 t output_loss_entry employment_loss_entry investment_loss_entry debt_loss_entry
 output_gain_entry employment_gain_entry investment_gain_entry debt_gain_entry
 output_loss_incumbent employment_loss_incumbent investment_loss_incumbent debt_
 loss_incumbent
 output_gain_incumbent employment_gain_incumbent investment_gain_incumbent debt_
 gain_incumbent
 gdp1 h1 inv1 firm_debt2
 gdp_t h_t inv_t firm_debt_t
   1.0000000   0.0000000   0.0000000   0.0000000   0.0000000   0.0000000   0.0000000   0.0000000   0.0000000   0.0000000   0.0000000   0.0000000   0.0000000   0.0000000   0.0000000   0.0000000   0.0000000   2.3955229   1.0056186   0.4821504   4.4028510   2.3955229   1.0056186   0.4821504   4.4028510
   2.0000000   0.0442564   0.0301682   0.1466629   0.0357816   0.0000000   0.0000000   0.0000000   0.0000000   2.3512664   0.9754504   0.3799154   4.3670694   2.5074114   1.0807631   0.3862853   3.4552426   2.3955229   1.0056186   0.4821504   4.4028510   2.5141331   1.0853638   0.3482632   3.4572140
   3.0000000   0.0608728   0.0406822   0.1546207   0.0864684   0.0000000   0.0000000   0.0000000   0.0000000   2.3245615   0.9585160   0.4343706   4.2942592   2.4244195   1.0398146   0.4408688   3.1725443   2.3955229   1.0056186   0.4821504   4.4028510   2.4277626   1.0420744   0.3428158   3.1783188
   4.0000000   0.0782274   0.0508857   0.1567763   0.1422543   0.0000000   0.0000000   0.0000000   0.0000000   2.2928390   0.9396168   0.4451763   4.1909178   2.3703024   1.0080260   0.4562104   3.0991417   2.3955229   1.0056186   0.4821504   4.4028510   2.3819241   1.0158544   0.3530549   3.1251048
   5.0000000   0.0955490   0.0606989   0.1560893   0.1987996   0.0000000   0.0000000   0.0000000   0.0000000   2.2617595   0.9218445   0.4410948   4.0771229   2.3270713   0.9801234   0.4690186   3.0910908   2.3955229   1.0056186   0.4821504   4.4028510   2.3494762   0.9949878   0.3703892   3.1477648
   6.0000000   0.1125518   0.0701164   0.1547508   0.2545725   0.0000000   0.0000000   0.0000000   0.0000000   2.2546564   0.9186614   0.3743501   4.0538159   2.3116817   0.9697071   0.4150379   3.1510732   2.3955229   1.0056186   0.4821504   4.4028510   2.3278637   0.9801784   0.3838239   3.1935218
   7.0000000   0.1289853   0.0790599   0.1526795   0.3084915   0.0000000   0.0000000   0.0000000   0.0000000   2.2443613   0.9135518   0.3577079   4.0201276   2.2897377   0.9543859   0.4252294   3.2123873   2.3955229   1.0056186   0.4821504   4.4028510   2.3026214   0.9625161   0.4078164   3.2467362
   8.0000000   0.1447187   0.0874868   0.1510196   0.3605611   0.0000000   0.0000000   0.0000000   0.0000000   2.2326635   0.9076218   0.3494818   3.9815975   2.2749686   0.9436440   0.4311874   3.2698837   2.3955229   1.0056186   0.4821504   4.4028510   2.2859990   0.9504527   0.4217743   3.2998344
   9.0000000   0.1466165   0.0864589   0.1065252   0.4005152   0.0000000   0.0000000   0.0000000   0.0000000   2.2335627   0.9103719   0.3879766   3.9509972   2.2759391   0.9436134   0.4427399   3.3231565   2.3955229   1.0056186   0.4821504   4.4028510   2.2856140   0.9494527   0.4361724   3.3499103
  10.0000000   0.1405872   0.0802468   0.0524350   0.4224157   0.0000000   0.0000000   0.0000000   0.0000000   2.2416074   0.9178234   0.4383867   3.9358466   2.2849227   0.9495646   0.4523115   3.3740220   2.3955229   1.0056186   0.4821504   4.4028510   2.2936546   0.9547277   0.4479893   3.3986236
  11.0000000   0.1280431   0.0700947  -0.0019644   0.4243789   0.0012026   0.0008196   0.0038498   0.0008456   2.2556629   0.9289071   0.4903787   3.9389156   2.2949658   0.9567878   0.4558961   3.4261137   2.3955229   1.0056186   0.4821504   4.4028510   2.3041478   0.9622295   0.4567068   3.4500174
  12.0000000   0.1245707   0.0667738  -0.0041862   0.4188515   0.0096724   0.0065741   0.0302541   0.0082331   2.2603007   0.9329494   0.4908568   3.9482189   2.2943285   0.9571508   0.4377494   3.4759445   2.3955229   1.0056186   0.4821504   4.4028510   2.3114179   0.9679381   0.4658838   3.5061113
  13.0000000   0.1206434   0.0635705  -0.0026357   0.4116078   0.0162647   0.0108939   0.0412448   0.0200890   2.2651369   0.9367200   0.4880148   3.9583053   2.2937171   0.9575628   0.4332019   3.5190240   2.3955229   1.0056186   0.4821504   4.4028510   2.3169319   0.9723296   0.4730520   3.5602540
  14.0000000   0.1167777   0.0605789   0.0008480   0.4053467   0.0248808   0.0164114   0.0548881   0.0368049   2.2697192   0.9401643   0.4835371   3.9666914   2.2918673   0.9571243   0.4247780   3.5556707   2.3955229   1.0056186   0.4821504   4.4028510   2.3233287   0.9771358   0.4787298   3.6130290
  15.0000000   0.1132616   0.0578763   0.0051421   0.4012699   0.0301821   0.0194818   0.0526952   0.0544982   2.2738030   0.9432319   0.4784690   3.9723395   2.2911228   0.9575185   0.4302344   3.5870525   2.3955229   1.0056186   0.4821504   4.4028510   2.3275870   0.9803766   0.4823838   3.6616958
  16.0000000   0.1102755   0.0555263   0.0097314   0.3999022   0.0359473   0.0227620   0.0523037   0.0722575   2.2772407   0.9458785   0.4732724   3.9748493   2.2900729   0.9576225   0.4334091   3.6142361   2.3955229   1.0056186   0.4821504   4.4028510   2.3320694   0.9835814   0.4855983   3.7064506
  17.0000000   0.1078725   0.0535383   0.0140438   0.4011963   0.0391314   0.0242337   0.0439976   0.0880347   2.2800042   0.9481098   0.4684737   3.9743595   2.2899508   0.9582771   0.4427878   3.6376552   2.3955229   1.0056186   0.4821504   4.4028510   2.3349539   0.9855653   0.4869052   3.7455604
  18.0000000   0.1060161   0.0518789   0.0179096   0.4048934   0.0444270   0.0271489   0.0457755   0.1033088   2.2821487   0.9499700   0.4642068   3.9711918   2.2890414   0.9582089   0.4414987   3.6555454   2.3955229   1.0056186   0.4821504   4.4028510   2.3391915   0.9882889   0.4875776   3.7787115
  19.0000000   0.1046333   0.0505002   0.0213053   0.4106600   0.0469686   0.0281940   0.0394142   0.1170200   2.2837607   0.9515151   0.4604651   3.9657195   2.2889187   0.9586714   0.4477583   3.6715322   2.3955229   1.0056186   0.4821504   4.4028510   2.3414901   0.9896922   0.4876627   3.8084814
  20.0000000   0.1036500   0.0493580   0.0242360   0.4181335   0.0525540   0.0313359   0.0460447   0.1315289   2.2849244   0.9527955   0.4572296   3.9583345   2.2870802   0.9578888   0.4418197   3.6826975   2.3955229   1.0056186   0.4821504   4.4028510   2.3451308   0.9919562   0.4885163   3.8343015
  21.0000000   0.1029949   0.0484129   0.0267103   0.4269400   0.0561794   0.0331138   0.0439836   0.1456149   2.2857187   0.9538552   0.4544852   3.9494369   2.2862644   0.9578565   0.4432212   3.6901706   2.3955229   1.0056186   0.4821504   4.4028510   2.3478613   0.9936243   0.4880043   3.8560707
  22.0000000   0.1026028   0.0476303   0.0287306   0.4366987   0.0610473   0.0357268   0.0479035   0.1607707   2.2862156   0.9547328   0.4522268   3.9394325   2.2847136   0.9573224   0.4397920   3.6960369   2.3955229   1.0056186   0.4821504   4.4028510   2.3511166   0.9956368   0.4886492   3.8773788
  23.0000000   0.1024142   0.0469799   0.0303022   0.4470292   0.0632618   0.0364919   0.0422878   0.1750137   2.2864803   0.9554617   0.4504478   3.9287268   2.2841049   0.9574541   0.4447795   3.7013754   2.3955229   1.0056186   0.4821504   4.4028510   2.3526833   0.9964820   0.4881409   3.8972970
  24.0000000   0.1023752   0.0464353   0.0314350   0.4575593   0.0656595   0.0373723   0.0385197   0.1876770   2.2865718   0.9560713   0.4491389   3.9177186   2.2837461   0.9576329   0.4471812   3.7043888   2.3955229   1.0056186   0.4821504   4.4028510   2.3546947   0.9974969   0.4868672   3.9133428
  25.0000000   0.1024377   0.0459732   0.0321533   0.4679409   0.0705420   0.0399834   0.0454986   0.2016315   2.2865428   0.9565873   0.4482762   3.9067835   2.2822535   0.9569961   0.4400921   3.7054514   2.3955229   1.0056186   0.4821504   4.4028510   2.3580647   0.9994322   0.4868259   3.9287488
  26.0000000   0.1025603   0.0455737   0.0324994   0.4778685   0.0720464   0.0402685   0.0401513   0.2149829   2.2864393   0.9570315   0.4478166   3.8962537   2.2818546   0.9571665   0.4443391   3.7079368   2.3955229   1.0056186   0.4821504   4.4028510   2.3591597   0.9998552   0.4858187   3.9450057
  27.0000000   0.1027085   0.0452203   0.0325269   0.4870905   0.0755293   0.0419018   0.0428535   0.2285337   2.2862992   0.9574225   0.4477044   3.8864059   2.2806314   0.9567418   0.4420957   3.7090243   2.3955229   1.0056186   0.4821504   4.4028510   2.3614140   1.0010350   0.4863270   3.9600648
  28.0000000   0.1028557   0.0448998   0.0322895   0.4954085   0.0774682   0.0424810   0.0399993   0.2415120   2.2861526   0.9577749   0.4478839   3.8774613   2.2801107   0.9567790   0.4443816   3.7102912   2.3955229   1.0056186   0.4821504   4.4028510   2.3628329   1.0016276   0.4858014   3.9747250
  29.0000000   0.1029817   0.0446017   0.0318344   0.5026698   0.0771869   0.0415480   0.0311405   0.2521474   2.2860223   0.9581005   0.4483050   3.8695925   2.2805594   0.9573789   0.4513387   3.7124873   2.3955229   1.0056186   0.4821504   4.4028510   2.3630059   1.0012752   0.4839322   3.9879566
  30.0000000   0.1030714   0.0443177   0.0312032   0.5087617   0.0791458   0.0422032   0.0334262   0.2627236   2.2859258   0.9584087   0.4489234   3.8629292   2.2802661   0.9573685   0.4494141   3.7154564   2.3955229   1.0056186   0.4821504   4.4028510   2.3646766   1.0019014   0.4843098   4.0018781
  31.0000000   0.1031140   0.0440415   0.0304327   0.5136060   0.0814854   0.0431430   0.0360900   0.2737668   2.2858756   0.9587068   0.4496994   3.8575634   2.2800649   0.9574147   0.4484196   3.7180507   2.3955229   1.0056186   0.4821504   4.4028510   2.3668207   1.0028707   0.4859674   4.0158467
  32.0000000   0.1031022   0.0437681   0.0295558   0.5171556   0.0812390   0.0423208   0.0303964   0.2838336   2.2858806   0.9590004   0.4505971   3.8535536   2.2806600   0.9579755   0.4528355   3.7226475   2.3955229   1.0056186   0.4821504   4.4028510   2.3671756   1.0025946   0.4846896   4.0308031
  33.0000000   0.1030312   0.0434939   0.0286020   0.5193905   0.0843125   0.0437850   0.0378814   0.2954658   2.2859466   0.9592938   0.4515844   3.8509281   2.2801070   0.9577004   0.4466195   3.7280925   2.3955229   1.0056186   0.4821504   4.4028510   2.3696980   1.0037680   0.4859311   4.0481188
  34.0000000   0.1028985   0.0432160   0.0275976   0.5203146   0.0855662   0.0439973   0.0370890   0.3074187   2.2860769   0.9595900   0.4526324   3.8496891   2.2801859   0.9579320   0.4481085   3.7347554   2.3955229   1.0056186   0.4821504   4.4028510   2.3710316   1.0041974   0.4865962   4.0669157
  35.0000000   0.1027036   0.0429328   0.0265654   0.5199526   0.0868312   0.0442060   0.0363794   0.3192107   2.2862726   0.9598915   0.4537159   3.8498159   2.2802769   0.9581643   0.4492065   3.7419779   2.3955229   1.0056186   0.4821504   4.4028510   2.3723856   1.0046238   0.4869490   4.0860526
  36.0000000   0.1024474   0.0426428   0.0255251   0.5183465   0.0871880   0.0438044   0.0330114   0.3300116   2.2865333   0.9601995   0.4548133   3.8512686   2.2807082   0.9585816   0.4528982   3.7505975   2.3955229   1.0056186   0.4821504   4.4028510   2.3731698   1.0046255   0.4872358   4.1055370
  37.0000000   0.1021317   0.0423456   0.0244928   0.5155523   0.0888474   0.0443214   0.0350953   0.3407329   2.2868571   0.9605150   0.4559067   3.8539915   2.2805895   0.9585587   0.4517238   3.7586893   2.3955229   1.0056186   0.4821504   4.4028510   2.3747026   1.0051047   0.4881067   4.1243577
  38.0000000   0.1017596   0.0420408   0.0234815   0.5116372   0.0896200   0.0442528   0.0340057   0.3510946   2.2872414   0.9608384   0.4569815   3.8579164   2.2808820   0.9587953   0.4536317   3.7676439   2.3955229   1.0056186   0.4821504   4.4028510   2.3757578   1.0052582   0.4888815   4.1436230
  39.0000000   0.1013343   0.0417286   0.0225012   0.5066759   0.0901512   0.0440347   0.0325367   0.3607958   2.2876827   0.9611695   0.4580263   3.8629662   2.2813187   0.9590959   0.4553366   3.7775811   2.3955229   1.0056186   0.4821504   4.4028510   2.3767129   1.0053260   0.4890772   4.1631577
  40.0000000   0.1008599   0.0414093   0.0215589   0.5007488   0.0906407   0.0438152   0.0314222   0.3697601   2.2881769   0.9615081   0.4590328   3.8690572   2.2818440   0.9594232   0.4569420   3.7882213   2.3955229   1.0056186   0.4821504   4.4028510   2.3777124   1.0054189   0.4895263   4.1826069
  41.0000000   0.1003403   0.0410835   0.0206597   0.4939393   0.0903743   0.0431118   0.0284598   0.3775802   2.2887199   0.9618538   0.4599951   3.8761020   2.2826779   0.9599171   0.4599717   3.7999668   2.3955229   1.0056186   0.4821504   4.4028510   2.3782626   1.0051945   0.4895552   4.2019697
  42.0000000   0.0997797   0.0407518   0.0198064   0.4863320   0.0906064   0.0427899   0.0282377   0.3847286   2.2893073   0.9622057   0.4609097   3.8840112   2.2834092   0.9602910   0.4607018   3.8124533   2.3955229   1.0056186   0.4821504   4.4028510   2.3792059   1.0052309   0.4900243   4.2213571
  43.0000000   0.0991822   0.0404150   0.0190005   0.4780114   0.0915833   0.0430132   0.0307171   0.3920041   2.2899348   0.9625633   0.4617746   3.8926953   2.2838397   0.9604548   0.4588847   3.8251905   2.3955229   1.0056186   0.4821504   4.4028510   2.3805902   1.0056017   0.4906428   4.2410763
  44.0000000   0.0985518   0.0400737   0.0182423   0.4690608   0.0920455   0.0428995   0.0306428   0.3990247   2.2905980   0.9629257   0.4625893   3.9020658   2.2843996   0.9607402   0.4597465   3.8381262   2.3955229   1.0056186   0.4821504   4.4028510   2.3815873   1.0057570   0.4913939   4.2607009
  45.0000000   0.0978923   0.0397288   0.0175312   0.4595614   0.0921031   0.0425208   0.0291534   0.4053138   2.2912930   0.9632921   0.4633540   3.9120361   2.2851308   0.9611209   0.4604037   3.8515613   2.3955229   1.0056186   0.4821504   4.4028510   2.3823498   1.0057428   0.4905263   4.2800585
  46.0000000   0.0972074   0.0393810   0.0168661   0.4495924   0.0921547   0.0421616   0.0280566   0.4107810   2.2920157   0.9636617   0.4640697   3.9225220   2.2858687   0.9614925   0.4622496   3.8654205   2.3955229   1.0056186   0.4821504   4.4028510   2.3831114   1.0057386   0.4912429   4.2989880
  47.0000000   0.0965006   0.0390310   0.0162456   0.4392301   0.0923204   0.0419109   0.0276804   0.4155639   2.2927625   0.9640337   0.4647380   3.9334419   2.2865983   0.9618293   0.4628176   3.8795188   2.3955229   1.0056186   0.4821504   4.4028510   2.3839769   1.0058080   0.4914025   4.3174441
  48.0000000   0.0957751   0.0386796   0.0156680   0.4285475   0.0921931   0.0414885   0.0263967   0.4194643   2.2935299   0.9644075   0.4653604   3.9447176   2.2874439   0.9622327   0.4638577   3.8936702   2.3955229   1.0056186   0.4821504   4.4028510   2.3846645   1.0057724   0.4911299   4.3350473
  49.0000000   0.0950339   0.0383274   0.0151314   0.4176146   0.0921175   0.0411317   0.0257276   0.4225963   2.2943146   0.9647821   0.4659390   3.9562745   2.2882681   0.9626055   0.4647025   3.9080812   2.3955229   1.0056186   0.4821504   4.4028510   2.3853811   1.0057714   0.4912780   4.3521213
  50.0000000   0.0942799   0.0379750   0.0146336   0.4064972   0.0921136   0.0408536   0.0254508   0.4250644   2.2951135   0.9651571   0.4664761   3.9680418   2.2890755   0.9629605   0.4652392   3.9224444   2.3955229   1.0056186   0.4821504   4.4028510   2.3861515   1.0058313   0.4915113   4.3684660
  51.0000000   0.0935156   0.0376232   0.0141723   0.3952573   0.0918885   0.0404503   0.0244855   0.4267578   2.2959240   0.9655316   0.4669739   3.9799532   2.2899610   0.9633599   0.4659288   3.9367545   2.3955229   1.0056186   0.4821504   4.4028510   2.3867781   1.0058105   0.4912115   4.3839687
  52.0000000   0.0927435   0.0372724   0.0137450   0.3839520   0.0916258   0.0400475   0.0236495   0.4276797   2.2967433   0.9659052   0.4674351   3.9919471   2.2908570   0.9637581   0.4665905   3.9510612   2.3955229   1.0056186   0.4821504   4.4028510   2.3873770   1.0057889   0.4910149   4.3986859
  53.0000000   0.0919658   0.0369231   0.0133495   0.3726338   0.0913178   0.0396407   0.0228567   0.4278363   2.2975691   0.9662772   0.4678622   4.0039669   2.2917674   0.9641578   0.4671452   3.9653167   2.3955229   1.0056186   0.4821504   4.4028510   2.3879442   1.0057649   0.4907554   4.4125779
  54.0000000   0.0911844   0.0365758   0.0129832   0.3613499   0.0910056   0.0392577   0.0222255   0.4272758   2.2983993   0.9666473   0.4682577   4.0159613   2.2926732   0.9645478   0.4675773   3.9793891   2.3955229   1.0056186   0.4821504   4.4028510   2.3885021   1.0057549   0.4905360   4.4255637
  55.0000000   0.0904010   0.0362308   0.0126438   0.3501426   0.0906484   0.0388692   0.0215783   0.4260315   2.2992319   0.9670149   0.4686242   4.0278846   2.2935925   0.9649465   0.4680442   3.9931937   2.3955229   1.0056186   0.4821504   4.4028510   2.3890282   1.0057482   0.4903380   4.4375952
  56.0000000   0.0896174   0.0358886   0.0123291   0.3390491   0.0902713   0.0384906   0.0209906   0.4241413   2.3000652   0.9673797   0.4689641   4.0396961   2.2945026   0.9653332   0.4684361   4.0068276   2.3955229   1.0056186   0.4821504   4.4028510   2.3895248   1.0057395   0.4901248   4.4488089
  57.0000000   0.0888349   0.0355494   0.0120370   0.3281017   0.0898624   0.0381125   0.0203832   0.4216214   2.3008977   0.9677413   0.4692795   4.0513606   2.2954091   0.9657173   0.4689539   4.0201387   2.3955229   1.0056186   0.4821504   4.4028510   2.3899859   1.0057288   0.4900191   4.4590713
  58.0000000   0.0880546   0.0352136   0.0117655   0.3173281   0.0894347   0.0377426   0.0198256   0.4185191   2.3017281   0.9680995   0.4695727   4.0628476   2.2963133   0.9660954   0.4692353   4.0332485   2.3955229   1.0056186   0.4821504   4.4028510   2.3904257   1.0057204   0.4897280   4.4685532
  59.0000000   0.0872778   0.0348812   0.0115128   0.3067514   0.0889783   0.0373728   0.0192391   0.4148467   2.3025550   0.9684540   0.4698454   4.0741314   2.2972181   0.9664731   0.4694344   4.0460324   2.3955229   1.0056186   0.4821504   4.4028510   2.3908374   1.0057118   0.4893266   4.4771438
  60.0000000   0.0865054   0.0345526   0.0112773   0.2963910   0.0884955   0.0370041   0.0186594   0.4106380   2.3033776   0.9688045   0.4700995   4.0851908   2.2981114   0.9668449   0.4697579   4.0585643   2.3955229   1.0056186   0.4821504   4.4028510   2.3912111   1.0056985   0.4890575   4.4849526
  61.0000000   0.0857382   0.0342278   0.0110576   0.2862624   0.0879878   0.0366363   0.0180710   0.4059094   2.3041949   0.9691510   0.4703366   4.0960081   2.2990031   0.9672146   0.4701765   4.0707515   2.3955229   1.0056186   0.4821504   4.4028510   2.3915584   1.0056842   0.4888756   4.4919042
  62.0000000   0.0849779   0.0339078   0.0108560   0.2763789   0.0874470   0.0362634   0.0174598   0.4006839   2.3050050   0.9694926   0.4705544   4.1065687   2.2998973   0.9675842   0.4704800   4.0826247   2.3955229   1.0056186   0.4821504   4.4028510   2.3918752   1.0056650   0.4885563   4.4980536
  63.0000000   0.0842770   0.0336279   0.0108417   0.2667926   0.0869301   0.0359236   0.0170271   0.3950356   2.3057555   0.9697938   0.4705838   4.1168190   2.3007404   0.9679171   0.4704542   4.0941257   2.3955229   1.0056186   0.4821504   4.4028510   2.3921650   1.0056421   0.4880870   4.5034174
  64.0000000   0.0835497   0.0333283   0.0106714   0.2574848   0.0864020   0.0355912   0.0165986   0.3890081   2.3065321   0.9701144   0.4707682   4.1267769   2.3015891   0.9682584   0.4709310   4.1052735   2.3955229   1.0056186   0.4821504   4.4028510   2.3924494   1.0056353   0.4881253   4.5080594
  65.0000000   0.0827761   0.0329953   0.0103241   0.2484037   0.0859498   0.0353241   0.0164631   0.3827066   2.3073546   0.9704681   0.4711288   4.1364930   2.3024311   0.9685949   0.4712509   4.1161391   2.3955229   1.0056186   0.4821504   4.4028510   2.3928030   1.0056891   0.4883003   4.5121561
  66.0000000   0.0820444   0.0326904   0.0101550   0.2395723   0.0853477   0.0349655   0.0157509   0.3760414   2.3081349   0.9707936   0.4713102   4.1459438   2.3033051   0.9689527   0.4709775   4.1265616   2.3955229   1.0056186   0.4821504   4.4028510   2.3930391   1.0056730   0.4873046   4.5154569
  67.0000000   0.0813490   0.0324097   0.0100991   0.2310253   0.0847919   0.0346502   0.0153204   0.3690773   2.3088785   0.9710946   0.4713778   4.1550940   2.3041076   0.9692723   0.4710362   4.1366609   2.3955229   1.0056186   0.4821504   4.4028510   2.3932503   1.0056621   0.4869243   4.5181474
  68.0000000   0.0806554   0.0321286   0.0100040   0.2227624   0.0842253   0.0343391   0.0148990   0.3618528   2.3096197   0.9713956   0.4714838   4.1639437   2.3049027   0.9695893   0.4711268   4.1464166   2.3955229   1.0056186   0.4821504   4.4028510   2.3934434   1.0056530   0.4865856   4.5202460
  69.0000000   0.0799668   0.0318488   0.0098888   0.2147745   0.0836489   0.0340315   0.0144877   0.3544024   2.3103555   0.9716952   0.4716093   4.1725017   2.3056895   0.9699042   0.4712953   4.1558809   2.3955229   1.0056186   0.4821504   4.4028510   2.3936188   1.0056455   0.4863351   4.5218397
  70.0000000   0.0792844   0.0315710   0.0097662   0.2070525   0.0830630   0.0337269   0.0140840   0.3467563   2.3110847   0.9719924   0.4717416   4.1807769   2.3064731   0.9702176   0.4714282   4.1649876   2.3955229   1.0056186   0.4821504   4.4028510   2.3937818   1.0056397   0.4860569   4.5228922
  71.0000000   0.0786107   0.0312971   0.0096489   0.1995900   0.0824681   0.0334248   0.0136948   0.3389476   2.3118046   0.9722855   0.4718680   4.1887758   2.3072450   0.9705265   0.4715505   4.1737627   2.3955229   1.0056186   0.4821504   4.4028510   2.3939244   1.0056320   0.4857830   4.5234628
  72.0000000   0.0779426   0.0310249   0.0095264   0.1923783   0.0818653   0.0331252   0.0133181   0.3310061   2.3125184   0.9725766   0.4719992   4.1965072   2.3080093   0.9708334   0.4717082   4.1822479   2.3955229   1.0056186   0.4821504   4.4028510   2.3940519   1.0056251   0.4855573   4.5236230
  73.0000000   0.0772797   0.0307544   0.0094020   0.1854088   0.0812554   0.0328278   0.0129549   0.3229609   2.3132264   0.9728658   0.4721319   4.2039797   2.3087674   0.9711380   0.4717958   4.1904286   2.3955229   1.0056186   0.4821504   4.4028510   2.3941664   1.0056182   0.4852751   4.5233871
  74.0000000   0.0766201   0.0304842   0.0092722   0.1786724   0.0806392   0.0325327   0.0126066   0.3148397   2.3139307   0.9731544   0.4722694   4.2112028   2.3095195   0.9714419   0.4719423   4.1983184   2.3955229   1.0056186   0.4821504   4.4028510   2.3942690   1.0056131   0.4850673   4.5227961
  75.0000000   0.0759647   0.0302150   0.0091438   0.1721611   0.0800176   0.0322396   0.0122683   0.3066658   2.3146301   0.9734417   0.4724052   4.2181846   2.3102641   0.9717433   0.4720179   4.2059020   2.3955229   1.0056186   0.4821504   4.4028510   2.3943590   1.0056077   0.4847985   4.5218581
  76.0000000   0.0753121   0.0299459   0.0090133   0.1658667   0.0793913   0.0319487   0.0119482   0.2984666   2.3153263   0.9737286   0.4725427   4.2249337   2.3110025   0.9720439   0.4722331   4.2132095   2.3955229   1.0056186   0.4821504   4.4028510   2.3944385   1.0056038   0.4846879   4.5206301
  77.0000000   0.0746667   0.0296801   0.0088977   0.1597848   0.0787614   0.0316598   0.0116463   0.2902693   2.3160146   0.9740120   0.4726650   4.2314549   2.3117347   0.9723412   0.4725410   4.2202773   2.3955229   1.0056186   0.4821504   4.4028510   2.3945085   1.0055988   0.4846888   4.5191757
  78.0000000   0.0740351   0.0294220   0.0088148   0.1539170   0.0781342   0.0313768   0.0113736   0.2820977   2.3166887   0.9742875   0.4727543   4.2377468   2.3124609   0.9726335   0.4726290   4.2270923   2.3955229   1.0056186   0.4821504   4.4028510   2.3945757   1.0055950   0.4844988   4.5175053
  79.0000000   0.0734121   0.0291680   0.0087379   0.1482604   0.0775093   0.0310988   0.0111275   0.2739791   2.3173535   0.9745586   0.4728373   4.2438127   2.3131773   0.9729214   0.4726644   4.2336775   2.3955229   1.0056186   0.4821504   4.4028510   2.3946356   1.0055918   0.4842832   4.5156688
  80.0000000   0.0727981   0.0289179   0.0086650   0.1428098   0.0768885   0.0308262   0.0109010   0.2659341   2.3180088   0.9748255   0.4729160   4.2496582   2.3138798   0.9732034   0.4727181   4.2400265   2.3955229   1.0056186   0.4821504   4.4028510   2.3946862   1.0055885   0.4841055   4.5136804
  81.0000000   0.0721931   0.0286718   0.0085952   0.1375593   0.0762736   0.0305598   0.0106975   0.2579830   2.3186546   0.9750882   0.4729915   4.2552898   2.3145709   0.9734807   0.4728174   4.2461452   2.3955229   1.0056186   0.4821504   4.4028510   2.3947315   1.0055867   0.4839967   4.5115658
  82.0000000   0.0715969   0.0284297   0.0085278   0.1325023   0.0756608   0.0302964   0.0104932   0.2501368   2.3192910   0.9753467   0.4730643   4.2607143   2.3152528   0.9737541   0.4727976   4.2520090   2.3955229   1.0056186   0.4821504   4.4028510   2.3947702   1.0055841   0.4837679   4.5093111
  83.0000000   0.0710096   0.0281914   0.0084622   0.1276321   0.0750568   0.0300402   0.0103169   0.2424136   2.3199180   0.9756012   0.4731350   4.2659388   2.3159203   0.9740221   0.4727643   4.2576441   2.3955229   1.0056186   0.4821504   4.4028510   2.3948035   1.0055836   0.4835538   4.5069602
  84.0000000   0.0704307   0.0279567   0.0083982   0.1229420   0.0744554   0.0297865   0.0101435   0.2348239   2.3205360   0.9758517   0.4732041   4.2709706   2.3165743   0.9742853   0.4728079   4.2630593   2.3955229   1.0056186   0.4821504   4.4028510   2.3948264   1.0055810   0.4834198   4.5045322
  85.0000000   0.0698603   0.0277257   0.0083355   0.1184254   0.0738640   0.0295401   0.0099908   0.2273817   2.3211451   0.9760984   0.4732716   4.2758166   2.3172148   0.9745430   0.4728794   4.2682707   2.3955229   1.0056186   0.4821504   4.4028510   2.3948460   1.0055802   0.4833344   4.5020570
  86.0000000   0.0692979   0.0274981   0.0082740   0.1140756   0.0732730   0.0292940   0.0098274   0.2200908   2.3217456   0.9763415   0.4733378   4.2804837   2.3178481   0.9747979   0.4729729   4.2732836   2.3955229   1.0056186   0.4821504   4.4028510   2.3948594   1.0055771   0.4832605   4.4995435
  87.0000000   0.0687434   0.0272739   0.0082134   0.1098865   0.0726928   0.0290549   0.0096906   0.2129615   2.3223377   0.9765809   0.4734029   4.2849788   2.3184730   0.9750488   0.4730059   4.2781035   2.3955229   1.0056186   0.4821504   4.4028510   2.3948752   1.0055773   0.4831527   4.4970068
  88.0000000   0.0681965   0.0270528   0.0081538   0.1058518   0.0721149   0.0288171   0.0095484   0.2059984   2.3229217   0.9768170   0.4734670   4.2893083   2.3190881   0.9752961   0.4730967   4.2827493   2.3955229   1.0056186   0.4821504   4.4028510   2.3948840   1.0055751   0.4830975   4.4944705
  89.0000000   0.0676571   0.0268349   0.0080949   0.1019655   0.0715453   0.0285843   0.0094208   0.1992064   2.3234977   0.9770497   0.4735302   4.2934787   2.3196959   0.9755403   0.4731035   4.2872174   2.3955229   1.0056186   0.4821504   4.4028510   2.3948941   1.0055751   0.4829729   4.4919355
  90.0000000   0.0671249   0.0266201   0.0080366   0.0982219   0.0709806   0.0283541   0.0092960   0.1925885   2.3240661   0.9772792   0.4735927   4.2974960   2.3202928   0.9757803   0.4731854   4.2915144   2.3955229   1.0056186   0.4821504   4.4028510   2.3948986   1.0055736   0.4829264   4.4894111
  91.0000000   0.0665997   0.0264081   0.0079790   0.0946154   0.0704258   0.0281296   0.0091917   0.1861511   2.3246270   0.9775056   0.4736545   4.3013663   2.3208820   0.9760168   0.4732785   4.2956552   2.3955229   1.0056186   0.4821504   4.4028510   2.3949055   1.0055745   0.4829116   4.4869184
  92.0000000   0.0660814   0.0261990   0.0079218   0.0911407   0.0698717   0.0279045   0.0090699   0.1798912   2.3251806   0.9777289   0.4737157   4.3050951   2.3214654   0.9762511   0.4732980   4.2996406   2.3955229   1.0056186   0.4821504   4.4028510   2.3949077   1.0055726   0.4828057   4.4844549
  93.0000000   0.0655696   0.0259926   0.0078651   0.0877927   0.0693285   0.0276856   0.0089731   0.1738131   2.3257271   0.9779493   0.4737764   4.3086880   2.3220391   0.9764816   0.4733426   4.3034781   2.3955229   1.0056186   0.4821504   4.4028510   2.3949115   1.0055733   0.4827499   4.4820321
  94.0000000   0.0650643   0.0257889   0.0078088   0.0845664   0.0687879   0.0274670   0.0088671   0.1679146   2.3262668   0.9781669   0.4738366   4.3121501   2.3226054   0.9767093   0.4733881   4.3071748   2.3955229   1.0056186   0.4821504   4.4028510   2.3949105   1.0055717   0.4826860   4.4796547
  95.0000000   0.0645652   0.0255878   0.0077529   0.0814574   0.0682564   0.0272532   0.0087774   0.1621966   2.3267997   0.9783817   0.4738963   4.3154865   2.3231634   0.9769337   0.4734334   4.3107295   2.3955229   1.0056186   0.4821504   4.4028510   2.3949107   1.0055716   0.4826383   4.4773223
  96.0000000   0.0640722   0.0253891   0.0076974   0.0784609   0.0677322   0.0270430   0.0086946   0.1566599   2.3273262   0.9785938   0.4739556   4.3187019   2.3237131   0.9771546   0.4734877   4.3141526   2.3955229   1.0056186   0.4821504   4.4028510   2.3949103   1.0055718   0.4826065   4.4750456
  97.0000000   0.0635851   0.0251930   0.0076422   0.0755729   0.0672156   0.0268362   0.0086181   0.1513038   2.3278464   0.9788033   0.4740146   4.3218008   2.3242561   0.9773730   0.4735414   4.3174497   2.3955229   1.0056186   0.4821504   4.4028510   2.3949110   1.0055729   0.4825802   4.4728297
  98.0000000   0.0631038   0.0249991   0.0075874   0.0727893   0.0667024   0.0266300   0.0085332   0.1461237   2.3283604   0.9790103   0.4740731   4.3247877   2.3247931   0.9775891   0.4735955   4.3206257   2.3955229   1.0056186   0.4821504   4.4028510   2.3949095   1.0055726   0.4825462   4.4706742
  99.0000000   0.0626281   0.0248076   0.0075328   0.0701060   0.0661955   0.0264264   0.0084525   0.1411161   2.3288684   0.9792148   0.4741314   4.3276668   2.3253234   0.9778026   0.4736500   4.3236832   2.3955229   1.0056186   0.4821504   4.4028510   2.3949077   1.0055723   0.4825168   4.4685781
 100.0000000   0.0621578   0.0246183   0.0074785   0.0675195   0.0656948   0.0262253   0.0083764   0.1362781   2.3293706   0.9794170   0.4741893   4.3304420   2.3258466   0.9780130   0.4737046   4.3266278   2.3955229   1.0056186   0.4821504   4.4028510   2.3949053   1.0055715   0.4824921   4.4665441
 101.0000000   0.0616928   0.0244312   0.0074245   0.0650260   0.0652003   0.0260268   0.0083049   0.1316070   2.3298671   0.9796168   0.4742470   4.3331172   2.3263642   0.9782213   0.4737646   4.3294656   2.3955229   1.0056186   0.4821504   4.4028510   2.3949038   1.0055713   0.4824773   4.4645754
 102.0000000   0.0612330   0.0242462   0.0073707   0.0626223   0.0647122   0.0258308   0.0082374   0.1270995   2.3303581   0.9798143   0.4743044   4.3356960   2.3268769   0.9784278   0.4738261   4.3321992   2.3955229   1.0056186   0.4821504   4.4028510   2.3949040   1.0055720   0.4824683   4.4626709
 103.0000000   0.0607782   0.0240633   0.0073171   0.0603050   0.0642303   0.0256374   0.0081740   0.1227527   2.3308437   0.9800097   0.4743615   4.3381821   2.3273821   0.9786308   0.4738931   4.3348376   2.3955229   1.0056186   0.4821504   4.4028510   2.3949032   1.0055718   0.4824688   4.4608367
 104.0000000   0.0603283   0.0238823   0.0072638   0.0580710   0.0637539   0.0254459   0.0081100   0.1185618   2.3313240   0.9802029   0.4744184   4.3405786   2.3278837   0.9788326   0.4739536   4.3373781   2.3955229   1.0056186   0.4821504   4.4028510   2.3949045   1.0055725   0.4824622   4.4590652
 105.0000000   0.0598832   0.0237033   0.0072106   0.0559172   0.0632813   0.0252553   0.0080417   0.1145210   2.3317993   0.9803940   0.4744751   4.3428890   2.3283801   0.9790324   0.4740153   4.3398285   2.3955229   1.0056186   0.4821504   4.4028510   2.3949046   1.0055721   0.4824526   4.4573580
 106.0000000   0.0594427   0.0235262   0.0071577   0.0538408   0.0628170   0.0250686   0.0079866   0.1106284   2.3322696   0.9805831   0.4745316   4.3451163   2.3288698   0.9792290   0.4740838   4.3421924   2.3955229   1.0056186   0.4821504   4.4028510   2.3949065   1.0055725   0.4824628   4.4557168
 107.0000000   0.0590068   0.0233510   0.0071049   0.0518391   0.0623579   0.0248838   0.0079310   0.1068797   2.3327351   0.9807703   0.4745879   4.3472634   2.3293561   0.9794245   0.4741555   4.3444747   2.3955229   1.0056186   0.4821504   4.4028510   2.3949107   1.0055739   0.4824760   4.4541419
 108.0000000   0.0585752   0.0231775   0.0070523   0.0499093   0.0619027   0.0246999   0.0078707   0.1032690   2.3331958   0.9809555   0.4746440   4.3493333   2.3298374   0.9796177   0.4742355   4.3466837   2.3955229   1.0056186   0.4821504   4.4028510   2.3949137   1.0055739   0.4824928   4.4526360
 109.0000000   0.0581479   0.0230058   0.0069999   0.0480489   0.0614556   0.0245199   0.0078256   0.0997943   2.3336520   0.9811388   0.4746999   4.3513287   2.3303142   0.9798087   0.4744714   4.3488218   2.3955229   1.0056186   0.4821504   4.4028510   2.3949205   1.0055757   0.4826809   4.4511987
 110.0000000   0.0577248   0.0228358   0.0069476   0.0462554   0.0610065   0.0243368   0.0077468   0.0964442   2.3341037   0.9813203   0.4747556   4.3532522   2.3307970   0.9800021   0.4744726   4.3508939   2.3955229   1.0056186   0.4821504   4.4028510   2.3949317   1.0055769   0.4826001   4.4498238
 111.0000000   0.0573058   0.0226675   0.0068955   0.0445265   0.0605643   0.0241569   0.0076883   0.0932163   2.3345510   0.9815000   0.4748112   4.3551064   2.3312719   0.9801922   0.4746275   4.3529036   2.3955229   1.0056186   0.4821504   4.4028510   2.3949421   1.0055782   0.4826937   4.4485122
 112.0000000   0.0568908   0.0225008   0.0068436   0.0428598   0.0601347   0.0239843   0.0076584   0.0901138   2.3349941   0.9816780   0.4748666   4.3568938   2.3317431   0.9803794   0.4747418   4.3548607   2.3955229   1.0056186   0.4821504   4.4028510   2.3949615   1.0055837   0.4827753   4.4472767
 113.0000000   0.0564796   0.0223357   0.0067918   0.0412533   0.0597043   0.0238095   0.0076059   0.0871285   2.3354331   0.9818543   0.4749218   4.3586166   2.3322146   0.9805667   0.4749592   4.3567653   2.3955229   1.0056186   0.4821504   4.4028510   2.3949806   1.0055874   0.4829375   4.4461093
 114.0000000   0.0560722   0.0221721   0.0067402   0.0397047   0.0593251   0.0236680   0.0077054   0.0842924   2.3358680   0.9820289   0.4749768   4.3602773   2.3326702   0.9807420   0.4749914   4.3586150   2.3955229   1.0056186   0.4821504   4.4028510   2.3950352   1.0056125   0.4830664   4.4450396
 115.0000000   0.0556685   0.0220100   0.0066888   0.0382121   0.0588949   0.0234895   0.0075807   0.0815594   2.3362989   0.9822019   0.4750317   4.3618779   2.3331446   0.9809313   0.4753857   4.3604617   2.3955229   1.0056186   0.4821504   4.4028510   2.3950579   1.0056145   0.4833336   4.4440729
 116.0000000   0.0552684   0.0218494   0.0066375   0.0367734   0.0585027   0.0233350   0.0075801   0.0789401   2.3367260   0.9823733   0.4750864   4.3634206   2.3336146   0.9811130   0.4754516   4.3622915   2.3955229   1.0056186   0.4821504   4.4028510   2.3951143   1.0056331   0.4833961   4.4432061
 117.0000000   0.0548718   0.0216903   0.0065864   0.0353868   0.0581327   0.0231942   0.0076308   0.0764478   2.3371494   0.9825432   0.4751409   4.3649074   2.3340734   0.9812884   0.4758278   4.3641432   2.3955229   1.0056186   0.4821504   4.4028510   2.3951819   1.0056591   0.4838206   4.4424912
 118.0000000   0.0544786   0.0215325   0.0065355   0.0340505   0.0577487   0.0230415   0.0075846   0.0740590   2.3375690   0.9827116   0.4751952   4.3663402   2.3345540   0.9814735   0.4761610   4.3659299   2.3955229   1.0056186   0.4821504   4.4028510   2.3952575   1.0056831   0.4841052   4.4418175
 119.0000000   0.0540888   0.0213761   0.0064847   0.0327627   0.0572147   0.0227847   0.0069441   0.0716175   2.3379851   0.9828786   0.4752494   4.3677210   2.3351121   0.9817058   0.4735083   4.3672989   2.3955229   1.0056186   0.4821504   4.4028510   2.3952608   1.0056503   0.4808046   4.4028510
