 -3.511938368438358E-003
  6.338244804449997E-003
  8.173581456728753E-003
  8.777242132391012E-003
  9.108010624227806E-003
  9.367462685128447E-003
  9.513471397268519E-003
  9.672740787818044E-003
  9.792191102010961E-003
  9.867529683008554E-003
  9.957475757694276E-003
  1.002851640832832E-002
  1.010508527592060E-002
  1.013871159308331E-002
  1.019061276191405E-002
  1.022153321761615E-002
  1.024070400872810E-002
  1.025965590539740E-002
  1.026886189564121E-002
  1.028521836817744E-002
  1.030082930194189E-002
  1.030090017821863E-002
  1.031786484514430E-002
  1.030266406763044E-002
  1.030402068442582E-002
  1.029985513043490E-002
  1.030104139376335E-002
  1.029461064553277E-002
  1.029022943661116E-002
  1.029280913121938E-002
  1.027033821902457E-002
  1.027839145953038E-002
  1.025994445374242E-002
  1.026228416281587E-002
  1.025455543279912E-002
  1.024559868029398E-002
  1.024753533037159E-002
  1.023878875319639E-002
  1.022959231884560E-002
  1.022678425143381E-002
  1.022000797521488E-002
  1.021555485029333E-002
  1.020819367729499E-002
  1.020556945691828E-002
  1.019746325187231E-002
  1.019587805105561E-002
  1.018706999073445E-002
  1.018341172832389E-002
  1.017936302680911E-002
  1.017676934701459E-002
  1.017141766150826E-002
  1.016773743505144E-002
  1.016403276896267E-002
  1.016071925081580E-002
  1.016033947337183E-002
  1.015550565389152E-002
  1.015406972381762E-002
  1.015040170029780E-002
  1.014840809827961E-002
  1.014558644618206E-002
  1.014340376837991E-002
  1.014182197368958E-002
  1.013944202505129E-002
  1.013718050801546E-002
  1.013595101466301E-002
  1.013356018314978E-002
  1.013236139845020E-002
  1.013060746697630E-002
  1.012940001024236E-002
  1.012773357856723E-002
  1.012638757373294E-002
  1.012495411432813E-002
  1.012414566473247E-002
  1.012262512210546E-002
  1.012143610010701E-002
  1.012036727910722E-002
  1.011913565946485E-002
  1.011794443854797E-002
  1.011760194707882E-002
  1.011714132727097E-002
  1.011598635531635E-002
  1.011525588964153E-002
  1.011462568559468E-002
  1.011338519951844E-002
  1.011242123901117E-002
  1.011186782154295E-002
  1.011151266358507E-002
  1.011071313851003E-002
  1.011010304222399E-002
  1.010983487396087E-002
  1.011055446760955E-002
  1.010781747167241E-002
  1.010787259482422E-002
  1.010754657876926E-002
  1.010729317153848E-002
  1.010657772754549E-002
  1.010650258351733E-002
  1.010606708219213E-002
  1.010508108160572E-002
  1.010519079475746E-002
  1.010504208408372E-002
  1.010481412118567E-002
  1.010440362705782E-002
  1.010431175968969E-002
  1.010384900287934E-002
  1.010363096408518E-002
  1.010355699968363E-002
  1.010339783353039E-002
  1.010277463386834E-002
  1.010296280263052E-002
  1.010211051461748E-002
  1.010176908173086E-002
  1.010138488725351E-002
  1.010111977207962E-002
  1.010087146849910E-002
  1.010046462936779E-002
  1.009775518091309E-002
