   1.95435648317299     
   1.92277583675517     
   1.91651948696868     
   1.91483421317591     
   1.91397885971263     
   1.91388617549518     
   1.91376442660547     
   1.91392153208590     
   1.91428184640146     
   1.91483828164172     
   1.91528094959827     
   1.91584131291538     
   1.91646405761024     
   1.91713093141846     
   1.91785451765761     
   1.91868942085244     
   1.91948044840147     
   1.92014847305498     
   1.92085334999223     
   1.92148506224745     
   1.92208649076193     
   1.92273227087837     
   1.92336366614848     
   1.92400657347290     
   1.92460318342745     
   1.92516146169478     
   1.92580457005500     
   1.92638033457342     
   1.92689073397433     
   1.92738668735409     
   1.92785648774653     
   1.92826374885790     
   1.92874810280760     
   1.92916493562939     
   1.92958502832204     
   1.92997157970773     
   1.93034453207790     
   1.93071231220523     
   1.93105243337183     
   1.93136981845871     
   1.93168081921709     
   1.93196993386203     
   1.93224294124438     
   1.93249412881246     
   1.93273602186083     
   1.93295803847253     
   1.93317341801968     
   1.93337094101853     
   1.93355921095254     
   1.93373578888693     
   1.93390358605359     
   1.93405986178976     
   1.93420116058983     
   1.93428768459893     
   1.93440744545010     
   1.93453376231654     
   1.93465138653556     
   1.93476381607910     
   1.93486747479027     
   1.93496563791259     
   1.93505753346398     
   1.93514408885528     
   1.93522531942244     
   1.93530132040455     
   1.93537278195557     
   1.93543990636681     
   1.93550312560923     
   1.93556268782008     
   1.93561864193481     
   1.93567118031753     
   1.93572032683250     
   1.93576632873270     
   1.93580950379132     
   1.93584858117310     
   1.93588532823992     
   1.93591953460114     
   1.93595170918330     
   1.93598183300672     
   1.93601046625265     
   1.93603772335435     
   1.93606346486035     
   1.93608719173694     
   1.93610918471303     
   1.93612976285950     
   1.93614858829814     
   1.93616600851695     
   1.93618222919067     
   1.93619743701734     
   1.93621147862955     
   1.93622443147244     
   1.93623705993896     
   1.93624938346268     
   1.93625712089712     
   1.93626496824165     
   1.93627261742882     
   1.93628020331889     
   1.93628700116413     
   1.93629358110490     
   1.93629973078421     
   1.93630495567886     
   1.93630990331656     
   1.93631458720686     
   1.93631895718415     
   1.93632295027901     
   1.93632662022936     
   1.93633004852002     
   1.93633309963953     
   1.93633599025173     
   1.93633865701563     
   1.93634097231141     
   1.93634316185605     
   1.93634492501042     
   1.93634668520081     
   1.93634766262036     
   1.93634880889171     
   1.93634955725484     
   1.93635023163736     
   1.93634931243507     
