 t avg_prod_f avg_k_f avg_a_f avg_l_f avg_prod_ex avg_k_ex avg_a_ex avg_l_ex
   1.0000000   1.2899766  76.0519305 -13.3428992************   1.0364307  34.0832588 -17.4946831************
   2.0000000   1.2900006  76.2147505 -13.3776208************   1.0337956  33.1664192 -15.8935720************
   3.0000000   1.2906494  76.3452265 -13.6869011************   1.0628244  31.3535907  -8.7802650************
   4.0000000   1.2915030  76.6885567 -14.0161501************   1.0516081  36.1172506 -10.2028030************
   5.0000000   1.2916107  76.6312802 -14.2275890************   1.0457822  37.3405098 -12.4125622************
   6.0000000   1.2914748  76.4712714 -14.3662918************   1.0437004  37.4333753 -12.4483200************
   7.0000000   1.2913801  76.3282772 -14.4795558************   1.0448786  38.3143893 -13.5777362************
   8.0000000   1.2909690  76.1236939 -14.5683180************   1.0434082  37.5628278 -13.6212923************
   9.0000000   1.2908136  75.9997342 -14.6441558************   1.0420241  37.5256632 -14.4609944************
  10.0000000   1.2906137  75.8699517 -14.6961488************   1.0426031  37.5565225 -14.9574892************
  11.0000000   1.2903429  75.7363555 -14.7326615************   1.0399071  37.4318341 -15.8769963************
  12.0000000   1.2900679  75.5927085 -14.7580466************   1.0386651  36.0855127 -16.2222041************
  13.0000000   1.2900041  75.5164034 -14.7784109************   1.0388813  36.0063496 -16.5614467************
  14.0000000   1.2899003  75.4430150 -14.7872498************   1.0378417  36.0500776 -16.7455127************
  15.0000000   1.2897938  75.3697628 -14.7872906************   1.0369229  35.7411513 -16.9460479************
  16.0000000   1.2897454  75.3161466 -14.7802226************   1.0380503  35.8918013 -17.2122252************
  17.0000000   1.2895929  75.2488997 -14.7657869************   1.0383902  35.7299262 -17.6383064************
  18.0000000   1.2893773  75.1704718 -14.7449924************   1.0370622  34.9176309 -17.9490575************
  19.0000000   1.2892796  75.1258828 -14.7160469************   1.0365879  34.4421721 -17.8845357************
  20.0000000   1.2892722  75.1106513 -14.6881879************   1.0364212  34.4324397 -18.0548836************
  21.0000000   1.2892404  75.0912166 -14.6546533************   1.0360222  33.9517605 -17.9612610************
  22.0000000   1.2893024  75.1026993 -14.6216178************   1.0353816  34.1396335 -17.7953857************
  23.0000000   1.2893804  75.1174824 -14.5836303************   1.0352619  34.3077189 -17.7610129************
  24.0000000   1.2894237  75.1256685 -14.5456290************   1.0354064  34.3059135 -17.8604521************
  25.0000000   1.2894506  75.1332596 -14.5062142************   1.0350185  34.2242941 -17.8881754************
  26.0000000   1.2894954  75.1457235 -14.4656137************   1.0349544  34.0946248 -17.9665503************
  27.0000000   1.2895429  75.1615025 -14.4204424************   1.0351084  33.9949706 -17.8869023************
  28.0000000   1.2895905  75.1814410 -14.3774061************   1.0349726  34.1254403 -18.0883483************
  29.0000000   1.2895793  75.1857320 -14.3319102************   1.0357261  33.8607487 -18.1610775************
  30.0000000   1.2895668  75.1974278 -14.2870625************   1.0350519  33.5924156 -18.1258252************
  31.0000000   1.2896183  75.2244260 -14.2430614************   1.0353095  33.6856353 -18.1679560************
  32.0000000   1.2896364  75.2445966 -14.1995517************   1.0360400  33.6045142 -18.2696317************
  33.0000000   1.2896226  75.2617451 -14.1560177************   1.0341157  33.1401989 -17.9444996************
  34.0000000   1.2897983  75.3207857 -14.1157185************   1.0349608  33.8915806 -18.0982218************
  35.0000000   1.2897915  75.3333661 -14.0723238************   1.0348999  33.6995467 -18.0554632************
  36.0000000   1.2898210  75.3571206 -14.0305183************   1.0353700  33.7623509 -18.0247104************
  37.0000000   1.2898231  75.3768535 -13.9896757************   1.0352114  33.7161088 -17.9736973************
  38.0000000   1.2898415  75.4005277 -13.9495623************   1.0353023  33.7665939 -17.9537223************
  39.0000000   1.2898468  75.4207645 -13.9106699************   1.0353310  33.7344333 -17.9231980************
  40.0000000   1.2898570  75.4429301 -13.8727068************   1.0354400  33.7268303 -17.8939025************
  41.0000000   1.2898655  75.4649034 -13.8362356************   1.0353523  33.6967181 -17.8765139************
  42.0000000   1.2898809  75.4883477 -13.8009684************   1.0355789  33.7459776 -17.8607494************
  43.0000000   1.2898796  75.5078271 -13.7666247************   1.0355387  33.6878765 -17.8480586************
  44.0000000   1.2898877  75.5294770 -13.7332816************   1.0354819  33.6928626 -17.8278656************
  45.0000000   1.2898969  75.5505728 -13.7009541************   1.0356302  33.6783070 -17.7916396************
  46.0000000   1.2899057  75.5719836 -13.6705207************   1.0356211  33.6898367 -17.7702018************
  47.0000000   1.2899146  75.5925937 -13.6411001************   1.0357437  33.6907464 -17.7385710************
  48.0000000   1.2899208  75.6124379 -13.6135769************   1.0357496  33.7005734 -17.7151140************
  49.0000000   1.2899270  75.6315608 -13.5869770************   1.0357923  33.7007890 -17.6935849************
  50.0000000   1.2899327  75.6499023 -13.5621278************   1.0357951  33.7016151 -17.6803788************
  51.0000000   1.2899391  75.6679581 -13.5378410************   1.0359125  33.7162972 -17.6534141************
  52.0000000   1.2899405  75.6846339 -13.5148917************   1.0358414  33.7179836 -17.6671087************
  53.0000000   1.2899463  75.7016143 -13.4978298************   1.0359864  33.7269112 -17.7662189************
  54.0000000   1.2899471  75.7172494 -13.4783159************   1.0360049  33.7327036 -17.7527260************
  55.0000000   1.2899475  75.7322138 -13.4598127************   1.0360255  33.7339798 -17.7412956************
  56.0000000   1.2899481  75.7466944 -13.4422080************   1.0340519  33.6788679 -17.4774451************
  57.0000000   1.2900672  75.7795571 -13.4257566************   1.0359841  33.9966886 -17.5006796************
  58.0000000   1.2900673  75.7918795 -13.4108338************   1.0359020  33.9875394 -17.4917960************
  59.0000000   1.2900723  75.8047066 -13.3963416************   1.0359588  33.9939508 -17.4834902************
  60.0000000   1.2900751  75.8165882 -13.3830784************   1.0360257  34.0008634 -17.4746847************
  61.0000000   1.2900754  75.8276823 -13.3707194************   1.0360450  34.0033153 -17.4641159************
  62.0000000   1.2900755  75.8384141 -13.3588803************   1.0360555  34.0051479 -17.4572603************
  63.0000000   1.2900757  75.8485342 -13.3477968************   1.0360649  34.0067308 -17.4521092************
  64.0000000   1.2900762  75.8585209 -13.3370667************   1.0360827  34.0092436 -17.4431214************
  65.0000000   1.2900765  75.8679560 -13.3270602************   1.0360985  34.0109382 -17.4367873************
  66.0000000   1.2900767  75.8771121 -13.3174862************   1.0361109  34.0126734 -17.4303067************
  67.0000000   1.2900770  75.8857877 -13.3090952************   1.0361386  34.0157124 -17.4273293************
  68.0000000   1.2900766  75.8939698 -13.3011717************   1.0361537  34.0177203 -17.4205365************
  69.0000000   1.2900761  75.9018134 -13.2937185************   1.0361703  34.0201601 -17.4128159************
  70.0000000   1.2900754  75.9093741 -13.2866416************   1.0361749  34.0213238 -17.4086930************
  71.0000000   1.2900750  75.9166090 -13.2799606************   1.0361880  34.0232342 -17.4010853************
  72.0000000   1.2900744  75.9234949 -13.2738646************   1.0361988  34.0249150 -17.3959932************
  73.0000000   1.2900739  75.9300215 -13.2681367************   1.0362110  34.0264822 -17.3904527************
  74.0000000   1.2900734  75.9361667 -13.2628084************   1.0362165  34.0275954 -17.3854287************
  75.0000000   1.2900730  75.9421939 -13.2577368************   1.0362739  34.0217888 -17.3745069************
  76.0000000   1.2900736  75.9485932 -13.2530712************   1.0362631  34.0263888 -17.3750640************
  77.0000000   1.2900737  75.9543294 -13.2487274************   1.0362585  34.0278757 -17.3743168************
  78.0000000   1.2900739  75.9598042 -13.2445660************   1.0362695  34.0301263 -17.3690211************
  79.0000000   1.2900739  75.9649669 -13.2407836************   1.0362688  34.0310766 -17.3678453************
  80.0000000   1.2900742  75.9697895 -13.2373537************   1.0362745  34.0321964 -17.3663039************
  81.0000000   1.2900744  75.9747440 -13.2339081************   1.0363909  34.0458681 -17.3531850************
  82.0000000   1.2900693  75.9785998 -13.2350410************   1.0363934  34.0458039 -17.4423490************
  83.0000000   1.2900646  75.9824091 -13.2338978************   1.0363882  34.0472556 -17.4436770************
  84.0000000   1.2900605  75.9859949 -13.2328770************   1.0363774  34.0477050 -17.4457801************
  85.0000000   1.2900572  75.9894413 -13.2319946************   1.0363901  34.0501108 -17.4420028************
  86.0000000   1.2900537  75.9926308 -13.2314464************   1.0363876  34.0510123 -17.4431249************
  87.0000000   1.2900506  75.9957344 -13.2311529************   1.0363974  34.0529524 -17.4434236************
  88.0000000   1.2900474  75.9985194 -13.2312311************   1.0363993  34.0541643 -17.4455105************
  89.0000000   1.2900444  76.0013054 -13.2312559************   1.0364090  34.0561814 -17.4425180************
  90.0000000   1.2900412  76.0038979 -13.2314870************   1.0364046  34.0567609 -17.4445611************
  91.0000000   1.2900384  76.0063713 -13.2318080************   1.0364057  34.0577951 -17.4442641************
  92.0000000   1.2900359  76.0087124 -13.2322488************   1.0364284  34.0610256 -17.4428379************
  93.0000000   1.2900324  76.0101961 -13.2334538************   1.0364237  34.0611440 -17.4445975************
  94.0000000   1.2900295  76.0126820 -13.2335676************   1.0364219  34.0620441 -17.4423470************
  95.0000000   1.2900268  76.0147917 -13.2341147************   1.0364184  34.0626518 -17.4437120************
  96.0000000   1.2900246  76.0167515 -13.2347708************   1.0364175  34.0633417 -17.4446634************
  97.0000000   1.2900225  76.0186159 -13.2354814************   1.0364173  34.0639810 -17.4454026************
  98.0000000   1.2900206  76.0203879 -13.2362259************   1.0364182  34.0645896 -17.4458306************
  99.0000000   1.2900188  76.0220664 -13.2370202************   1.0364168  34.0648497 -17.4472145************
 100.0000000   1.2900172  76.0236909 -13.2378144************   1.0364224  34.0650995 -17.4462230************
 101.0000000   1.2900155  76.0252505 -13.2387021************   1.0364186  34.0653265 -17.4474680************
 102.0000000   1.2900140  76.0267883 -13.2395499************   1.0364173  34.0656536 -17.4481609************
 103.0000000   1.2900127  76.0282577 -13.2404355************   1.0364159  34.0658932 -17.4491576************
 104.0000000   1.2900115  76.0296930 -13.2413560************   1.0364148  34.0661989 -17.4500782************
 105.0000000   1.2900105  76.0311018 -13.2422870************   1.0364164  34.0668045 -17.4500873************
 106.0000000   1.2900095  76.0324871 -13.2432324************   1.0364247  34.0681185 -17.4477293************
 107.0000000   1.2900083  76.0337693 -13.2442788************   1.0364232  34.0689481 -17.4477864************
 108.0000000   1.2900071  76.0350251 -13.2453144************   1.0364274  34.0692064 -17.4468790************
 109.0000000   1.2900060  76.0362737 -13.2463986************   1.0364234  34.0700080 -17.4479734************
 110.0000000   1.2900050  76.0374733 -13.2474764************   1.0364262  34.0701756 -17.4475715************
 111.0000000   1.2900041  76.0387768 -13.2484633************   1.0364148  34.0717909 -17.4491645************
 112.0000000   1.2900032  76.0399221 -13.2495150************   1.0364191  34.0716292 -17.4489544************
 113.0000000   1.2900025  76.0410642 -13.2505986************   1.0364289  34.0713271 -17.4487696************
 114.0000000   1.2900019  76.0424090 -13.2515134************   1.0364183  34.0732302 -17.4501599************
 115.0000000   1.2900012  76.0437587 -13.2523091************   1.0364329  34.0724745 -17.4489738************
 116.0000000   1.2900006  76.0452166 -13.2530744************   1.0364267  34.0738893 -17.4502716************
 117.0000000   1.2900000  76.0465740 -13.2538369************   1.0364264  34.0744434 -17.4506695************
 118.0000000   1.2899995  76.0479725 -13.2544977************   1.0364265  34.0750130 -17.4499081************
 119.0000000   1.2899991  76.0494766 -13.2550359************   1.0364256  34.0756977 -17.4504290************
 120.0000000   1.2899766  76.0519305 -13.3428992************   1.0364307  34.0832588 -17.4946831************
