 t output_loss_entry employment_loss_entry investment_loss_entry debt_loss_entry
 output_gain_entry employment_gain_entry investment_gain_entry debt_gain_entry
 output_loss_incumbent employment_loss_incumbent investment_loss_incumbent debt_
 loss_incumbent
 output_gain_incumbent employment_gain_incumbent investment_gain_incumbent debt_
 gain_incumbent
 gdp1 h1 inv1 firm_debt2
 gdp_t h_t inv_t firm_debt_t
   1.0000000   0.0000000   0.0000000   0.0000000   0.0000000   0.0000000   0.0000000   0.0000000   0.0000000   0.0000000   0.0000000   0.0000000   0.0000000   0.0000000   0.0000000   0.0000000   0.0000000   3.0559909   0.9978595   0.5619947   5.5404881   3.0559909   0.9978595   0.5619947   5.5404881
   2.0000000   0.0046701   0.0023918   0.0198816   0.0030988   0.0000000   0.0000000   0.0000000   0.0000000   3.0492949   0.9944253   0.5575613   5.5372534   3.0249463   0.9819086   0.5168017   3.5398189   3.0559909   0.9978595   0.5619947   5.5404881   3.0249926   0.9819328   0.5014144   3.5398922
   3.0000000   0.0074840   0.0037424   0.0222977   0.0086954   0.0000000   0.0000000   0.0000000   0.0000000   3.0302374   0.9849915   0.9539723   5.4999109   2.9536132   0.9715422   0.8987937   3.3137702   3.0559909   0.9978595   0.5619947   5.5404881   2.9627702   0.9762014   0.4732151   3.3245344
   4.0000000   0.0057338   0.0026886   0.0028134   0.0119061   0.0000000   0.0000000   0.0000000   0.0000000   3.0151360   0.9779593   0.9753698   5.4508726   2.9367203   0.9663486   0.9013325   3.3851332   3.0559909   0.9978595   0.5619947   5.5404881   2.9589579   0.9776961   0.4791238   3.4155162
   5.0000000   0.0057856   0.0026256  -0.0000627   0.0125627   0.0000000   0.0000000   0.0000000   0.0000000   2.9935574   0.9679321   0.9791530   5.3936564   2.9225526   0.9586855   0.8940504   3.5036820   3.0559909   0.9978595   0.5619947   5.5404881   2.9637887   0.9794688   0.4891203   3.5681660
   6.0000000   0.0055868   0.0024936  -0.0012948   0.0121064   0.0000000   0.0000000   0.0000000   0.0000000   3.0065841   0.9745412   0.6331075   5.4249179   2.9373979   0.9654515   0.5571419   3.6824563   3.0559909   0.9978595   0.5619947   5.5404881   2.9694183   0.9811522   0.4979452   3.7341849
   7.0000000   0.0052653   0.0023220  -0.0015958   0.0112873   0.0000000   0.0000000   0.0000000   0.0000000   3.0147689   0.9786806   0.6064358   5.4452507   2.9481456   0.9698452   0.5366726   3.8500193   3.0559909   0.9978595   0.5619947   5.5404881   2.9754972   0.9829680   0.5070886   3.8953182
   8.0000000   0.0049190   0.0021467  -0.0013860   0.0105004   0.0000000   0.0000000   0.0000000   0.0000000   3.0203158   0.9814602   0.5925120   5.4597055   2.9562185   0.9729787   0.5349141   4.0084207   3.0559909   0.9978595   0.5619947   5.5404881   2.9801350   0.9842217   0.5140842   4.0486530
   9.0000000   0.0046029   0.0019881  -0.0011514   0.0098038   0.0000000   0.0000000   0.0000000   0.0000000   3.0244515   0.9835205   0.5834167   5.4701372   2.9632894   0.9755136   0.5338879   4.1530559   3.0559909   0.9978595   0.5619947   5.5404881   2.9848839   0.9854878   0.5209443   4.1899694
  10.0000000   0.0043270   0.0018497  -0.0009235   0.0092062   0.0000000   0.0000000   0.0000000   0.0000000   3.0276067   0.9850897   0.5779493   5.4781277   2.9694068   0.9776514   0.5359520   4.2856406   3.0559909   0.9978595   0.5619947   5.5404881   2.9891780   0.9866291   0.5264831   4.3199460
  11.0000000   0.0040875   0.0017291  -0.0007100   0.0087069   0.0000000   0.0000000   0.0000000   0.0000000   3.0301245   0.9863409   0.5739639   5.4843177   2.9749345   0.9795230   0.5390684   4.4037990   3.0559909   0.9978595   0.5619947   5.5404881   2.9933272   0.9877427   0.5319893   4.4358921
  12.0000000   0.0038807   0.0016243  -0.0005368   0.0082881   0.0000000   0.0000000   0.0000000   0.0000000   3.0321649   0.9873564   0.5712261   5.4892809   2.9797429   0.9810212   0.5414876   4.5105442   3.0559909   0.9978595   0.5619947   5.5404881   2.9969300   0.9885796   0.5368167   4.5411399
  13.0000000   0.0037012   0.0015327  -0.0003817   0.0079419   0.0000000   0.0000000   0.0000000   0.0000000   3.0338589   0.9882013   0.5690845   5.4932775   2.9840259   0.9823105   0.5448209   4.6056026   3.0559909   0.9978595   0.5619947   5.5404881   3.0002700   0.9893424   0.5414542   4.6348819
  14.0000000   0.0035455   0.0014526  -0.0002543   0.0076552   0.0000000   0.0000000   0.0000000   0.0000000   3.0352764   0.9889112   0.5674781   5.4965401   2.9879197   0.9834634   0.5474569   4.6914296   3.0559909   0.9978595   0.5619947   5.5404881   3.0033744   0.9900543   0.5451669   4.7197004
  15.0000000   0.0034098   0.0013820  -0.0001426   0.0074206   0.0000000   0.0000000   0.0000000   0.0000000   3.0364780   0.9895163   0.5661886   5.4992087   2.9914375   0.9844352   0.5498673   4.7658065   3.0559909   0.9978595   0.5619947   5.5404881   3.0062301   0.9906511   0.5483812   4.7932090
  16.0000000   0.0032913   0.0013198  -0.0000475   0.0072301   0.0000000   0.0000000   0.0000000   0.0000000   3.0375031   0.9900361   0.5651774   5.5014151   2.9946631   0.9853579   0.5524876   4.8335246   3.0559909   0.9978595   0.5619947   5.5404881   3.0088948   0.9912547   0.5516246   4.8602357
  17.0000000   0.0031876   0.0012645   0.0000357   0.0070781   0.0000000   0.0000000   0.0000000   0.0000000   3.0383855   0.9904870   0.5643427   5.5032419   2.9978511   0.9862590   0.5541636   4.8939543   3.0559909   0.9978595   0.5619947   5.5404881   3.0116123   0.9918840   0.5537300   4.9200704
  18.0000000   0.0030966   0.0012154   0.0001080   0.0069593   0.0000000   0.0000000   0.0000000   0.0000000   3.0391487   0.9908804   0.5636505   5.5047542   3.0007252   0.9869942   0.5570992   4.9474857   3.0559909   0.9978595   0.5619947   5.5404881   3.0140733   0.9923785   0.5570581   4.9731105
  19.0000000   0.0030165   0.0011716   0.0001718   0.0068695   0.0000000   0.0000000   0.0000000   0.0000000   3.0398120   0.9912257   0.5630614   5.5059977   3.0031525   0.9875696   0.5589977   4.9955908   3.0559909   0.9978595   0.5619947   5.5404881   3.0161303   0.9927368   0.5592682   5.0208119
  20.0000000   0.0029459   0.0011323   0.0002281   0.0068050   0.0000000   0.0000000   0.0000000   0.0000000   3.0403902   0.9915302   0.5625556   5.5070078   3.0055190   0.9881288   0.5606479   5.0398284   3.0559909   0.9978595   0.5619947   5.5404881   3.0181727   0.9931037   0.5611818   5.0647277
  21.0000000   0.0028836   0.0010970   0.0002781   0.0067628   0.0000000   0.0000000   0.0000000   0.0000000   3.0408957   0.9917999   0.5621136   5.5078105   3.0077438   0.9885793   0.5620966   5.0786455   3.0559909   0.9978595   0.5619947   5.5404881   3.0201099   0.9933816   0.5629000   5.1033045
  22.0000000   0.0028285   0.0010652   0.0003226   0.0067400   0.0000000   0.0000000   0.0000000   0.0000000   3.0413384   0.9920396   0.5617236   5.5084267   3.0096503   0.9889510   0.5632414   5.1149286   3.0559909   0.9978595   0.5619947   5.5404881   3.0217604   0.9935980   0.5642484   5.1394322
  23.0000000   0.0027796   0.0010365   0.0003622   0.0067342   0.0000000   0.0000000   0.0000000   0.0000000   3.0417266   0.9922532   0.5613788   5.5088771   3.0115856   0.9893374   0.5644352   5.1473665   3.0559909   0.9978595   0.5619947   5.5404881   3.0234742   0.9938471   0.5656209   5.1717740
  24.0000000   0.0027361   0.0010104   0.0003975   0.0067432   0.0000000   0.0000000   0.0000000   0.0000000   3.0420676   0.9924442   0.5610738   5.5091812   3.0133928   0.9896981   0.5653469   5.1776950   3.0559909   0.9978595   0.5619947   5.5404881   3.0250870   0.9940851   0.5666704   5.2020566
  25.0000000   0.0026974   0.0009867   0.0004287   0.0067649   0.0000000   0.0000000   0.0000000   0.0000000   3.0423675   0.9926156   0.5608028   5.5093562   3.0151663   0.9900274   0.5662064   5.2040720   3.0559909   0.9978595   0.5619947   5.5404881   3.0266853   0.9943025   0.5676329   5.2284030
  26.0000000   0.0026627   0.0009651   0.0004563   0.0067972   0.0000000   0.0000000   0.0000000   0.0000000   3.0426319   0.9927698   0.5605610   5.5094172   3.0168265   0.9903347   0.5669264   5.2289760   3.0559909   0.9978595   0.5619947   5.5404881   3.0281866   0.9945078   0.5684756   5.2533282
  27.0000000   0.0026316   0.0009453   0.0004804   0.0068384   0.0000000   0.0000000   0.0000000   0.0000000   3.0428652   0.9929090   0.5603446   5.5093784   3.0184611   0.9906361   0.5675875   5.2515256   3.0559909   0.9978595   0.5619947   5.5404881   3.0296786   0.9947159   0.5692304   5.2759245
  28.0000000   0.0026036   0.0009271   0.0005013   0.0068865   0.0000000   0.0000000   0.0000000   0.0000000   3.0430716   0.9930350   0.5601512   5.5092534   3.0200723   0.9909551   0.5684450   5.2730977   3.0559909   0.9978595   0.5619947   5.5404881   3.0311610   0.9949498   0.5701784   5.2975788
  29.0000000   0.0025782   0.0009102   0.0005191   0.0069397   0.0000000   0.0000000   0.0000000   0.0000000   3.0432543   0.9931495   0.5599786   5.5090543   3.0216844   0.9912721   0.5689486   5.2929817   3.0559909   0.9978595   0.5619947   5.5404881   3.0326565   0.9951886   0.5707505   5.3175651
  30.0000000   0.0025550   0.0008947   0.0005339   0.0069961   0.0000000   0.0000000   0.0000000   0.0000000   3.0434167   0.9932537   0.5598249   5.5087920   3.0230987   0.9915109   0.5692108   5.3109743   3.0559909   0.9978595   0.5619947   5.5404881   3.0339627   0.9953545   0.5710757   5.3356760
  31.0000000   0.0025336   0.0008802   0.0005458   0.0070538   0.0000000   0.0000000   0.0000000   0.0000000   3.0435612   0.9933490   0.5596889   5.5084772   3.0244453   0.9917587   0.5694657   5.3280875   3.0559909   0.9978595   0.5619947   5.5404881   3.0352100   0.9955350   0.5713866   5.3529267
  32.0000000   0.0025139   0.0008666   0.0005549   0.0071111   0.0000000   0.0000000   0.0000000   0.0000000   3.0436904   0.9934364   0.5595702   5.5081208   3.0258545   0.9920377   0.5697411   5.3433949   3.0559909   0.9978595   0.5619947   5.5404881   3.0365286   0.9957519   0.5716980   5.3683728
  33.0000000   0.0024954   0.0008539   0.0005613   0.0071662   0.0000000   0.0000000   0.0000000   0.0000000   3.0438064   0.9935168   0.5594685   5.5077343   3.0267735   0.9920736   0.5695041   5.3573622   3.0559909   0.9978595   0.5619947   5.5404881   3.0373586   0.9957275   0.5714979   5.3824793
  34.0000000   0.0024779   0.0008419   0.0005650   0.0072173   0.0000000   0.0000000   0.0000000   0.0000000   3.0439112   0.9935911   0.5593838   5.5073297   3.0279565   0.9923021   0.5697335   5.3701903   3.0559909   0.9978595   0.5619947   5.5404881   3.0384600   0.9959007   0.5717433   5.3954395
  35.0000000   0.0024611   0.0008305   0.0005661   0.0072628   0.0000000   0.0000000   0.0000000   0.0000000   3.0440067   0.9936601   0.5593158   5.5069190   3.0290880   0.9925021   0.5698250   5.3827837   3.0559909   0.9978595   0.5619947   5.5404881   3.0395128   0.9960480   0.5718640   5.4081673
  36.0000000   0.0024450   0.0008196   0.0005647   0.0073011   0.0000000   0.0000000   0.0000000   0.0000000   3.0440944   0.9937244   0.5592641   5.5065140   3.0301833   0.9927019   0.5698620   5.3944073   3.0559909   0.9978595   0.5619947   5.5404881   3.0405335   0.9961981   0.5719074   5.4199129
  37.0000000   0.0024292   0.0008091   0.0005610   0.0073308   0.0000000   0.0000000   0.0000000   0.0000000   3.0441760   0.9937847   0.5592280   5.5061258   3.0311980   0.9928777   0.5699350   5.4052959   3.0559909   0.9978595   0.5619947   5.5404881   3.0414757   0.9963265   0.5719819   5.4309073
  38.0000000   0.0024135   0.0007991   0.0005551   0.0073507   0.0000000   0.0000000   0.0000000   0.0000000   3.0442528   0.9938415   0.5592068   5.5057647   3.0322247   0.9930680   0.5697563   5.4160953   3.0559909   0.9978595   0.5619947   5.5404881   3.0424316   0.9964713   0.5718042   5.4418003
  39.0000000   0.0023979   0.0007893   0.0005471   0.0073596   0.0000000   0.0000000   0.0000000   0.0000000   3.0443260   0.9938954   0.5591995   5.5054400   3.0332059   0.9932389   0.5697371   5.4255595   3.0559909   0.9978595   0.5619947   5.5404881   3.0433436   0.9965986   0.5717681   5.4513283
  40.0000000   0.0023822   0.0007798   0.0005374   0.0073569   0.0000000   0.0000000   0.0000000   0.0000000   3.0443968   0.9939467   0.5592054   5.5051599   3.0341357   0.9934028   0.5695046   5.4343634   3.0559909   0.9978595   0.5619947   5.5404881   3.0442043   0.9967203   0.5715164   5.4601701
  41.0000000   0.0023663   0.0007705   0.0005261   0.0073419   0.0000000   0.0000000   0.0000000   0.0000000   3.0444661   0.9939959   0.5592234   5.5049315   3.0350105   0.9935536   0.5694482   5.4427197   3.0559909   0.9978595   0.5619947   5.5404881   3.0450101   0.9968300   0.5714406   5.4685374
  42.0000000   0.0023500   0.0007614   0.0005134   0.0073144   0.0000000   0.0000000   0.0000000   0.0000000   3.0445348   0.9940433   0.5592526   5.5047606   3.0358436   0.9937042   0.5691917   5.4506862   3.0559909   0.9978595   0.5619947   5.5404881   3.0457741   0.9969408   0.5711503   5.4764800
  43.0000000   0.0023334   0.0007524   0.0004995   0.0072742   0.0000000   0.0000000   0.0000000   0.0000000   3.0446036   0.9940893   0.5592920   5.5046519   3.0366653   0.9938486   0.5690274   5.4579209   3.0559909   0.9978595   0.5619947   5.5404881   3.0465258   0.9970461   0.5709529   5.4836581
  44.0000000   0.0023163   0.0007435   0.0004847   0.0072214   0.0000000   0.0000000   0.0000000   0.0000000   3.0446732   0.9941340   0.5593403   5.5046090   3.0374219   0.9939808   0.5688730   5.4645463   3.0559909   0.9978595   0.5619947   5.5404881   3.0472115   0.9971400   0.5707586   5.4901902
  45.0000000   0.0022988   0.0007347   0.0004692   0.0071564   0.0000000   0.0000000   0.0000000   0.0000000   3.0447441   0.9941778   0.5593965   5.5046339   3.0381405   0.9941054   0.5685604   5.4708950   3.0559909   0.9978595   0.5619947   5.5404881   3.0478580   0.9972270   0.5704006   5.4964075
  46.0000000   0.0022807   0.0007260   0.0004531   0.0070797   0.0000000   0.0000000   0.0000000   0.0000000   3.0448169   0.9942208   0.5594595   5.5047277   3.0388218   0.9942223   0.5683040   5.4766742   3.0559909   0.9978595   0.5619947   5.5404881   3.0484657   0.9973066   0.5700962   5.5020166
  47.0000000   0.0022620   0.0007172   0.0004367   0.0069917   0.0000000   0.0000000   0.0000000   0.0000000   3.0448918   0.9942633   0.5595280   5.5048901   3.0394709   0.9943357   0.5679420   5.4820597   3.0559909   0.9978595   0.5619947   5.5404881   3.0490396   0.9973833   0.5696814   5.5071928
  48.0000000   0.0022429   0.0007085   0.0004200   0.0068933   0.0000000   0.0000000   0.0000000   0.0000000   3.0449691   0.9943053   0.5596010   5.5051199   3.0400847   0.9944410   0.5677016   5.4867408   3.0559909   0.9978595   0.5619947   5.5404881   3.0495763   0.9974520   0.5693853   5.5116245
  49.0000000   0.0022231   0.0006998   0.0004032   0.0067853   0.0000000   0.0000000   0.0000000   0.0000000   3.0450490   0.9943469   0.5596775   5.5054148   3.0406637   0.9945418   0.5673583   5.4912902   3.0559909   0.9978595   0.5619947   5.5404881   3.0500762   0.9975165   0.5689881   5.5158907
  50.0000000   0.0022029   0.0006912   0.0003864   0.0066685   0.0000000   0.0000000   0.0000000   0.0000000   3.0451317   0.9943884   0.5597567   5.5057717   3.0412065   0.9946346   0.5671875   5.4954826   3.0559909   0.9978595   0.5619947   5.5404881   3.0505381   0.9975733   0.5687611   5.5197655
  51.0000000   0.0021821   0.0006825   0.0003698   0.0065439   0.0000000   0.0000000   0.0000000   0.0000000   3.0452171   0.9944297   0.5598376   5.5061869   3.0417277   0.9947269   0.5669304   5.4995469   3.0559909   0.9978595   0.5619947   5.5404881   3.0509766   0.9976296   0.5684466   5.5234804
  52.0000000   0.0021609   0.0006738   0.0003533   0.0064125   0.0000000   0.0000000   0.0000000   0.0000000   3.0453054   0.9944710   0.5599196   5.5066563   3.0422230   0.9948122   0.5668370   5.5031308   3.0559909   0.9978595   0.5619947   5.5404881   3.0513874   0.9976790   0.5682940   5.5266833
  53.0000000   0.0021392   0.0006651   0.0003372   0.0062751   0.0000000   0.0000000   0.0000000   0.0000000   3.0453965   0.9945121   0.5600020   5.5071751   3.0427002   0.9948971   0.5664971   5.5064206   3.0559909   0.9978595   0.5619947   5.5404881   3.0517782   0.9977282   0.5678957   5.5295643
  54.0000000   0.0021170   0.0006565   0.0003215   0.0061329   0.0000000   0.0000000   0.0000000   0.0000000   3.0454904   0.9945533   0.5600842   5.5077385   3.0431554   0.9949808   0.5662911   5.5094969   3.0559909   0.9978595   0.5619947   5.5404881   3.0521452   0.9977762   0.5676316   5.5322069
  55.0000000   0.0020945   0.0006478   0.0003061   0.0059866   0.0000000   0.0000000   0.0000000   0.0000000   3.0455869   0.9945945   0.5601658   5.5083415   3.0436531   0.9950934   0.5661055   5.5124990   3.0559909   0.9978595   0.5619947   5.5404881   3.0525533   0.9978534   0.5673879   5.5347528
  56.0000000   0.0020716   0.0006392   0.0002912   0.0058372   0.0000000   0.0000000   0.0000000   0.0000000   3.0456859   0.9946357   0.5602462   5.5089791   3.0438399   0.9950492   0.5656974   5.5153321   3.0559909   0.9978595   0.5619947   5.5404881   3.0526482   0.9977734   0.5669219   5.5371094
  57.0000000   0.0020483   0.0006305   0.0002768   0.0056855   0.0000000   0.0000000   0.0000000   0.0000000   3.0457873   0.9946769   0.5603253   5.5096463   3.0442471   0.9951225   0.5653431   5.5177078   3.0559909   0.9978595   0.5619947   5.5404881   3.0529623   0.9978112   0.5665114   5.5389921
  58.0000000   0.0020248   0.0006219   0.0002629   0.0055323   0.0000000   0.0000000   0.0000000   0.0000000   3.0458909   0.9947182   0.5604026   5.5103383   3.0446029   0.9951830   0.5653094   5.5200286   3.0559909   0.9978595   0.5619947   5.5404881   3.0532237   0.9978362   0.5664238   5.5408067
  59.0000000   0.0020010   0.0006133   0.0002495   0.0053783   0.0000000   0.0000000   0.0000000   0.0000000   3.0459967   0.9947594   0.5604779   5.5110503   3.0449548   0.9952442   0.5650701   5.5219996   3.0559909   0.9978595   0.5619947   5.5404881   3.0534799   0.9978620   0.5661322   5.5422606
  60.0000000   0.0019770   0.0006047   0.0002366   0.0052240   0.0000000   0.0000000   0.0000000   0.0000000   3.0461042   0.9948006   0.5605511   5.5117781   3.0452801   0.9953022   0.5649142   5.5238662   3.0559909   0.9978595   0.5619947   5.5404881   3.0537085   0.9978848   0.5659252   5.5436023
  61.0000000   0.0019528   0.0005962   0.0002242   0.0050702   0.0000000   0.0000000   0.0000000   0.0000000   3.0462136   0.9948418   0.5606220   5.5125176   3.0455923   0.9953581   0.5648142   5.5255691   3.0559909   0.9978595   0.5619947   5.5404881   3.0539229   0.9979055   0.5657761   5.5447750
  62.0000000   0.0019285   0.0005877   0.0002124   0.0049173   0.0000000   0.0000000   0.0000000   0.0000000   3.0463244   0.9948829   0.5606905   5.5132649   3.0458894   0.9954115   0.5645895   5.5271916   3.0559909   0.9978595   0.5619947   5.5404881   3.0541215   0.9979239   0.5655038   5.5458648
  63.0000000   0.0019040   0.0005792   0.0002010   0.0047657   0.0000000   0.0000000   0.0000000   0.0000000   3.0464366   0.9949240   0.5607565   5.5140166   3.0461689   0.9954616   0.5645594   5.5286985   3.0559909   0.9978595   0.5619947   5.5404881   3.0543017   0.9979390   0.5654280   5.5468381
  64.0000000   0.0018795   0.0005708   0.0001902   0.0046158   0.0000000   0.0000000   0.0000000   0.0000000   3.0465501   0.9949650   0.5608200   5.5147696   3.0464406   0.9955110   0.5643769   5.5300652   3.0559909   0.9978595   0.5619947   5.5404881   3.0544736   0.9979536   0.5652013   5.5476722
  65.0000000   0.0018549   0.0005624   0.0001799   0.0044681   0.0000000   0.0000000   0.0000000   0.0000000   3.0466645   0.9950058   0.5608810   5.5155210   3.0466978   0.9955578   0.5642932   5.5313320   3.0559909   0.9978595   0.5619947   5.5404881   3.0546304   0.9979658   0.5650751   5.5484091
  66.0000000   0.0018302   0.0005541   0.0001701   0.0043227   0.0000000   0.0000000   0.0000000   0.0000000   3.0467798   0.9950465   0.5609395   5.5162684   3.0469455   0.9956032   0.5641308   5.5325244   3.0559909   0.9978595   0.5619947   5.5404881   3.0547773   0.9979768   0.5648719   5.5490761
  67.0000000   0.0018056   0.0005458   0.0001608   0.0041799   0.0000000   0.0000000   0.0000000   0.0000000   3.0468958   0.9950870   0.5609954   5.5170095   3.0471809   0.9956468   0.5639955   5.5335651   3.0559909   0.9978595   0.5619947   5.5404881   3.0549119   0.9979862   0.5646975   5.5495967
  68.0000000   0.0017810   0.0005376   0.0001519   0.0040399   0.0000000   0.0000000   0.0000000   0.0000000   3.0470123   0.9951273   0.5610488   5.5177424   3.0474041   0.9956882   0.5638961   5.5345689   3.0559909   0.9978595   0.5619947   5.5404881   3.0550340   0.9979936   0.5645611   5.5500875
  69.0000000   0.0017564   0.0005295   0.0001434   0.0039029   0.0000000   0.0000000   0.0000000   0.0000000   3.0471292   0.9951674   0.5610998   5.5184654   3.0476179   0.9957282   0.5638269   5.5355284   3.0559909   0.9978595   0.5619947   5.5404881   3.0551466   0.9979998   0.5644565   5.5505421
  70.0000000   0.0017319   0.0005214   0.0001355   0.0037690   0.0000000   0.0000000   0.0000000   0.0000000   3.0472464   0.9952072   0.5611483   5.5191771   3.0478248   0.9957670   0.5637105   5.5364041   3.0559909   0.9978595   0.5619947   5.5404881   3.0552525   0.9980051   0.5643062   5.5509216
  71.0000000   0.0017075   0.0005134   0.0001279   0.0036382   0.0000000   0.0000000   0.0000000   0.0000000   3.0473637   0.9952468   0.5611945   5.5198764   3.0480220   0.9958043   0.5636065   5.5371724   3.0559909   0.9978595   0.5619947   5.5404881   3.0553488   0.9980091   0.5641701   5.5512031
  72.0000000   0.0016831   0.0005055   0.0001207   0.0035108   0.0000000   0.0000000   0.0000000   0.0000000   3.0474810   0.9952861   0.5612385   5.5205622   3.0482090   0.9958398   0.5634921   5.5378606   3.0559909   0.9978595   0.5619947   5.5404881   3.0554352   0.9980116   0.5640250   5.5514145
  73.0000000   0.0016589   0.0004977   0.0001139   0.0033867   0.0000000   0.0000000   0.0000000   0.0000000   3.0475981   0.9953251   0.5612802   5.5212336   3.0483875   0.9958739   0.5633708   5.5384858   3.0559909   0.9978595   0.5619947   5.5404881   3.0555134   0.9980130   0.5638746   5.5515736
  74.0000000   0.0016349   0.0004899   0.0001075   0.0032659   0.0000000   0.0000000   0.0000000   0.0000000   3.0477151   0.9953638   0.5613198   5.5218902   3.0485569   0.9959063   0.5633439   5.5390623   3.0559909   0.9978595   0.5619947   5.5404881   3.0555828   0.9980130   0.5638202   5.5516950
  75.0000000   0.0016110   0.0004823   0.0001015   0.0031486   0.0000000   0.0000000   0.0000000   0.0000000   3.0478317   0.9954021   0.5613573   5.5225313   3.0487167   0.9959351   0.5632617   5.5396161   3.0559909   0.9978595   0.5619947   5.5404881   3.0556431   0.9980098   0.5637120   5.5518051
  76.0000000   0.0015873   0.0004747   0.0000958   0.0030345   0.0000000   0.0000000   0.0000000   0.0000000   3.0479478   0.9954401   0.5613929   5.5231565   3.0488750   0.9959652   0.5631529   5.5400853   3.0559909   0.9978595   0.5619947   5.5404881   3.0557025   0.9980081   0.5635782   5.5518419
  77.0000000   0.0015637   0.0004672   0.0000904   0.0029239   0.0000000   0.0000000   0.0000000   0.0000000   3.0480635   0.9954778   0.5614266   5.5237657   3.0490254   0.9959942   0.5630976   5.5405075   3.0559909   0.9978595   0.5619947   5.5404881   3.0557547   0.9980056   0.5634994   5.5518434
  78.0000000   0.0015404   0.0004598   0.0000853   0.0028165   0.0000000   0.0000000   0.0000000   0.0000000   3.0481785   0.9955150   0.5614584   5.5243586   3.0491704   0.9960224   0.5630285   5.5408974   3.0559909   0.9978595   0.5619947   5.5404881   3.0558021   0.9980028   0.5634081   5.5518242
  79.0000000   0.0015172   0.0004525   0.0000805   0.0027124   0.0000000   0.0000000   0.0000000   0.0000000   3.0482929   0.9955519   0.5614885   5.5249352   3.0493094   0.9960496   0.5629119   5.5412234   3.0559909   0.9978595   0.5619947   5.5404881   3.0558441   0.9979993   0.5632703   5.5517526
  80.0000000   0.0014943   0.0004453   0.0000759   0.0026116   0.0000000   0.0000000   0.0000000   0.0000000   3.0484065   0.9955883   0.5615169   5.5254955   3.0494401   0.9960751   0.5629867   5.5415261   3.0559909   0.9978595   0.5619947   5.5404881   3.0558786   0.9979943   0.5633256   5.5516694
  81.0000000   0.0014716   0.0004381   0.0000717   0.0025139   0.0000000   0.0000000   0.0000000   0.0000000   3.0485193   0.9956244   0.5615438   5.5260395   3.0495738   0.9961042   0.5628767   5.5417768   3.0559909   0.9978595   0.5619947   5.5404881   3.0559170   0.9979934   0.5631965   5.5515457
  82.0000000   0.0014491   0.0004311   0.0000676   0.0024194   0.0000000   0.0000000   0.0000000   0.0000000   3.0486312   0.9956600   0.5615691   5.5265674   3.0496991   0.9961313   0.5628522   5.5420294   3.0559909   0.9978595   0.5619947   5.5404881   3.0559477   0.9979908   0.5631546   5.5514356
  83.0000000   0.0014269   0.0004242   0.0000639   0.0023280   0.0000000   0.0000000   0.0000000   0.0000000   3.0487422   0.9956952   0.5615931   5.5270792   3.0498215   0.9961580   0.5627727   5.5422498   3.0559909   0.9978595   0.5619947   5.5404881   3.0559765   0.9979882   0.5630583   5.5513045
  84.0000000   0.0014049   0.0004173   0.0000603   0.0022395   0.0000000   0.0000000   0.0000000   0.0000000   3.0488522   0.9957300   0.5616156   5.5275753   3.0499386   0.9961836   0.5627046   5.5424512   3.0559909   0.9978595   0.5619947   5.5404881   3.0560009   0.9979848   0.5629745   5.5511655
  85.0000000   0.0013831   0.0004106   0.0000569   0.0021540   0.0000000   0.0000000   0.0000000   0.0000000   3.0489611   0.9957643   0.5616369   5.5280559   3.0500509   0.9962084   0.5626411   5.5426420   3.0559909   0.9978595   0.5619947   5.5404881   3.0560214   0.9979811   0.5628961   5.5510269
  86.0000000   0.0013616   0.0004039   0.0000538   0.0020714   0.0000000   0.0000000   0.0000000   0.0000000   3.0490690   0.9957982   0.5616569   5.5285212   3.0501595   0.9962326   0.5626132   5.5428021   3.0559909   0.9978595   0.5619947   5.5404881   3.0560391   0.9979772   0.5628542   5.5508684
  87.0000000   0.0013404   0.0003973   0.0000508   0.0019915   0.0000000   0.0000000   0.0000000   0.0000000   3.0491759   0.9958316   0.5616758   5.5289716   3.0502653   0.9962566   0.5625172   5.5429286   3.0559909   0.9978595   0.5619947   5.5404881   3.0560551   0.9979734   0.5627447   5.5506867
  88.0000000   0.0013194   0.0003909   0.0000480   0.0019144   0.0000000   0.0000000   0.0000000   0.0000000   3.0492815   0.9958646   0.5616936   5.5294072   3.0503653   0.9962795   0.5625353   5.5430515   3.0559909   0.9978595   0.5619947   5.5404881   3.0560662   0.9979688   0.5627504   5.5505117
  89.0000000   0.0012987   0.0003845   0.0000454   0.0018399   0.0000000   0.0000000   0.0000000   0.0000000   3.0493861   0.9958971   0.5617104   5.5298285   3.0504641   0.9963024   0.5624906   5.5431443   3.0559909   0.9978595   0.5619947   5.5404881   3.0560772   0.9979646   0.5626939   5.5503166
  90.0000000   0.0012782   0.0003782   0.0000429   0.0017680   0.0000000   0.0000000   0.0000000   0.0000000   3.0494894   0.9959292   0.5617262   5.5302358   3.0505595   0.9963245   0.5624440   5.5432035   3.0559909   0.9978595   0.5619947   5.5404881   3.0560858   0.9979601   0.5626362   5.5500977
  91.0000000   0.0012580   0.0003721   0.0000406   0.0016987   0.0000000   0.0000000   0.0000000   0.0000000   3.0495915   0.9959608   0.5617410   5.5306294   3.0506517   0.9963461   0.5624041   5.5432595   3.0559909   0.9978595   0.5619947   5.5404881   3.0560923   0.9979554   0.5625857   5.5498850
  92.0000000   0.0012381   0.0003660   0.0000384   0.0016317   0.0000000   0.0000000   0.0000000   0.0000000   3.0496925   0.9959920   0.5617550   5.5310097   3.0507412   0.9963675   0.5621164   5.5430288   3.0559909   0.9978595   0.5619947   5.5404881   3.0560971   0.9979509   0.5622883   5.5493950
  93.0000000   0.0012185   0.0003600   0.0000363   0.0015671   0.0000000   0.0000000   0.0000000   0.0000000   3.0497921   0.9960227   0.5617682   5.5313770   3.0507884   0.9963786   0.5625343   5.5430710   3.0559909   0.9978595   0.5619947   5.5404881   3.0560607   0.9979365   0.5626977   5.5491872
  94.0000000   0.0011991   0.0003541   0.0000343   0.0015049   0.0000000   0.0000000   0.0000000   0.0000000   3.0498906   0.9960530   0.5617806   5.5317317   3.0508791   0.9964016   0.5623842   5.5430733   3.0559909   0.9978595   0.5619947   5.5404881   3.0560689   0.9979343   0.5625383   5.5489480
  95.0000000   0.0011800   0.0003483   0.0000325   0.0014448   0.0000000   0.0000000   0.0000000   0.0000000   3.0499877   0.9960828   0.5617923   5.5320740   3.0509627   0.9964226   0.5623281   5.5430814   3.0559909   0.9978595   0.5619947   5.5404881   3.0560711   0.9979306   0.5624738   5.5487233
  96.0000000   0.0011611   0.0003425   0.0000308   0.0013869   0.0000000   0.0000000   0.0000000   0.0000000   3.0500836   0.9961122   0.5618033   5.5324044   3.0510441   0.9964430   0.5623002   5.5430734   3.0559909   0.9978595   0.5619947   5.5404881   3.0560721   0.9979265   0.5624382   5.5484907
  97.0000000   0.0011426   0.0003369   0.0000292   0.0013311   0.0000000   0.0000000   0.0000000   0.0000000   3.0501783   0.9961411   0.5618137   5.5327232   3.0511233   0.9964627   0.5622778   5.5430700   3.0559909   0.9978595   0.5619947   5.5404881   3.0560720   0.9979223   0.5624085   5.5482707
  98.0000000   0.0011243   0.0003314   0.0000276   0.0012773   0.0000000   0.0000000   0.0000000   0.0000000   3.0502716   0.9961696   0.5618234   5.5330308   3.0512012   0.9964824   0.5622596   5.5430526   3.0559909   0.9978595   0.5619947   5.5404881   3.0560718   0.9979183   0.5623833   5.5480445
  99.0000000   0.0011062   0.0003259   0.0000262   0.0012255   0.0000000   0.0000000   0.0000000   0.0000000   3.0503637   0.9961977   0.5618326   5.5333274   3.0512771   0.9965016   0.5622514   5.5430317   3.0559909   0.9978595   0.5619947   5.5404881   3.0560706   0.9979141   0.5623687   5.5478224
 100.0000000   0.0010884   0.0003206   0.0000249   0.0011756   0.0000000   0.0000000   0.0000000   0.0000000   3.0504545   0.9962253   0.5618412   5.5336134   3.0513517   0.9965205   0.5622405   5.5429988   3.0559909   0.9978595   0.5619947   5.5404881   3.0560691   0.9979101   0.5623518   5.5475955
 101.0000000   0.0010709   0.0003153   0.0000236   0.0011276   0.0000000   0.0000000   0.0000000   0.0000000   3.0505440   0.9962524   0.5618493   5.5338891   3.0514258   0.9965396   0.5622448   5.5429418   3.0559909   0.9978595   0.5619947   5.5404881   3.0560683   0.9979066   0.5623503   5.5473517
 102.0000000   0.0010537   0.0003101   0.0000224   0.0010813   0.0000000   0.0000000   0.0000000   0.0000000   3.0506322   0.9962792   0.5618570   5.5341548   3.0514983   0.9965583   0.5622295   5.5428916   3.0559909   0.9978595   0.5619947   5.5404881   3.0560670   0.9979031   0.5623296   5.5471215
 103.0000000   0.0010367   0.0003050   0.0000213   0.0010367   0.0000000   0.0000000   0.0000000   0.0000000   3.0507192   0.9963055   0.5618642   5.5344109   3.0515694   0.9965767   0.5622255   5.5428447   3.0559909   0.9978595   0.5619947   5.5404881   3.0560653   0.9978996   0.5623206   5.5469014
 104.0000000   0.0010200   0.0003000   0.0000202   0.0009938   0.0000000   0.0000000   0.0000000   0.0000000   3.0508049   0.9963314   0.5618710   5.5346576   3.0516395   0.9965948   0.5622238   5.5427920   3.0559909   0.9978595   0.5619947   5.5404881   3.0560637   0.9978962   0.5623141   5.5466818
 105.0000000   0.0010035   0.0002950   0.0000192   0.0009526   0.0000000   0.0000000   0.0000000   0.0000000   3.0508893   0.9963568   0.5618774   5.5348953   3.0517086   0.9966128   0.5622285   5.5427321   3.0559909   0.9978595   0.5619947   5.5404881   3.0560622   0.9978929   0.5623144   5.5464613
 106.0000000   0.0009873   0.0002902   0.0000182   0.0009128   0.0000000   0.0000000   0.0000000   0.0000000   3.0509725   0.9963819   0.5618834   5.5351242   3.0517773   0.9966308   0.5622153   5.5426872   3.0559909   0.9978595   0.5619947   5.5404881   3.0560612   0.9978902   0.5622969   5.5462619
 107.0000000   0.0009713   0.0002854   0.0000174   0.0008746   0.0000000   0.0000000   0.0000000   0.0000000   3.0510544   0.9964066   0.5618891   5.5353446   3.0518448   0.9966487   0.5622236   5.5426294   3.0559909   0.9978595   0.5619947   5.5404881   3.0560602   0.9978875   0.5623013   5.5460553
 108.0000000   0.0009556   0.0002807   0.0000165   0.0008379   0.0000000   0.0000000   0.0000000   0.0000000   3.0511352   0.9964308   0.5618944   5.5355569   3.0519114   0.9966663   0.5622216   5.5425699   3.0559909   0.9978595   0.5619947   5.5404881   3.0560592   0.9978850   0.5622955   5.5458527
 109.0000000   0.0009401   0.0002761   0.0000157   0.0008025   0.0000000   0.0000000   0.0000000   0.0000000   3.0512146   0.9964547   0.5618995   5.5357611   3.0519779   0.9966840   0.5622212   5.5425360   3.0559909   0.9978595   0.5619947   5.5404881   3.0560592   0.9978828   0.5622914   5.5456812
 110.0000000   0.0009249   0.0002716   0.0000150   0.0007685   0.0000000   0.0000000   0.0000000   0.0000000   3.0512929   0.9964781   0.5619042   5.5359577   3.0520431   0.9967013   0.5622607   5.5425125   3.0559909   0.9978595   0.5619947   5.5404881   3.0560590   0.9978805   0.5623277   5.5455254
 111.0000000   0.0009099   0.0002671   0.0000143   0.0007358   0.0000000   0.0000000   0.0000000   0.0000000   3.0513699   0.9965012   0.5619087   5.5361469   3.0521111   0.9967196   0.5622449   5.5424871   3.0559909   0.9978595   0.5619947   5.5404881   3.0560625   0.9978796   0.5623088   5.5453727
 112.0000000   0.0008952   0.0002627   0.0000136   0.0007044   0.0000000   0.0000000   0.0000000   0.0000000   3.0514458   0.9965239   0.5619129   5.5363289   3.0521763   0.9967370   0.5622281   5.5424646   3.0559909   0.9978595   0.5619947   5.5404881   3.0560642   0.9978781   0.5622890   5.5452279
 113.0000000   0.0008806   0.0002584   0.0000130   0.0006743   0.0000000   0.0000000   0.0000000   0.0000000   3.0515205   0.9965462   0.5619169   5.5365039   3.0522394   0.9967538   0.5622910   5.5424666   3.0559909   0.9978595   0.5619947   5.5404881   3.0560648   0.9978763   0.5623492   5.5451123
 114.0000000   0.0008664   0.0002541   0.0000124   0.0006452   0.0000000   0.0000000   0.0000000   0.0000000   3.0515940   0.9965681   0.5619206   5.5366723   3.0523063   0.9967718   0.5623521   5.5424704   3.0559909   0.9978595   0.5619947   5.5404881   3.0560701   0.9978760   0.5624078   5.5450032
 115.0000000   0.0008523   0.0002500   0.0000118   0.0006174   0.0000000   0.0000000   0.0000000   0.0000000   3.0516664   0.9965897   0.5619241   5.5368341   3.0523738   0.9967898   0.5623560   5.5424845   3.0559909   0.9978595   0.5619947   5.5404881   3.0560772   0.9978760   0.5624092   5.5449087
 116.0000000   0.0008385   0.0002459   0.0000113   0.0005906   0.0000000   0.0000000   0.0000000   0.0000000   3.0517376   0.9966109   0.5619275   5.5369897   3.0524420   0.9968081   0.5623558   5.5425109   3.0559909   0.9978595   0.5619947   5.5404881   3.0560857   0.9978766   0.5624065   5.5448309
 117.0000000   0.0008249   0.0002418   0.0000108   0.0005649   0.0000000   0.0000000   0.0000000   0.0000000   3.0518077   0.9966318   0.5619306   5.5371393   3.0525097   0.9968263   0.5623808   5.5425462   3.0559909   0.9978595   0.5619947   5.5404881   3.0560948   0.9978775   0.5624294   5.5447659
 118.0000000   0.0008115   0.0002379   0.0000103   0.0005402   0.0000000   0.0000000   0.0000000   0.0000000   3.0518766   0.9966523   0.5619336   5.5372830   3.0525779   0.9968446   0.5624368   5.5426069   3.0559909   0.9978595   0.5619947   5.5404881   3.0561053   0.9978787   0.5624834   5.5447306
 119.0000000   0.0007983   0.0002340   0.0000099   0.0005166   0.0000000   0.0000000   0.0000000   0.0000000   3.0519445   0.9966725   0.5619364   5.5374211   3.0526502   0.9968645   0.5620532   5.5425582   3.0559909   0.9978595   0.5619947   5.5404881   3.0561208   0.9978817   0.5620968   5.5404881
