   0.0000000  -1.2236105  -1.2236105  -1.2236105  -1.2236105  -1.2236105  -1.2236105************************************************************************
   0.0773665  -1.1294710  -1.1165137  -1.3302918  -1.3293011  -1.3225517  -1.3017158************************************************************************
   0.2188256  -0.9711908  -1.3465402  -1.3361550  -1.3341166  -1.3202301  -1.2773611************************************************************************
   0.4020084  -0.7714174  -1.3496933  -1.3338552  -1.3307466  -1.3095689  -1.4902431************************************************************************
   0.6189324  -0.5381495  -1.3482841  -1.5989841  -1.5947903  -1.5662194  -1.7738156************************************************************************
   0.8649843  -0.2759966  -1.6396551  -1.6127016  -1.6074112  -1.5713706  -1.7778661************************************************************************
   1.1370514   0.0119363  -1.6550199  -1.6224339  -1.9543296  -1.9107575  -2.1338941************************************************************************
   1.4328485   0.3233725  -1.6673172  -1.9867082  -1.9791992  -1.9280438  -2.5396439************************************************************************
   1.7506051   0.6565497  -2.0531535  -2.0091917  -2.0005630  -2.3352929  -2.9904640************************************************************************
   2.0888967   1.0100510  -2.0784465  -2.4390216  -2.4292675  -2.7891872  -3.0259318************************************************************************
   2.4465450  -1.4398491  -2.5276474  -2.4721919  -2.4613072  -2.8290378  -3.5283706************************************************************************
   2.8225539  -1.8528163  -2.5638669  -2.9594966  -2.9474767  -3.3369697  -4.0687698************************************************************************
   3.2160669  -1.8710574  -2.5977050  -3.0020393  -2.9888800  -3.3846869  -4.1195174************************************************************************
   3.6263376  -1.8882403  -3.1148858  -3.0420165  -3.0277139  -3.9418594  -4.7045766************************************************************************
   4.0527075  -1.9044920  -3.1584027  -3.5921382  -3.5766887  -3.9968636  -5.3230585************************************************************************
   4.4945902  -1.9199179  -3.1998544  -3.6407063  -3.6241066  -4.5995705  -5.9734449************************************************************************
   4.9514589  -1.9346070  -3.2394289  -3.6870682  -4.2197764  -4.6613944  -6.0458441************************************************************************
   5.4228375  -1.9486348  -3.8277493  -4.2939703  -4.2750607  -5.3066601  -6.7344603************************************************************************
   5.9082922  -1.9620662  -3.8761345  -4.3482954  -4.9142402  -5.3749162  -7.4521477************************************************************************
   6.4074262  -1.9749573  -3.9228138  -4.9980559  -4.9768254  -5.4407547  -8.1978913************************************************************************
   6.9198742  -1.9873571  -4.5653054  -5.0597701  -5.0373754  -6.1346438  -8.2891424************************************************************************
   7.4452991  -1.9993088  -4.6200995  -5.1195869  -5.7263298  -6.3363007  -9.0688533************************************************************************
   7.9833879  -2.5852575  -4.6733198  -5.8185262  -5.7937959  -6.9382206  -9.8746375************************************************************************
   8.5338492  -2.6080285  -5.3659642  -6.5469013  -6.5209998  -7.0162266  -9.9763984************************************************************************
   9.0964109  -2.6302278  -4.9050101  -5.9503856  -6.5949916  -7.7836185 -10.8139327************************************************************************
   9.6708183  -2.6518949  -5.4860615  -6.6954465  -6.6671967  -7.8672975 -11.6759261************************************************************************
  10.2568317  -2.6730657  -5.5439895  -6.7671376  -7.4388228  -8.6690684 -11.7876212************************************************************************
  10.8542259  -2.6937727  -6.2920463  -7.5478786  -7.5172726  -8.7581916 -12.6795324************************************************************************
  11.4627879  -2.7140455  -6.3570899  -7.6258594  -7.5940727  -9.5930086 -13.5945561************************************************************************
  12.0823164  -2.2121743  -6.4208211  -7.7022712  -8.4078339  -9.6873733 -14.5321736************************************************************************
  12.7126207  -2.7533941  -6.4833033  -8.5247811  -8.4906278 -10.5540478 -14.6590884************************************************************************
  13.3535196  -2.7725174  -7.2831267  -8.6072224  -8.5718834 -10.6534723 -15.6244489************************************************************************
  13.4831040  -2.6406145  -7.1481162  -8.4710013  -9.2008216 -10.5153949 -15.4813743************************************************************************
  14.6664200  -2.8097664  -7.4203679  -9.5505520  -9.5128368 -11.6552563 -16.7470067************************************************************************
  15.3381007  -2.8279294  -7.4872480  -9.6373213  -9.5984157 -11.7578552 -17.7603842************************************************************************
  16.0197331  -2.8458071  -8.3358273  -9.7227036 -10.4907962 -12.6916089 -18.7943479************************************************************************
  16.7111740  -2.8634149  -8.4091159  -9.8067529 -10.5819419 -12.7990046 -18.9384463************************************************************************
  17.4122861  -2.8807671  -8.4813035 -10.7142052 -10.6717203 -13.7615126 -19.9978150************************************************************************
  18.1229380  -2.8978770  -8.5524321 -10.8038622 -11.6010392 -13.8735653 -21.0769481************************************************************************
  18.8430031  -2.9147571  -8.6225411 -10.8922506 -11.6962009 -14.8640350 -21.2291633************************************************************************
  19.5723600  -2.9314190  -9.5244789 -11.8361392 -11.7900630 -14.9806165 -22.3327344************************************************************************
  20.3108919  -2.9478737  -9.6007056 -11.9299454 -12.7549724 -15.0956643 -23.4553394************************************************************************
  21.0584860  -2.9641314  -9.6759423 -12.0225390 -12.8540510 -16.1193098 -23.6153977************************************************************************
  21.8150339  -2.9802016  -9.7502226 -13.0015673 -12.9518888 -16.2388036 -24.7615764************************************************************************
  22.5804308  -2.9960936  -9.8235782 -13.0994067 -13.0485252 -17.2888600 -25.9261341************************************************************************
  23.3545756  -3.0118157 -10.7760280 -13.1960831 -14.0540800 -17.4126883 -26.0937875************************************************************************
  24.1373705  -3.0273760 -10.8552427 -13.2916319 -14.1557928 -18.4885378 -27.2811405************************************************************************
  24.9287209  -3.0427822 -10.9335540 -14.3108494 -14.2563520 -18.6165971 -28.4862806************************************************************************
  25.7285354  -3.0580414 -11.0109896 -14.4114959 -15.2950040 -18.7432614 -28.6613035************************************************************************
  26.5367253  -2.2403496 -11.0875758 -14.5110555 -15.4004976 -19.8498572 -29.8885330************************************************************************
  27.3532047  -2.2472881 -11.1633375 -14.6095587 -15.5048803 -19.9806828 -31.1330117************************************************************************
  28.1778902  -2.2541752 -12.1703144 -15.6675158 -15.6081826 -20.1101759 -31.3151972************************************************************************
  29.0107011  -2.2610148 -12.2516952 -15.7709782 -16.6848355 -21.2467345 -32.5811212************************************************************************
  29.8515587  -2.2678101 -12.3322654 -15.8734182 -16.7929494 -21.3803205 -32.7659211************************************************************************
  30.7003869  -2.2745645 -12.4120473 -15.9748624 -16.9000187 -22.5408320 -34.0529604************************************************************************
  31.5571114  -2.2812812 -12.4910620 -17.0702545 -17.0060700 -22.6784240 -35.3564962************************************************************************
  32.4216602  -1.4079746 -12.5693299 -17.1765284 -18.1194923 -22.8147594 -35.5482054************************************************************************
  33.2939630  -1.4070054 -12.6468704 -17.2818353 -18.2302392 -24.0039412 -36.8722919************************************************************************
  34.1739515  -1.4060719 -13.7118290 -17.3861987 -18.3399984 -24.1442206 -37.0665440************************************************************************
  35.0615593  -1.4051748 -13.7947618 -18.5178437 -18.4487934 -24.2832909 -38.4108900************************************************************************
  35.9567213  -1.4043153 -13.8769751 -18.6269159 -19.5978651 -25.5005036 -39.7710701************************************************************************
  36.8593745  -0.4934114 -13.9584867 -18.7350692 -19.7112463 -25.6434573 -39.9720017************************************************************************
  37.7694572  -0.4852598 -14.0393133 -18.8423248 -19.8236895 -26.8831265 -41.3519411************************************************************************
  38.6869091  -0.4772068 -14.1194712 -18.9487028 -19.9352156 -27.0298898 -41.5553480************************************************************************
  39.6116716  -0.4692517 -14.1989762 -20.1209963 -21.1189121 -27.1755024 -42.9547872************************************************************************
  40.5436873  -0.4613938 -14.2778433 -20.2319709 -21.2349211 -28.4421353 -43.1606595************************************************************************
  41.4829002  -0.4536324 -14.3560871 -20.3420879 -21.3500358 -28.5915024 -44.5793488************************************************************************
  42.4292557  -0.4459669 -14.4337217 -20.4513656 -21.4642748 -28.7397564 -46.0130863************************************************************************
  43.3827000   0.5150477 -15.5712031 -20.5598215 -21.5776565 -30.0328185 -46.2253749************************************************************************
  44.3431811   0.5295599 -15.6539906 -21.7714705 -22.8002791 -30.1847735 -47.6779319************************************************************************
  45.3106475   0.5439269 -15.7361711 -21.8844163 -22.9180480 -30.3356500 -47.8926224************************************************************************
  46.2850494   0.5581503 -15.8177573 -21.9965567 -23.0349783 -30.4854685 -49.3637739************************************************************************
  47.2663377   0.5722318 -15.8987617 -22.1079077 -23.1510864 -31.8091626 -49.5808557************************************************************************
  48.2544643   0.5861730 -15.9791965 -22.2184849 -23.2663884 -31.9626417 -51.0703847************************************************************************
  49.2493824   0.5999754 -16.0590734 -22.3283032 -24.5267986 -32.1150930 -52.5742821************************************************************************
  50.2510457   0.6136405 -16.1384037 -22.4373772 -24.6463959 -33.4641549 -52.7975436************************************************************************
  51.2594093   0.6271698 -16.2171984 -23.6974815 -24.7652025 -33.6202157 -54.3194427************************************************************************
  52.2744289   0.6405647 -16.2954682 -23.8109408 -24.8832332 -33.7752769 -55.8554224************************************************************************
  53.2960611   0.6538266 -16.3732235 -23.9236678 -25.0005021 -35.1492589 -56.0847398************************************************************************
  54.3242633   0.6669568 -16.4504742 -24.0356758 -25.1170230 -35.3078803 -57.6383676************************************************************************
  55.3589940   1.7081589 -16.5272302 -24.1469779 -26.4191303 -35.4655283 -57.8699718************************************************************************
  56.4002121   1.7275581 -16.6035007 -24.2575866 -26.5398578 -35.6222191 -59.4410618************************************************************************
  57.4478775   1.7467884 -16.6792952 -24.3675143 -26.6598498 -37.0251660 -59.6749426************************************************************************
  58.5019507   1.7658520 -16.7546223 -25.6743924 -26.7791188 -37.1853774 -61.2633144************************************************************************
  59.5623930   2.8324160 -16.8294910 -25.7886029 -26.8976772 -37.3446550 -61.4994617************************************************************************
  60.6291664   2.8575594 -16.9039094 -25.9021412 -27.0155371 -37.5030139 -63.1049404************************************************************************
  61.7022336   2.8825029 -16.9778859 -26.0150186 -27.1327102 -38.9343754 -63.3433438************************************************************************
  62.7815578   3.9676913 -17.0514285 -26.1272461 -27.2492079 -39.0962151 -64.9657596************************************************************************
  63.8671030   3.9985734 -17.1245448 -26.2388345 -28.6013930 -39.2571571 -65.2064087************************************************************************
  64.9588337   4.0292254 -17.1972424 -26.3497944 -28.7220074 -40.7120930 -66.8455966************************************************************************
  66.0567151   5.1327173 -17.2695287 -26.4601359 -28.8419553 -40.8764704 -67.0884806************************************************************************
  67.1607129   5.1691749 -17.3414108 -26.5698690 -28.9612471 -41.0399696 -67.3300913************************************************************************
  68.2707934   5.2053748 -17.4128957 -26.6790034 -29.0798933 -41.2026039 -68.9893887************************************************************************
  69.3869234   6.3268657 -17.4839902 -26.7875487 -29.1979038 -41.3643859 -69.2332421************************************************************************
  70.5090705   6.3687458 -17.5547009 -28.1588047 -29.3152886 -42.8510409 -70.9089664************************************************************************
  71.6372023   6.4103431 -17.6250343 -28.2715182 -29.4320573 -43.0162251 -71.1550511************************************************************************
  72.7712874   7.5495428 -17.6949966 -28.3836474 -29.5482191 -43.1805743 -72.8470513************************************************************************
  73.9112948   7.5967019 -17.7645940 -28.4952011 -29.6637832 -43.3441003 -73.0953558************************************************************************
  75.0571937   8.7475531 -16.5974807 -28.6061880 -31.0736367 -44.8576857 -73.3424559************************************************************************
  76.2089540   8.8001873 -16.6609315 -28.7166166 -31.1932220 -45.0245753 -75.0539980************************************************************************
  77.3665461   9.9625709 -16.7240586 -28.8264951 -31.3122153 -45.1906575 -75.3033223************************************************************************
  78.5299407  10.0205966 -16.7868672 -28.9358316 -31.4306250 -45.3559431 -77.0308233************************************************************************
  79.6991091  10.0782671 -16.8493625 -29.0446340 -31.5484596 -45.5204431 -77.2823599************************************************************************
  80.8740228  11.2577338 -16.9115495 -29.1529100 -31.6657272 -47.0646236 -77.5327378************************************************************************
  82.0546539  11.3206921 -16.9734331 -29.2606671 -31.7824358 -47.2324529 -79.2794180************************************************************************
  83.2409748  12.5114087 -17.0350181 -29.3679128 -31.8985934 -47.3995104 -79.5320107************************************************************************
  84.4329584  12.5795781 -17.0963091 -29.4746543 -32.0142076 -47.5658062 -81.2943498************************************************************************
  85.6305780  13.7814375 -17.1573107 -29.5808986 -32.1292858 -47.7313501 -81.5491449************************************************************************
  86.8338070  13.8547438 -15.9335921 -29.6866526 -32.2438354 -49.3055712 -81.8028228************************************************************************
  88.0426196  15.0676415 -15.9887963 -29.7919231 -32.3578637 -49.4744096 -83.5839972************************************************************************
  89.2569899  15.1460129 -16.0437453 -29.8967168 -32.4713776 -49.6425085 -83.8398783************************************************************************
  90.4768927  16.3698477 -16.0984430 -30.0010400 -32.5843840 -49.8098771 -85.6364275************************************************************************
  91.7023030  16.4532148 -16.1528934 -30.1048991 -32.6968898 -49.9765245 -85.8944994************************************************************************
  92.9331962  17.6878878 -16.2071001 -30.2083004 -32.8089014 -50.1424595 -87.7062992************************************************************************
  94.1695480  17.7761834 -14.9506807 -30.3112500 -32.9204254 -51.7501665 -87.9665496************************************************************************
  95.4113343  19.0215987 -14.9992823 -30.4137537 -33.0314682 -51.9193634 -88.2257325************************************************************************
  96.6585315  19.1147577 -15.0476709 -30.5158175 -33.1420358 -52.0878585 -90.0558952************************************************************************
  97.9111162  20.3708216 -15.0958498 -30.6174471 -33.2521346 -52.2556603 -90.3172559************************************************************************
  99.1690653  20.4687809 -15.1438221 -30.7186480 -33.3617703 -52.4227769 -92.1624060************************************************************************
 100.4323560  21.7354024 -13.8608083 -30.8194259 -33.4709489 -52.5892164 -92.4259320************************************************************************
 101.7009660  23.0072692 -13.9033262 -30.9197860 -33.5796762 -52.7549866 -92.6884244************************************************************************
 102.9748728  23.1151910 -13.9456655 -31.0197337 -33.6879577 -54.3994456 -94.5516334************************************************************************
 104.2540547  24.3974829 -13.9878289 -31.1192742 -33.7957990 -54.5684454 -94.8162895************************************************************************
 105.5384900  24.5100414 -14.0298191 -31.2184126 -33.9032055 -54.7367850 -96.6942353************************************************************************
 106.8281571  22.2437371 -12.7207677 -31.3171538 -34.0101825 -54.9044718 -96.9610428************************************************************************
 108.1230351  23.5415068 -12.7574436 -31.4155027 -34.1167353 -55.0715131 -98.8536158************************************************************************
 109.4231031  23.6467748 -12.7939719 -30.0897838 -34.2228689 -55.2379162 -99.1225625************************************************************************
 110.7283403  24.9547595 -12.8303551 -30.1826406 -34.3285885 -55.4036880 -99.3905164************************************************************************
 112.0387264  25.0645925 -12.8665951 -30.2751348 -34.4338989 -55.5688356-101.3007294************************************************************************
 113.3542413  26.3827117 -11.5320292 -30.3672709 -34.5388050 -57.2531306-101.5708200************************************************************************
 114.6748649  27.7058686 -11.5630855 -30.4590532 -34.6433115 -57.4214745-103.4954268************************************************************************
 116.0005778  27.8252312 -11.5940225 -30.5504859 -34.7474232 -57.5892015-103.7676419************************************************************************
 117.3313603  29.1584053 -11.6248420 -30.6415731 -34.8511446 -57.7563182-105.7065403************************************************************************
 118.6671932  29.2821890 -10.2702207 -30.7323191 -33.4888493 -57.9228310-105.9808681************************************************************************
 120.0080576  30.6253042 -10.2959581 -30.8227277 -33.5872163 -58.0887464-106.2542399************************************************************************
 121.3539345  31.9733621 -10.3216002 -30.9128029 -33.6852206 -58.2540706-108.2103868************************************************************************
 122.7048055  32.1064414  -8.9521358 -29.5369176 -33.7828664 -58.4188098-108.4858681************************************************************************
 124.0606521  33.4643297  -8.9727730 -29.6217504 -33.8801576 -58.5829700-108.7604106************************************************************************
 125.4214561  33.6016957  -8.9933359 -29.7062754 -33.9770984 -58.7465573-109.0340231************************************************************************
 126.7871995  34.9693425  -7.6091921 -29.7904963 -34.0736927 -58.9095774-111.0103157************************************************************************
 128.1578646  36.3418420  -7.6248243 -29.8744165 -34.1699443 -59.0720363-111.2860420************************************************************************
 129.5334336  36.4882838  -6.2309826 -29.9580395 -34.2658570 -59.2339394-111.5608545************************************************************************
 130.9138893  37.8704370  -6.2417373 -30.0413686 -32.8594976 -59.3952925-111.8347615************************************************************************
 132.2992143  39.2573914  -6.2524558 -28.6314639 -32.9502670 -61.1409350-112.1077712************************************************************************
 133.6893916  39.4127784  -4.8441960 -28.7097116 -33.0407219 -61.3054476-112.3798916************************************************************************
 135.0844044  40.8092848  -4.8501066 -28.7876886 -33.1308657 -61.4694150-114.3821797************************************************************************
 136.4842358  42.2105425  -3.4323186 -28.8653981 -33.2207017 -61.6328428-114.6564309************************************************************************
 137.8888695  42.3747487  -3.4334715 -28.9428430 -33.3102334 -61.7957360-114.9298074************************************************************************
 139.2982890  43.7854600  -3.4346231 -27.5091490 -33.3994639 -61.9580999-115.2023170************************************************************************
 140.7124781  45.2008741  -2.0026649 -27.5816231 -31.9597959 -62.1199396-115.4739672************************************************************************
 142.1314208  46.6209751  -1.9991242 -27.6538543 -32.0440350 -62.2812600-115.7447655************************************************************************
 143.5551012  46.7985501  -0.5577988 -27.7258453 -32.1279951 -62.4420662-116.0147190************************************************************************
 144.9835037  48.2279780  -0.5496132 -27.7975987 -32.2116791 -62.6023630-116.2838352************************************************************************
 146.4166126  49.6620464  -0.5414585 -26.3405163 -32.2950901 -62.7621553-116.5521210************************************************************************
 147.8544126  49.8481552   0.9138016 -26.4074034 -32.3782308 -62.9214476-116.8195834************************************************************************
 149.2968883  51.2914588   0.9265397 -26.4740731 -30.9106339 -63.0802448-117.0862295************************************************************************
 150.7440247  52.7393577   2.3910138 -26.5405278 -30.9889056 -63.2385514-117.3520660************************************************************************
 152.1958069  54.1918369   2.4082906 -26.6067698 -31.0669275 -63.3963719-119.3980010************************************************************************
 153.6522199  55.6488820   2.4255065 -25.1266804 -31.1447023 -63.5537108-119.6660156************************************************************************
 155.1132492  55.8525293   3.9036912 -25.1881548 -29.6587872 -63.7105725-119.9332326************************************************************************
 156.5788802  57.3186626   3.9253877 -25.2494355 -29.7317741 -63.8669613-120.1996585************************************************************************
 158.0490985  58.7893187   3.9470096 -23.7557173 -29.8045331 -64.0228816-120.4652998************************************************************************
 159.5238897  60.2644834   3.9685570 -23.8122918 -29.8770666 -64.1783374-120.7301627************************************************************************
 161.0032399  60.4808521   3.9900303 -23.8686907 -29.9493769 -64.3333330-120.9942537************************************************************************
 162.4871349  61.9649924   4.0114298 -23.9249159 -28.4408871 -64.4878725-121.2575787************************************************************************
 163.9755609  63.4535999   4.0327558 -22.4132231 -28.5085032 -62.9662555-121.5201440************************************************************************
 165.4685042  64.9466610   4.0540084 -22.4648172 -28.5759144 -63.1158811-121.7819556************************************************************************
 166.9659510  66.4441623   4.0751881 -22.5162547 -28.6431226 -63.2650720-122.0430193************************************************************************
 168.4678880  67.9460904   4.0962950 -20.9912242 -27.1168209 -63.4138322-122.3033412************************************************************************
 169.9743017  69.4524321   4.1173295 -21.0380877 -27.1794086 -63.5621653-122.5629269************************************************************************
 171.4851789  70.9631744   4.1382918 -21.0848112 -27.2418107 -63.7100751-122.8217823************************************************************************
 173.0005064  71.2096942   5.6700594 -19.5465623 -25.7022896 -63.8575652-123.0799129************************************************************************
 174.5202712  72.7291987   5.6953285 -19.5887670 -25.7601273 -64.0046392-123.3373244************************************************************************
 176.0444604  74.2530651   5.7205131 -19.6308476 -25.8177958 -64.1513007-123.5940222************************************************************************
 177.5730611  75.7812808   5.7456137 -18.0794962 -25.8752969 -64.2975532-123.8500118************************************************************************
 179.1060606  76.0399264   5.7706306 -18.1171117 -24.3183300 -64.4434001-124.1052986************************************************************************
 180.6434465  77.5768033   5.7955641 -18.1546181 -24.3713352 -64.5888449-124.3598879************************************************************************
 182.1852062  79.1179921   5.8204147 -16.5902775 -24.4241887 -64.7338910-124.6137849************************************************************************
 183.7313272  80.6634807   5.8451826 -16.6233709 -22.8542686 -63.1552901-126.7292235************************************************************************
 185.2817975  82.2132571   5.8698683 -16.6563699 -22.9026786 -63.2956455-126.9853639************************************************************************
 186.8366047  83.7673091   5.8944721 -15.0791501 -22.9509519 -63.4356208-127.2408205************************************************************************
 188.3957369  85.3256250   5.9189942 -15.1077866 -21.3681879 -63.5752191-127.4955982************************************************************************
 189.9591820  86.8881928   5.9434352 -15.1363427 -21.4120685 -63.7144436-127.7497021************************************************************************
 191.5269283  88.4550009   5.9677952 -13.5463511 -19.8208013 -63.8532974-128.0031370************************************************************************
 193.0989638  90.0260377   5.9920746 -13.5705938 -19.8603257 -63.9917835-128.2559078************************************************************************
 194.6752771  91.6012915   6.0162738 -11.9721461 -19.8997408 -64.1299048-128.5080194************************************************************************
 196.2558564  93.1807511   6.0403930 -11.9921109 -18.2958057 -64.2676643-128.7594765************************************************************************
 197.8406903  94.7644051   6.0644326 -10.3852529 -18.3309129 -62.6508311-129.0102837************************************************************************
 199.4297674  96.3522422   6.0883930 -10.4009747 -18.3659244 -62.7840414-129.2604457************************************************************************
 201.0230764  97.9442513   6.1122743  -8.7857514 -16.7494238 -62.9169069-129.5099672************************************************************************
 202.6206062  99.5404213   6.1360770  -8.7972644 -16.7801744 -63.0494303-129.7588525************************************************************************
 204.2223455 101.1407413   6.1598012  -8.8087461 -15.1553524 -63.1816144-130.0071063************************************************************************
 205.8282833 102.7452003   6.1834475  -7.1810579 -15.1818760 -63.3134619-132.1704337************************************************************************
 207.4384088 104.3537876   6.2070159  -7.1883756 -13.5487762 -61.6716525-132.4209495************************************************************************
 209.0527109 105.9664923   6.2305069  -5.5524319 -13.5711063 -61.7990414-132.6708403************************************************************************
 210.6711791 107.5833040   6.2539207  -5.5556184 -13.5933769 -61.9261097-132.9201107************************************************************************
 212.2938025 109.2042120   6.2772576  -3.9114616 -11.9479409 -62.0528598-133.1687649************************************************************************
 213.9205705 110.8292059   6.3005178  -3.9105489 -11.9660618 -62.1792942-133.4168070************************************************************************
 215.5514726 112.4582752   6.3237018  -2.2582212 -10.3124543 -62.3054154-133.6642413************************************************************************
 217.1864984 114.0914097   6.3468097  -2.2532409 -10.3264575 -60.6390171-133.9110718************************************************************************
 218.8256375 115.7285991   6.3698419  -0.5927835  -8.6647198 -60.7607657-134.1573028************************************************************************
 220.4688796 117.3698332   6.3927986  -0.5837666  -8.6746366 -60.8822161-134.4029382************************************************************************
 222.1162144 119.0151020   6.4156800   1.0847797  -7.0048094 -61.0033706-134.6479820************************************************************************
 223.7676318 120.6643955   6.4384866   1.0978028  -7.0106706 -59.3207862-136.8498651************************************************************************
 225.4231219 122.3177036   6.4612184   2.7743979  -5.3327942 -59.4376256-137.0971747************************************************************************
 227.0826744 123.9750167   8.1352933   2.7913972  -5.3346301 -59.5541834-137.3438985************************************************************************
 228.7462797 125.6363248   8.1619491   4.4760015  -3.6487439 -59.6704618-137.5900403************************************************************************
 230.4139277 127.3016182   8.1885211   6.1645958  -3.6465842 -57.9718508-137.8356039************************************************************************
 232.0856087 128.9708873   8.2150095   6.1895224  -1.9527272 -58.0838697-138.0805932************************************************************************
 233.7613130 130.6441226   8.2414147   7.8860676  -1.9466012 -58.1956230-138.3250119************************************************************************
 235.4410310 132.3213145   8.2677369   7.9148931  -0.2448118 -58.3071127-138.5688636************************************************************************
 237.1247531 134.0024535   8.2939766   7.9436469  -0.2347483 -56.5926299-140.8002990************************************************************************
 238.8124699 135.6875303   8.3201341   7.9723293   1.4749356 -56.6999137-141.0464120************************************************************************
 240.5041718 138.6504425   8.3462095   8.0009406   1.4889085 -56.8069472-141.2919631************************************************************************
 242.1998495 140.3433671  10.0559255   8.0294811   3.2064495 -56.9137323-141.5369561************************************************************************
 243.8994937 142.0402017  10.0858326   8.0579508   3.2243038 -55.1835283-141.7813945************************************************************************
 245.6030951 145.0095472  11.8033660   8.0863502   4.9496653 -55.2861594-142.0252817************************************************************************
 247.3106447 146.7141747  11.8370777   8.1146794   4.9713737 -55.3885548-140.2602554************************************************************************
 249.0221333 148.4226851  13.5623922   8.1429386   6.7045193 -53.6466561-138.4913348************************************************************************
 250.7375518 150.1350695  13.5998820   8.1711281   8.4415435 -53.7449373-136.7185289************************************************************************
 252.4568913 151.8513190  15.3329419   8.1992481   8.4709488 -53.8429951-134.9418465************************************************************************
 254.1801428 153.5714249  17.0698613   8.2272987   8.5002850 -53.9408313-133.1612967************************************************************************
 255.9072975 155.2953783  17.1149536   8.2552804   8.5295525 -52.1834647-131.3768881************************************************************************
 257.6383466 157.0231706  18.8595657   8.2831931   8.5587513 -52.2772356-129.5886294************************************************************************
 259.3732813 158.7547932  18.9083669   8.3110373   8.5878818 -50.5121876-127.7965294************************************************************************
 261.1120930 160.4902374  20.6606371   8.3388130   8.6169440 -50.6019209-126.0005967************************************************************************
 262.8547730 162.2294949  20.7131220   8.3665205   8.6459383 -50.6914545-124.2008398************************************************************************
 264.6013128 163.9725571  22.4730162   8.3941601   8.6748648 -48.9149486-122.3972672************************************************************************
 266.3517039 166.9827064  22.5291602   8.4217318   8.7037238 -49.0004816-120.5898874************************************************************************
 268.1059377 168.7333530  24.2966448   8.4492360   8.7325154 -49.0858260-118.7787088************************************************************************
 269.8640059 170.4877792  26.0679121   8.4766728   8.7612399 -47.2979381-116.9637396************************************************************************
 271.6259002 172.2459769  26.1314652   8.5040424   8.7898975 -47.3793180-115.1449882************************************************************************
 273.3916123 174.0079380  27.9102733   8.5313451   8.8184883 -45.5838834-113.3224629************************************************************************
 275.1611339 177.0316032  27.9774209   8.5585810   8.8470126 -45.6613247-111.4961716************************************************************************
 276.9344568 178.8010665  29.7637371   8.5857503   8.8754705 -45.7385978-109.6661227************************************************************************
 278.7115729 180.5742688  29.8344558   8.6128533   8.9038623 -43.9319044-107.8323241************************************************************************
 280.4924742 182.3512023  31.6282481   8.6398901   8.9321881 -44.0052736-105.9947839************************************************************************
 282.2771525 184.1318588  31.7025148   8.6668609   8.9604482 -42.1911142-104.1535100************************************************************************
 284.0656000 185.9162307  33.5037514   8.6937659   8.9886427 -42.2606046-102.3085104************************************************************************
 285.8578087 188.9568948  35.3086983   8.7206053   9.0167718 -42.3299462-100.4597929************************************************************************
 287.6537707 190.7486739  35.3901931   8.7473793   9.0448357 -40.5046471 -98.6073653************************************************************************
 289.4534783 192.5441450  37.2025374   8.7740880   9.0728347 -40.5701433 -96.7512354************************************************************************
 291.2569235 194.3433003  39.0185690  10.5966938   9.1007688 -38.7374565 -94.8914109************************************************************************
 293.0640987 197.3933296  39.1072309  10.6270182   9.1286382 -38.7991315 -93.0278995************************************************************************
 294.8749962 199.1998308  40.9306139  10.6572701   9.1564433 -36.9590876 -91.1607087************************************************************************
 296.6896084 201.0099935  41.0227266  10.6874498   9.1841840 -37.0169650 -89.2898463************************************************************************
 298.5079277 202.8238103  42.8534309  10.7175575   9.2118607 -37.0747206 -87.4153196************************************************************************
 300.3299465 204.6412737  44.6877846  10.7475935   9.2394734 -35.2236977 -85.5371362************************************************************************
 302.1556573 206.4623764  44.7869687  10.7775579   9.2670224 -35.2776876 -83.6553035************************************************************************
 303.9850528 209.5288973  46.6285992  10.8074510  11.1165266 -33.4193824 -81.7698289************************************************************************
 305.8181254 211.3572565  48.4738570  10.8372729  11.1476407 -33.4696296 -79.8807198************************************************************************
 307.6548678 213.1892330  48.5800548  10.8670240  11.1786841 -31.6040715 -77.9879834************************************************************************
 309.4952728 215.0248195  50.4325456  10.8967045  11.2096570 -31.6505985 -76.0916271************************************************************************
 311.3393330 216.8640091  52.2886420  10.9263144  11.2405597 -29.7778165 -74.1916579************************************************************************
 313.1870411 218.7067943  52.4017971  10.9558542  11.2713924 -29.8206458 -72.2880832************************************************************************
 315.0383901 220.5531683  54.2650834  10.9853239  11.3021553 -27.9406685 -70.3809099************************************************************************
 316.8933728 222.4031240  56.1319541  11.0147238  11.3328485 -27.9798221 -68.4701453************************************************************************
 318.7519820 225.4930060  56.2520111  11.0440541  11.3634723 -26.0926777 -66.5557964************************************************************************
 320.6142107 227.3501039  58.1260295  11.0733150  11.3940270 -26.1281774 -64.6378701************************************************************************
 322.4800518 230.4416558  60.0036113  11.1025066  11.4245126 -24.2338939 -62.7163734************************************************************************
 324.3494985 232.3058683  60.1305157  11.1316293  11.4549295 -24.2657610 -60.7913133************************************************************************
 326.2225437 234.1736278  62.0152037  11.1606832  11.4852777 -22.3643661 -58.8626966************************************************************************
 328.0991806 236.0449276  63.9034346  11.1896685  11.5155576 -20.4594258 -56.9305302************************************************************************
 329.9794023 237.9197607  64.0371332  11.2185854  11.5457693 -20.4841428 -54.9948208************************************************************************
 331.8632020 239.7981206  65.9324295  11.2474341  11.5759129 -18.5721319 -53.0555754************************************************************************
 333.7505728 241.6800005  67.8312483  11.2762148  11.6059888 -18.5932719 -51.1128004************************************************************************
 335.6415081 244.7908040  67.9716889  11.3049276  11.6359970 -16.6742172 -49.1665028************************************************************************
 337.5360011 246.6797040  69.8775330  11.3335729  11.6659379 -16.6918006 -47.2166890************************************************************************
 339.4340452 248.5721041  71.7868800  11.3621507  11.6958115 -14.7657287 -45.2633658************************************************************************
 341.3356338 250.4679978  73.6997231  11.3906613  11.7256180 -14.7797757 -43.3065396************************************************************************
 343.2407601 253.5872815  73.8503438  11.4191048  11.7553577 -12.8467128 -41.3462171************************************************************************
 345.1494178 255.4901429  75.7701598  11.4474815  11.7850308 -10.9101641 -39.3824047************************************************************************
 347.0616002 257.3964786  77.6934526  11.4757915  11.8146373 -10.9172154 -37.4151090************************************************************************
 348.9773009 259.3062821  77.8506941  11.5040349  11.8441775  -8.9737146 -35.4443363************************************************************************
 350.8965135 261.2195470  79.7809212  11.5322121  11.8736517  -8.9772818 -33.4700930************************************************************************
 352.8192314 263.1362670  81.7146059  11.5603231  11.9030598  -7.0268544 -31.4923855************************************************************************
 354.7454484 265.0564359  83.6517420  11.5883682  11.9324023  -7.0269569 -29.5112201************************************************************************
 356.6751581 268.1944177  83.8190003  11.6163475  11.9616791  -5.0696281 -27.5266031************************************************************************
 358.6083542 270.1214654  85.7630203  11.6442612  11.9908905  -3.1088580 -25.5385408************************************************************************
 360.5450304 272.0519433  87.7104729  11.6721095  12.0200367  -3.1020797 -23.5470393************************************************************************
 362.4851804 273.9858452  89.6613520  11.6998925  12.0491178  -1.1344455 -21.5521050************************************************************************
 364.4287981 277.1319775  91.6156515  11.7276105  12.0781340   0.8366114 -19.5537438************************************************************************
 366.3758772 287.3765753  91.7962490  11.7552635  12.1070856   0.8502210 -17.5519621************************************************************************
 368.3264118 289.3207126  93.7573709  11.7828518  12.1359725   2.8281052 -15.5467657************************************************************************
 370.2803955 291.2682495  95.7218949  13.7539932  12.1647951   2.8450989 -13.5381609************************************************************************
 372.2378224 294.3825747  97.6898150  13.7849141  12.1935535   4.8297862 -11.5261536************************************************************************
 374.1986863 296.3368930  97.8802240  15.7628437  12.2222478   6.8178660  -9.5107499************************************************************************
 376.1629814 298.2945931  99.8549185  15.7970793  12.2508783   6.8416123  -7.4919556************************************************************************
 378.1307016 301.4132612 101.8329913  17.7817733  12.2794450   8.8364594  -5.4697767************************************************************************
 380.1018409 303.3777072 103.8144365  19.7698407  12.3079482  10.8346814  -3.4442192************************************************************************
 382.0763935 305.3455173 105.7992483  19.8107411  12.3363880  10.8651330  -1.4152888************************************************************************
 384.0543534 307.3166859 106.0027424  21.8055376  12.3647646  12.8700870   0.6170085************************************************************************
 386.0357147 309.2912070 107.9942699  23.8036901  12.3930781  12.9038458   2.6526670************************************************************************
 388.0204718 311.2690749 109.9891467  23.8512090  12.4213286  14.9155087   4.6916809************************************************************************
 390.0086187 313.2502839 111.9873669  25.8560560  12.4495165  14.9525575   6.7340444************************************************************************
 392.0001496 315.2348284 112.2004774  25.9068149  12.4776417  14.9895450   8.7797519************************************************************************
 393.9950590 317.2227026 114.2053675  27.9183336  14.4904615  15.0264712  10.8287975************************************************************************
 395.9933409 319.2139010 116.2135840  29.9331798  14.5218518  15.0633364  12.8811758************************************************************************
 397.9949898 321.2084178 118.2251214  29.9904837  14.5531743  15.1001406  14.9368809************************************************************************
 400.0000000 324.3580079 120.2399741  32.0119678  14.5844290  15.1368841  16.9959074************************************************************************
