 date d_e_o v_e cost mass
   1.0000000   0.0000000  10.2689620  15.4193988   0.0048881
   1.0000000   0.0000000  10.2689620  15.4193988   0.0170169
   1.0000000   0.0000000  10.2689620  15.4193988   0.0414709
   1.0000000   0.0000000  10.2689620  15.4193988   0.0752169
   1.0000000   0.0000000  10.2689620  15.4193988   0.1066902
   1.0000000   0.0000000  10.2689620  15.4193988   0.1234781
   1.0000000   0.0000000  10.2689620  15.4193988   0.1213169
   1.0000000   0.0000000  10.2689620  15.4193988   0.1050707
   1.0000000   0.0000000  10.5949327  15.4193988   0.0828910
   1.0000000   0.0000000  11.7894071  15.4193988   0.0610151
   1.0000000   0.0000000  13.1618919  15.4193988   0.0424557
   1.0000000   0.0000000  14.4559504  15.4193988   0.0279198
   1.0000000   1.0000000  15.4793543  15.4193988   0.0169947
   1.0000000   1.0000000  16.1536582  15.4193988   0.0089694
   1.0000000   1.0000000  16.4862347  15.4193988   0.0033919
   1.0000000   1.0000000  16.5588610  15.4193988   0.0008666
   1.0000000   1.0000000  16.5922897  15.4193988   0.0015326
   1.0000000   1.0000000  16.7491485  15.4193988   0.0039053
   1.0000000   1.0000000  17.0902158  15.4193988   0.0068791
   1.0000000   1.0000000  17.6733810  15.4193988   0.0100948
   1.0000000   1.0000000  18.5664788  15.4193988   0.0131956
   1.0000000   1.0000000  19.8552755  15.4193988   0.0157932
   1.0000000   1.0000000  21.6497405  15.4193988   0.0174970
   1.0000000   1.0000000  24.0881825  15.4193988   0.0179915
   1.0000000   1.0000000  27.3376535  15.4193988   0.0171382
   1.0000000   1.0000000  31.5884936  15.4193988   0.0150459
   1.0000000   1.0000000  37.0432408  15.4193988   0.0120691
   1.0000000   1.0000000  43.8697467  15.4193988   0.0087408
   1.0000000   1.0000000  52.0795807  15.4193988   0.0056368
   1.0000000   1.0000000  61.3151042  15.4193988   0.0031587
   1.0000000   1.0000000  70.0174319  15.4193988   0.0016683
   1.0000000   0.0000000  10.2689620  15.4193988   0.0000494
   1.0000000   0.0000000  10.2689620  15.4193988   0.0001719
   1.0000000   0.0000000  10.2689620  15.4193988   0.0004189
   1.0000000   0.0000000  10.2689620  15.4193988   0.0007598
   1.0000000   0.0000000  10.2689620  15.4193988   0.0010777
   1.0000000   0.0000000  10.2689620  15.4193988   0.0012473
   1.0000000   0.0000000  10.2689620  15.4193988   0.0012254
   1.0000000   0.0000000  10.2689620  15.4193988   0.0010613
   1.0000000   0.0000000  10.2689620  15.4193988   0.0008373
   1.0000000   0.0000000  10.2689620  15.4193988   0.0006163
   1.0000000   0.0000000  10.2689620  15.4193988   0.0004288
   1.0000000   0.0000000  10.2689620  15.4193988   0.0002820
   1.0000000   0.0000000  10.2689620  15.4193988   0.0001717
   1.0000000   0.0000000  10.2689620  15.4193988   0.0000906
   1.0000000   0.0000000  10.2689620  15.4193988   0.0000343
   1.0000000   0.0000000  10.2689620  15.4193988   0.0000088
   1.0000000   0.0000000  10.2689620  15.4193988   0.0000155
   1.0000000   0.0000000  10.2689620  15.4193988   0.0000394
   1.0000000   0.0000000  10.2689620  15.4193988   0.0000695
   1.0000000   0.0000000  10.2689620  15.4193988   0.0001020
   1.0000000   0.0000000  10.2689620  15.4193988   0.0001333
   1.0000000   0.0000000  10.2689620  15.4193988   0.0001595
   1.0000000   0.0000000  10.2689620  15.4193988   0.0001767
   1.0000000   0.0000000  10.2689620  15.4193988   0.0001817
   1.0000000   0.0000000  10.2689620  15.4193988   0.0001731
   1.0000000   0.0000000  10.2689620  15.4193988   0.0001520
   1.0000000   0.0000000  10.2689620  15.4193988   0.0001219
   1.0000000   0.0000000  10.2689620  15.4193988   0.0000883
   1.0000000   0.0000000  10.2689620  15.4193988   0.0000569
   1.0000000   0.0000000  10.2689620  15.4193988   0.0000319
   1.0000000   0.0000000  10.2689620  15.4193988   0.0000169
