 t r r1 w w1
   1.0000000   0.0101010   0.0101010   2.0615948   2.0615948
   2.0000000   0.0101010   0.0101010   2.0382512   2.0382509
   3.0000000   0.0092673   0.0093241   2.0391702   2.0391657
   4.0000000   0.0093175   0.0092741   2.0398824   2.0398728
   5.0000000   0.0094588   0.0095315   2.0407584   2.0407441
   6.0000000   0.0094738   0.0095165   2.0419608   2.0419406
   7.0000000   0.0096057   0.0094452   2.0428819   2.0428524
   8.0000000   0.0096612   0.0097714   2.0439755   2.0439459
   9.0000000   0.0097211   0.0097316   2.0447763   2.0447415
  10.0000000   0.0097965   0.0098298   2.0455848   2.0455456
  11.0000000   0.0098557   0.0098623   2.0463158   2.0462712
  12.0000000   0.0098969   0.0099287   2.0469731   2.0469217
  13.0000000   0.0099394   0.0098621   2.0475863   2.0475300
  14.0000000   0.0099675   0.0099992   2.0484860   2.0484203
  15.0000000   0.0099748   0.0100862   2.0493136   2.0492594
  16.0000000   0.0100169   0.0098849   2.0499478   2.0498842
  17.0000000   0.0100458   0.0100815   2.0505493   2.0504827
  18.0000000   0.0100684   0.0100897   2.0510969   2.0510263
  19.0000000   0.0100845   0.0100924   2.0516110   2.0515365
  20.0000000   0.0101055   0.0101509   2.0520946   2.0520169
  21.0000000   0.0101189   0.0101358   2.0525429   2.0524612
  22.0000000   0.0101330   0.0101181   2.0529614   2.0528766
  23.0000000   0.0101462   0.0102325   2.0533922   2.0533151
  24.0000000   0.0101505   0.0101460   2.0537604   2.0536635
  25.0000000   0.0101599   0.0100964   2.0540988   2.0539972
  26.0000000   0.0101686   0.0102580   2.0544206   2.0543207
  27.0000000   0.0101741   0.0102426   2.0547279   2.0546264
  28.0000000   0.0101803   0.0101856   2.0550203   2.0549164
  29.0000000   0.0101842   0.0101687   2.0552994   2.0551926
  30.0000000   0.0101880   0.0102148   2.0555664   2.0554578
  31.0000000   0.0101915   0.0102702   2.0558224   2.0557122
  32.0000000   0.0101943   0.0102514   2.0560681   2.0559552
  33.0000000   0.0101977   0.0101455   2.0563040   2.0561860
  34.0000000   0.0101984   0.0102206   2.0565295   2.0564108
  35.0000000   0.0101999   0.0102384   2.0567466   2.0566267
  36.0000000   0.0102011   0.0102462   2.0569561   2.0568347
  37.0000000   0.0102025   0.0102662   2.0571578   2.0570348
  38.0000000   0.0102024   0.0102393   2.0573518   2.0572278
  39.0000000   0.0102027   0.0102368   2.0575386   2.0574114
  40.0000000   0.0102031   0.0101820   2.0577201   2.0575921
  41.0000000   0.0102030   0.0103329   2.0578945   2.0577687
  42.0000000   0.0102029   0.0101984   2.0580594   2.0579409
  43.0000000   0.0102025   0.0102798   2.0582013   2.0581207
  44.0000000   0.0102034   0.0104928   2.0583606   2.0582203
  45.0000000   0.0102029   0.0100860   2.0585137   2.0583578
  46.0000000   0.0101996   0.0099838   2.0586640   2.0584972
  47.0000000   0.0102006   0.0103961   2.0588141   2.0586484
  48.0000000   0.0102014   0.0102194   2.0589613   2.0587943
  49.0000000   0.0102002   0.0101545   2.0591033   2.0589342
  50.0000000   0.0102000   0.0103619   2.0592404   2.0590730
  51.0000000   0.0101979   0.0102008   2.0593720   2.0591992
  52.0000000   0.0101971   0.0102441   2.0594970   2.0593279
  53.0000000   0.0101974   0.0101542   2.0596168   2.0594529
  54.0000000   0.0101964   0.0100355   2.0597057   2.0595952
  55.0000000   0.0101967   0.0140403   2.0597669   2.0591832
  56.0000000   0.0101947   0.0107037   2.0598384   2.0589699
  57.0000000   0.0101992   0.0093623   2.0598973   2.0587652
  58.0000000   0.0101937   0.0099512   2.0599508   2.0585915
  59.0000000   0.0101916   0.0099830   2.0600033   2.0584408
  60.0000000   0.0101904   0.0096807   2.0600575   2.0583150
  61.0000000   0.0101887   0.0104183   2.0601055   2.0582203
  62.0000000   0.0101904   0.0095584   2.0601365   2.0581434
  63.0000000   0.0101860   0.0100077   2.0601703   2.0580869
  64.0000000   0.0101843   0.0100940   2.0602060   2.0580419
  65.0000000   0.0101809   0.0104136   2.0602437   2.0580061
  66.0000000   0.0101808   0.0102243   2.0602855   2.0579712
  67.0000000   0.0101834   0.0095248   2.0603161   2.0579503
  68.0000000   0.0101771   0.0102388   2.0603519   2.0579420
  69.0000000   0.0101753   0.0102751   2.0603845   2.0579394
  70.0000000   0.0101712   0.0107483   2.0604183   2.0579384
  71.0000000   0.0101739   0.0098234   2.0604442   2.0579378
  72.0000000   0.0101722   0.0101232   2.0604704   2.0579467
  73.0000000   0.0101709   0.0100452   2.0604983   2.0579584
  74.0000000   0.0101702   0.0102336   2.0605308   2.0579719
  75.0000000   0.0101694   0.0101036   2.0605624   2.0579871
  76.0000000   0.0101681   0.0101961   2.0605968   2.0580017
  77.0000000   0.0101670   0.0104476   2.0606327   2.0579890
  78.0000000   0.0101656   0.0098635   2.0606592   2.0579998
  79.0000000   0.0101638   0.0104373   2.0606914   2.0580167
  80.0000000   0.0101628   0.0104343   2.0607233   2.0579980
  81.0000000   0.0101641   0.0097102   2.0607353   2.0579971
  82.0000000   0.0101609   0.0097709   2.0607598   2.0580039
  83.0000000   0.0101584   0.0099290   2.0607859   2.0580536
  84.0000000   0.0101569   0.0102792   2.0608132   2.0581042
  85.0000000   0.0101551   0.0102789   2.0608374   2.0581502
  86.0000000   0.0101537   0.0101459   2.0608630   2.0581924
  87.0000000   0.0101523   0.0103935   2.0608909   2.0582323
  88.0000000   0.0101520   0.0099140   2.0609093   2.0582716
  89.0000000   0.0101501   0.0102471   2.0609301   2.0583132
  90.0000000   0.0101486   0.0102441   2.0609483   2.0583560
  91.0000000   0.0101470   0.0102244   2.0609709   2.0583973
  92.0000000   0.0101462   0.0100984   2.0609894   2.0584384
  93.0000000   0.0101445   0.0102238   2.0610130   2.0584765
  94.0000000   0.0101440   0.0102175   2.0610339   2.0585153
  95.0000000   0.0101424   0.0099689   2.0610548   2.0585530
  96.0000000   0.0101403   0.0104973   2.0610782   2.0585921
  97.0000000   0.0101393   0.0104381   2.0610954   2.0586308
  98.0000000   0.0101473   0.0086698   2.0610913   2.0586785
  99.0000000   0.0101377   0.0100558   2.0610951   2.0587443
 100.0000000   0.0101347   0.0102224   2.0611026   2.0588093
 101.0000000   0.0101326   0.0102678   2.0611118   2.0588735
 102.0000000   0.0101299   0.0102633   2.0611225   2.0589360
 103.0000000   0.0101281   0.0102164   2.0611363   2.0589950
 104.0000000   0.0101275   0.0101251   2.0611522   2.0590515
 105.0000000   0.0101245   0.0102852   2.0611697   2.0591076
 106.0000000   0.0101231   0.0102119   2.0611887   2.0591608
 107.0000000   0.0101230   0.0098823   2.0612092   2.0592119
 108.0000000   0.0101211   0.0102517   2.0612307   2.0592661
 109.0000000   0.0101188   0.0102184   2.0612532   2.0593185
 110.0000000   0.0101167   0.0101641   2.0612759   2.0593688
 111.0000000   0.0101152   0.0101181   2.0612978   2.0594200
 112.0000000   0.0101130   0.0103326   2.0613207   2.0594384
 113.0000000   0.0101108   0.0101381   2.0613437   2.0594611
 114.0000000   0.0101088   0.0100296   2.0613655   2.0594928
 115.0000000   0.0101088   0.0097969   2.0613788   2.0595326
 116.0000000   0.0101046   0.0102069   2.0613976   2.0595783
 117.0000000   0.0101017   0.0099550   2.0614135   2.0596271
 118.0000000   0.0100968   0.0103504   2.0614493   2.0596677
 119.0000000   0.0100790   0.0103202   2.0614696   2.0597205
 120.0000000   0.0101010   0.0101010   2.0615948   2.0615948
