 t output_loss_entry employment_loss_entry investment_loss_entry debt_loss_entry
 output_gain_entry employment_gain_entry investment_gain_entry debt_gain_entry
 output_loss_incumbent employment_loss_incumbent investment_loss_incumbent debt_
 loss_incumbent
 output_gain_incumbent employment_gain_incumbent investment_gain_incumbent debt_
 gain_incumbent
 gdp1 h1 inv1 firm_debt2
 gdp_t h_t inv_t firm_debt_t
   1.0000000   0.0000000   0.0000000   0.0000000   0.0000000   0.0000000   0.0000000   0.0000000   0.0000000   0.0000000   0.0000000   0.0000000   0.0000000   0.0000000   0.0000000   0.0000000   0.0000000   3.2523463   1.0145700   0.6031790   5.7437424   3.2523463   1.0145700   0.6031790   5.7437424
   2.0000000   0.0020571   0.0009870   0.0084040   0.0015673   0.0000000   0.0000000   0.0000000   0.0000000   3.2466645   1.0118338   0.6207680   5.7420626   3.1229308   0.9918781   0.5567980   5.7284744   3.2523463   1.0145700   0.6031790   5.7437424   3.1229308   0.9918781   0.5304621   5.7284744
   3.0000000   0.0034562   0.0016119   0.0094941   0.0041859   0.0000000   0.0000000   0.0000000   0.0000000   3.2424622   1.0099361   0.7184843   5.7323807   3.1303560   0.9923101   0.6534555   5.7096381   3.2523463   1.0145700   0.6031790   5.7437424   3.1312819   0.9927686   0.5379551   5.7120258
   4.0000000   0.0048867   0.0022238   0.0096708   0.0070922   0.0000000   0.0000000   0.0000000   0.0000000   3.2294482   1.0040763   0.7325862   5.7028769   3.1280228   0.9886133   0.6718995   5.6751519   3.2523463   1.0145700   0.6031790   5.7437424   3.1383652   0.9934572   0.5446522   5.6985958
   5.0000000   0.0062810   0.0028086   0.0095164   0.0099488   0.0000000   0.0000000   0.0000000   0.0000000   3.2142589   0.9973731   0.7411293   5.6652553   3.1218513   0.9836314   0.6915414   5.6323565   3.2523463   1.0145700   0.6031790   5.7437424   3.1449897   0.9943061   0.5502453   5.6856352
   6.0000000   0.0055365   0.0023651   0.0008197   0.0110581   0.0000000   0.0000000   0.0000000   0.0000000   3.2257314   1.0029346   0.6442939   5.6836143   3.1366282   0.9886500   0.5880743   5.6371812   3.2523463   1.0145700   0.6031790   5.7437424   3.1518525   0.9954724   0.5554460   5.6746464
   7.0000000   0.0053594   0.0022408  -0.0005335   0.0109357   0.0000000   0.0000000   0.0000000   0.0000000   3.2301963   1.0050769   0.6255176   5.6941929   3.1455671   0.9910970   0.5771694   5.6363967   3.2523463   1.0145700   0.6031790   5.7437424   3.1575550   0.9963616   0.5601383   5.6653492
   8.0000000   0.0050677   0.0020905  -0.0009406   0.0103568   0.0000000   0.0000000   0.0000000   0.0000000   3.2331887   1.0064890   0.6174398   5.7014430   3.1533051   0.9931151   0.5740622   5.6345465   3.2523463   1.0145700   0.6031790   5.7437424   3.1632948   0.9974285   0.5641027   5.6583478
   9.0000000   0.0047386   0.0019330  -0.0009608   0.0096865   0.0000000   0.0000000   0.0000000   0.0000000   3.2353646   1.0075053   0.6128538   5.7067115   3.1595084   0.9945406   0.5741176   5.6331497   3.2523463   1.0145700   0.6031790   5.7437424   3.1681267   0.9982052   0.5678003   5.6535534
  10.0000000   0.0044276   0.0017868  -0.0007939   0.0090803   0.0000000   0.0000000   0.0000000   0.0000000   3.2370150   1.0082736   0.6099172   5.7106331   3.1649514   0.9957817   0.5753988   5.6321494   3.2523463   1.0145700   0.6031790   5.7437424   3.1726029   0.9989904   0.5710035   5.6500868
  11.0000000   0.0041534   0.0016580  -0.0006153   0.0085601   0.0000000   0.0000000   0.0000000   0.0000000   3.2382968   1.0088715   0.6079216   5.7136116   3.1697839   0.9968399   0.5771168   5.6312759   3.2523463   1.0145700   0.6031790   5.7437424   3.1766944   0.9996993   0.5739376   5.6473411
  12.0000000   0.0039159   0.0015462  -0.0004336   0.0081334   0.0000000   0.0000000   0.0000000   0.0000000   3.2393183   1.0093503   0.6065082   5.7159081   3.1741458   0.9977505   0.5789171   5.6306864   3.2523463   1.0145700   0.6031790   5.7437424   3.1804728   1.0003350   0.5766263   5.6453185
  13.0000000   0.0037124   0.0014498  -0.0002782   0.0077879   0.0000000   0.0000000   0.0000000   0.0000000   3.2401452   1.0097406   0.6054928   5.7177029   3.1780915   0.9985663   0.5808493   5.6300572   3.2523463   1.0145700   0.6031790   5.7437424   3.1839505   1.0009297   0.5791795   5.6435691
  14.0000000   0.0035384   0.0013667  -0.0001461   0.0075119   0.0000000   0.0000000   0.0000000   0.0000000   3.2408261   1.0100644   0.6047324   5.7191102   3.1823069   0.9996111   0.5825824   5.6297980   3.2523463   1.0145700   0.6031790   5.7437424   3.1877980   1.0018002   0.5813689   5.6424218
  15.0000000   0.0033891   0.0012948  -0.0000338   0.0072947   0.0011600   0.0005598   0.0047751   0.0008930   3.2413935   1.0103367   0.6041434   5.7202128   3.1850579   1.0000250   0.5793798   5.6284974   3.2523463   1.0145700   0.6031790   5.7437424   3.1913883   1.0026211   0.5832955   5.6413071
  16.0000000   0.0032608   0.0012323   0.0000614   0.0071273   0.0019457   0.0009134   0.0053616   0.0023560   3.2418707   1.0105682   0.6036831   5.7210815   3.1874799   1.0004113   0.5804624   5.6274388   3.2523463   1.0145700   0.6031790   5.7437424   3.1943281   1.0032327   0.5852468   5.6411487
  17.0000000   0.0031500   0.0011776   0.0001434   0.0070022   0.0027528   0.0012617   0.0055128   0.0040168   3.2422756   1.0107669   0.6033216   5.7217739   3.1896591   1.0007576   0.5816762   5.6267630   3.2523463   1.0145700   0.6031790   5.7437424   3.1970892   1.0038185   0.5868308   5.6416836
  18.0000000   0.0030542   0.0011297   0.0002144   0.0069135   0.0035372   0.0015926   0.0053893   0.0056329   3.2426221   1.0109390   0.6030307   5.7223258   3.1916140   1.0010526   0.5830897   5.6262463   3.2523463   1.0145700   0.6031790   5.7437424   3.1996367   1.0043509   0.5883003   5.6424249
  19.0000000   0.0029711   0.0010876   0.0002763   0.0068560   0.0042759   0.0019000   0.0052268   0.0071493   3.2429209   1.0110892   0.6027894   5.7227582   3.1934097   1.0013257   0.5844574   5.6264057   3.2523463   1.0145700   0.6031790   5.7437424   3.2020070   1.0048506   0.5896561   5.6438207
  20.0000000   0.0028989   0.0010502   0.0003304   0.0068255   0.0049639   0.0021830   0.0050653   0.0085574   3.2431798   1.0112212   0.6025839   5.7230870   3.1950829   1.0015835   0.5856901   5.6266856   3.2523463   1.0145700   0.6031790   5.7437424   3.2042272   1.0053213   0.5908495   5.6452905
  21.0000000   0.0028359   0.0010171   0.0003778   0.0068183   0.0056041   0.0024434   0.0049260   0.0098661   3.2434053   1.0113377   0.6024057   5.7233261   3.1966135   1.0018200   0.5868383   5.6273073   3.2523463   1.0145700   0.6031790   5.7437424   3.2062762   1.0057567   0.5919623   5.6470550
  22.0000000   0.0027808   0.0009876   0.0004195   0.0068311   0.0062024   0.0026840   0.0048263   0.0110973   3.2436021   1.0114411   0.6022518   5.7234896   3.1980368   1.0020407   0.5879086   5.6282495   3.2523463   1.0145700   0.6031790   5.7437424   3.2081921   1.0061638   0.5930215   5.6491067
  23.0000000   0.0027326   0.0009612   0.0004562   0.0068610   0.0067690   0.0029094   0.0047302   0.0122482   3.2437748   1.0115333   0.6021178   5.7235882   3.1994536   1.0022928   0.5887781   5.6291524   3.2523463   1.0145700   0.6031790   5.7437424   3.2100839   1.0065937   0.5938695   5.6510752
  24.0000000   0.0026902   0.0009375   0.0004886   0.0069057   0.0072995   0.0031178   0.0046898   0.0133503   3.2439268   1.0116159   0.6019989   5.7236288   3.2006535   1.0024687   0.5896443   5.6303687   3.2523463   1.0145700   0.6031790   5.7437424   3.2117334   1.0069353   0.5947623   5.6533409
  25.0000000   0.0026529   0.0009161   0.0005171   0.0069627   0.0078043   0.0033139   0.0046619   0.0144095   3.2440611   1.0116901   0.6018924   5.7236170   3.2017739   1.0026381   0.5905019   5.6320817   3.2523463   1.0145700   0.6031790   5.7437424   3.2132875   1.0072625   0.5956501   5.6560883
  26.0000000   0.0026199   0.0008967   0.0005420   0.0070300   0.0082870   0.0034993   0.0046512   0.0154353   3.2441799   1.0117571   0.6017976   5.7235591   3.2028427   1.0028042   0.5911074   5.6337103   3.2523463   1.0145700   0.6031790   5.7437424   3.2147765   1.0075799   0.5962947   5.6587405
  27.0000000   0.0025906   0.0008791   0.0005637   0.0071054   0.0087507   0.0036754   0.0046552   0.0164352   3.2442854   1.0118177   0.6017143   5.7234619   3.2038304   1.0029590   0.5916657   5.6355176   3.2523463   1.0145700   0.6031790   5.7437424   3.2161724   1.0078798   0.5969007   5.6615650
  28.0000000   0.0025645   0.0008630   0.0005823   0.0071868   0.0091979   0.0038434   0.0046709   0.0174155   3.2443795   1.0118729   0.6016415   5.7233316   3.2047487   1.0031034   0.5922401   5.6374268   3.2523463   1.0145700   0.6031790   5.7437424   3.2174888   1.0081643   0.5975288   5.6644876
  29.0000000   0.0025411   0.0008483   0.0005976   0.0072723   0.0096309   0.0040043   0.0046972   0.0183816   3.2444638   1.0119233   0.6015784   5.7231739   3.2056062   1.0032390   0.5927874   5.6394793   3.2523463   1.0145700   0.6031790   5.7437424   3.2187355   1.0084354   0.5981354   5.6675524
  30.0000000   0.0025199   0.0008347   0.0006099   0.0073596   0.0100516   0.0041590   0.0047327   0.0193384   3.2445397   1.0119695   0.6015253   5.7229951   3.2064123   1.0033677   0.5932364   5.6416795   3.2523463   1.0145700   0.6031790   5.7437424   3.2199229   1.0086956   0.5986484   5.6707658
  31.0000000   0.0025007   0.0008221   0.0006189   0.0074466   0.0104616   0.0043082   0.0047759   0.0202895   3.2446084   1.0120121   0.6014826   5.7228025   3.2071712   1.0034896   0.5935823   5.6439705   3.2523463   1.0145700   0.6031790   5.7437424   3.2210563   1.0089453   0.5990610   5.6740714
  32.0000000   0.0024830   0.0008104   0.0006248   0.0075310   0.0108623   0.0044525   0.0048263   0.0212387   3.2446713   1.0120515   0.6014506   5.7226037   3.2078800   1.0036035   0.5939146   5.6464345   3.2523463   1.0145700   0.6031790   5.7437424   3.2221337   1.0091839   0.5994634   5.6775533
  33.0000000   0.0024665   0.0007994   0.0006274   0.0076107   0.0112548   0.0045924   0.0048823   0.0221886   3.2447293   1.0120882   0.6014291   5.7224061   3.2085452   1.0037082   0.5943516   5.6489716   3.2523463   1.0145700   0.6031790   5.7437424   3.2231619   1.0094104   0.5999712   5.6811101
  34.0000000   0.0024509   0.0007891   0.0006267   0.0076835   0.0116401   0.0047285   0.0049439   0.0231417   3.2447836   1.0121227   0.6014178   5.7222170   3.2091768   1.0038099   0.5946681   5.6515624   3.2523463   1.0145700   0.6031790   5.7437424   3.2241516   1.0096312   0.6003602   5.6847228
  35.0000000   0.0024360   0.0007792   0.0006229   0.0077470   0.0120190   0.0048611   0.0050101   0.0241004   3.2448350   1.0121552   0.6014161   5.7220432   3.2097700   1.0039053   0.5949372   5.6542121   3.2523463   1.0145700   0.6031790   5.7437424   3.2250984   1.0098432   0.6007023   5.6883963
  36.0000000   0.0024215   0.0007698   0.0006159   0.0077993   0.0123924   0.0049904   0.0050804   0.0250663   3.2448844   1.0121861   0.6014237   5.7218912   3.2103289   1.0039951   0.5951741   5.6569178   3.2523463   1.0145700   0.6031790   5.7437424   3.2260067   1.0100475   0.6010123   5.6921268
  37.0000000   0.0024071   0.0007608   0.0006061   0.0078387   0.0127608   0.0051170   0.0051539   0.0260406   3.2449326   1.0122157   0.6014399   5.7217666   3.2108548   1.0040792   0.5953664   5.6595941   3.2523463   1.0145700   0.6031790   5.7437424   3.2268782   1.0102440   0.6012768   5.6958270
  38.0000000   0.0023926   0.0007519   0.0005938   0.0078635   0.0131247   0.0052409   0.0052310   0.0270251   3.2449801   1.0122442   0.6014639   5.7216743   3.2113487   1.0041585   0.5955699   5.6623142   3.2523463   1.0145700   0.6031790   5.7437424   3.2277140   1.0104336   0.6015526   5.6995702
  39.0000000   0.0023780   0.0007433   0.0005791   0.0078726   0.0134847   0.0053624   0.0053111   0.0280207   3.2450276   1.0122719   0.6014949   5.7216183   3.2118095   1.0042302   0.5957598   5.6650576   3.2523463   1.0145700   0.6031790   5.7437424   3.2285131   1.0106139   0.6018141   5.7033346
  40.0000000   0.0023629   0.0007349   0.0005627   0.0078654   0.0138411   0.0054818   0.0053932   0.0290282   3.2450756   1.0122989   0.6015320   5.7216018   3.2122521   1.0043010   0.5960019   5.6678110   3.2523463   1.0145700   0.6031790   5.7437424   3.2292907   1.0107915   0.6021268   5.7071057
  41.0000000   0.0023473   0.0007265   0.0005447   0.0078414   0.0141944   0.0055991   0.0054772   0.0300476   3.2451244   1.0123254   0.6015744   5.7216272   3.2126758   1.0043694   0.5960464   5.6704918   3.2523463   1.0145700   0.6031790   5.7437424   3.2300461   1.0109650   0.6022404   5.7107993
  42.0000000   0.0023311   0.0007181   0.0005256   0.0078007   0.0145447   0.0057146   0.0055627   0.0310794   3.2451745   1.0123515   0.6016212   5.7216958   3.2130764   1.0044351   0.5962392   5.6731679   3.2523463   1.0145700   0.6031790   5.7437424   3.2307753   1.0111342   0.6025017   5.7144829
  43.0000000   0.0023143   0.0007098   0.0005058   0.0077435   0.0148924   0.0058284   0.0056528   0.0321268   3.2452261   1.0123774   0.6016713   5.7218081   3.2134830   1.0045097   0.5963172   5.6758422   3.2523463   1.0145700   0.6031790   5.7437424   3.2315074   1.0113109   0.6026506   5.7181619
  44.0000000   0.0022968   0.0007015   0.0004855   0.0076704   0.0152331   0.0059383   0.0057330   0.0331870   3.2452793   1.0124032   0.6017240   5.7219640   3.2137213   1.0045093   0.5961325   5.6783331   3.2523463   1.0145700   0.6031790   5.7437424   3.2320635   1.0114088   0.6025238   5.7216510
  45.0000000   0.0022786   0.0006932   0.0004649   0.0075822   0.0155752   0.0060484   0.0058162   0.0342482   3.2453344   1.0124289   0.6017785   5.7221624   3.2140261   1.0045459   0.5964342   5.6807458   3.2523463   1.0145700   0.6031790   5.7437424   3.2326869   1.0115439   0.6028874   5.7250447
  46.0000000   0.0022597   0.0006849   0.0004444   0.0074798   0.0159144   0.0061570   0.0059200   0.0353283   3.2453913   1.0124546   0.6018340   5.7224016   3.2143206   1.0045857   0.5968257   5.6832303   3.2523463   1.0145700   0.6031790   5.7437424   3.2332965   1.0116809   0.6033592   5.7285105
  47.0000000   0.0022400   0.0006765   0.0004240   0.0073644   0.0162532   0.0062650   0.0060003   0.0364134   3.2454502   1.0124802   0.6018899   5.7226795   3.2146265   1.0046378   0.5967203   5.6855866   3.2523463   1.0145700   0.6031790   5.7437424   3.2339163   1.0118295   0.6033102   5.7318356
  48.0000000   0.0022197   0.0006681   0.0004040   0.0072369   0.0165898   0.0063716   0.0060831   0.0375039   3.2455109   1.0125059   0.6019457   5.7229935   3.2149133   1.0046860   0.5968185   5.6878586   3.2523463   1.0145700   0.6031790   5.7437424   3.2345139   1.0119730   0.6034669   5.7350648
  49.0000000   0.0021988   0.0006596   0.0003844   0.0070988   0.0169240   0.0064769   0.0061647   0.0385980   3.2455735   1.0125317   0.6020009   5.7233405   3.2151820   1.0047297   0.5969888   5.6901319   3.2523463   1.0145700   0.6031790   5.7437424   3.2350903   1.0121105   0.6036945   5.7382836
  50.0000000   0.0021772   0.0006512   0.0003654   0.0069513   0.0172559   0.0065808   0.0062435   0.0396926   3.2456380   1.0125575   0.6020551   5.7237173   3.2154482   1.0047737   0.5969029   5.6922116   3.2523463   1.0145700   0.6031790   5.7437424   3.2356610   1.0122470   0.6036632   5.7412948
  51.0000000   0.0021551   0.0006427   0.0003470   0.0067957   0.0175854   0.0066834   0.0063220   0.0407873   3.2457041   1.0125834   0.6021080   5.7241205   3.2156748   1.0048065   0.5969983   5.6942233   3.2523463   1.0145700   0.6031790   5.7437424   3.2361890   1.0123710   0.6038131   5.7442250
  52.0000000   0.0021325   0.0006342   0.0003293   0.0066332   0.0179126   0.0067848   0.0063982   0.0418796   3.2457717   1.0126093   0.6021594   5.7245468   3.2159045   1.0048432   0.5970369   5.6961433   3.2523463   1.0145700   0.6031790   5.7437424   3.2367170   1.0124976   0.6039044   5.7470495
  53.0000000   0.0021094   0.0006257   0.0003123   0.0064652   0.0182373   0.0068849   0.0064710   0.0429666   3.2458409   1.0126353   0.6022091   5.7249927   3.2161217   1.0048775   0.5971807   5.6979727   3.2523463   1.0145700   0.6031790   5.7437424   3.2372294   1.0126205   0.6040981   5.7497677
  54.0000000   0.0020859   0.0006172   0.0002961   0.0062928   0.0185598   0.0069839   0.0065412   0.0440458   3.2459113   1.0126612   0.6022569   5.7254549   3.2163714   1.0049299   0.5974668   5.6997099   3.2523463   1.0145700   0.6031790   5.7437424   3.2377714   1.0127605   0.6044325   5.7523773
  55.0000000   0.0020621   0.0006087   0.0002807   0.0061172   0.0177148   0.0065217   0.0018332   0.0442223   3.2459829   1.0126871   0.6023029   5.7259301   3.2166520   1.0049984   0.5975888   5.7013366   3.2523463   1.0145700   0.6031790   5.7437424   3.2371762   1.0123553   0.5998251   5.7539665
  56.0000000   0.0020380   0.0006002   0.0002660   0.0059394   0.0172422   0.0062645   0.0012908   0.0437963   3.2460556   1.0127130   0.6023468   5.7264153   3.2169104   1.0050573   0.5975935   5.7028924   3.2523463   1.0145700   0.6031790   5.7437424   3.2369308   1.0121456   0.5992670   5.7548766
  57.0000000   0.0020136   0.0005917   0.0002521   0.0057604   0.0167448   0.0060112   0.0012201   0.0431783   3.2461292   1.0127389   0.6023888   5.7269077   3.2171720   1.0051207   0.5987429   5.7046722   3.2523463   1.0145700   0.6031790   5.7437424   3.2366633   1.0119443   0.6003268   5.7558148
  58.0000000   0.0019890   0.0005833   0.0002389   0.0055810   0.0162678   0.0057736   0.0014009   0.0425886   3.2462035   1.0127646   0.6024287   5.7274045   3.2174876   1.0051990   0.5989238   5.7063183   3.2523463   1.0145700   0.6031790   5.7437424   3.2364699   1.0117736   0.6006698   5.7566443
  59.0000000   0.0019642   0.0005749   0.0002264   0.0054020   0.0158370   0.0055594   0.0016304   0.0420848   3.2462784   1.0127903   0.6024667   5.7279034   3.2177999   1.0052764   0.5990119   5.7078203   3.2523463   1.0145700   0.6031790   5.7437424   3.2363190   1.0116255   0.6009696   5.7574137
  60.0000000   0.0019393   0.0005666   0.0002146   0.0052242   0.0154558   0.0053691   0.0018511   0.0416731   3.2463539   1.0128158   0.6025028   5.7284021   3.2181112   1.0053543   0.5994782   5.7094865   3.2523463   1.0145700   0.6031790   5.7437424   3.2362164   1.0115018   0.6016404   5.7584388
  61.0000000   0.0019144   0.0005583   0.0002035   0.0050480   0.0151203   0.0052004   0.0020380   0.0413386   3.2464297   1.0128412   0.6025370   5.7288989   3.2184450   1.0054412   0.5990735   5.7108895   3.2523463   1.0145700   0.6031790   5.7437424   3.2361819   1.0114088   0.6014059   5.7592777
  62.0000000   0.0018894   0.0005501   0.0001930   0.0048740   0.0148241   0.0050503   0.0021925   0.0410660   3.2465058   1.0128664   0.6025693   5.7293918   3.2187652   1.0055269   0.5997496   5.7124711   3.2523463   1.0145700   0.6031790   5.7437424   3.2361727   1.0113332   0.6022220   5.7603584
  63.0000000   0.0018643   0.0005420   0.0001831   0.0047027   0.0145611   0.0049161   0.0023143   0.0408383   3.2465821   1.0128914   0.6025999   5.7298795   3.2191068   1.0056166   0.5999172   5.7139867   3.2523463   1.0145700   0.6031790   5.7437424   3.2362182   1.0112777   0.6024970   5.7614198
  64.0000000   0.0018394   0.0005339   0.0001738   0.0045344   0.0143257   0.0047953   0.0024093   0.0406418   3.2466583   1.0129162   0.6026288   5.7303607   3.2194440   1.0057042   0.6000041   5.7154401   3.2523463   1.0145700   0.6031790   5.7437424   3.2362869   1.0112334   0.6026654   5.7624528
  65.0000000   0.0018144   0.0005260   0.0001651   0.0043693   0.0141135   0.0046858   0.0024799   0.0404640   3.2467346   1.0129408   0.6026560   5.7308342   3.2197746   1.0057894   0.5997185   5.7166562   3.2523463   1.0145700   0.6031790   5.7437424   3.2363720   1.0111983   0.6024371   5.7632698
  66.0000000   0.0017896   0.0005181   0.0001569   0.0042079   0.0139203   0.0045859   0.0025325   0.0402967   3.2468107   1.0129652   0.6026817   5.7312990   3.2200756   1.0058657   0.5996711   5.7178462   3.2523463   1.0145700   0.6031790   5.7437424   3.2364465   1.0111639   0.6024302   5.7640748
  67.0000000   0.0017649   0.0005103   0.0001492   0.0040502   0.0137431   0.0044942   0.0025692   0.0401321   3.2468865   1.0129893   0.6027059   5.7317546   3.2203836   1.0059476   0.6004960   5.7191892   3.2523463   1.0145700   0.6031790   5.7437424   3.2365441   1.0111434   0.6032811   5.7650399
  68.0000000   0.0017403   0.0005025   0.0001419   0.0038963   0.0135791   0.0044095   0.0025903   0.0399626   3.2469621   1.0130132   0.6027287   5.7322001   3.2207194   1.0060348   0.6004714   5.7203903   3.2523463   1.0145700   0.6031790   5.7437424   3.2366829   1.0111353   0.6032667   5.7658623
  69.0000000   0.0017159   0.0004949   0.0001351   0.0037465   0.0134260   0.0043307   0.0025992   0.0397830   3.2470373   1.0130368   0.6027501   5.7326351   3.2210497   1.0061216   0.6004072   5.7215180   3.2523463   1.0145700   0.6031790   5.7437424   3.2368272   1.0111328   0.6032013   5.7666056
  70.0000000   0.0016916   0.0004874   0.0001288   0.0036008   0.0132818   0.0042569   0.0025961   0.0395880   3.2471121   1.0130601   0.6027702   5.7330592   3.2213680   1.0062046   0.5997654   5.7224159   3.2523463   1.0145700   0.6031790   5.7437424   3.2369686   1.0111317   0.6025462   5.7671082
  71.0000000   0.0016676   0.0004800   0.0001228   0.0034593   0.0131450   0.0041875   0.0025847   0.0393744   3.2471863   1.0130832   0.6027891   5.7334722   3.2216590   1.0062836   0.6002505   5.7233218   3.2523463   1.0145700   0.6031790   5.7437424   3.2370901   1.0111312   0.6030116   5.7676054
  72.0000000   0.0016437   0.0004727   0.0001172   0.0033219   0.0130140   0.0041219   0.0025641   0.0391387   3.2472601   1.0131059   0.6028069   5.7338737   3.2219681   1.0063681   0.6003799   5.7241798   3.2523463   1.0145700   0.6031790   5.7437424   3.2372360   1.0111398   0.6031122   5.7680377
  73.0000000   0.0016201   0.0004654   0.0001120   0.0031888   0.0128877   0.0040594   0.0025370   0.0388794   3.2473332   1.0131284   0.6028236   5.7342637   3.2222763   1.0064521   0.6006094   5.7250839   3.2523463   1.0145700   0.6031790   5.7437424   3.2373857   1.0111514   0.6033070   5.7684978
  74.0000000   0.0015967   0.0004583   0.0001071   0.0030598   0.0127651   0.0039997   0.0025016   0.0385927   3.2474057   1.0131505   0.6028392   5.7346421   3.2225838   1.0065349   0.6006143   5.7259226   3.2523463   1.0145700   0.6031790   5.7437424   3.2375388   1.0111647   0.6032691   5.7688705
  75.0000000   0.0015736   0.0004513   0.0001026   0.0029349   0.0126452   0.0039423   0.0024600   0.0382770   3.2474774   1.0131724   0.6028539   5.7350089   3.2228876   1.0066169   0.6007811   5.7266948   3.2523463   1.0145700   0.6031790   5.7437424   3.2376913   1.0111796   0.6033875   5.7691529
  76.0000000   0.0015507   0.0004444   0.0000983   0.0028142   0.0125274   0.0038869   0.0024131   0.0379309   3.2475485   1.0131939   0.6028676   5.7353642   3.2231861   1.0066961   0.6008369   5.7274182   3.2523463   1.0145700   0.6031790   5.7437424   3.2378407   1.0111939   0.6033900   5.7693614
  77.0000000   0.0015281   0.0004376   0.0000943   0.0026975   0.0124109   0.0038333   0.0023618   0.0375536   3.2476189   1.0132152   0.6028806   5.7357080   3.2234258   1.0067467   0.6005842   5.7280127   3.2523463   1.0145700   0.6031790   5.7437424   3.2379331   1.0111815   0.6030802   5.7694152
  78.0000000   0.0015058   0.0004309   0.0000905   0.0025847   0.0122953   0.0037811   0.0023076   0.0371447   3.2476884   1.0132361   0.6028927   5.7360404   3.2237076   1.0068187   0.6010511   5.7287393   3.2523463   1.0145700   0.6031790   5.7437424   3.2380687   1.0111921   0.6034873   5.7695748
  79.0000000   0.0014837   0.0004243   0.0000870   0.0024759   0.0121803   0.0037302   0.0022467   0.0367030   3.2477572   1.0132567   0.6029040   5.7363616   3.2240006   1.0068953   0.6008155   5.7292633   3.2523463   1.0145700   0.6031790   5.7437424   3.2382165   1.0112087   0.6031856   5.7695042
  80.0000000   0.0014620   0.0004178   0.0000837   0.0023710   0.0120651   0.0036804   0.0021834   0.0362284   3.2478251   1.0132770   0.6029147   5.7366718   3.2242094   1.0069357   0.6005741   5.7296332   3.2523463   1.0145700   0.6031790   5.7437424   3.2382804   1.0111903   0.6028757   5.7692518
  81.0000000   0.0014405   0.0004115   0.0000806   0.0022698   0.0119498   0.0036315   0.0021186   0.0357218   3.2478922   1.0132970   0.6029247   5.7369711   3.2244521   1.0069926   0.6012253   5.7300726   3.2523463   1.0145700   0.6031790   5.7437424   3.2383782   1.0111894   0.6034582   5.7690421
  82.0000000   0.0014193   0.0004052   0.0000778   0.0021723   0.0118338   0.0035834   0.0020509   0.0351835   3.2479585   1.0133166   0.6029341   5.7372598   3.2247191   1.0070560   0.6018133   5.7307497   3.2523463   1.0145700   0.6031790   5.7437424   3.2385002   1.0111961   0.6039743   5.7690433
  83.0000000   0.0013984   0.0003990   0.0000750   0.0020783   0.0117171   0.0035359   0.0019818   0.0346140   3.2480239   1.0133360   0.6029429   5.7375381   3.2250875   1.0071608   0.6022212   5.7315728   3.2523463   1.0145700   0.6031790   5.7437424   3.2387233   1.0112450   0.6043092   5.7691643
  84.0000000   0.0013778   0.0003930   0.0000725   0.0019879   0.0115995   0.0034891   0.0019103   0.0340142   3.2480884   1.0133550   0.6029512   5.7378062   3.2254524   1.0072659   0.6021931   5.7322997   3.2523463   1.0145700   0.6031790   5.7437424   3.2389423   1.0112947   0.6042058   5.7691636
  85.0000000   0.0013575   0.0003870   0.0000701   0.0019009   0.0114809   0.0034427   0.0018382   0.0333856   3.2481521   1.0133738   0.6029590   5.7380644   3.2258053   1.0073657   0.6021624   5.7329834   3.2523463   1.0145700   0.6031790   5.7437424   3.2391486   1.0113399   0.6040994   5.7690954
  86.0000000   0.0013375   0.0003811   0.0000679   0.0018172   0.0113611   0.0033967   0.0017662   0.0327298   3.2482148   1.0133922   0.6029664   5.7383129   3.2261454   1.0074613   0.6022898   5.7336142   3.2523463   1.0145700   0.6031790   5.7437424   3.2393415   1.0113814   0.6041515   5.7689518
  87.0000000   0.0013178   0.0003754   0.0000657   0.0017367   0.0112402   0.0033511   0.0016932   0.0320486   3.2482767   1.0134104   0.6029733   5.7385520   3.2264815   1.0075540   0.6021122   5.7340854   3.2523463   1.0145700   0.6031790   5.7437424   3.2395296   1.0114205   0.6038977   5.7686276
  88.0000000   0.0012984   0.0003697   0.0000637   0.0016593   0.0111182   0.0033059   0.0016220   0.0313447   3.2483378   1.0134282   0.6029798   5.7387819   3.2268058   1.0076457   0.6025131   5.7346024   3.2523463   1.0145700   0.6031790   5.7437424   3.2397051   1.0114592   0.6042247   5.7683307
  89.0000000   0.0012793   0.0003641   0.0000619   0.0015850   0.0109950   0.0032609   0.0015513   0.0306203   3.2483979   1.0134458   0.6029860   5.7390029   3.2271440   1.0077392   0.6025109   5.7351134   3.2523463   1.0145700   0.6031790   5.7437424   3.2398938   1.0115000   0.6041489   5.7680117
  90.0000000   0.0012604   0.0003586   0.0000601   0.0015136   0.0108707   0.0032162   0.0014819   0.0298780   3.2484572   1.0134631   0.6029918   5.7392153   3.2274838   1.0078335   0.6025093   5.7355921   3.2523463   1.0145700   0.6031790   5.7437424   3.2400836   1.0115421   0.6040753   5.7676465
  91.0000000   0.0012419   0.0003532   0.0000584   0.0014451   0.0107455   0.0031719   0.0014144   0.0291207   3.2485156   1.0134800   0.6029973   5.7394193   3.2278228   1.0079260   0.6025314   5.7360469   3.2523463   1.0145700   0.6031790   5.7437424   3.2402718   1.0115828   0.6040275   5.7672463
  92.0000000   0.0012236   0.0003480   0.0000568   0.0013793   0.0106194   0.0031278   0.0013495   0.0283518   3.2485731   1.0134967   0.6030025   5.7396151   3.2281540   1.0080178   0.6026986   5.7365411   3.2523463   1.0145700   0.6031790   5.7437424   3.2404518   1.0116232   0.6041275   5.7668778
  93.0000000   0.0012057   0.0003428   0.0000553   0.0013162   0.0104926   0.0030840   0.0012856   0.0275732   3.2486298   1.0135132   0.6030075   5.7398031   3.2284811   1.0081062   0.6027113   5.7369775   3.2523463   1.0145700   0.6031790   5.7437424   3.2406273   1.0116606   0.6040742   5.7664456
  94.0000000   0.0011880   0.0003376   0.0000538   0.0012557   0.0103651   0.0030404   0.0012247   0.0267883   3.2486856   1.0135293   0.6030122   5.7399834   3.2288075   1.0081949   0.6027265   5.7374053   3.2523463   1.0145700   0.6031790   5.7437424   3.2408018   1.0116987   0.6040263   5.7660021
  95.0000000   0.0011706   0.0003326   0.0000525   0.0011976   0.0102372   0.0029972   0.0011671   0.0260002   3.2487405   1.0135452   0.6030166   5.7401564   3.2291298   1.0082822   0.6030433   5.7378940   3.2523463   1.0145700   0.6031790   5.7437424   3.2409722   1.0117358   0.6042837   5.7656199
  96.0000000   0.0011534   0.0003277   0.0000512   0.0011420   0.0101089   0.0029543   0.0011099   0.0252103   3.2487946   1.0135608   0.6030209   5.7403222   3.2294601   1.0083703   0.6027121   5.7382532   3.2523463   1.0145700   0.6031790   5.7437424   3.2411507   1.0117743   0.6038932   5.7651096
  97.0000000   0.0011366   0.0003228   0.0000499   0.0010887   0.0099804   0.0029118   0.0010554   0.0244213   3.2488479   1.0135762   0.6030249   5.7404812   3.2297781   1.0084576   0.6024399   5.7384793   3.2523463   1.0145700   0.6031790   5.7437424   3.2413170   1.0118123   0.6035646   5.7644704
  98.0000000   0.0011200   0.0003180   0.0000487   0.0010377   0.0098518   0.0028697   0.0010111   0.0236398   3.2489004   1.0135913   0.6030287   5.7406335   3.2301021   1.0085532   0.6043304   5.7392607   3.2523463   1.0145700   0.6031790   5.7437424   3.2414895   1.0118591   0.6054105   5.7643975
  99.0000000   0.0011036   0.0003133   0.0000476   0.0009888   0.0097237   0.0028279   0.0009634   0.0228641   3.2489521   1.0136062   0.6030324   5.7407793   3.2305108   1.0086661   0.6045604   5.7399942   3.2523463   1.0145700   0.6031790   5.7437424   3.2417477   1.0119238   0.6055913   5.7642856
 100.0000000   0.0010876   0.0003087   0.0000465   0.0009420   0.0095957   0.0027866   0.0009179   0.0220960   3.2490029   1.0136208   0.6030359   5.7409190   3.2309195   1.0087776   0.6045846   5.7406684   3.2523463   1.0145700   0.6031790   5.7437424   3.2420064   1.0119877   0.6055686   5.7641251
 101.0000000   0.0010718   0.0003042   0.0000455   0.0008972   0.0094681   0.0027457   0.0008748   0.0213378   3.2490530   1.0136351   0.6030393   5.7410527   3.2313227   1.0088878   0.6045472   5.7413439   3.2523463   1.0145700   0.6031790   5.7437424   3.2422603   1.0120508   0.6054866   5.7639783
 102.0000000   0.0010562   0.0002997   0.0000445   0.0008544   0.0093410   0.0027053   0.0008332   0.0205905   3.2491023   1.0136493   0.6030426   5.7411807   3.2317186   1.0089959   0.6045107   5.7419513   3.2523463   1.0145700   0.6031790   5.7437424   3.2425077   1.0121123   0.6054068   5.7637771
 103.0000000   0.0010409   0.0002953   0.0000435   0.0008134   0.0092144   0.0026653   0.0007940   0.0198556   3.2491508   1.0136632   0.6030457   5.7413031   3.2321033   1.0090999   0.6045265   5.7425042   3.2523463   1.0145700   0.6031790   5.7437424   3.2427448   1.0121703   0.6053820   5.7635364
 104.0000000   0.0010258   0.0002910   0.0000426   0.0007742   0.0090884   0.0026257   0.0007580   0.0191349   3.2491986   1.0136769   0.6030487   5.7414202   3.2324802   1.0092011   0.6046497   5.7430845   3.2523463   1.0145700   0.6031790   5.7437424   3.2429750   1.0122259   0.6054680   5.7633400
 105.0000000   0.0010110   0.0002868   0.0000417   0.0007367   0.0089633   0.0025866   0.0007231   0.0184292   3.2492456   1.0136903   0.6030515   5.7415322   3.2328559   1.0093011   0.6045750   5.7436582   3.2523463   1.0145700   0.6031790   5.7437424   3.2432052   1.0122810   0.6053570   5.7631543
 106.0000000   0.0009963   0.0002826   0.0000408   0.0007009   0.0088390   0.0025479   0.0006902   0.0177391   3.2492919   1.0137036   0.6030543   5.7416392   3.2332212   1.0093978   0.6045853   5.7441769   3.2523463   1.0145700   0.6031790   5.7437424   3.2434261   1.0123333   0.6053331   5.7629315
 107.0000000   0.0009820   0.0002785   0.0000400   0.0006667   0.0087155   0.0025098   0.0006604   0.0170658   3.2493375   1.0137166   0.6030570   5.7417415   3.2335786   1.0094919   0.6049971   5.7447041   3.2523463   1.0145700   0.6031790   5.7437424   3.2436404   1.0123836   0.6057143   5.7627363
 108.0000000   0.0009678   0.0002745   0.0000391   0.0006341   0.0085932   0.0024722   0.0006320   0.0164101   3.2493824   1.0137294   0.6030596   5.7418392   3.2339510   1.0095883   0.6049616   5.7454001   3.2523463   1.0145700   0.6031790   5.7437424   3.2438711   1.0124368   0.6056491   5.7627298
 109.0000000   0.0009539   0.0002705   0.0000384   0.0006029   0.0084720   0.0024350   0.0006052   0.0157720   3.2494266   1.0137420   0.6030621   5.7419325   3.2343164   1.0096824   0.6049633   5.7459957   3.2523463   1.0145700   0.6031790   5.7437424   3.2440961   1.0124883   0.6056230   5.7626426
 110.0000000   0.0009402   0.0002666   0.0000376   0.0005731   0.0083519   0.0023984   0.0005797   0.0151517   3.2494701   1.0137544   0.6030645   5.7420216   3.2346733   1.0097739   0.6050281   5.7465581   3.2523463   1.0145700   0.6031790   5.7437424   3.2443142   1.0125378   0.6056611   5.7625418
 111.0000000   0.0009267   0.0002627   0.0000368   0.0005447   0.0082331   0.0023623   0.0005562   0.0145497   3.2495129   1.0137666   0.6030669   5.7421066   3.2350301   1.0098656   0.6051472   5.7470243   3.2523463   1.0145700   0.6031790   5.7437424   3.2445336   1.0125881   0.6057558   5.7623652
 112.0000000   0.0009134   0.0002590   0.0000361   0.0005175   0.0081155   0.0023268   0.0005342   0.0139660   3.2495551   1.0137787   0.6030691   5.7421878   3.2353175   1.0099245   0.6049980   5.7474196   3.2523463   1.0145700   0.6031790   5.7437424   3.2446853   1.0126063   0.6055838   5.7621379
 113.0000000   0.0009004   0.0002552   0.0000354   0.0004917   0.0079992   0.0022917   0.0005132   0.0134007   3.2495966   1.0137905   0.6030714   5.7422652   3.2356148   1.0099870   0.6050913   5.7479168   3.2523463   1.0145700   0.6031790   5.7437424   3.2448484   1.0126286   0.6056551   5.7620325
 114.0000000   0.0008875   0.0002516   0.0000347   0.0004670   0.0078843   0.0022572   0.0004936   0.0128535   3.2496375   1.0138021   0.6030735   5.7423391   3.2359262   1.0100577   0.6053149   5.7484449   3.2523463   1.0145700   0.6031790   5.7437424   3.2450273   1.0126598   0.6058581   5.7619780
 115.0000000   0.0008748   0.0002480   0.0000341   0.0004435   0.0077708   0.0022232   0.0004764   0.0123247   3.2496778   1.0138136   0.6030756   5.7424096   3.2362577   1.0101357   0.6058287   5.7490870   3.2523463   1.0145700   0.6031790   5.7437424   3.2452280   1.0126989   0.6063541   5.7620575
 116.0000000   0.0008623   0.0002444   0.0000334   0.0004211   0.0076588   0.0021898   0.0004589   0.0118138   3.2497174   1.0138249   0.6030777   5.7424767   3.2366085   1.0102190   0.6058453   5.7497764   3.2523463   1.0145700   0.6031790   5.7437424   3.2454496   1.0127438   0.6063524   5.7622038
 117.0000000   0.0008500   0.0002409   0.0000328   0.0003997   0.0075482   0.0021568   0.0004430   0.0113207   3.2497565   1.0138360   0.6030797   5.7425408   3.2369624   1.0103047   0.6061700   5.7506045   3.2523463   1.0145700   0.6031790   5.7437424   3.2456761   1.0127919   0.6066604   5.7625082
 118.0000000   0.0008379   0.0002375   0.0000322   0.0003793   0.0074390   0.0021244   0.0004266   0.0108445   3.2497949   1.0138469   0.6030816   5.7426018   3.2373056   1.0103817   0.6060148   5.7514903   3.2523463   1.0145700   0.6031790   5.7437424   3.2458936   1.0128317   0.6064876   5.7628885
 119.0000000   0.0008260   0.0002341   0.0000316   0.0003599   0.0073312   0.0020925   0.0004014   0.0103811   3.2498328   1.0138577   0.6030835   5.7426599   3.2376705   1.0104702   0.6026036   5.7514423   3.2523463   1.0145700   0.6031790   5.7437424   3.2461344   1.0128837   0.6030480   5.7437424
