 t z psi theta tau_a f_e f_o tau_x tau_l C H B r w div entry mass rgdp rinv firm
 s_constrained exit exit_b
 avg_firm_size labor_share std_dev_growth_emp std_dev_growth_sales debt capital 
 ngdp ninv exdem psi_c collat_binding
   1.0000000   1.0000000   2.0465789   0.3887792   0.0032343   1.0000000   0.7913578   0.0000000   0.0000000   2.6494715   1.0147280  -5.9410000   0.0101010   2.0615948   0.5983467   0.0092121   0.3457272   3.2523463   0.6031790  -1.0000000   0.0092119   0.0000000   2.8588776   0.6432150   0.0000000   0.0000000  -5.7437424  34.0778955   3.2523463   0.6031790   0.0003043   1.0000000   0.0000000
   2.0000000   0.9593483   2.0465789   0.3887792   0.0032343   1.0000000   0.7913578   0.0000000   0.0000000   2.5924686   0.9918781  -5.9410000   0.0101010   2.0382512   0.5808970   0.0088184   0.3457272   3.1229308   0.5304621  -1.0000000   0.0103857   0.0000000   2.7976031   0.6474143   0.0000000   0.0000000  -5.7437424  34.0718717   3.1227249   0.5302563   0.0000000   1.0000000   0.0000000
   3.0000000   0.9635461   2.0465789   0.3887792   0.0032343   1.0000000   0.7913578   0.0000000   0.0000000   2.5933268   0.9927686  -5.9671391   0.0092673   2.0391702   0.6043435   0.0088184   0.3441600   3.1312819   0.5379551  -1.0000000   0.0097030   0.0000000   2.8125474   0.6465569   0.0000000   0.0000000  -5.7284744  33.9967236   3.1310842   0.5377574   0.0000000   1.0000000   0.0000000
   4.0000000   0.9673104   2.0465789   0.3887792   0.0032343   1.0000000   0.7913578   0.0000000   0.0000000   2.5937130   0.9934572  -5.9683205   0.0093175   2.0398824   0.6060672   0.0088184   0.3432755   3.1383652   0.5446522  -1.0000000   0.0096813   0.0000000   2.8215735   0.6457702   0.0000000   0.0000000  -5.7120258  33.9309815   3.1381738   0.5444607   0.0000000   1.0000000   0.0000000
   5.0000000   0.9706860   2.0465789   0.3887792   0.0032343   1.0000000   0.7913578   0.0000000   0.0000000   2.5947444   0.9943061  -5.9669105   0.0094588   2.0407584   0.6038591   0.0088184   0.3424126   3.1449897   0.5502453  -1.0000000   0.0092725   0.0000000   2.8309240   0.6452363   0.0000000   0.0000000  -5.6985958  33.8751611   3.1448060   0.5500616   0.0000000   1.0000000   0.0000000
   6.0000000   0.9737130   2.0465789   0.3887792   0.0032343   1.0000000   0.7913578   0.0000000   0.0000000   2.5964065   0.9954724  -5.9662609   0.0094738   2.0419608   0.5993952   0.0092121   0.3419585   3.1518525   0.5554460  -1.0000000   0.0094510   0.0000000   2.8347400   0.6449674   0.0000000   0.0000000  -5.6856352  33.8314459   3.1516717   0.5552652   0.0000000   1.0000000   0.0000000
   7.0000000   0.9764275   2.0465789   0.3887792   0.0032343   1.0000000   0.7913578   0.0000000   0.0000000   2.5974167   0.9963616  -5.9689940   0.0096057   2.0428819   0.5978481   0.0092121   0.3417196   3.1575550   0.5601383  -1.0000000   0.0093263   0.0000000   2.8392249   0.6446714   0.0000000   0.0000000  -5.6746464  33.7871808   3.1573826   0.5599659   0.0000000   1.0000000   0.0000000
   8.0000000   0.9788616   2.0465789   0.3887792   0.0032343   1.0000000   0.7913578   0.0000000   0.0000000   2.5991920   0.9974285  -5.9719345   0.0096612   2.0439755   0.5947644   0.0092121   0.3416054   3.1632948   0.5641027  -1.0000000   0.0090349   0.0000000   2.8431767   0.6445303   0.0000000   0.0000000  -5.6653492  33.7482615   3.1631325   0.5639404   0.0000000   1.0000000   0.0000000
   9.0000000   0.9810444   2.0465789   0.3887792   0.0032343   1.0000000   0.7913578   0.0000000   0.0000000   2.6003264   0.9982052  -5.9768848   0.0097211   2.0447763   0.5975644   0.0092121   0.3417825   3.1681267   0.5678003  -1.0000000   0.0092686   0.0000000   2.8439594   0.6443003   0.0000000   0.0000000  -5.6583478  33.7141769   3.1679718   0.5676454   0.0000000   1.0000000   0.0000000
  10.0000000   0.9830018   2.0465789   0.3887792   0.0032343   1.0000000   0.7913578   0.0000000   0.0000000   2.6015994   0.9989904  -5.9782533   0.0097965   2.0455848   0.5979008   0.0092121   0.3417260   3.1726029   0.5710035  -1.0000000   0.0091511   0.0000000   2.8466579   0.6441511   0.0000000   0.0000000  -5.6535534  33.6853814   3.1724555   0.5708560   0.0000000   1.0000000   0.0000000
  11.0000000   0.9847571   2.0465789   0.3887792   0.0032343   1.0000000   0.7913578   0.0000000   0.0000000   2.6027568   0.9996993  -5.9785056   0.0098557   2.0463158   0.5978074   0.0092121   0.3417870   3.1766944   0.5739376  -1.0000000   0.0091704   0.0000000   2.8481895   0.6440081   0.0000000   0.0000000  -5.6500868  33.6600045   3.1765537   0.5737968   0.0000000   1.0000000   0.0000000
  12.0000000   0.9863311   2.0465789   0.3887792   0.0032343   1.0000000   0.7913578   0.0000000   0.0000000   2.6038465   1.0003350  -5.9780744   0.0098969   2.0469731   0.5985011   0.0092121   0.3418286   3.1804728   0.5766263  -1.0000000   0.0092050   0.0000000   2.8496689   0.6438589   0.0000000   0.0000000  -5.6473411  33.6374510   3.1803381   0.5764916   0.0000000   1.0000000   0.0000000
  13.0000000   0.9877426   2.0465789   0.3887792   0.0032343   1.0000000   0.7913578   0.0000000   0.0000000   2.6047710   1.0009297  -5.9763190   0.0099394   2.0475863   0.5984416   0.0092121   0.3418357   3.1839505   0.5791795  -1.0000000   0.0091892   0.0000000   2.8513154   0.6437318   0.0000000   0.0000000  -5.6453185  33.6179031   3.1838214   0.5790504   0.0000000   1.0000000   0.0000000
  14.0000000   0.9890083   2.0465789   0.3887792   0.0032343   1.0000000   0.7913578   0.0000000   0.0000000   2.6064290   1.0018002  -5.9738627   0.0099675   2.0484860   0.5954431   0.0092121   0.3418585   3.1877980   0.5813689  -1.0000000   0.0088191   0.0000000   2.8536122   0.6437957   0.0000000   0.0000000  -5.6435691  33.6012529   3.1876772   0.5812482   0.0000000   1.0000000   0.0000000
  15.0000000   0.9901434   2.0465789   0.3887792   0.0032343   1.0000000   0.7913578   0.0000000   0.0000000   2.6080928   1.0026211  -5.9734208   0.0099748   2.0493136   0.5954121   0.0094357   0.3422515   3.1913883   0.5832955  -1.0000000   0.0092130   0.0000000   2.8509459   0.6438581   0.0000000   0.0000000  -5.6424218  33.5904541   3.1912724   0.5831796   0.0000000   1.0000000   0.0000000
  16.0000000   0.9911612   2.0465789   0.3887792   0.0032343   1.0000000   0.7913578   0.0000000   0.0000000   2.6090813   1.0032327  -5.9724025   0.0100169   2.0499478   0.5961810   0.0094357   0.3424743   3.1943281   0.5852468  -1.0000000   0.0092261   0.0000000   2.8508923   0.6438588   0.0000000   0.0000000  -5.6413071  33.5776642   3.1942182   0.5851369   0.0000000   1.0000000   0.0000000
  17.0000000   0.9920739   2.0465789   0.3887792   0.0032343   1.0000000   0.7913578   0.0000000   0.0000000   2.6102584   1.0038185  -5.9698591   0.0100458   2.0505493   0.5958414   0.0094357   0.3426839   3.1970892   0.5868308  -1.0000000   0.0092214   0.0000000   2.8508572   0.6438656   0.0000000   0.0000000  -5.6411487  33.5670446   3.1969850   0.5867266   0.0000000   1.0000000   0.0000000
  18.0000000   0.9928924   2.0465789   0.3887792   0.0032343   1.0000000   0.7913578   0.0000000   0.0000000   2.6113363   1.0043509  -5.9671303   0.0100684   2.0510969   0.5958141   0.0094357   0.3428981   3.1996367   0.5883003  -1.0000000   0.0092513   0.0000000   2.8506340   0.6438649   0.0000000   0.0000000  -5.6416836  33.5580582   3.1995376   0.5882013   0.0000000   1.0000000   0.0000000
  19.0000000   0.9936263   2.0465789   0.3887792   0.0032343   1.0000000   0.7913578   0.0000000   0.0000000   2.6123509   1.0048506  -5.9639254   0.0100845   2.0516110   0.5958835   0.0094357   0.3430825   3.2020070   0.5896561  -1.0000000   0.0092563   0.0000000   2.8505616   0.6438690   0.0000000   0.0000000  -5.6424249  33.5505883   3.2019128   0.5895619   0.0000000   1.0000000   0.0000000
  20.0000000   0.9942845   2.0465789   0.3887792   0.0032343   1.0000000   0.7913578   0.0000000   0.0000000   2.6133777   1.0053213  -5.9602046   0.0101055   2.0520946   0.5958360   0.0094357   0.3432619   3.2042272   0.5908495  -1.0000000   0.0092633   0.0000000   2.8504475   0.6438753   0.0000000   0.0000000  -5.6438207  33.5445801   3.2041376   0.5907599   0.0000000   1.0000000   0.0000000
  21.0000000   0.9948747   2.0465789   0.3887792   0.0032343   1.0000000   0.7913578   0.0000000   0.0000000   2.6143139   1.0057567  -5.9561394   0.0101189   2.0525429   0.5957066   0.0094357   0.3434343   3.2062762   0.5919623  -1.0000000   0.0092742   0.0000000   2.8502936   0.6438834   0.0000000   0.0000000  -5.6452905  33.5398129   3.2061908   0.5918769   0.0000000   1.0000000   0.0000000
  22.0000000   0.9954039   2.0465789   0.3887792   0.0032343   1.0000000   0.7913578   0.0000000   0.0000000   2.6151706   1.0061638  -5.9518290   0.0101330   2.0529614   0.5958759   0.0094357   0.3435958   3.2081921   0.5930215  -1.0000000   0.0092848   0.0000000   2.8501477   0.6438908   0.0000000   0.0000000  -5.6470550  33.5361688   3.2081107   0.5929401   0.0000000   1.0000000   0.0000000
  23.0000000   0.9958785   2.0465789   0.3887792   0.0032343   1.0000000   0.7913578   0.0000000   0.0000000   2.6162144   1.0065937  -5.9469704   0.0101462   2.0533922   0.5955641   0.0094357   0.3437466   3.2100839   0.5938695  -1.0000000   0.0092435   0.0000000   2.8501513   0.6439215   0.0000000   0.0000000  -5.6491067  33.5335886   3.2100065   0.5937921   0.0000000   1.0000000   0.0000000
  24.0000000   0.9963041   2.0465789   0.3887792   0.0032343   1.0000000   0.7913578   0.0000000   0.0000000   2.6169710   1.0069353  -5.9421210   0.0101505   2.0537604   0.5960484   0.0094357   0.3439388   3.2117334   0.5947623  -1.0000000   0.0093134   0.0000000   2.8495752   0.6439256   0.0000000   0.0000000  -5.6510752  33.5317143   3.2116595   0.5946884   0.0000000   1.0000000   0.0000000
  25.0000000   0.9966858   2.0465789   0.3887792   0.0032343   1.0000000   0.7913578   0.0000000   0.0000000   2.6176375   1.0072625  -5.9364627   0.0101599   2.0540988   0.5959653   0.0094357   0.3440612   3.2132875   0.5956501  -1.0000000   0.0093173   0.0000000   2.8495148   0.6439288   0.0000000   0.0000000  -5.6533409  33.5308169   3.2132168   0.5955794   0.0000000   1.0000000   0.0000000
  26.0000000   0.9970280   2.0465789   0.3887792   0.0032343   1.0000000   0.7913578   0.0000000   0.0000000   2.6184817   1.0075799  -5.9305229   0.0101686   2.0544206   0.5957493   0.0094357   0.3441796   3.2147765   0.5962947  -1.0000000   0.0093184   0.0000000   2.8494558   0.6439330   0.0000000   0.0000000  -5.6560883  33.5308024   3.2147088   0.5962270   0.0000000   1.0000000   0.0000000
  27.0000000   0.9973349   2.0465789   0.3887792   0.0032343   1.0000000   0.7913578   0.0000000   0.0000000   2.6192717   1.0078798  -5.9246316   0.0101741   2.0547279   0.5958414   0.0094357   0.3442968   3.2161724   0.5969007  -1.0000000   0.0093201   0.0000000   2.8493627   0.6439416   0.0000000   0.0000000  -5.6587405  33.5314212   3.2161076   0.5968360   0.0000000   1.0000000   0.0000000
  28.0000000   0.9976101   2.0465789   0.3887792   0.0032343   1.0000000   0.7913578   0.0000000   0.0000000   2.6199600   1.0081643  -5.9184767   0.0101803   2.0550203   0.5952568   0.0094357   0.3444125   3.2174888   0.5975288  -1.0000000   0.0093233   0.0000000   2.8492403   0.6439520   0.0000000   0.0000000  -5.6615650  33.5326289   3.2174268   0.5974668   0.0000000   1.0000000   0.0000000
  29.0000000   0.9978569   2.0465789   0.3887792   0.0032343   1.0000000   0.7913578   0.0000000   0.0000000   2.6206001   1.0084354  -5.9126701   0.0101842   2.0552994   0.5952261   0.0094357   0.3445248   3.2187355   0.5981354  -1.0000000   0.0093262   0.0000000   2.8491071   0.6439638   0.0000000   0.0000000  -5.6644876  33.5344346   3.2186761   0.5980760   0.0000000   1.0000000   0.0000000
  30.0000000   0.9980782   2.0465789   0.3887792   0.0032343   1.0000000   0.7913578   0.0000000   0.0000000   2.6212746   1.0086956  -5.9066470   0.0101880   2.0555664   0.5953259   0.0094357   0.3446343   3.2199229   0.5986484  -1.0000000   0.0093282   0.0000000   2.8489641   0.6439762   0.0000000   0.0000000  -5.6675524  33.5368111   3.2198660   0.5985915   0.0000000   1.0000000   0.0000000
  31.0000000   0.9982766   2.0465789   0.3887792   0.0032343   1.0000000   0.7913578   0.0000000   0.0000000   2.6219954   1.0089453  -5.9003405   0.0101915   2.0558224   0.5953641   0.0094357   0.3447418   3.2210563   0.5990610  -1.0000000   0.0093309   0.0000000   2.8488074   0.6439893   0.0000000   0.0000000  -5.6707658  33.5396507   3.2210019   0.5990065   0.0000000   1.0000000   0.0000000
  32.0000000   0.9984546   2.0465789   0.3887792   0.0032343   1.0000000   0.7913578   0.0000000   0.0000000   2.6226703   1.0091839  -5.8938858   0.0101943   2.0560681   0.5952516   0.0094357   0.3448466   3.2221337   0.5994634  -1.0000000   0.0093335   0.0000000   2.8486430   0.6440038   0.0000000   0.0000000  -5.6740714  33.5428488   3.2220816   0.5994112   0.0000000   1.0000000   0.0000000
  33.0000000   0.9986142   2.0465789   0.3887792   0.0032343   1.0000000   0.7913578   0.0000000   0.0000000   2.6231907   1.0094104  -5.8874232   0.0101977   2.0563040   0.5952435   0.0094357   0.3449488   3.2231619   0.5999712  -1.0000000   0.0093389   0.0000000   2.8484789   0.6440205   0.0000000   0.0000000  -5.6775533  33.5463730   3.2231120   0.5999213   0.0000000   1.0000000   0.0000000
  34.0000000   0.9987573   2.0465789   0.3887792   0.0032343   1.0000000   0.7913578   0.0000000   0.0000000   2.6237914   1.0096312  -5.8807100   0.0101984   2.0565295   0.5950588   0.0094357   0.3450456   3.2241516   0.6003602  -1.0000000   0.0093397   0.0000000   2.8483195   0.6440328   0.0000000   0.0000000  -5.6811101  33.5503446   3.2241038   0.6003124   0.0000000   1.0000000   0.0000000
  35.0000000   0.9988856   2.0465789   0.3887792   0.0032343   1.0000000   0.7913578   0.0000000   0.0000000   2.6243961   1.0098432  -5.8740301   0.0101999   2.0567466   0.5948639   0.0094357   0.3451416   3.2250984   0.6007023  -1.0000000   0.0093422   0.0000000   2.8481479   0.6440469   0.0000000   0.0000000  -5.6847228  33.5546372   3.2250526   0.6006566   0.0000000   1.0000000   0.0000000
  36.0000000   0.9990007   2.0465789   0.3887792   0.0032343   1.0000000   0.7913578   0.0000000   0.0000000   2.6249944   1.0100475  -5.8674225   0.0102011   2.0569561   0.5948003   0.0094357   0.3452351   3.2260067   0.6010123  -1.0000000   0.0093444   0.0000000   2.8479769   0.6440618   0.0000000   0.0000000  -5.6883963  33.5591950   3.2259630   0.6009686   0.0000000   1.0000000   0.0000000
  37.0000000   0.9991039   2.0465789   0.3887792   0.0032343   1.0000000   0.7913578   0.0000000   0.0000000   2.6256014   1.0102440  -5.8607738   0.0102025   2.0571578   0.5946980   0.0094357   0.3453265   3.2268782   0.6012768  -1.0000000   0.0093470   0.0000000   2.8478006   0.6440766   0.0000000   0.0000000  -5.6921268  33.5639830   3.2268364   0.6012349   0.0000000   1.0000000   0.0000000
  38.0000000   0.9991964   2.0465789   0.3887792   0.0032343   1.0000000   0.7913578   0.0000000   0.0000000   2.6261614   1.0104336  -5.8541473   0.0102024   2.0573518   0.5944590   0.0094357   0.3454151   3.2277140   0.6015526  -1.0000000   0.0093489   0.0000000   2.8476252   0.6440915   0.0000000   0.0000000  -5.6958270  33.5689526   3.2276739   0.6015126   0.0000000   1.0000000   0.0000000
  39.0000000   0.9992794   2.0465789   0.3887792   0.0032343   1.0000000   0.7913578   0.0000000   0.0000000   2.6266990   1.0106139  -5.8476578   0.0102027   2.0575386   0.5943758   0.0094357   0.3455019   3.2285131   0.6018141  -1.0000000   0.0093534   0.0000000   2.8474387   0.6441055   0.0000000   0.0000000  -5.6995702  33.5741115   3.2284749   0.6017758   0.0000000   1.0000000   0.0000000
  40.0000000   0.9993538   2.0465789   0.3887792   0.0032343   1.0000000   0.7913578   0.0000000   0.0000000   2.6271639   1.0107915  -5.8411540   0.0102031   2.0577201   0.5942597   0.0094357   0.3455842   3.2292907   0.6021268  -1.0000000   0.0093529   0.0000000   2.8472826   0.6441209   0.0000000   0.0000000  -5.7033346  33.5794437   3.2292541   0.6020902   0.0000000   1.0000000   0.0000000
  41.0000000   0.9994205   2.0465789   0.3887792   0.0032343   1.0000000   0.7913578   0.0000000   0.0000000   2.6278057   1.0109650  -5.8346029   0.0102030   2.0578945   0.5941515   0.0094357   0.3456670   3.2300461   0.6022404  -1.0000000   0.0093550   0.0000000   2.8471100   0.6441356   0.0000000   0.0000000  -5.7071057  33.5849986   3.2300111   0.6022055   0.0000000   1.0000000   0.0000000
  42.0000000   0.9994804   2.0465789   0.3887792   0.0032343   1.0000000   0.7913578   0.0000000   0.0000000   2.6282735   1.0111342  -5.8281913   0.0102029   2.0580594   0.5939439   0.0094357   0.3457477   3.2307753   0.6025017  -1.0000000   0.0093571   0.0000000   2.8469457   0.6441508   0.0000000   0.0000000  -5.7107993  33.5905710   3.2307419   0.6024684   0.0000000   1.0000000   0.0000000
  43.0000000   0.9995340   2.0465789   0.3887792   0.0032343   1.0000000   0.7913578   0.0000000   0.0000000   2.6288568   1.0113109  -5.8218620   0.0102025   2.0582013   0.5938036   0.0094357   0.3458264   3.2315074   0.6026506  -1.0000000   0.0093587   0.0000000   2.8468195   0.6441630   0.0000000   0.0000000  -5.7144829  33.5963126   3.2314754   0.6026185   0.0000000   1.0000000   0.0000000
  44.0000000   0.9995821   2.0465789   0.3887792   0.0032343   1.0000000   0.7913578   0.0000000   0.0000000   2.6295397   1.0114088  -5.8156803   0.0102034   2.0583606   0.5934930   0.0094357   0.3459033   3.2320635   0.6025238  -1.0000000   0.0094002   0.0000000   2.8464898   0.6441666   0.0000000   0.0000000  -5.7181619  33.6021049   3.2320330   0.6024933   0.0000000   1.0000000   0.0000000
  45.0000000   0.9996253   2.0465789   0.3887792   0.0032343   1.0000000   0.7913578   0.0000000   0.0000000   2.6297995   1.0115439  -5.8100585   0.0102029   2.0585137   0.5936263   0.0094357   0.3459389   3.2326869   0.6028874  -1.0000000   0.0093750   0.0000000   2.8466293   0.6441860   0.0000000   0.0000000  -5.7216510  33.6075785   3.2326579   0.6028584   0.0000000   1.0000000   0.0000000
  46.0000000   0.9996640   2.0465789   0.3887792   0.0032343   1.0000000   0.7913578   0.0000000   0.0000000   2.6299373   1.0116809  -5.8040397   0.0101996   2.0586640   0.5933635   0.0094357   0.3459996   3.2332965   0.6033592  -1.0000000   0.0093700   0.0000000   2.8465519   0.6442038   0.0000000   0.0000000  -5.7250447  33.6133891   3.2332689   0.6033316   0.0000000   1.0000000   0.0000000
  47.0000000   0.9996987   2.0465789   0.3887792   0.0032343   1.0000000   0.7913578   0.0000000   0.0000000   2.6306061   1.0118295  -5.7979202   0.0102006   2.0588141   0.5928285   0.0094357   0.3460653   3.2339163   0.6033102  -1.0000000   0.0093582   0.0000000   2.8464287   0.6442182   0.0000000   0.0000000  -5.7285105  33.6196959   3.2338900   0.6032840   0.0000000   1.0000000   0.0000000
  48.0000000   0.9997298   2.0465789   0.3887792   0.0032343   1.0000000   0.7913578   0.0000000   0.0000000   2.6310470   1.0119730  -5.7924850   0.0102014   2.0589613   0.5924965   0.0094357   0.3461427   3.2345139   0.6034669  -1.0000000   0.0093597   0.0000000   2.8462203   0.6442381   0.0000000   0.0000000  -5.7318356  33.6258111   3.2344890   0.6034421   0.0000000   1.0000000   0.0000000
  49.0000000   0.9997577   2.0465789   0.3887792   0.0032343   1.0000000   0.7913578   0.0000000   0.0000000   2.6313958   1.0121105  -5.7873091   0.0102002   2.0591033   0.5923828   0.0094357   0.3462187   3.2350903   0.6036945  -1.0000000   0.0093636   0.0000000   2.8460018   0.6442557   0.0000000   0.0000000  -5.7350648  33.6319695   3.2350668   0.6036710   0.0000000   1.0000000   0.0000000
  50.0000000   0.9997827   2.0465789   0.3887792   0.0032343   1.0000000   0.7913578   0.0000000   0.0000000   2.6319977   1.0122470  -5.7821046   0.0102000   2.0592404   0.5920555   0.0094357   0.3462909   3.2356610   0.6036632  -1.0000000   0.0093653   0.0000000   2.8458128   0.6442726   0.0000000   0.0000000  -5.7382836  33.6382429   3.2356388   0.6036410   0.0000000   1.0000000   0.0000000
  51.0000000   0.9998052   2.0465789   0.3887792   0.0032343   1.0000000   0.7913578   0.0000000   0.0000000   2.6323759   1.0123710  -5.7773399   0.0101979   2.0593720   0.5918676   0.0094357   0.3463613   3.2361890   0.6038131  -1.0000000   0.0093713   0.0000000   2.8456072   0.6442894   0.0000000   0.0000000  -5.7412948  33.6443731   3.2361680   0.6037921   0.0000000   1.0000000   0.0000000
  52.0000000   0.9998253   2.0465789   0.3887792   0.0032343   1.0000000   0.7913578   0.0000000   0.0000000   2.6328126   1.0124976  -5.7726915   0.0101971   2.0594970   0.5913181   0.0094357   0.3464257   3.2367170   0.6039044  -1.0000000   0.0093710   0.0000000   2.8454595   0.6443063   0.0000000   0.0000000  -5.7442250  33.6505465   3.2366972   0.6038846   0.0000000   1.0000000   0.0000000
  53.0000000   0.9998433   2.0465789   0.3887792   0.0032343   1.0000000   0.7913578   0.0000000   0.0000000   2.6331312   1.0126205  -5.7685936   0.0101974   2.0596168   0.5919039   0.0094357   0.3464904   3.2372294   0.6040981  -1.0000000   0.0093735   0.0000000   2.8453047   0.6443236   0.0000000   0.0000000  -5.7470495  33.6567096   3.2372107   0.6040795   0.0000000   1.0000000   0.0000000
  54.0000000   0.9998595   2.0465789   0.3887792   0.0032343   1.0000000   0.7913578   0.0000000   0.0000000   2.6333390   1.0127605  -5.7637911   0.0101964   2.0597057   0.5909738   0.0094357   0.3465526   3.2377714   0.6044325  -1.0000000   0.0093743   0.0000000   2.8452061   0.6443338   0.0000000   0.0000000  -5.7497677  33.6629627   3.2377536   0.6044147   0.0000000   1.0000000   0.0000000
  55.0000000   0.9998740   2.0465789   0.3887792   0.0032343   1.0000000   0.7913578   0.0000000   0.0000000   2.6373512   1.0123553  -5.7597003   0.0101967   2.0597669   0.5945626   0.0092121   0.3466141   3.2371762   0.5998251  -1.0000000   0.0093757   0.0000000   2.8469370   0.6445694   0.0000000   0.0000000  -5.7523773  33.6660308   3.2371594   0.5998082   0.0000000   1.0000000   0.0000000
  56.0000000   0.9998870   2.0465789   0.3887792   0.0032343   1.0000000   0.7913578   0.0000000   0.0000000   2.6376638   1.0121456  -5.7567593   0.0101947   2.0598384   0.5945377   0.0092121   0.3464504   3.2369308   0.5992670  -1.0000000   0.0093748   0.0000000   2.8486604   0.6447341   0.0000000   0.0000000  -5.7539665  33.6683659   3.2369146   0.5992508   0.0000000   1.0000000   0.0000000
  57.0000000   0.9998987   2.0465789   0.3887792   0.0032343   1.0000000   0.7913578   0.0000000   0.0000000   2.6363365   1.0119443  -5.7545152   0.0101992   2.0598973   0.5936769   0.0092121   0.3462877   3.2366633   0.6003268  -1.0000000   0.0093635   0.0000000   2.8503863   0.6449012   0.0000000   0.0000000  -5.7548766  33.6701305   3.2366477   0.6003112   0.0000000   1.0000000   0.0000000
  58.0000000   0.9999091   2.0465789   0.3887792   0.0032343   1.0000000   0.7913578   0.0000000   0.0000000   2.6358000   1.0117736  -5.7521012   0.0101937   2.0599508   0.5936089   0.0092121   0.3461363   3.2364699   0.6006698  -1.0000000   0.0093485   0.0000000   2.8521039   0.6450701   0.0000000   0.0000000  -5.7558148  33.6730016   3.2364547   0.6006547   0.0000000   1.0000000   0.0000000
  59.0000000   0.9999185   2.0465789   0.3887792   0.0032343   1.0000000   0.7913578   0.0000000   0.0000000   2.6353494   1.0116255  -5.7494753   0.0101916   2.0600033   0.5935087   0.0092121   0.3459998   3.2363190   0.6009696  -1.0000000   0.0093326   0.0000000   2.8536784   0.6452247   0.0000000   0.0000000  -5.7566443  33.6762570   3.2363044   0.6009549   0.0000000   1.0000000   0.0000000
  60.0000000   0.9999269   2.0465789   0.3887792   0.0032343   1.0000000   0.7913578   0.0000000   0.0000000   2.6345760   1.0115018  -5.7467136   0.0101904   2.0600575   0.5931645   0.0092121   0.3458792   3.2362164   0.6016404  -1.0000000   0.0093147   0.0000000   2.8551139   0.6453676   0.0000000   0.0000000  -5.7574137  33.6798406   3.2362023   0.6016263   0.0000000   1.0000000   0.0000000
  61.0000000   0.9999345   2.0465789   0.3887792   0.0032343   1.0000000   0.7913578   0.0000000   0.0000000   2.6347760   1.0114088  -5.7436795   0.0101887   2.0601055   0.5928264   0.0092121   0.3457766   3.2361819   0.6014059  -1.0000000   0.0092983   0.0000000   2.8563960   0.6454926   0.0000000   0.0000000  -5.7584388  33.6841395   3.2361682   0.6013922   0.0000000   1.0000000   0.0000000
  62.0000000   0.9999413   2.0465789   0.3887792   0.0032343   1.0000000   0.7913578   0.0000000   0.0000000   2.6339507   1.0113332  -5.7413095   0.0101904   2.0601365   0.5924573   0.0092121   0.3456903   3.2361727   0.6022220  -1.0000000   0.0092911   0.0000000   2.8575663   0.6456116   0.0000000   0.0000000  -5.7592777  33.6881761   3.2361593   0.6022086   0.0000000   1.0000000   0.0000000
  63.0000000   0.9999473   2.0465789   0.3887792   0.0032343   1.0000000   0.7913578   0.0000000   0.0000000   2.6337212   1.0112777  -5.7385515   0.0101860   2.0601703   0.5923057   0.0092121   0.3456113   3.2362182   0.6024970  -1.0000000   0.0092802   0.0000000   2.8586960   0.6457245   0.0000000   0.0000000  -5.7603584  33.6930270   3.2362051   0.6024839   0.0000000   1.0000000   0.0000000
  64.0000000   0.9999528   2.0465789   0.3887792   0.0032343   1.0000000   0.7913578   0.0000000   0.0000000   2.6336215   1.0112334  -5.7357543   0.0101843   2.0602060   0.5921773   0.0092121   0.3455432   3.2362869   0.6026654  -1.0000000   0.0092716   0.0000000   2.8597279   0.6458310   0.0000000   0.0000000  -5.7614198  33.6981255   3.2362741   0.6026526   0.0000000   1.0000000   0.0000000
  65.0000000   0.9999576   2.0465789   0.3887792   0.0032343   1.0000000   0.7913578   0.0000000   0.0000000   2.6339348   1.0111983  -5.7329908   0.0101809   2.0602437   0.5921458   0.0092121   0.3454837   3.2363720   0.6024371  -1.0000000   0.0092640   0.0000000   2.8606791   0.6459322   0.0000000   0.0000000  -5.7624528  33.7033542   3.2363595   0.6024247   0.0000000   1.0000000   0.0000000
  66.0000000   0.9999620   2.0465789   0.3887792   0.0032343   1.0000000   0.7913578   0.0000000   0.0000000   2.6340163   1.0111639  -5.7305785   0.0101808   2.0602855   0.5919367   0.0092121   0.3454317   3.2364465   0.6024302  -1.0000000   0.0092581   0.0000000   2.8615431   0.6460309   0.0000000   0.0000000  -5.7632698  33.7083030   3.2364345   0.6024181   0.0000000   1.0000000   0.0000000
  67.0000000   0.9999659   2.0465789   0.3887792   0.0032343   1.0000000   0.7913578   0.0000000   0.0000000   2.6332630   1.0111434  -5.7284763   0.0101834   2.0603161   0.5912836   0.0092121   0.3453857   3.2365441   0.6032811  -1.0000000   0.0092522   0.0000000   2.8623680   0.6461232   0.0000000   0.0000000  -5.7640748  33.7131968   3.2365324   0.6032694   0.0000000   1.0000000   0.0000000
  68.0000000   0.9999695   2.0465789   0.3887792   0.0032343   1.0000000   0.7913578   0.0000000   0.0000000   2.6334162   1.0111353  -5.7262241   0.0101771   2.0603519   0.5912999   0.0092121   0.3453455   3.2366829   0.6032667  -1.0000000   0.0092461   0.0000000   2.8631636   0.6462130   0.0000000   0.0000000  -5.7650399  33.7189019   3.2366714   0.6032552   0.0000000   1.0000000   0.0000000
  69.0000000   0.9999726   2.0465789   0.3887792   0.0032343   1.0000000   0.7913578   0.0000000   0.0000000   2.6336259   1.0111328  -5.7240552   0.0101753   2.0603845   0.5912558   0.0092121   0.3453115   3.2368272   0.6032013  -1.0000000   0.0092420   0.0000000   2.8639108   0.6463010   0.0000000   0.0000000  -5.7658623  33.7245268   3.2368160   0.6031902   0.0000000   1.0000000   0.0000000
  70.0000000   0.9999754   2.0465789   0.3887792   0.0032343   1.0000000   0.7913578   0.0000000   0.0000000   2.6344224   1.0111317  -5.7220669   0.0101712   2.0604183   0.5911163   0.0092121   0.3452816   3.2369686   0.6025462  -1.0000000   0.0092388   0.0000000   2.8646176   0.6463883   0.0000000   0.0000000  -5.7666056  33.7300162   3.2369577   0.6025354   0.0000000   1.0000000   0.0000000
  71.0000000   0.9999780   2.0465789   0.3887792   0.0032343   1.0000000   0.7913578   0.0000000   0.0000000   2.6340785   1.0111312  -5.7209847   0.0101739   2.0604442   0.5910535   0.0092121   0.3452549   3.2370901   0.6030116  -1.0000000   0.0092359   0.0000000   2.8652731   0.6464713   0.0000000   0.0000000  -5.7671082  33.7347744   3.2370795   0.6030010   0.0000000   1.0000000   0.0000000
  72.0000000   0.9999802   2.0465789   0.3887792   0.0032343   1.0000000   0.7913578   0.0000000   0.0000000   2.6341238   1.0111398  -5.7195713   0.0101722   2.0604704   0.5903797   0.0092121   0.3452310   3.2372360   0.6031122  -1.0000000   0.0092311   0.0000000   2.8659176   0.6465522   0.0000000   0.0000000  -5.7676054  33.7399508   3.2372256   0.6031018   0.0000000   1.0000000   0.0000000
  73.0000000   0.9999823   2.0465789   0.3887792   0.0032343   1.0000000   0.7913578   0.0000000   0.0000000   2.6340787   1.0111514  -5.7188159   0.0101709   2.0604983   0.5904743   0.0092121   0.3452120   3.2373857   0.6033070  -1.0000000   0.0092278   0.0000000   2.8665212   0.6466324   0.0000000   0.0000000  -5.7680377  33.7451634   3.2373756   0.6032969   0.0000000   1.0000000   0.0000000
  74.0000000   0.9999841   2.0465789   0.3887792   0.0032343   1.0000000   0.7913578   0.0000000   0.0000000   2.6342697   1.0111647  -5.7178540   0.0101702   2.0605308   0.5902341   0.0092121   0.3451962   3.2375388   0.6032691  -1.0000000   0.0092246   0.0000000   2.8670957   0.6467128   0.0000000   0.0000000  -5.7684978  33.7505076   3.2375290   0.6032593   0.0000000   1.0000000   0.0000000
  75.0000000   0.9999858   2.0465789   0.3887792   0.0032343   1.0000000   0.7913578   0.0000000   0.0000000   2.6343037   1.0111796  -5.7172511   0.0101694   2.0605624   0.5902450   0.0092121   0.3451837   3.2376913   0.6033875  -1.0000000   0.0092227   0.0000000   2.8676355   0.6467911   0.0000000   0.0000000  -5.7688705  33.7557399   3.2376818   0.6033780   0.0000000   1.0000000   0.0000000
  76.0000000   0.9999872   2.0465789   0.3887792   0.0032343   1.0000000   0.7913578   0.0000000   0.0000000   2.6344507   1.0111939  -5.7165940   0.0101681   2.0605968   0.5901446   0.0092121   0.3451731   3.2378407   0.6033900  -1.0000000   0.0092214   0.0000000   2.8681465   0.6468678   0.0000000   0.0000000  -5.7691529  33.7610193   3.2378315   0.6033808   0.0000000   1.0000000   0.0000000
  77.0000000   0.9999885   2.0465789   0.3887792   0.0032343   1.0000000   0.7913578   0.0000000   0.0000000   2.6348529   1.0111815  -5.7161080   0.0101670   2.0606327   0.5902833   0.0092121   0.3451638   3.2379331   0.6030802  -1.0000000   0.0092382   0.0000000   2.8686363   0.6469541   0.0000000   0.0000000  -5.7693614  33.7662271   3.2379242   0.6030713   0.0000000   1.0000000   0.0000000
  78.0000000   0.9999897   2.0465789   0.3887792   0.0032343   1.0000000   0.7913578   0.0000000   0.0000000   2.6345815   1.0111921  -5.7158645   0.0101656   2.0606592   0.5898576   0.0092121   0.3451376   3.2380687   0.6034873  -1.0000000   0.0092256   0.0000000   2.8692788   0.6470324   0.0000000   0.0000000  -5.7694152  33.7709642   3.2380601   0.6034787   0.0000000   1.0000000   0.0000000
  79.0000000   0.9999908   2.0465789   0.3887792   0.0032343   1.0000000   0.7913578   0.0000000   0.0000000   2.6350309   1.0112087  -5.7157144   0.0101638   2.0606914   0.5899031   0.0092121   0.3451241   3.2382165   0.6031856  -1.0000000   0.0092189   0.0000000   2.8698065   0.6471072   0.0000000   0.0000000  -5.7695748  33.7761097   3.2382081   0.6031772   0.0000000   1.0000000   0.0000000
  80.0000000   0.9999917   2.0465789   0.3887792   0.0032343   1.0000000   0.7913578   0.0000000   0.0000000   2.6354046   1.0111903  -5.7158982   0.0101628   2.0607233   0.5899497   0.0092121   0.3451172   3.2382804   0.6028757  -1.0000000   0.0092393   0.0000000   2.8702756   0.6471976   0.0000000   0.0000000  -5.7695042  33.7808850   3.2382723   0.6028677   0.0000000   1.0000000   0.0000000
  81.0000000   0.9999926   2.0465789   0.3887792   0.0032343   1.0000000   0.7913578   0.0000000   0.0000000   2.6349200   1.0111894  -5.7164278   0.0101641   2.0607353   0.5898738   0.0092121   0.3450899   3.2383782   0.6034582  -1.0000000   0.0092358   0.0000000   2.8709396   0.6472817   0.0000000   0.0000000  -5.7692518  33.7851840   3.2383703   0.6034503   0.0000000   1.0000000   0.0000000
  82.0000000   0.9999934   2.0465789   0.3887792   0.0032343   1.0000000   0.7913578   0.0000000   0.0000000   2.6345259   1.0111961  -5.7165225   0.0101609   2.0607598   0.5896042   0.0092121   0.3450662   3.2385002   0.6039743  -1.0000000   0.0092276   0.0000000   2.8715857   0.6473673   0.0000000   0.0000000  -5.7690421  33.7900469   3.2384925   0.6039666   0.0000000   1.0000000   0.0000000
  83.0000000   0.9999940   2.0465789   0.3887792   0.0032343   1.0000000   0.7913578   0.0000000   0.0000000   2.6344141   1.0112450  -5.7164394   0.0101584   2.0607859   0.5893965   0.0092121   0.3450506   3.2387233   0.6043092  -1.0000000   0.0092025   0.0000000   2.8721583   0.6474315   0.0000000   0.0000000  -5.7690433  33.7953545   3.2387158   0.6043017   0.0000000   1.0000000   0.0000000
  84.0000000   0.9999947   2.0465789   0.3887792   0.0032343   1.0000000   0.7913578   0.0000000   0.0000000   2.6347365   1.0112947  -5.7163147   0.0101569   2.0608132   0.5889715   0.0092121   0.3450602   3.2389423   0.6042058  -1.0000000   0.0091997   0.0000000   2.8725225   0.6474959   0.0000000   0.0000000  -5.7691643  33.8010476   3.2389351   0.6041986   0.0000000   1.0000000   0.0000000
  85.0000000   0.9999952   2.0465789   0.3887792   0.0032343   1.0000000   0.7913578   0.0000000   0.0000000   2.6350492   1.0113399  -5.7168021   0.0101551   2.0608374   0.5891591   0.0092121   0.3450726   3.2391486   0.6040994  -1.0000000   0.0092031   0.0000000   2.8728580   0.6475605   0.0000000   0.0000000  -5.7691636  33.8065307   3.2391416   0.6040925   0.0000000   1.0000000   0.0000000
  86.0000000   0.9999957   2.0465789   0.3887792   0.0032343   1.0000000   0.7913578   0.0000000   0.0000000   2.6351900   1.0113814  -5.7172945   0.0101537   2.0608630   0.5890817   0.0092121   0.3450816   3.2393415   0.6041515  -1.0000000   0.0092034   0.0000000   2.8732151   0.6476267   0.0000000   0.0000000  -5.7690954  33.8118298   3.2393348   0.6041448   0.0000000   1.0000000   0.0000000
  87.0000000   0.9999961   2.0465789   0.3887792   0.0032343   1.0000000   0.7913578   0.0000000   0.0000000   2.6356319   1.0114205  -5.7178925   0.0101523   2.0608909   0.5890734   0.0092121   0.3450902   3.2395296   0.6038977  -1.0000000   0.0092039   0.0000000   2.8735664   0.6476929   0.0000000   0.0000000  -5.7689518  33.8170917   3.2395231   0.6038912   0.0000000   1.0000000   0.0000000
  88.0000000   0.9999965   2.0465789   0.3887792   0.0032343   1.0000000   0.7913578   0.0000000   0.0000000   2.6354804   1.0114592  -5.7188407   0.0101520   2.0609093   0.5892015   0.0092121   0.3450984   3.2397051   0.6042247  -1.0000000   0.0092053   0.0000000   2.8739342   0.6477613   0.0000000   0.0000000  -5.7686276  33.8220094   3.2396988   0.6042184   0.0000000   1.0000000   0.0000000
  89.0000000   0.9999969   2.0465789   0.3887792   0.0032343   1.0000000   0.7913578   0.0000000   0.0000000   2.6357449   1.0115000  -5.7194068   0.0101501   2.0609301   0.5892251   0.0092121   0.3451052   3.2398938   0.6041489  -1.0000000   0.0092051   0.0000000   2.8743098   0.6478272   0.0000000   0.0000000  -5.7683307  33.8271808   3.2398877   0.6041428   0.0000000   1.0000000   0.0000000
  90.0000000   0.9999972   2.0465789   0.3887792   0.0032343   1.0000000   0.7913578   0.0000000   0.0000000   2.6360083   1.0115421  -5.7201085   0.0101486   2.0609483   0.5888712   0.0092121   0.3451122   3.2400836   0.6040753  -1.0000000   0.0092050   0.0000000   2.8746825   0.6478917   0.0000000   0.0000000  -5.7680117  33.8321917   3.2400776   0.6040693   0.0000000   1.0000000   0.0000000
  91.0000000   1.0000000   2.0465789   0.3887792   0.0032343   1.0000000   0.7913578   0.0000000   0.0000000   2.6362444   1.0115828  -5.7213265   0.0101470   2.0609709   0.5890710   0.0092121   0.3451192   3.2402718   0.6040275  -1.0000000   0.0092044   0.0000000   2.8750511   0.6479570   0.0000000   0.0000000  -5.7676465  33.8370535   3.2402661   0.6040217   0.0000000   1.0000000   0.0000000
  92.0000000   1.0000000   2.0465789   0.3887792   0.0032343   1.0000000   0.7913578   0.0000000   0.0000000   2.6363243   1.0116232  -5.7224827   0.0101462   2.0609894   0.5890469   0.0092121   0.3451268   3.2404518   0.6041275  -1.0000000   0.0092042   0.0000000   2.8754125   0.6480222   0.0000000   0.0000000  -5.7672463  33.8417904   3.2404462   0.6041219   0.0000000   1.0000000   0.0000000
  93.0000000   1.0000000   2.0465789   0.3887792   0.0032343   1.0000000   0.7913578   0.0000000   0.0000000   2.6365531   1.0116606  -5.7236444   0.0101445   2.0610130   0.5890620   0.0092121   0.3451346   3.2406273   0.6040742  -1.0000000   0.0092044   0.0000000   2.8757591   0.6480869   0.0000000   0.0000000  -5.7668778  33.8465541   3.2406219   0.6040688   0.0000000   1.0000000   0.0000000
  94.0000000   1.0000000   2.0465789   0.3887792   0.0032343   1.0000000   0.7913578   0.0000000   0.0000000   2.6367755   1.0116987  -5.7249302   0.0101440   2.0610339   0.5891561   0.0092121   0.3451423   3.2408018   0.6040263  -1.0000000   0.0092045   0.0000000   2.8761118   0.6481520   0.0000000   0.0000000  -5.7664456  33.8511889   3.2407967   0.6040211   0.0000000   1.0000000   0.0000000
  95.0000000   1.0000000   2.0465789   0.3887792   0.0032343   1.0000000   0.7913578   0.0000000   0.0000000   2.6366886   1.0117358  -5.7262502   0.0101424   2.0610548   0.5892367   0.0092121   0.3451499   3.2409722   0.6042837  -1.0000000   0.0092046   0.0000000   2.8764562   0.6482160   0.0000000   0.0000000  -5.7660021  33.8557014   3.2409673   0.6042787   0.0000000   1.0000000   0.0000000
  96.0000000   1.0000000   2.0465789   0.3887792   0.0032343   1.0000000   0.7913578   0.0000000   0.0000000   2.6372574   1.0117743  -5.7273054   0.0101403   2.0610782   0.5891451   0.0092121   0.3451573   3.2411507   0.6038932  -1.0000000   0.0092040   0.0000000   2.8767918   0.6482768   0.0000000   0.0000000  -5.7656199  33.8604036   3.2411459   0.6038885   0.0000000   1.0000000   0.0000000
  97.0000000   1.0000000   2.0465789   0.3887792   0.0032343   1.0000000   0.7913578   0.0000000   0.0000000   2.6377524   1.0118123  -5.7289302   0.0101393   2.0610954   0.5891048   0.0092121   0.3451654   3.2413170   0.6035646  -1.0000000   0.0092039   0.0000000   2.8771455   0.6483433   0.0000000   0.0000000  -5.7651096  33.8646382   3.2413124   0.6035600   0.0000000   1.0000000   0.0000000
  98.0000000   1.0000000   2.0465789   0.3887792   0.0032343   1.0000000   0.7913578   0.0000000   0.0000000   2.6360790   1.0118591  -5.7310632   0.0101473   2.0610913   0.5888668   0.0092121   0.3451735   3.2414895   0.6054105  -1.0000000   0.0092040   0.0000000   2.8759282   0.6480482   0.0000000   0.0000000  -5.7644704  33.8684766   3.2414849   0.6054059   0.0000000   1.0000000   0.0000000
  99.0000000   1.0000000   2.0465789   0.3887792   0.0032343   1.0000000   0.7913578   0.0000000   0.0000000   2.6361564   1.0119238  -5.7316201   0.0101377   2.0610951   0.5889027   0.0092121   0.3451815   3.2417477   0.6055913  -1.0000000   0.0092025   0.0000000   2.8752964   0.6478701   0.0000000   0.0000000  -5.7643975  33.8741181   3.2417431   0.6055867   0.0000000   1.0000000   0.0000000
 100.0000000   1.0000000   2.0465789   0.3887792   0.0032343   1.0000000   0.7913578   0.0000000   0.0000000   2.6364378   1.0119877  -5.7320690   0.0101347   2.0611026   0.5888639   0.0092121   0.3451911   3.2420064   0.6055686  -1.0000000   0.0092020   0.0000000   2.8746615   0.6476952   0.0000000   0.0000000  -5.7642856  33.8798577   3.2420018   0.6055640   0.0000000   1.0000000   0.0000000
 101.0000000   1.0000000   2.0465789   0.3887792   0.0032343   1.0000000   0.7913578   0.0000000   0.0000000   2.6367737   1.0120508  -5.7326939   0.0101326   2.0611118   0.5889775   0.0092121   0.3452012   3.2422603   0.6054866  -1.0000000   0.0092009   0.0000000   2.8740554   0.6475292   0.0000000   0.0000000  -5.7641251  33.8854887   3.2422559   0.6054821   0.0000000   1.0000000   0.0000000
 102.0000000   1.0000000   2.0465789   0.3887792   0.0032343   1.0000000   0.7913578   0.0000000   0.0000000   2.6371009   1.0121123  -5.7333946   0.0101299   2.0611225   0.5889818   0.0092121   0.3452124   3.2425077   0.6054068  -1.0000000   0.0092003   0.0000000   2.8734336   0.6473636   0.0000000   0.0000000  -5.7639783  33.8909501   3.2425034   0.6054025   0.0000000   1.0000000   0.0000000
 103.0000000   1.0000000   2.0465789   0.3887792   0.0032343   1.0000000   0.7913578   0.0000000   0.0000000   2.6373628   1.0121703  -5.7342797   0.0101281   2.0611363   0.5890345   0.0092121   0.3452242   3.2427448   0.6053820  -1.0000000   0.0092005   0.0000000   2.8729161   0.6472254   0.0000000   0.0000000  -5.7637771  33.8962444   3.2427406   0.6053778   0.0000000   1.0000000   0.0000000
 104.0000000   1.0000000   2.0465789   0.3887792   0.0032343   1.0000000   0.7913578   0.0000000   0.0000000   2.6375070   1.0122259  -5.7352476   0.0101275   2.0611522   0.5891143   0.0092121   0.3452357   3.2429750   0.6054680  -1.0000000   0.0092005   0.0000000   2.8724669   0.6471044   0.0000000   0.0000000  -5.7635364  33.9014317   3.2429709   0.6054639   0.0000000   1.0000000   0.0000000
 105.0000000   1.0000000   2.0465789   0.3887792   0.0032343   1.0000000   0.7913578   0.0000000   0.0000000   2.6378482   1.0122810  -5.7361420   0.0101245   2.0611697   0.5891211   0.0092121   0.3452473   3.2432052   0.6053570  -1.0000000   0.0092004   0.0000000   2.8720735   0.6469963   0.0000000   0.0000000  -5.7633400  33.9066256   3.2432013   0.6053531   0.0000000   1.0000000   0.0000000
 106.0000000   1.0000000   2.0465789   0.3887792   0.0032343   1.0000000   0.7913578   0.0000000   0.0000000   2.6380930   1.0123333  -5.7372430   0.0101231   2.0611887   0.5889636   0.0092121   0.3452590   3.2434261   0.6053331  -1.0000000   0.0092006   0.0000000   2.8717251   0.6469010   0.0000000   0.0000000  -5.7631543  33.9116252   3.2434224   0.6053294   0.0000000   1.0000000   0.0000000
 107.0000000   1.0000000   2.0465789   0.3887792   0.0032343   1.0000000   0.7913578   0.0000000   0.0000000   2.6379261   1.0123836  -5.7386336   0.0101230   2.0612092   0.5890090   0.0092121   0.3452704   3.2436404   0.6057143  -1.0000000   0.0092007   0.0000000   2.8714224   0.6468174   0.0000000   0.0000000  -5.7629315  33.9165232   3.2436368   0.6057107   0.0000000   1.0000000   0.0000000
 108.0000000   1.0000000   2.0465789   0.3887792   0.0032343   1.0000000   0.7913578   0.0000000   0.0000000   2.6382219   1.0124368  -5.7396883   0.0101211   2.0612307   0.5893824   0.0092121   0.3452817   3.2438711   0.6056491  -1.0000000   0.0092011   0.0000000   2.8711458   0.6467364   0.0000000   0.0000000  -5.7627363  33.9217239   3.2438677   0.6056458   0.0000000   1.0000000   0.0000000
 109.0000000   1.0000000   2.0465789   0.3887792   0.0032343   1.0000000   0.7913578   0.0000000   0.0000000   2.6384732   1.0124883  -5.7405292   0.0101188   2.0612532   0.5894544   0.0092121   0.3452927   3.2440961   0.6056230  -1.0000000   0.0092012   0.0000000   2.8709008   0.6466633   0.0000000   0.0000000  -5.7627298  33.9267736   3.2440930   0.6056198   0.0000000   1.0000000   0.0000000
 110.0000000   1.0000000   2.0465789   0.3887792   0.0032343   1.0000000   0.7913578   0.0000000   0.0000000   2.6386531   1.0125378  -5.7414178   0.0101167   2.0612759   0.5895675   0.0092121   0.3453035   3.2443142   0.6056611  -1.0000000   0.0092018   0.0000000   2.8706842   0.6465979   0.0000000   0.0000000  -5.7626426  33.9317186   3.2443113   0.6056582   0.0000000   1.0000000   0.0000000
 111.0000000   1.0000000   2.0465789   0.3887792   0.0032343   1.0000000   0.7913578   0.0000000   0.0000000   2.6387779   1.0125881  -5.7422482   0.0101152   2.0612978   0.5894653   0.0092121   0.3453137   3.2445336   0.6057558  -1.0000000   0.0092014   0.0000000   2.8704880   0.6465355   0.0000000   0.0000000  -5.7625418  33.9366227   3.2445309   0.6057531   0.0000000   1.0000000   0.0000000
 112.0000000   1.0000000   2.0465789   0.3887792   0.0032343   1.0000000   0.7913578   0.0000000   0.0000000   2.6391014   1.0126063  -5.7431771   0.0101130   2.0613207   0.5898623   0.0092121   0.3453244   3.2446853   0.6055838  -1.0000000   0.0092223   0.0000000   2.8703095   0.6464917   0.0000000   0.0000000  -5.7623652  33.9415514   3.2446827   0.6055813   0.0000000   1.0000000   0.0000000
 113.0000000   1.0000000   2.0465789   0.3887792   0.0032343   1.0000000   0.7913578   0.0000000   0.0000000   2.6391933   1.0126286  -5.7439687   0.0101108   2.0613437   0.5899205   0.0092121   0.3453142   3.2448484   0.6056551  -1.0000000   0.0092202   0.0000000   2.8703167   0.6464494   0.0000000   0.0000000  -5.7621379  33.9461324   3.2448460   0.6056527   0.0000000   1.0000000   0.0000000
 114.0000000   1.0000000   2.0465789   0.3887792   0.0032343   1.0000000   0.7913578   0.0000000   0.0000000   2.6391692   1.0126598  -5.7447212   0.0101088   2.0613655   0.5900051   0.0092121   0.3453060   3.2450273   0.6058581  -1.0000000   0.0092141   0.0000000   2.8703186   0.6464061   0.0000000   0.0000000  -5.7620325  33.9507417   3.2450252   0.6058560   0.0000000   1.0000000   0.0000000
 115.0000000   1.0000000   2.0465789   0.3887792   0.0032343   1.0000000   0.7913578   0.0000000   0.0000000   2.6388738   1.0126989  -5.7452844   0.0101088   2.0613788   0.5900489   0.0092121   0.3453040   3.2452280   0.6063541  -1.0000000   0.0092140   0.0000000   2.8703012   0.6463627   0.0000000   0.0000000  -5.7619780  33.9554777   3.2452260   0.6063521   0.0000000   1.0000000   0.0000000
 116.0000000   1.0000000   2.0465789   0.3887792   0.0032343   1.0000000   0.7913578   0.0000000   0.0000000   2.6390973   1.0127438  -5.7453915   0.0101046   2.0613976   0.5900592   0.0092121   0.3453021   3.2454496   0.6063524  -1.0000000   0.0092103   0.0000000   2.8702928   0.6463189   0.0000000   0.0000000  -5.7620575  33.9606626   3.2454478   0.6063506   0.0000000   1.0000000   0.0000000
 117.0000000   1.0000000   2.0465789   0.3887792   0.0032343   1.0000000   0.7913578   0.0000000   0.0000000   2.6390157   1.0127919  -5.7455852   0.0101017   2.0614135   0.5901008   0.0092121   0.3453038   3.2456761   0.6066604  -1.0000000   0.0092090   0.0000000   2.8701677   0.6462538   0.0000000   0.0000000  -5.7622038  33.9657732   3.2456745   0.6066587   0.0000000   1.0000000   0.0000000
 118.0000000   1.0000000   2.0465789   0.3887792   0.0032343   1.0000000   0.7913578   0.0000000   0.0000000   2.6394060   1.0128317  -5.7455115   0.0100968   2.0614493   0.5902016   0.0092121   0.3453069   3.2458936   0.6064876  -1.0000000   0.0092079   0.0000000   2.8701029   0.6462127   0.0000000   0.0000000  -5.7625082  33.9711199   3.2458923   0.6064863   0.0000000   1.0000000   0.0000000
 119.0000000   1.0000000   2.0465789   0.3887792   0.0032343   1.0000000   0.7913578   0.0000000   0.0000000   2.6397840   1.0128837  -5.7455071   0.0100790   2.0614696   0.5905095   0.0092121   0.3453111   3.2461344   0.6030480  -1.0000000   0.0092062   0.0000000   2.8699930   0.6461539   0.0000000   0.0000000  -5.7628885  33.9762014   3.2461332   0.6030469   0.0033024   1.0000000   0.0000000
 120.0000000   1.0000000   2.0465789   0.3887792   0.0032343   1.0000000   0.7913578   0.0000000   0.0000000   2.6494715   1.0147280  -5.9410000   0.0101010   2.0615948   0.5983467   0.0092121   0.3457272   3.2523463   0.6031790  -1.0000000   0.0092119   0.0000000   2.8588776   0.6432150   0.0000000   0.0000000  -5.7437424  34.0778955   3.2523463   0.6031790   0.0003043   1.0000000   0.0000000
