 t z psi theta tau_a f_e f_o tau_x tau_l C H B r w div entry mass rgdp rinv firm
 s_constrained exit exit_b
 avg_firm_size labor_share std_dev_growth_emp std_dev_growth_sales debt capital 
 ngdp ninv exdem psi_c collat_binding
   1.0000000   1.0000000   2.0465789   0.3887792   0.0032343   1.0000000   0.7913578   0.0000000   0.0000000   2.6494715   1.0147280  -5.9410000   0.0101010   2.0615948   0.5983467   0.0092121   0.3457272   3.2523463   0.6031790  -1.0000000   0.0092119   0.0000000   2.8588776   0.6432150   0.0000000   0.0000000  -5.7437424  34.0778955   3.2523463   0.6031790   0.0003043   1.0000000   0.0000000
   2.0000000   1.0000000   2.0465789   0.1912407   0.0032343   1.0000000   0.7913578   0.0000000   0.0000000   2.6670576   1.0140435  -5.9410000   0.0101010   2.0608994   0.4068230   0.0088184   0.3457272   3.2512387   0.5841812  -1.0000000   0.0092135   0.0000000   2.8601209   0.6427844   0.0000000   0.0000000  -5.7437424  34.0718717   3.2512326   0.5841750   0.0000000   1.0000000   0.0000000
   3.0000000   1.0000000   2.0465789   0.2157716   0.0032343   1.0000000   0.7913578   0.0000000   0.0000000   2.6078309   0.9949269  -6.0616389  -0.0062836   2.0414372   0.5291529   0.0088184   0.3453322   3.1541324   0.5463016  -1.0000000   0.0137477   0.0000000   2.8099288   0.6441157   0.0000000   0.0000000  -3.5322291  34.0022929   3.1539546   0.5461238   0.0000000   1.0000000   0.0000000
   4.0000000   1.0000000   2.0465789   0.2372562   0.0032343   1.0000000   0.7913578   0.0000000   0.0000000   2.5967101   0.9923804  -6.1366232   0.0062381   2.0387887   0.5584158   0.0088184   0.3404029   3.1423273   0.5456172  -1.0000000   0.0097990   0.0000000   2.8419199   0.6439635   0.0000000   0.0000000  -3.2949051  33.9476981   3.1421262   0.5454161   0.0000000   1.0000000   0.0000000
   5.0000000   1.0000000   2.0465789   0.2560727   0.0032343   1.0000000   0.7913578   0.0000000   0.0000000   2.5947123   0.9923750  -6.1907934   0.0081567   2.0387741   0.5773265   0.0088184   0.3394224   3.1443258   0.5496135  -1.0000000   0.0094098   0.0000000   2.8498209   0.6435267   0.0000000   0.0000000  -3.3880444  33.8916022   3.1441246   0.5494123   0.0000000   1.0000000   0.0000000
   6.0000000   1.0000000   2.0465789   0.2725526   0.0032343   1.0000000   0.7913578   0.0000000   0.0000000   2.5947045   0.9931332  -6.2274289   0.0087424   2.0395502   0.5809098   0.0088184   0.3388310   3.1491389   0.5544344  -1.0000000   0.0089076   0.0000000   2.8568261   0.6432721   0.0000000   0.0000000  -3.5534849  33.8406960   3.1489445   0.5542400   0.0000000   1.0000000   0.0000000
   7.0000000   1.0000000   2.0465789   0.2869859   0.0032343   1.0000000   0.7913578   0.0000000   0.0000000   2.5965226   0.9944938  -6.2595993   0.0090265   2.0409460   0.5836236   0.0092121   0.3387419   3.1551242   0.5586016  -1.0000000   0.0088658   0.0000000   2.8582153   0.6433657   0.0000000   0.0000000  -3.7337479  33.8035660   3.1549340   0.5584114   0.0000000   1.0000000   0.0000000
   8.0000000   1.0000000   2.0465789   0.2996269   0.0032343   1.0000000   0.7913578   0.0000000   0.0000000   2.5967515   0.9954285  -6.2878111   0.0092574   2.0419183   0.5920048   0.0092121   0.3390881   3.1599477   0.5631962  -1.0000000   0.0089923   0.0000000   2.8580871   0.6432986   0.0000000   0.0000000  -3.9124571  33.7643073   3.1597665   0.5630150   0.0000000   1.0000000   0.0000000
   9.0000000   1.0000000   2.0465789   0.3106981   0.0032343   1.0000000   0.7913578   0.0000000   0.0000000   2.5978690   0.9963413  -6.3055567   0.0094103   2.0428478   0.5962385   0.0092121   0.3393079   3.1645838   0.5667148  -1.0000000   0.0089840   0.0000000   2.8588758   0.6432297   0.0000000   0.0000000  -4.0816841  33.7300315   3.1644111   0.5665421   0.0000000   1.0000000   0.0000000
  10.0000000   1.0000000   2.0465789   0.3203944   0.0032343   1.0000000   0.7913578   0.0000000   0.0000000   2.5993778   0.9973072  -6.3176437   0.0095140   2.0438342   0.5978627   0.0092121   0.3395360   3.1691898   0.5698120  -1.0000000   0.0088820   0.0000000   2.8597561   0.6432215   0.0000000   0.0000000  -4.2389048  33.6993218   3.1690262   0.5696484   0.0000000   1.0000000   0.0000000
  11.0000000   1.0000000   2.0465789   0.3288866   0.0032343   1.0000000   0.7913578   0.0000000   0.0000000   2.6001656   0.9980721  -6.3272309   0.0096671   2.0446210   0.6010112   0.0092121   0.3398660   3.1731097   0.5729442  -1.0000000   0.0090261   0.0000000   2.8592546   0.6431681   0.0000000   0.0000000  -4.3837042  33.6729627   3.1729534   0.5727878   0.0000000   1.0000000   0.0000000
  12.0000000   1.0000000   2.0465789   0.3363242   0.0032343   1.0000000   0.7913578   0.0000000   0.0000000   2.6019963   0.9990322  -6.3319701   0.0097040   2.0456049   0.6000772   0.0092121   0.3400519   3.1771778   0.5751814  -1.0000000   0.0087338   0.0000000   2.8604646   0.6432662   0.0000000   0.0000000  -4.5113898  33.6493919   3.1770305   0.5750341   0.0000000   1.0000000   0.0000000
  13.0000000   1.0000000   2.0465789   0.3428382   0.0032343   1.0000000   0.7913578   0.0000000   0.0000000   2.6033046   1.0000333  -6.3367430   0.0097913   2.0466345   0.6004733   0.0094357   0.3405302   3.1811329   0.5778284  -1.0000000   0.0090019   0.0000000   2.8576062   0.6434367   0.0000000   0.0000000  -4.6268532  33.6329512   3.1809918   0.5776872   0.0000000   1.0000000   0.0000000
  14.0000000   1.0000000   2.0465789   0.3485433   0.0032343   1.0000000   0.7913578   0.0000000   0.0000000   2.6047998   1.0008491  -6.3393635   0.0098428   2.0474662   0.6006749   0.0094357   0.3409639   3.1845841   0.5797843  -1.0000000   0.0090287   0.0000000   2.8563832   0.6435204   0.0000000   0.0000000  -4.7296537  33.6140140   3.1844508   0.5796510   0.0000000   1.0000000   0.0000000
  15.0000000   1.0000000   2.0465789   0.3535399   0.0032343   1.0000000   0.7913578   0.0000000   0.0000000   2.6058857   1.0014871  -6.3408133   0.0098941   2.0481196   0.6026366   0.0094357   0.3413709   3.1875107   0.5816249  -1.0000000   0.0091812   0.0000000   2.8548869   0.6435432   0.0000000   0.0000000  -4.8210898  33.5975770   3.1873835   0.5814978   0.0000000   1.0000000   0.0000000
  16.0000000   1.0000000   2.0465789   0.3579160   0.0032343   1.0000000   0.7913578   0.0000000   0.0000000   2.6072195   1.0022606  -6.3394718   0.0099467   2.0489116   0.6014794   0.0094357   0.3416255   3.1906298   0.5834103  -1.0000000   0.0090033   0.0000000   2.8550228   0.6436584   0.0000000   0.0000000  -4.9041412  33.5829644   3.1905101   0.5832906   0.0000000   1.0000000   0.0000000
  17.0000000   1.0000000   2.0465789   0.3617487   0.0032343   1.0000000   0.7913578   0.0000000   0.0000000   2.6085279   1.0029834  -6.3382194   0.0099837   2.0496509   0.6036410   0.0094357   0.3420579   3.1935940   0.5850661  -1.0000000   0.0090458   0.0000000   2.8535659   0.6437554   0.0000000   0.0000000  -4.9788397  33.5702227   3.1934813   0.5849534   0.0000000   1.0000000   0.0000000
  18.0000000   1.0000000   2.0465789   0.3651054   0.0032343   1.0000000   0.7913578   0.0000000   0.0000000   2.6099043   1.0036485  -6.3339192   0.0100291   2.0503307   0.6026997   0.0094357   0.3424478   3.1960727   0.5861684  -1.0000000   0.0090054   0.0000000   2.8522910   0.6438941   0.0000000   0.0000000  -5.0440986  33.5607922   3.1959664   0.5860621   0.0000000   1.0000000   0.0000000
  19.0000000   1.0000000   2.0465789   0.3680453   0.0032343   1.0000000   0.7913578   0.0000000   0.0000000   2.6109745   1.0042375  -6.3297865   0.0100497   2.0509348   0.6038511   0.0094357   0.3428782   3.1985409   0.5875664  -1.0000000   0.0091319   0.0000000   2.8504827   0.6439642   0.0000000   0.0000000  -5.1032828  33.5510790   3.1984403   0.5874658   0.0000000   1.0000000   0.0000000
  20.0000000   1.0000000   2.0465789   0.3706201   0.0032343   1.0000000   0.7913578   0.0000000   0.0000000   2.6122336   1.0048254  -6.3236876   0.0100756   2.0515376   0.6046252   0.0094357   0.3431820   3.2008628   0.5886293  -1.0000000   0.0090916   0.0000000   2.8496913   0.6440613   0.0000000   0.0000000  -5.1560436  33.5433520   3.2007679   0.5885344   0.0000000   1.0000000   0.0000000
  21.0000000   1.0000000   2.0465789   0.3728752   0.0032343   1.0000000   0.7913578   0.0000000   0.0000000   2.6138188   1.0054010  -6.3162158   0.0101051   2.0521281   0.6054082   0.0094357   0.3435261   3.2030995   0.5892807  -1.0000000   0.0090878   0.0000000   2.8485493   0.6441657   0.0000000   0.0000000  -5.2037957  33.5366931   3.2030102   0.5891913   0.0000000   1.0000000   0.0000000
  22.0000000   1.0000000   2.0465789   0.3748502   0.0032343   1.0000000   0.7913578   0.0000000   0.0000000   2.6143394   1.0059957  -6.3076669   0.0101239   2.0527514   0.6043919   0.0094357   0.3438740   3.2052608   0.5909214  -1.0000000   0.0090273   0.0000000   2.8474881   0.6443203   0.0000000   0.0000000  -5.2457633  33.5307137   3.2051773   0.5908379   0.0000000   1.0000000   0.0000000
  23.0000000   1.0000000   2.0465789   0.3765799   0.0032343   1.0000000   0.7913578   0.0000000   0.0000000   2.6154989   1.0063918  -6.2986529   0.0101333   2.0531471   0.6067861   0.0094357   0.3442824   3.2070475   0.5915486  -1.0000000   0.0092719   0.0000000   2.8452850   0.6443304   0.0000000   0.0000000  -5.2834980  33.5260392   3.2069678   0.5914689   0.0000000   1.0000000   0.0000000
  24.0000000   1.0000000   2.0465789   0.3780949   0.0032343   1.0000000   0.7913578   0.0000000   0.0000000   2.6163520   1.0066957  -6.2869316   0.0101276   2.0534596   0.6076891   0.0094357   0.3444463   3.2086375   0.5922855  -1.0000000   0.0093689   0.0000000   2.8448282   0.6443034   0.0000000   0.0000000  -5.3171139  33.5213223   3.2085607   0.5922088   0.0000000   1.0000000   0.0000000
  25.0000000   1.0000000   2.0465789   0.3794217   0.0032343   1.0000000   0.7913578   0.0000000   0.0000000   2.6166201   1.0070060  -6.2741128   0.0101472   2.0537851   0.6072592   0.0094357   0.3445131   3.2102038   0.5935837  -1.0000000   0.0093481   0.0000000   2.8451919   0.6442944   0.0000000   0.0000000  -5.3482574  33.5176117   3.2101301   0.5935100   0.0000000   1.0000000   0.0000000
  26.0000000   1.0000000   2.0465789   0.3805837   0.0032343   1.0000000   0.7913578   0.0000000   0.0000000   2.6176141   1.0073524  -6.2608542   0.0101553   2.0540810   0.6059790   0.0094357   0.3446007   3.2117181   0.5941039  -1.0000000   0.0093007   0.0000000   2.8454517   0.6443010   0.0000000   0.0000000  -5.3758457  33.5155488   3.2116472   0.5940330   0.0000000   1.0000000   0.0000000
  27.0000000   1.0000000   2.0465789   0.3816015   0.0032343   1.0000000   0.7913578   0.0000000   0.0000000   2.6179315   1.0075015  -6.2487065   0.0101633   2.0542888   0.6081508   0.0094357   0.3447357   3.2127933   0.5948618  -1.0000000   0.0094633   0.0000000   2.8447875   0.6442455   0.0000000   0.0000000  -5.4008612  33.5138647   3.2127243   0.5947928   0.0000000   1.0000000   0.0000000
  28.0000000   1.0000000   2.0465789   0.3824928   0.0032343   1.0000000   0.7913578   0.0000000   0.0000000   2.6187179   1.0077613  -6.2339718   0.0101640   2.0545551   0.6069131   0.0094357   0.3447081   3.2140484   0.5953305  -1.0000000   0.0093488   0.0000000   2.8457413   0.6442426   0.0000000   0.0000000  -5.4235536  33.5130553   3.2139820   0.5952641   0.0000000   1.0000000   0.0000000
  29.0000000   1.0000000   2.0465789   0.3832735   0.0032343   1.0000000   0.7913578   0.0000000   0.0000000   2.6191747   1.0080129  -6.2203080   0.0101732   2.0548157   0.6069875   0.0094357   0.3447950   3.2152984   0.5961237  -1.0000000   0.0093601   0.0000000   2.8457600   0.6442357   0.0000000   0.0000000  -5.4450596  33.5126672   3.2152344   0.5960598   0.0000000   1.0000000   0.0000000
  30.0000000   1.0000000   2.0465789   0.3839572   0.0032343   1.0000000   0.7913578   0.0000000   0.0000000   2.6199059   1.0082539  -6.2060616   0.0101769   2.0550629   0.6059612   0.0094357   0.3448706   3.2164700   0.5965641  -1.0000000   0.0093570   0.0000000   2.8458343   0.6442323   0.0000000   0.0000000  -5.4649026  33.5132273   3.2164083   0.5965024   0.0000000   1.0000000   0.0000000
  31.0000000   1.0000000   2.0465789   0.3845560   0.0032343   1.0000000   0.7913578   0.0000000   0.0000000   2.6203408   1.0084650  -6.1927074   0.0101891   2.0552830   0.6064328   0.0094357   0.3449494   3.2175715   0.5972307  -1.0000000   0.0093868   0.0000000   2.8458082   0.6442175   0.0000000   0.0000000  -5.4836376  33.5140056   3.2175119   0.5971711   0.0000000   1.0000000   0.0000000
  32.0000000   1.0000000   2.0465789   0.3850805   0.0032343   1.0000000   0.7913578   0.0000000   0.0000000   2.6209358   1.0086619  -6.1784620   0.0101891   2.0554869   0.6061258   0.0094357   0.3449983   3.2185858   0.5976500  -1.0000000   0.0093868   0.0000000   2.8459730   0.6442042   0.0000000   0.0000000  -5.5005393  33.5155989   3.2185281   0.5975923   0.0000000   1.0000000   0.0000000
  33.0000000   1.0000000   2.0465789   0.3855398   0.0032343   1.0000000   0.7913578   0.0000000   0.0000000   2.6214211   1.0088365  -6.1642913   0.0101855   2.0556717   0.6063706   0.0094357   0.3450472   3.2195526   0.5981315  -1.0000000   0.0094098   0.0000000   2.8460819   0.6441818   0.0000000   0.0000000  -5.5167310  33.5174437   3.2194967   0.5980757   0.0000000   1.0000000   0.0000000
  34.0000000   1.0000000   2.0465789   0.3859421   0.0032343   1.0000000   0.7913578   0.0000000   0.0000000   2.6219323   1.0090735  -6.1496826   0.0101962   2.0559170   0.6052477   0.0094357   0.3450731   3.2205938   0.5986615  -1.0000000   0.0093253   0.0000000   2.8465507   0.6442030   0.0000000   0.0000000  -5.5322073  33.5200902   3.2205402   0.5986079   0.0000000   1.0000000   0.0000000
  35.0000000   1.0000000   2.0465789   0.3862944   0.0032343   1.0000000   0.7913578   0.0000000   0.0000000   2.6225299   1.0092981  -6.1357474   0.0101899   2.0561493   0.6051850   0.0094357   0.3451835   3.2215945   0.5990645  -1.0000000   0.0093351   0.0000000   2.8463002   0.6442191   0.0000000   0.0000000  -5.5469169  33.5232593   3.2215431   0.5990131   0.0000000   1.0000000   0.0000000
  36.0000000   1.0000000   2.0465789   0.3866030   0.0032343   1.0000000   0.7913578   0.0000000   0.0000000   2.6233093   1.0095711  -6.1217351   0.0102145   2.0564287   0.6039338   0.0094357   0.3452841   3.2226826   0.5993733  -1.0000000   0.0092780   0.0000000   2.8462645   0.6442633   0.0000000   0.0000000  -5.5616640  33.5269698   3.2226339   0.5993246   0.0000000   1.0000000   0.0000000
  37.0000000   1.0000000   2.0465789   0.3868732   0.0032343   1.0000000   0.7913578   0.0000000   0.0000000   2.6237436   1.0097758  -6.1086272   0.0101963   2.0566412   0.6040083   0.0094357   0.3454418   3.2236399   0.5998963  -1.0000000   0.0093566   0.0000000   2.8455820   0.6442699   0.0000000   0.0000000  -5.5744359  33.5302922   3.2235932   0.5998496   0.0000000   1.0000000   0.0000000
  38.0000000   1.0000000   2.0465789   0.3871099   0.0032343   1.0000000   0.7913578   0.0000000   0.0000000   2.6243685   1.0099811  -6.0951292   0.0102069   2.0568520   0.6039396   0.0094357   0.3455209   3.2245555   0.6001869  -1.0000000   0.0093446   0.0000000   2.8455265   0.6442837   0.0000000   0.0000000  -5.5871662  33.5344688   3.2245107   0.6001422   0.0000000   1.0000000   0.0000000
  39.0000000   1.0000000   2.0465789   0.3873172   0.0032343   1.0000000   0.7913578   0.0000000   0.0000000   2.6249645   1.0101736  -6.0815032   0.0102052   2.0570516   0.6035102   0.0094357   0.3456120   3.2254546   0.6004901  -1.0000000   0.0093610   0.0000000   2.8453430   0.6442900   0.0000000   0.0000000  -5.5991470  33.5386762   3.2254118   0.6004473   0.0000000   1.0000000   0.0000000
  40.0000000   1.0000000   2.0465789   0.3874988   0.0032343   1.0000000   0.7913578   0.0000000   0.0000000   2.6254631   1.0103582  -6.0681566   0.0102090   2.0572444   0.6030262   0.0094357   0.3456867   3.2262979   0.6008349  -1.0000000   0.0093580   0.0000000   2.8452741   0.6443015   0.0000000   0.0000000  -5.6103774  33.5431875   3.2262569   0.6007938   0.0000000   1.0000000   0.0000000
  41.0000000   1.0000000   2.0465789   0.3876578   0.0032343   1.0000000   0.7913578   0.0000000   0.0000000   2.6258844   1.0105141  -6.0550396   0.0102070   2.0574071   0.6029299   0.0094357   0.3457644   3.2270579   0.6011734  -1.0000000   0.0093838   0.0000000   2.8450996   0.6443018   0.0000000   0.0000000  -5.6208498  33.5479828   3.2270184   0.6011339   0.0000000   1.0000000   0.0000000
  42.0000000   1.0000000   2.0465789   0.3877970   0.0032343   1.0000000   0.7913578   0.0000000   0.0000000   2.6263478   1.0106884  -6.0418031   0.0102094   2.0575882   0.6022931   0.0094357   0.3458163   3.2278525   0.6015047  -1.0000000   0.0093622   0.0000000   2.8451779   0.6443114   0.0000000   0.0000000  -5.6309956  33.5530295   3.2278147   0.6014669   0.0000000   1.0000000   0.0000000
  43.0000000   1.0000000   2.0465789   0.3879190   0.0032343   1.0000000   0.7913578   0.0000000   0.0000000   2.6269183   1.0108601  -6.0289587   0.0102085   2.0577630   0.6018072   0.0094357   0.3458898   3.2286286   0.6017103  -1.0000000   0.0093630   0.0000000   2.8450744   0.6443208   0.0000000   0.0000000  -5.6406199  33.5583145   3.2285925   0.6016741   0.0000000   1.0000000   0.0000000
  44.0000000   1.0000000   2.0465789   0.3880258   0.0032343   1.0000000   0.7913578   0.0000000   0.0000000   2.6273251   1.0110270  -6.0165049   0.0102121   2.0579394   0.6013920   0.0094357   0.3459625   3.2294033   0.6020783  -1.0000000   0.0093679   0.0000000   2.8449670   0.6443286   0.0000000   0.0000000  -5.6501746  33.5636639   3.2293688   0.6020438   0.0000000   1.0000000   0.0000000
  45.0000000   1.0000000   2.0465789   0.3881194   0.0032343   1.0000000   0.7913578   0.0000000   0.0000000   2.6280712   1.0111743  -6.0042255   0.0102168   2.0580920   0.6010970   0.0094357   0.3460303   3.2301176   0.6020464  -1.0000000   0.0093860   0.0000000   2.8448406   0.6443279   0.0000000   0.0000000  -5.6592357  33.5693302   3.2300846   0.6020133   0.0000000   1.0000000   0.0000000
  46.0000000   1.0000000   2.0465789   0.3882013   0.0032343   1.0000000   0.7913578   0.0000000   0.0000000   2.6281578   1.0113237  -5.9923869   0.0102174   2.0582539   0.6007811   0.0094357   0.3460800   3.2308185   0.6026608  -1.0000000   0.0093754   0.0000000   2.8448909   0.6443399   0.0000000   0.0000000  -5.6674953  33.5748024   3.2307870   0.6026293   0.0000000   1.0000000   0.0000000
  47.0000000   1.0000000   2.0465789   0.3882731   0.0032343   1.0000000   0.7913578   0.0000000   0.0000000   2.6287712   1.0114649  -5.9803156   0.0102145   2.0584076   0.6007710   0.0094357   0.3461403   3.2314857   0.6027145  -1.0000000   0.0093797   0.0000000   2.8447917   0.6443414   0.0000000   0.0000000  -5.6753184  33.5808638   3.2314556   0.6026844   0.0000000   1.0000000   0.0000000
  48.0000000   1.0000000   2.0465789   0.3883360   0.0032343   1.0000000   0.7913578   0.0000000   0.0000000   2.6297380   1.0116169  -5.9682665   0.0102129   2.0585568   0.6001244   0.0094357   0.3461963   3.2321542   0.6024162  -1.0000000   0.0093683   0.0000000   2.8447796   0.6443533   0.0000000   0.0000000  -5.6826973  33.5868973   3.2321255   0.6023875   0.0000000   1.0000000   0.0000000
  49.0000000   1.0000000   2.0465789   0.3883910   0.0032343   1.0000000   0.7913578   0.0000000   0.0000000   2.6295439   1.0117506  -5.9572557   0.0102168   2.0587032   0.5998316   0.0094357   0.3462637   3.2327736   0.6032297  -1.0000000   0.0093788   0.0000000   2.8446678   0.6443722   0.0000000   0.0000000  -5.6896886  33.5924738   3.2327463   0.6032024   0.0000000   1.0000000   0.0000000
  50.0000000   1.0000000   2.0465789   0.3884392   0.0032343   1.0000000   0.7913578   0.0000000   0.0000000   2.6302019   1.0119178  -5.9457659   0.0102139   2.0588096   0.5984766   0.0094357   0.3463206   3.2334588   0.6032569  -1.0000000   0.0093731   0.0000000   2.8446666   0.6443716   0.0000000   0.0000000  -5.6963755  33.5988106   3.2334325   0.6032306   0.0000000   1.0000000   0.0000000
  51.0000000   1.0000000   2.0465789   0.3884814   0.0032343   1.0000000   0.7913578   0.0000000   0.0000000   2.6302560   1.0119858  -5.9357272   0.0102159   2.0589472   0.5985815   0.0094357   0.3463833   3.2339214   0.6036653  -1.0000000   0.0094207   0.0000000   2.8443578   0.6443657   0.0000000   0.0000000  -5.7024711  33.6050810   3.2338964   0.6036404   0.0000000   1.0000000   0.0000000
  52.0000000   1.0000000   2.0465789   0.3885184   0.0032343   1.0000000   0.7913578   0.0000000   0.0000000   2.6309182   1.0121239  -5.9252260   0.0102146   2.0590847   0.5979973   0.0094357   0.3463983   3.2345287   0.6036106  -1.0000000   0.0093736   0.0000000   2.8446145   0.6443728   0.0000000   0.0000000  -5.7082919  33.6116605   3.2345051   0.6035869   0.0000000   1.0000000   0.0000000
  53.0000000   1.0000000   2.0465789   0.3885508   0.0032343   1.0000000   0.7913578   0.0000000   0.0000000   2.6313361   1.0122497  -5.9154244   0.0102134   2.0592156   0.5976467   0.0094357   0.3464603   3.2350931   0.6037570  -1.0000000   0.0093798   0.0000000   2.8444762   0.6443822   0.0000000   0.0000000  -5.7136212  33.6180766   3.2350706   0.6037346   0.0000000   1.0000000   0.0000000
  54.0000000   1.0000000   2.0465789   0.3885792   0.0032343   1.0000000   0.7913578   0.0000000   0.0000000   2.6316716   1.0123747  -5.9058901   0.0102140   2.0593432   0.5974087   0.0094357   0.3465162   3.2356506   0.6039790  -1.0000000   0.0093803   0.0000000   2.8443871   0.6443917   0.0000000   0.0000000  -5.7187486  33.6245223   3.2356294   0.6039578   0.0000000   1.0000000   0.0000000
  55.0000000   1.0000000   2.0465789   0.3886040   0.0032343   1.0000000   0.7913578   0.0000000   0.0000000   2.6323683   1.0124945  -5.8964180   0.0102117   2.0594619   0.5971255   0.0094357   0.3465716   3.2361895   0.6038212  -1.0000000   0.0093856   0.0000000   2.8442795   0.6443973   0.0000000   0.0000000  -5.7235755  33.6310819   3.2361694   0.6038011   0.0000000   1.0000000   0.0000000
  56.0000000   1.0000000   2.0465789   0.3886258   0.0032343   1.0000000   0.7913578   0.0000000   0.0000000   2.6323772   1.0126035  -5.8874563   0.0102120   2.0595812   0.5964154   0.0094357   0.3466217   3.2367007   0.6043236  -1.0000000   0.0093909   0.0000000   2.8442326   0.6444127   0.0000000   0.0000000  -5.7279774  33.6373121   3.2366817   0.6043046   0.0000000   1.0000000   0.0000000
  57.0000000   1.0000000   2.0465789   0.3886448   0.0032343   1.0000000   0.7913578   0.0000000   0.0000000   2.6324705   1.0127417  -5.8787498   0.0102091   2.0596471   0.5964762   0.0094357   0.3466665   3.2372723   0.6048018  -1.0000000   0.0093953   0.0000000   2.8442519   0.6444048   0.0000000   0.0000000  -5.7322092  33.6439473   3.2372540   0.6047835   0.0000000   1.0000000   0.0000000
  58.0000000   1.0000000   2.0465789   0.3886615   0.0032343   1.0000000   0.7913578   0.0000000   0.0000000   2.6364572   1.0123191  -5.8696253   0.0102102   2.0597032   0.5997388   0.0092121   0.3467069   3.2366713   0.6002141  -1.0000000   0.0093983   0.0000000   2.8461233   0.6446341   0.0000000   0.0000000  -5.7363180  33.6475894   3.2366539   0.6001967   0.0000000   1.0000000   0.0000000
  59.0000000   1.0000000   2.0465789   0.3886761   0.0032343   1.0000000   0.7913578   0.0000000   0.0000000   2.6367703   1.0120995  -5.8619426   0.0102087   2.0597642   0.5993941   0.0092121   0.3465207   3.2364373   0.5996670  -1.0000000   0.0093953   0.0000000   2.8480016   0.6447875   0.0000000   0.0000000  -5.7392887  33.6504995   3.2364204   0.5996501   0.0000000   1.0000000   0.0000000
  60.0000000   1.0000000   2.0465789   0.3886889   0.0032343   1.0000000   0.7913578   0.0000000   0.0000000   2.6364920   1.0118843  -5.8552143   0.0102053   2.0598274   0.5987677   0.0092121   0.3463375   3.2361699   0.5996779  -1.0000000   0.0093792   0.0000000   2.8498518   0.6449471   0.0000000   0.0000000  -5.7413398  33.6528367   3.2361537   0.5996617   0.0000000   1.0000000   0.0000000
  61.0000000   1.0000000   2.0465789   0.3887002   0.0032343   1.0000000   0.7913578   0.0000000   0.0000000   2.6347627   1.0117322  -5.8491913   0.0102132   2.0598599   0.5977081   0.0092121   0.3461703   3.2360147   0.6012520  -1.0000000   0.0093452   0.0000000   2.8517153   0.6451064   0.0000000   0.0000000  -5.7432841  33.6552763   3.2359987   0.6012360   0.0000000   1.0000000   0.0000000
  62.0000000   1.0000000   2.0465789   0.3887100   0.0032343   1.0000000   0.7913578   0.0000000   0.0000000   2.6345044   1.0116086  -5.8426561   0.0102044   2.0599032   0.5974099   0.0092121   0.3460371   3.2359423   0.6014379  -1.0000000   0.0093281   0.0000000   2.8533222   0.6452560   0.0000000   0.0000000  -5.7453385  33.6593841   3.2359267   0.6014223   0.0000000   1.0000000   0.0000000
  63.0000000   1.0000000   2.0465789   0.3887186   0.0032343   1.0000000   0.7913578   0.0000000   0.0000000   2.6339005   1.0115025  -5.8363072   0.0102056   2.0599537   0.5968654   0.0092121   0.3459210   3.2358955   0.6019950  -1.0000000   0.0093102   0.0000000   2.8548242   0.6454097   0.0000000   0.0000000  -5.7473747  33.6637350   3.2358804   0.6019799   0.0000000   1.0000000   0.0000000
  64.0000000   1.0000000   2.0465789   0.3887261   0.0032343   1.0000000   0.7913578   0.0000000   0.0000000   2.6340409   1.0114188  -5.8299797   0.0102027   2.0599990   0.5961314   0.0092121   0.3458229   3.2359067   0.6018658  -1.0000000   0.0093008   0.0000000   2.8561395   0.6455405   0.0000000   0.0000000  -5.7493848  33.6686194   3.2358920   0.6018511   0.0000000   1.0000000   0.0000000
  65.0000000   1.0000000   2.0465789   0.3887327   0.0032343   1.0000000   0.7913578   0.0000000   0.0000000   2.6331560   1.0113415  -5.8245932   0.0102027   2.0600474   0.5953418   0.0092121   0.3457341   3.2359149   0.6027589  -1.0000000   0.0092905   0.0000000   2.8573400   0.6456638   0.0000000   0.0000000  -5.7511033  33.6733507   3.2359007   0.6027447   0.0000000   1.0000000   0.0000000
  66.0000000   1.0000000   2.0465789   0.3887385   0.0032343   1.0000000   0.7913578   0.0000000   0.0000000   2.6335928   1.0112938  -5.8191490   0.0102006   2.0600961   0.5952422   0.0092121   0.3456557   3.2359887   0.6023959  -1.0000000   0.0092717   0.0000000   2.8584394   0.6457700   0.0000000   0.0000000  -5.7528836  33.6790028   3.2359749   0.6023821   0.0000000   1.0000000   0.0000000
  67.0000000   1.0000000   2.0465789   0.3887435   0.0032343   1.0000000   0.7913578   0.0000000   0.0000000   2.6331620   1.0112579  -5.8142346   0.0102004   2.0601209   0.5952819   0.0092121   0.3455961   3.2360768   0.6029147  -1.0000000   0.0092714   0.0000000   2.8594166   0.6458725   0.0000000   0.0000000  -5.7543812  33.6842043   3.2360632   0.6029011   0.0000000   1.0000000   0.0000000
  68.0000000   1.0000000   2.0465789   0.3887480   0.0032343   1.0000000   0.7913578   0.0000000   0.0000000   2.6331642   1.0112262  -5.8088202   0.0101971   2.0601603   0.5951035   0.0092121   0.3455367   3.2361827   0.6030186  -1.0000000   0.0092649   0.0000000   2.8603965   0.6459768   0.0000000   0.0000000  -5.7559386  33.6898793   3.2361695   0.6030054   0.0000000   1.0000000   0.0000000
  69.0000000   1.0000000   2.0465789   0.3887519   0.0032343   1.0000000   0.7913578   0.0000000   0.0000000   2.6333818   1.0111999  -5.8035373   0.0101942   2.0602010   0.5945112   0.0092121   0.3454839   3.2362951   0.6029133  -1.0000000   0.0092593   0.0000000   2.8612984   0.6460744   0.0000000   0.0000000  -5.7573882  33.6956023   3.2362822   0.6029004   0.0000000   1.0000000   0.0000000
  70.0000000   1.0000000   2.0465789   0.3887553   0.0032343   1.0000000   0.7913578   0.0000000   0.0000000   2.6329381   1.0111754  -5.7990218   0.0101931   2.0602446   0.5945387   0.0092121   0.3454367   3.2364018   0.6034637  -1.0000000   0.0092540   0.0000000   2.8621339   0.6461694   0.0000000   0.0000000  -5.7586225  33.7011580   3.2363894   0.6034512   0.0000000   1.0000000   0.0000000
  71.0000000   1.0000000   2.0465789   0.3887582   0.0032343   1.0000000   0.7913578   0.0000000   0.0000000   2.6332219   1.0111739  -5.7939758   0.0101913   2.0602789   0.5941582   0.0092121   0.3453947   3.2365587   0.6033368  -1.0000000   0.0092435   0.0000000   2.8629455   0.6462555   0.0000000   0.0000000  -5.7598968  33.7072362   3.2365465   0.6033246   0.0000000   1.0000000   0.0000000
  72.0000000   1.0000000   2.0465789   0.3887608   0.0032343   1.0000000   0.7913578   0.0000000   0.0000000   2.6334321   1.0111682  -5.7895026   0.0101893   2.0603158   0.5940144   0.0092121   0.3453632   3.2367025   0.6032705  -1.0000000   0.0092440   0.0000000   2.8636483   0.6463395   0.0000000   0.0000000  -5.7609901  33.7130907   3.2366907   0.6032587   0.0000000   1.0000000   0.0000000
  73.0000000   1.0000000   2.0465789   0.3887631   0.0032343   1.0000000   0.7913578   0.0000000   0.0000000   2.6335974   1.0111672  -5.7853023   0.0101875   2.0603552   0.5936572   0.0092121   0.3453313   3.2368493   0.6032519  -1.0000000   0.0092377   0.0000000   2.8643462   0.6464218   0.0000000   0.0000000  -5.7619503  33.7188059   3.2368379   0.6032405   0.0000000   1.0000000   0.0000000
  74.0000000   1.0000000   2.0465789   0.3887651   0.0032343   1.0000000   0.7913578   0.0000000   0.0000000   2.6336131   1.0111675  -5.7815347   0.0101856   2.0603902   0.5932811   0.0092121   0.3453057   3.2369941   0.6033810  -1.0000000   0.0092375   0.0000000   2.8649888   0.6465021   0.0000000   0.0000000  -5.7628382  33.7244290   3.2369830   0.6033699   0.0000000   1.0000000   0.0000000
  75.0000000   1.0000000   2.0465789   0.3887669   0.0032343   1.0000000   0.7913578   0.0000000   0.0000000   2.6339460   1.0111691  -5.7780748   0.0101837   2.0604288   0.5932406   0.0092121   0.3452803   3.2371396   0.6031936  -1.0000000   0.0092344   0.0000000   2.8656121   0.6465794   0.0000000   0.0000000  -5.7637501  33.7301118   3.2371289   0.6031829   0.0000000   1.0000000   0.0000000
  76.0000000   1.0000000   2.0465789   0.3887684   0.0032343   1.0000000   0.7913578   0.0000000   0.0000000   2.6342553   1.0111744  -5.7749032   0.0101822   2.0604609   0.5931610   0.0092121   0.3452579   3.2372834   0.6030281  -1.0000000   0.0092322   0.0000000   2.8662219   0.6466575   0.0000000   0.0000000  -5.7644593  33.7355297   3.2372730   0.6030177   0.0000000   1.0000000   0.0000000
  77.0000000   1.0000000   2.0465789   0.3887698   0.0032343   1.0000000   0.7913578   0.0000000   0.0000000   2.6334959   1.0111870  -5.7720550   0.0101837   2.0604810   0.5929681   0.0092121   0.3452378   3.2374335   0.6039376  -1.0000000   0.0092301   0.0000000   2.8668293   0.6467341   0.0000000   0.0000000  -5.7650032  33.7407085   3.2374232   0.6039273   0.0000000   1.0000000   0.0000000
  78.0000000   1.0000000   2.0465789   0.3887709   0.0032343   1.0000000   0.7913578   0.0000000   0.0000000   2.6335558   1.0112089  -5.7685339   0.0101798   2.0605080   0.5922134   0.0092121   0.3452197   3.2376205   0.6040647  -1.0000000   0.0092257   0.0000000   2.8674412   0.6468102   0.0000000   0.0000000  -5.7657389  33.7467438   3.2376104   0.6040547   0.0000000   1.0000000   0.0000000
  79.0000000   1.0000000   2.0465789   0.3887720   0.0032343   1.0000000   0.7913578   0.0000000   0.0000000   2.6336594   1.0112333  -5.7657109   0.0101774   2.0605372   0.5921927   0.0092121   0.3452061   3.2378101   0.6041507  -1.0000000   0.0092225   0.0000000   2.8680104   0.6468849   0.0000000   0.0000000  -5.7663815  33.7528295   3.2378004   0.6041410   0.0000000   1.0000000   0.0000000
  80.0000000   1.0000000   2.0465789   0.3887729   0.0032343   1.0000000   0.7913578   0.0000000   0.0000000   2.6338481   1.0112700  -5.7628877   0.0101748   2.0605519   0.5917764   0.0092121   0.3451956   3.2380238   0.6041757  -1.0000000   0.0092202   0.0000000   2.8685761   0.6469553   0.0000000   0.0000000  -5.7669504  33.7589170   3.2380142   0.6041661   0.0000000   1.0000000   0.0000000
  81.0000000   1.0000000   2.0465789   0.3887737   0.0032343   1.0000000   0.7913578   0.0000000   0.0000000   2.6341725   1.0113012  -5.7605417   0.0101727   2.0605763   0.5916817   0.0092121   0.3451874   3.2382231   0.6040507  -1.0000000   0.0092187   0.0000000   2.8691154   0.6470297   0.0000000   0.0000000  -5.7674083  33.7649445   3.2382137   0.6040413   0.0000000   1.0000000   0.0000000
  82.0000000   1.0000000   2.0465789   0.3887743   0.0032343   1.0000000   0.7913578   0.0000000   0.0000000   2.6345032   1.0113036  -5.7584967   0.0101714   2.0606023   0.5918726   0.0092121   0.3451808   3.2383583   0.6038552  -1.0000000   0.0092361   0.0000000   2.8696203   0.6471126   0.0000000   0.0000000  -5.7677658  33.7707569   3.2383492   0.6038460   0.0000000   1.0000000   0.0000000
  83.0000000   1.0000000   2.0465789   0.3887750   0.0032343   1.0000000   0.7913578   0.0000000   0.0000000   2.6342877   1.0113220  -5.7565362   0.0101707   2.0606303   0.5914836   0.0092121   0.3451567   3.2385253   0.6042376  -1.0000000   0.0092241   0.0000000   2.8702581   0.6471878   0.0000000   0.0000000  -5.7680075  33.7762019   3.2385164   0.6042288   0.0000000   1.0000000   0.0000000
  84.0000000   1.0000000   2.0465789   0.3887755   0.0032343   1.0000000   0.7913578   0.0000000   0.0000000   2.6347071   1.0113448  -5.7546471   0.0101679   2.0606598   0.5915498   0.0092121   0.3451446   3.2387024   0.6039953  -1.0000000   0.0092206   0.0000000   2.8707888   0.6472593   0.0000000   0.0000000  -5.7682584  33.7820064   3.2386938   0.6039867   0.0000000   1.0000000   0.0000000
  85.0000000   1.0000000   2.0465789   0.3887760   0.0032343   1.0000000   0.7913578   0.0000000   0.0000000   2.6350848   1.0113392  -5.7530113   0.0101668   2.0606885   0.5914570   0.0092121   0.3451360   3.2388064   0.6037216  -1.0000000   0.0092361   0.0000000   2.8712949   0.6473459   0.0000000   0.0000000  -5.7683463  33.7875140   3.2387981   0.6037132   0.0000000   1.0000000   0.0000000
  86.0000000   1.0000000   2.0465789   0.3887764   0.0032343   1.0000000   0.7913578   0.0000000   0.0000000   2.6351280   1.0113349  -5.7518024   0.0101642   2.0607197   0.5913638   0.0092121   0.3451120   3.2389137   0.6037856  -1.0000000   0.0092343   0.0000000   2.8719140   0.6474298   0.0000000   0.0000000  -5.7682878  33.7925616   3.2389056   0.6037775   0.0000000   1.0000000   0.0000000
  87.0000000   1.0000000   2.0465789   0.3887767   0.0032343   1.0000000   0.7913578   0.0000000   0.0000000   2.6353600   1.0113388  -5.7506896   0.0101630   2.0607531   0.5911510   0.0092121   0.3450898   3.2390341   0.6036741  -1.0000000   0.0092265   0.0000000   2.8725088   0.6475096   0.0000000   0.0000000  -5.7682004  33.7976362   3.2390264   0.6036663   0.0000000   1.0000000   0.0000000
  88.0000000   1.0000000   2.0465789   0.3887770   0.0032343   1.0000000   0.7913578   0.0000000   0.0000000   2.6355010   1.0113484  -5.7499593   0.0101606   2.0607818   0.5911690   0.0092121   0.3450753   3.2391594   0.6036585  -1.0000000   0.0092230   0.0000000   2.8730514   0.6475894   0.0000000   0.0000000  -5.7679535  33.8025306   3.2391519   0.6036510   0.0000000   1.0000000   0.0000000
  89.0000000   1.0000000   2.0465789   0.3887773   0.0032343   1.0000000   0.7913578   0.0000000   0.0000000   2.6351208   1.0113609  -5.7492947   0.0101602   2.0608141   0.5906596   0.0092121   0.3450643   3.2392871   0.6041663  -1.0000000   0.0092183   0.0000000   2.8735623   0.6476690   0.0000000   0.0000000  -5.7677418  33.8073575   3.2392799   0.6041592   0.0000000   1.0000000   0.0000000
  90.0000000   1.0000000   2.0465789   0.3887775   0.0032343   1.0000000   0.7913578   0.0000000   0.0000000   2.6348485   1.0114206  -5.7486897   0.0101592   2.0608359   0.5904822   0.0092121   0.3450581   3.2395238   0.6046753  -1.0000000   0.0091946   0.0000000   2.8740442   0.6477258   0.0000000   0.0000000  -5.7676892  33.8126307   3.2395169   0.6046683   0.0000000   1.0000000   0.0000000
  91.0000000   1.0000000   2.0465789   0.3887792   0.0032343   1.0000000   0.7913578   0.0000000   0.0000000   2.6353497   1.0114778  -5.7478198   0.0101564   2.0608629   0.5902755   0.0092121   0.3450756   3.2397558   0.6044061  -1.0000000   0.0091941   0.0000000   2.8743191   0.6477817   0.0000000   0.0000000  -5.7677450  33.8184485   3.2397491   0.6043994   0.0000000   1.0000000   0.0000000
  92.0000000   1.0000000   2.0465789   0.3887792   0.0032343   1.0000000   0.7913578   0.0000000   0.0000000   2.6355643   1.0115262  -5.7475005   0.0101548   2.0608896   0.5903310   0.0092121   0.3450935   3.2399629   0.6043986  -1.0000000   0.0091982   0.0000000   2.8745893   0.6478423   0.0000000   0.0000000  -5.7676852  33.8238823   3.2399564   0.6043921   0.0000000   1.0000000   0.0000000
  93.0000000   1.0000000   2.0465789   0.3887792   0.0032343   1.0000000   0.7913578   0.0000000   0.0000000   2.6358817   1.0115702  -5.7472011   0.0101530   2.0609172   0.5903983   0.0092121   0.3451074   3.2401597   0.6042780  -1.0000000   0.0092004   0.0000000   2.8748906   0.6479049   0.0000000   0.0000000  -5.7675605  33.8292221   3.2401534   0.6042717   0.0000000   1.0000000   0.0000000
  94.0000000   1.0000000   2.0465789   0.3887792   0.0032343   1.0000000   0.7913578   0.0000000   0.0000000   2.6360149   1.0116081  -5.7470247   0.0101516   2.0609442   0.5904305   0.0092121   0.3451190   3.2403352   0.6043203  -1.0000000   0.0092023   0.0000000   2.8752105   0.6479715   0.0000000   0.0000000  -5.7672361  33.8343464   3.2403292   0.6043143   0.0000000   1.0000000   0.0000000
  95.0000000   1.0000000   2.0465789   0.3887792   0.0032343   1.0000000   0.7913578   0.0000000   0.0000000   2.6360985   1.0116463  -5.7468362   0.0101504   2.0609703   0.5900919   0.0092121   0.3451287   3.2405142   0.6044157  -1.0000000   0.0092033   0.0000000   2.8755384   0.6480357   0.0000000   0.0000000  -5.7669165  33.8394271   3.2405084   0.6044099   0.0000000   1.0000000   0.0000000
  96.0000000   1.0000000   2.0465789   0.3887792   0.0032343   1.0000000   0.7913578   0.0000000   0.0000000   2.6365139   1.0116842  -5.7469539   0.0101481   2.0609992   0.5902320   0.0092121   0.3451374   3.2406947   0.6041808  -1.0000000   0.0092028   0.0000000   2.8758669   0.6480986   0.0000000   0.0000000  -5.7665761  33.8445221   3.2406892   0.6041753   0.0000000   1.0000000   0.0000000
  97.0000000   1.0000000   2.0465789   0.3887792   0.0032343   1.0000000   0.7913578   0.0000000   0.0000000   2.6366718   1.0117228  -5.7472355   0.0101467   2.0610215   0.5902361   0.0092121   0.3451467   3.2408701   0.6041984  -1.0000000   0.0092035   0.0000000   2.8762032   0.6481632   0.0000000   0.0000000  -5.7661852  33.8492983   3.2408649   0.6041931   0.0000000   1.0000000   0.0000000
  98.0000000   1.0000000   2.0465789   0.3887792   0.0032343   1.0000000   0.7913578   0.0000000   0.0000000   2.6367679   1.0117597  -5.7475665   0.0101455   2.0610464   0.5901895   0.0092121   0.3451552   3.2410417   0.6042738  -1.0000000   0.0092034   0.0000000   2.8765378   0.6482276   0.0000000   0.0000000  -5.7658171  33.8540161   3.2410367   0.6042688   0.0000000   1.0000000   0.0000000
  99.0000000   1.0000000   2.0465789   0.3887792   0.0032343   1.0000000   0.7913578   0.0000000   0.0000000   2.6367571   1.0118060  -5.7479419   0.0101451   2.0610561   0.5902251   0.0092121   0.3451639   3.2412344   0.6044773  -1.0000000   0.0092042   0.0000000   2.8768970   0.6482888   0.0000000   0.0000000  -5.7654222  33.8587329   3.2412294   0.6044723   0.0000000   1.0000000   0.0000000
 100.0000000   1.0000000   2.0465789   0.3887792   0.0032343   1.0000000   0.7913578   0.0000000   0.0000000   2.6373472   1.0118518  -5.7481537   0.0101423   2.0610702   0.5899916   0.0092121   0.3451717   3.2414290   0.6040818  -1.0000000   0.0092036   0.0000000   2.8772612   0.6483507   0.0000000   0.0000000  -5.7650074  33.8635822   3.2414241   0.6040770   0.0000000   1.0000000   0.0000000
 101.0000000   1.0000000   2.0465789   0.3887792   0.0032343   1.0000000   0.7913578   0.0000000   0.0000000   2.6357916   1.0119041  -5.7491353   0.0101500   2.0610658   0.5900454   0.0092121   0.3451801   3.2416244   0.6058328  -1.0000000   0.0092038   0.0000000   2.8760560   0.6480542   0.0000000   0.0000000  -5.7644958  33.8679561   3.2416195   0.6058279   0.0000000   1.0000000   0.0000000
 102.0000000   1.0000000   2.0465789   0.3887792   0.0032343   1.0000000   0.7913578   0.0000000   0.0000000   2.6360322   1.0119700  -5.7483343   0.0101391   2.0610724   0.5897597   0.0092121   0.3451884   3.2418956   0.6058634  -1.0000000   0.0092034   0.0000000   2.8754138   0.6478725   0.0000000   0.0000000  -5.7645254  33.8740244   3.2418908   0.6058586   0.0000000   1.0000000   0.0000000
 103.0000000   1.0000000   2.0465789   0.3887792   0.0032343   1.0000000   0.7913578   0.0000000   0.0000000   2.6365063   1.0120358  -5.7478951   0.0101359   2.0610808   0.5898437   0.0092121   0.3451970   3.2421634   0.6056570  -1.0000000   0.0092017   0.0000000   2.8747863   0.6476960   0.0000000   0.0000000  -5.7644602  33.8800369   3.2421586   0.6056523   0.0000000   1.0000000   0.0000000
 104.0000000   1.0000000   2.0465789   0.3887792   0.0032343   1.0000000   0.7913578   0.0000000   0.0000000   2.6365831   1.0120979  -5.7476946   0.0101349   2.0610914   0.5897518   0.0092121   0.3452074   3.2424158   0.6058328  -1.0000000   0.0092011   0.0000000   2.8741098   0.6475153   0.0000000   0.0000000  -5.7643272  33.8857516   3.2424112   0.6058281   0.0000000   1.0000000   0.0000000
 105.0000000   1.0000000   2.0465789   0.3887792   0.0032343   1.0000000   0.7913578   0.0000000   0.0000000   2.6371465   1.0121601  -5.7475026   0.0101314   2.0611045   0.5898626   0.0092121   0.3452184   3.2426717   0.6055252  -1.0000000   0.0092008   0.0000000   2.8735345   0.6473588   0.0000000   0.0000000  -5.7642301  33.8915549   3.2426672   0.6055207   0.0000000   1.0000000   0.0000000
 106.0000000   1.0000000   2.0465789   0.3887792   0.0032343   1.0000000   0.7913578   0.0000000   0.0000000   2.6373084   1.0122179  -5.7476109   0.0101292   2.0611199   0.5898628   0.0092121   0.3452296   3.2429096   0.6056012  -1.0000000   0.0092002   0.0000000   2.8730288   0.6472228   0.0000000   0.0000000  -5.7640822  33.8969573   3.2429052   0.6055969   0.0000000   1.0000000   0.0000000
 107.0000000   1.0000000   2.0465789   0.3887792   0.0032343   1.0000000   0.7913578   0.0000000   0.0000000   2.6374359   1.0122738  -5.7477441   0.0101285   2.0611373   0.5898599   0.0092121   0.3452415   3.2431437   0.6057078  -1.0000000   0.0092007   0.0000000   2.8725736   0.6471006   0.0000000   0.0000000  -5.7638749  33.9023531   3.2431395   0.6057036   0.0000000   1.0000000   0.0000000
 108.0000000   1.0000000   2.0465789   0.3887792   0.0032343   1.0000000   0.7913578   0.0000000   0.0000000   2.6378903   1.0123296  -5.7478617   0.0101258   2.0611564   0.5898903   0.0092121   0.3452529   3.2433790   0.6054887  -1.0000000   0.0092002   0.0000000   2.8721800   0.6469917   0.0000000   0.0000000  -5.7636906  33.9077739   3.2433749   0.6054846   0.0000000   1.0000000   0.0000000
 109.0000000   1.0000000   2.0465789   0.3887792   0.0032343   1.0000000   0.7913578   0.0000000   0.0000000   2.6380209   1.0123817  -5.7482633   0.0101240   2.0611768   0.5896732   0.0092121   0.3452647   3.2436008   0.6055799  -1.0000000   0.0092006   0.0000000   2.8718317   0.6468970   0.0000000   0.0000000  -5.7635533  33.9128858   3.2435970   0.6055760   0.0000000   1.0000000   0.0000000
 110.0000000   1.0000000   2.0465789   0.3887792   0.0032343   1.0000000   0.7913578   0.0000000   0.0000000   2.6379514   1.0124328  -5.7488855   0.0101230   2.0611984   0.5897177   0.0092121   0.3452762   3.2438208   0.6058694  -1.0000000   0.0092008   0.0000000   2.8715227   0.6468112   0.0000000   0.0000000  -5.7633928  33.9180123   3.2438172   0.6058658   0.0000000   1.0000000   0.0000000
 111.0000000   1.0000000   2.0465789   0.3887792   0.0032343   1.0000000   0.7913578   0.0000000   0.0000000   2.6382658   1.0124860  -5.7492653   0.0101220   2.0612212   0.5900404   0.0092121   0.3452875   3.2440529   0.6057871  -1.0000000   0.0092010   0.0000000   2.8712482   0.6467308   0.0000000   0.0000000  -5.7632143  33.9233457   3.2440495   0.6057837   0.0000000   1.0000000   0.0000000
 112.0000000   1.0000000   2.0465789   0.3887792   0.0032343   1.0000000   0.7913578   0.0000000   0.0000000   2.6386599   1.0125372  -5.7494915   0.0101193   2.0612440   0.5901173   0.0092121   0.3452985   3.2442782   0.6056183  -1.0000000   0.0092015   0.0000000   2.8710073   0.6466588   0.0000000   0.0000000  -5.7631482  33.9285103   3.2442749   0.6056150   0.0000000   1.0000000   0.0000000
 113.0000000   1.0000000   2.0465789   0.3887792   0.0032343   1.0000000   0.7913578   0.0000000   0.0000000   2.6389834   1.0125552  -5.7498951   0.0101165   2.0612661   0.5903917   0.0092121   0.3453091   3.2444264   0.6054430  -1.0000000   0.0092219   0.0000000   2.8707994   0.6466087   0.0000000   0.0000000  -5.7629447  33.9334321   3.2444234   0.6054400   0.0000000   1.0000000   0.0000000
 114.0000000   1.0000000   2.0465789   0.3887792   0.0032343   1.0000000   0.7913578   0.0000000   0.0000000   2.6389124   1.0125777  -5.7502846   0.0101150   2.0612880   0.5904500   0.0092121   0.3452993   3.2445867   0.6056743  -1.0000000   0.0092197   0.0000000   2.8707689   0.6465588   0.0000000   0.0000000  -5.7626562  33.9380020   3.2445838   0.6056715   0.0000000   1.0000000   0.0000000
 115.0000000   1.0000000   2.0465789   0.3887792   0.0032343   1.0000000   0.7913578   0.0000000   0.0000000   2.6386581   1.0126136  -5.7504730   0.0101140   2.0613040   0.5901960   0.0092121   0.3452916   3.2447777   0.6061196  -1.0000000   0.0092142   0.0000000   2.8707556   0.6465088   0.0000000   0.0000000  -5.7625168  33.9427615   3.2447750   0.6061169   0.0000000   1.0000000   0.0000000
 116.0000000   1.0000000   2.0465789   0.3887792   0.0032343   1.0000000   0.7913578   0.0000000   0.0000000   2.6387487   1.0126567  -5.7505508   0.0101103   2.0613223   0.5903359   0.0092121   0.3452895   3.2449939   0.6062452  -1.0000000   0.0092113   0.0000000   2.8707155   0.6464585   0.0000000   0.0000000  -5.7625584  33.9478975   3.2449914   0.6062427   0.0000000   1.0000000   0.0000000
 117.0000000   1.0000000   2.0465789   0.3887792   0.0032343   1.0000000   0.7913578   0.0000000   0.0000000   2.6387156   1.0127067  -5.7504634   0.0101090   2.0613358   0.5903686   0.0092121   0.3452903   3.2452250   0.6065094  -1.0000000   0.0092089   0.0000000   2.8705769   0.6463869   0.0000000   0.0000000  -5.7626496  33.9530959   3.2452226   0.6065070   0.0000000   1.0000000   0.0000000
 118.0000000   1.0000000   2.0465789   0.3887792   0.0032343   1.0000000   0.7913578   0.0000000   0.0000000   2.6390686   1.0127470  -5.7501549   0.0101028   2.0613680   0.5904375   0.0092121   0.3452935   3.2454410   0.6063724  -1.0000000   0.0092085   0.0000000   2.8704938   0.6463410   0.0000000   0.0000000  -5.7627987  33.9584856   3.2454389   0.6063703   0.0000000   1.0000000   0.0000000
 119.0000000   1.0000000   2.0465789   0.3887792   0.0032343   1.0000000   0.7913578   0.0000000   0.0000000   2.6394860   1.0127977  -5.7499546   0.0100925   2.0613862   0.5905938   0.0092121   0.3452970   3.2456778   0.6041588  -1.0000000   0.0092075   0.0000000   2.8703635   0.6462766   0.0000000   0.0000000  -5.7629780  33.9636465   3.2456758   0.6041569   0.0020329   1.0000000   0.0000000
 120.0000000   1.0000000   2.0465789   0.3887792   0.0032343   1.0000000   0.7913578   0.0000000   0.0000000   2.6494715   1.0147280  -5.9410000   0.0101010   2.0615948   0.5983467   0.0092121   0.3457272   3.2523463   0.6031790  -1.0000000   0.0092119   0.0000000   2.8588776   0.6432150   0.0000000   0.0000000  -5.7437424  34.0778955   3.2523463   0.6031790   0.0003043   1.0000000   0.0000000
