 t output_loss_entry employment_loss_entry investment_loss_entry debt_loss_entry
 output_gain_entry employment_gain_entry investment_gain_entry debt_gain_entry
 output_loss_incumbent employment_loss_incumbent investment_loss_incumbent debt_
 loss_incumbent
 output_gain_incumbent employment_gain_incumbent investment_gain_incumbent debt_
 gain_incumbent
 gdp1 h1 inv1 firm_debt2
 gdp_t h_t inv_t firm_debt_t
   1.0000000   0.0000000   0.0000000   0.0000000   0.0000000   0.0000000   0.0000000   0.0000000   0.0000000   0.0000000   0.0000000   0.0000000   0.0000000   0.0000000   0.0000000   0.0000000   0.0000000   3.2523463   1.0145700   0.6031790   5.7437424   3.2523463   1.0145700   0.6031790   5.7437424
   2.0000000   0.0020571   0.0009870   0.0084040   0.0015673   0.0000000   0.0000000   0.0000000   0.0000000   3.2502729   1.0135749   0.5948525   5.7421414   3.2512268   1.0140377   0.5842627   3.5322122   3.2523463   1.0145700   0.6031790   5.7437424   3.2512387   1.0140435   0.5841812   3.5322291
   3.0000000   0.0034562   0.0016119   0.0094941   0.0041859   0.0000000   0.0000000   0.0000000   0.0000000   3.2204535   0.9996775   0.7563647   5.6864774   3.1401863   0.9884884   0.7464266   3.2809427   3.2523463   1.0145700   0.6031790   5.7437424   3.1541324   0.9949269   0.5463016   3.2949051
   4.0000000   0.0048867   0.0022238   0.0096708   0.0070922   0.0000000   0.0000000   0.0000000   0.0000000   3.2020375   0.9914879   0.7604079   5.6391924   3.1149168   0.9796108   0.7289262   3.3565901   3.2523463   1.0145700   0.6031790   5.7437424   3.1423273   0.9923804   0.5456172   3.3880444
   5.0000000   0.0062810   0.0028086   0.0095164   0.0099488   0.0000000   0.0000000   0.0000000   0.0000000   3.1810748   0.9823951   0.7628483   5.5834535   3.1000802   0.9718718   0.7246131   3.4960549   3.2523463   1.0145700   0.6031790   5.7437424   3.1443258   0.9923750   0.5496135   3.5534849
   6.0000000   0.0075936   0.0033521   0.0092237   0.0126253   0.0000000   0.0000000   0.0000000   0.0000000   3.1974210   0.9902050   0.6729920   5.6200105   3.1162877   0.9783635   0.6187884   3.6894421   3.2523463   1.0145700   0.6031790   5.7437424   3.1491389   0.9931332   0.5544344   3.7337479
   7.0000000   0.0067584   0.0028657   0.0005566   0.0135544   0.0000000   0.0000000   0.0000000   0.0000000   3.2078915   0.9952222   0.6482861   5.6425497   3.1278628   0.9825313   0.5925369   3.8746230   3.2523463   1.0145700   0.6031790   5.7437424   3.1551242   0.9944938   0.5586016   3.9124571
   8.0000000   0.0064982   0.0027024  -0.0007639   0.0132630   0.0000000   0.0000000   0.0000000   0.0000000   3.2143707   0.9982878   0.6329475   5.6582648   3.1363372   0.9852976   0.5843172   4.0481083   3.2523463   1.0145700   0.6031790   5.7437424   3.1599477   0.9954285   0.5631962   4.0816841
   9.0000000   0.0061330   0.0025178  -0.0011151   0.0125432   0.0000000   0.0000000   0.0000000   0.0000000   3.2191057   1.0005013   0.6238908   5.6697601   3.1435328   0.9874928   0.5808308   4.2082607   3.2523463   1.0145700   0.6031790   5.7437424   3.1645838   0.9963413   0.5667148   4.2389048
  10.0000000   0.0057403   0.0023303  -0.0010867   0.0117568   0.0000000   0.0000000   0.0000000   0.0000000   3.2227156   1.0021781   0.6181149   5.6784401   3.1499824   0.9893843   0.5790643   4.3549272   3.2523463   1.0145700   0.6031790   5.7437424   3.1691898   0.9973072   0.5698120   4.3837042
  11.0000000   0.0053753   0.0021586  -0.0008784   0.0110564   0.0000000   0.0000000   0.0000000   0.0000000   3.2255472   1.0034903   0.6140615   5.6850803   3.1553610   0.9908837   0.5794424   4.4840522   3.2523463   1.0145700   0.6031790   5.7437424   3.1731097   0.9980721   0.5729442   4.5113898
  12.0000000   0.0050547   0.0020078  -0.0006640   0.0104608   0.0000000   0.0000000   0.0000000   0.0000000   3.2278099   1.0045397   0.6111777   5.6902412   3.1605334   0.9924033   0.5795290   4.6004831   3.2523463   1.0145700   0.6031790   5.7437424   3.1771778   0.9990322   0.5751814   4.6268532
  13.0000000   0.0047777   0.0018770  -0.0004527   0.0099743   0.0011691   0.0005620   0.0046394   0.0007499   3.2296480   1.0053943   0.6090451   5.6942874   3.1642287   0.9933068   0.5762211   4.7032748   3.2523463   1.0145700   0.6031790   5.7437424   3.1811329   1.0000333   0.5778284   4.7296537
  14.0000000   0.0045401   0.0017641  -0.0002720   0.0095822   0.0019405   0.0009107   0.0051663   0.0020373   3.2311617   1.0061009   0.6074381   5.6974883   3.1676483   0.9941555   0.5766267   4.7939749   3.2523463   1.0145700   0.6031790   5.7437424   3.1845841   1.0008491   0.5797843   4.8210898
  15.0000000   0.0043367   0.0016666  -0.0001183   0.0092708   0.0027278   0.0012524   0.0052787   0.0034892   3.2324218   1.0066922   0.6061894   5.7000352   3.1704187   0.9947796   0.5775080   4.8759279   3.2523463   1.0145700   0.6031790   5.7437424   3.1875107   1.0014871   0.5816249   4.9041412
  16.0000000   0.0041621   0.0015820   0.0000127   0.0090280   0.0034909   0.0015771   0.0052357   0.0049600   3.2334809   1.0071925   0.6051999   5.7020684   3.1732866   0.9954979   0.5787551   4.9493855   3.2523463   1.0145700   0.6031790   5.7437424   3.1906298   1.0022606   0.5834103   4.9788397
  17.0000000   0.0040118   0.0015084   0.0001243   0.0088431   0.0042136   0.0018802   0.0050950   0.0063581   3.2343778   1.0076196   0.6044050   5.7036940   3.1759638   0.9961493   0.5799737   5.0133515   3.2523463   1.0145700   0.6031790   5.7437424   3.1935940   1.0029834   0.5850661   5.0440986
  18.0000000   0.0038819   0.0014440   0.0002206   0.0087078   0.0048863   0.0021587   0.0050876   0.0078205   3.2351427   1.0079872   0.6037516   5.7049865   3.1781376   0.9967334   0.5807975   5.0711476   3.2523463   1.0145700   0.6031790   5.7437424   3.1960727   1.0036485   0.5861684   5.1032828
  19.0000000   0.0037695   0.0013874   0.0003041   0.0086150   0.0055386   0.0024231   0.0048629   0.0090544   3.2357987   1.0083058   0.6032047   5.7059996   3.1802778   0.9972337   0.5821220   5.1226906   3.2523463   1.0145700   0.6031790   5.7437424   3.1985409   1.0042375   0.5875664   5.1560436
  20.0000000   0.0036718   0.0013375   0.0003769   0.0085588   0.0061301   0.0026631   0.0048542   0.0103540   3.2363638   1.0085836   0.6027408   5.7067753   3.1822911   0.9977364   0.5829485   5.1691111   3.2523463   1.0145700   0.6031790   5.7437424   3.2008628   1.0048254   0.5886293   5.2037957
  21.0000000   0.0035869   0.0012933   0.0004407   0.0085341   0.0067050   0.0028908   0.0048391   0.0115918   3.2368523   1.0088270   0.6023441   5.7073487   3.1841986   0.9982204   0.5834461   5.2097991   3.2523463   1.0145700   0.6031790   5.7437424   3.2030995   1.0054010   0.5892807   5.2457633
  22.0000000   0.0035127   0.0012540   0.0004967   0.0085366   0.0072622   0.0031111   0.0046348   0.0126248   3.2372762   1.0090414   0.6020023   5.7077489   3.1860220   0.9987168   0.5851420   5.2464467   3.2523463   1.0145700   0.6031790   5.7437424   3.2052608   1.0059957   0.5909214   5.2834980
  23.0000000   0.0034479   0.0012189   0.0005459   0.0085625   0.0077585   0.0033060   0.0047069   0.0137727   3.2376451   1.0092310   0.6017054   5.7080002   3.1875129   0.9990300   0.5855877   5.2788561   3.2523463   1.0145700   0.6031790   5.7437424   3.2070475   1.0063918   0.5915486   5.3171139
  24.0000000   0.0033910   0.0011875   0.0005892   0.0086084   0.0082528   0.0034945   0.0047201   0.0148775   3.2379672   1.0093996   0.6014448   5.7081213   3.1887913   0.9992478   0.5861955   5.3088223   3.2523463   1.0145700   0.6031790   5.7437424   3.2086375   1.0066957   0.5922855   5.3482574
  25.0000000   0.0033409   0.0011592   0.0006274   0.0086713   0.0087279   0.0036744   0.0047202   0.0159390   3.2382490   1.0095500   0.6012149   5.7081288   3.1900480   0.9994714   0.5873852   5.3352690   3.2523463   1.0145700   0.6031790   5.7437424   3.2102038   1.0070060   0.5935837   5.3758457
  26.0000000   0.0032968   0.0011336   0.0006609   0.0087483   0.0091859   0.0038468   0.0046752   0.0169377   3.2384963   1.0096848   0.6010118   5.7080385   3.1912540   0.9997298   0.5878696   5.3592016   3.2523463   1.0145700   0.6031790   5.7437424   3.2117181   1.0073524   0.5941039   5.4008612
  27.0000000   0.0032576   0.0011104   0.0006901   0.0088368   0.0096145   0.0040053   0.0047130   0.0179375   3.2387139   1.0098061   0.6008323   5.7078641   3.1920395   0.9997986   0.5885184   5.3808126   3.2523463   1.0145700   0.6031790   5.7437424   3.2127933   1.0075015   0.5948618   5.4235536
  28.0000000   0.0032229   0.0010893   0.0007153   0.0089342   0.0100384   0.0041608   0.0047374   0.0189169   3.2389058   1.0099155   0.6006735   5.7076183   3.1929976   0.9999744   0.5889070   5.4012588   3.2523463   1.0145700   0.6031790   5.7437424   3.2140484   1.0077613   0.5953305   5.4450596
  29.0000000   0.0031917   0.0010700   0.0007364   0.0090379   0.0104526   0.0043114   0.0048060   0.0199071   3.2390756   1.0100148   0.6005337   5.7073126   3.1939516   1.0001419   0.5895806   5.4200359   3.2523463   1.0145700   0.6031790   5.7437424   3.2152984   1.0080129   0.5961237   5.4649026
  30.0000000   0.0031638   0.0010522   0.0007537   0.0091452   0.0108559   0.0044562   0.0048309   0.0208833   3.2392265   1.0101050   0.6004116   5.7069585   3.1948299   1.0002996   0.5899562   5.4377230   3.2523463   1.0145700   0.6031790   5.7437424   3.2164700   1.0082539   0.5965641   5.4836376
  31.0000000   0.0031384   0.0010358   0.0007670   0.0092534   0.0112472   0.0045949   0.0048765   0.0218459   3.2393609   1.0101875   0.6003070   5.7065673   3.1956439   1.0004296   0.5905423   5.4535979   3.2523463   1.0145700   0.6031790   5.7437424   3.2175715   1.0084650   0.5972307   5.5005393
  32.0000000   0.0031152   0.0010206   0.0007763   0.0093599   0.0116306   0.0047296   0.0049298   0.0228057   3.2394814   1.0102631   0.6002200   5.7061508   3.1963731   1.0005459   0.5908875   5.4687764   3.2523463   1.0145700   0.6031790   5.7437424   3.2185858   1.0086619   0.5976500   5.5167310
  33.0000000   0.0030937   0.0010063   0.0007816   0.0094618   0.0120040   0.0048591   0.0050528   0.0238031   3.2395901   1.0103328   0.6001509   5.7057216   3.1970601   1.0006420   0.5912321   5.4832159   3.2523463   1.0145700   0.6031790   5.7437424   3.2195526   1.0088365   0.5981315   5.5322073
  34.0000000   0.0030736   0.0009930   0.0007828   0.0095563   0.0123845   0.0049912   0.0051062   0.0247894   3.2396890   1.0103973   0.6000999   5.7052923   3.1978115   1.0007955   0.5917014   5.4969159   3.2523463   1.0145700   0.6031790   5.7437424   3.2205938   1.0090735   0.5986615   5.5469169
  35.0000000   0.0030545   0.0009803   0.0007800   0.0096408   0.0127554   0.0051187   0.0052273   0.0258226   3.2397799   1.0104575   0.6000673   5.7048763   3.1985284   1.0009386   0.5919834   5.5106263   3.2523463   1.0145700   0.6031790   5.7437424   3.2215945   1.0092981   0.5990645   5.5616640
  36.0000000   0.0030360   0.0009683   0.0007733   0.0097126   0.0131292   0.0052463   0.0052150   0.0268112   3.2398647   1.0105139   0.6000529   5.7044864   3.1993279   1.0011279   0.5923024   5.5224263   3.2523463   1.0145700   0.6031790   5.7437424   3.2226826   1.0095711   0.5993733   5.5744359
  37.0000000   0.0030179   0.0009567   0.0007629   0.0097694   0.0134904   0.0053679   0.0053459   0.0278355   3.2399450   1.0105671   0.6000565   5.7041352   3.2000070   1.0012532   0.5927089   5.5341743   3.2523463   1.0145700   0.6031790   5.7437424   3.2236399   1.0097758   0.5998963   5.5871662
  38.0000000   0.0029998   0.0009455   0.0007492   0.0098091   0.0138496   0.0054881   0.0054078   0.0288594   3.2400222   1.0106178   0.6000770   5.7038343   3.2006454   1.0013791   0.5929574   5.5452002   3.2523463   1.0145700   0.6031790   5.7437424   3.2245555   1.0099811   0.6001869   5.5991470
  39.0000000   0.0029815   0.0009346   0.0007324   0.0098300   0.0142057   0.0056063   0.0054949   0.0298948   3.2400976   1.0106663   0.6001133   5.7035937   3.2012702   1.0014929   0.5931995   5.5554946   3.2523463   1.0145700   0.6031790   5.7437424   3.2254546   1.0101736   0.6004901   5.6103774
  40.0000000   0.0029629   0.0009239   0.0007131   0.0098311   0.0145584   0.0057226   0.0055758   0.0309377   3.2401724   1.0107132   0.6001637   5.7034221   3.2018424   1.0015997   0.5934952   5.5650566   3.2523463   1.0145700   0.6031790   5.7437424   3.2262979   1.0103582   0.6008349   5.6208498
  41.0000000   0.0029437   0.0009133   0.0006917   0.0098115   0.0149073   0.0058368   0.0056652   0.0319953   3.2402477   1.0107587   0.6002264   5.7033261   3.2023355   1.0016792   0.5937827   5.5743110   3.2523463   1.0145700   0.6031790   5.7437424   3.2270579   1.0105141   0.6011734   5.6309956
  42.0000000   0.0029238   0.0009029   0.0006687   0.0097711   0.0152544   0.0059495   0.0057490   0.0330617   3.2403242   1.0108033   0.6002998   5.7033104   3.2028655   1.0017778   0.5940722   5.5830704   3.2523463   1.0145700   0.6031790   5.7437424   3.2278525   1.0106884   0.6015047   5.6406199
  43.0000000   0.0029032   0.0008925   0.0006445   0.0097101   0.0155986   0.0060606   0.0058399   0.0341421   3.2404027   1.0108472   0.6003818   5.7033778   3.2033808   1.0018749   0.5942361   5.5917848   3.2523463   1.0145700   0.6031790   5.7437424   3.2286286   1.0108601   0.6017103   5.6501746
  44.0000000   0.0028817   0.0008821   0.0006194   0.0096289   0.0159407   0.0061701   0.0059334   0.0352379   3.2404838   1.0108906   0.6004707   5.7035295   3.2038982   1.0019683   0.5945600   5.6000261   3.2523463   1.0145700   0.6031790   5.7437424   3.2294033   1.0110270   0.6020783   5.6592357
  45.0000000   0.0028594   0.0008717   0.0005940   0.0095283   0.0162787   0.0062772   0.0060089   0.0363364   3.2405678   1.0109337   0.6005649   5.7037651   3.2043604   1.0020441   0.5945075   5.6075001   3.2523463   1.0145700   0.6031790   5.7437424   3.2301176   1.0111743   0.6020464   5.6674953
  46.0000000   0.0028362   0.0008613   0.0005683   0.0094095   0.0166160   0.0063837   0.0060945   0.0374377   3.2406550   1.0109767   0.6006627   5.7040827   3.2048116   1.0021223   0.5950875   5.6145678   3.2523463   1.0145700   0.6031790   5.7437424   3.2308185   1.0113237   0.6026608   5.6753184
  47.0000000   0.0028121   0.0008508   0.0005428   0.0092737   0.0169503   0.0064886   0.0061881   0.0385516   3.2407456   1.0110196   0.6007628   5.7044793   3.2052333   1.0021937   0.5951037   5.6212113   3.2523463   1.0145700   0.6031790   5.7437424   3.2314857   1.0114649   0.6027145   5.6826973
  48.0000000   0.0027871   0.0008403   0.0005176   0.0091223   0.0172837   0.0065929   0.0062615   0.0396606   3.2408396   1.0110626   0.6008640   5.7049509   3.2056587   1.0022765   0.5947910   5.6275025   3.2523463   1.0145700   0.6031790   5.7437424   3.2321542   1.0116169   0.6024162   5.6896886
  49.0000000   0.0027614   0.0008298   0.0004929   0.0089567   0.0176142   0.0066956   0.0063392   0.0407676   3.2409372   1.0111056   0.6009651   5.7054926   3.2060396   1.0023423   0.5955795   5.6335183   3.2523463   1.0145700   0.6031790   5.7437424   3.2327736   1.0117506   0.6032297   5.6963755
  50.0000000   0.0027348   0.0008193   0.0004688   0.0087786   0.0179428   0.0067973   0.0064123   0.0418683   3.2410382   1.0111488   0.6010654   5.7060990   3.2064894   1.0024425   0.5955905   5.6389753   3.2523463   1.0145700   0.6031790   5.7437424   3.2334588   1.0119178   0.6032569   5.7024711
  51.0000000   0.0027076   0.0008087   0.0004454   0.0085896   0.0182625   0.0068947   0.0064863   0.0429641   3.2411425   1.0111921   0.6011640   5.7067639   3.2067270   1.0024477   0.5959797   5.6441846   3.2523463   1.0145700   0.6031790   5.7437424   3.2339214   1.0119858   0.6036653   5.7082919
  52.0000000   0.0026796   0.0007980   0.0004229   0.0083912   0.0185858   0.0069939   0.0065554   0.0440507   3.2412499   1.0112354   0.6012604   5.7074812   3.2071070   1.0025212   0.5959102   5.6489315   3.2523463   1.0145700   0.6031790   5.7437424   3.2345287   1.0121239   0.6036106   5.7136212
  53.0000000   0.0026511   0.0007874   0.0004013   0.0081850   0.0189061   0.0070917   0.0066235   0.0451283   3.2413603   1.0112789   0.6013540   5.7082442   3.2074482   1.0025836   0.5960411   5.6535015   3.2523463   1.0145700   0.6031790   5.7437424   3.2350931   1.0122497   0.6037570   5.7187486
  54.0000000   0.0026220   0.0007768   0.0003805   0.0079726   0.0192239   0.0071883   0.0066879   0.0461935   3.2414734   1.0113225   0.6014445   5.7090465   3.2077863   1.0026463   0.5962492   5.6577963   3.2523463   1.0145700   0.6031790   5.7437424   3.2356506   1.0123747   0.6039790   5.7235755
  55.0000000   0.0025924   0.0007662   0.0003608   0.0077554   0.0195387   0.0072836   0.0067439   0.0472419   3.2415891   1.0113661   0.6015317   5.7098816   3.2081095   1.0027049   0.5960847   5.6616936   3.2523463   1.0145700   0.6031790   5.7437424   3.2361895   1.0124945   0.6038212   5.7279774
  56.0000000   0.0025625   0.0007555   0.0003420   0.0075349   0.0198503   0.0073776   0.0068026   0.0482736   3.2417069   1.0114097   0.6016153   5.7107434   3.2084091   1.0027540   0.5965742   5.6654439   3.2523463   1.0145700   0.6031790   5.7437424   3.2367007   1.0126035   0.6043236   5.7322092
  57.0000000   0.0025321   0.0007450   0.0003241   0.0073121   0.0201592   0.0074704   0.0068603   0.0492893   3.2418268   1.0114533   0.6016954   5.7116259   3.2087722   1.0028332   0.5970389   5.6690920   3.2523463   1.0145700   0.6031790   5.7437424   3.2372723   1.0127417   0.6048018   5.7363180
  58.0000000   0.0025015   0.0007344   0.0003071   0.0070884   0.0192976   0.0070007   0.0021325   0.0493889   3.2419484   1.0114968   0.6017717   5.7125236   3.2091335   1.0029138   0.5972217   5.6725201   3.2523463   1.0145700   0.6031790   5.7437424   3.2366713   1.0123191   0.6002141   5.7392887
  59.0000000   0.0024707   0.0007239   0.0002911   0.0068646   0.0188085   0.0067364   0.0015704   0.0488738   3.2420715   1.0115403   0.6018444   5.7134314   3.2094898   1.0029919   0.5972771   5.6756430   3.2523463   1.0145700   0.6031790   5.7437424   3.2364373   1.0120995   0.5996670   5.7413398
  60.0000000   0.0024397   0.0007135   0.0002759   0.0066418   0.0182942   0.0064761   0.0015038   0.0481699   3.2421958   1.0115835   0.6019135   5.7143446   3.2098382   1.0030702   0.5973954   5.6788457   3.2523463   1.0145700   0.6031790   5.7437424   3.2361699   1.0118843   0.5996779   5.7432841
  61.0000000   0.0024085   0.0007031   0.0002615   0.0064207   0.0178043   0.0062334   0.0016771   0.0474894   3.2423212   1.0116265   0.6019790   5.7152590   3.2102744   1.0031937   0.5988292   5.6821295   3.2523463   1.0145700   0.6031790   5.7437424   3.2360147   1.0117322   0.6012520   5.7453385
  62.0000000   0.0023773   0.0006928   0.0002480   0.0062020   0.0173600   0.0060141   0.0019016   0.0468930   3.2424473   1.0116694   0.6020411   5.7161709   3.2107476   1.0033221   0.5988263   5.6853050   3.2523463   1.0145700   0.6031790   5.7437424   3.2359423   1.0116086   0.6014379   5.7473747
  63.0000000   0.0023461   0.0006826   0.0002353   0.0059863   0.0169651   0.0058186   0.0021000   0.0463780   3.2425740   1.0117119   0.6020998   5.7170769   3.2111970   1.0034438   0.5992178   5.6883654   3.2523463   1.0145700   0.6031790   5.7437424   3.2358955   1.0115025   0.6019950   5.7493848
  64.0000000   0.0023148   0.0006725   0.0002233   0.0057742   0.0166148   0.0056444   0.0022724   0.0459337   3.2427011   1.0117541   0.6021552   5.7179741   3.2116597   1.0035663   0.5989481   5.6910551   3.2523463   1.0145700   0.6031790   5.7437424   3.2359067   1.0114188   0.6018658   5.7511033
  65.0000000   0.0022837   0.0006625   0.0002120   0.0055659   0.0163028   0.0054886   0.0024157   0.0455466   3.2428284   1.0117960   0.6022075   5.7188600   3.2120807   1.0036766   0.5997263   5.6937390   3.2523463   1.0145700   0.6031790   5.7437424   3.2359149   1.0113415   0.6027589   5.7528836
  66.0000000   0.0022526   0.0006525   0.0002014   0.0053619   0.0160239   0.0053487   0.0025208   0.0451991   3.2429557   1.0118376   0.6022569   5.7197326   3.2125337   1.0038002   0.5992874   5.6960906   3.2523463   1.0145700   0.6031790   5.7437424   3.2359887   1.0112938   0.6023959   5.7543812
  67.0000000   0.0022216   0.0006427   0.0001914   0.0051625   0.0157720   0.0052221   0.0026050   0.0448811   3.2430829   1.0118787   0.6023033   5.7205899   3.2129735   1.0039221   0.5997476   5.6984605   3.2523463   1.0145700   0.6031790   5.7437424   3.2360768   1.0112579   0.6029147   5.7559386
  68.0000000   0.0021908   0.0006330   0.0001821   0.0049678   0.0155429   0.0051067   0.0026656   0.0445808   3.2432098   1.0119195   0.6023470   5.7214305   3.2134078   1.0040364   0.5998158   5.7006930   3.2523463   1.0145700   0.6031790   5.7437424   3.2361827   1.0112262   0.6030186   5.7573882
  69.0000000   0.0021602   0.0006235   0.0001733   0.0047781   0.0153326   0.0050010   0.0027067   0.0442887   3.2433362   1.0119598   0.6023881   5.7222532   3.2138290   1.0041463   0.5996937   5.7026900   3.2523463   1.0145700   0.6031790   5.7437424   3.2362951   1.0111999   0.6029133   5.7586225
  70.0000000   0.0021298   0.0006140   0.0001651   0.0045934   0.0151380   0.0049033   0.0027359   0.0439997   3.2434620   1.0119996   0.6024268   5.7230569   3.2142284   1.0042496   0.6002364   5.7047108   3.2523463   1.0145700   0.6031790   5.7437424   3.2364018   1.0111754   0.6034637   5.7598968
  71.0000000   0.0020996   0.0006046   0.0001574   0.0044139   0.0149567   0.0048127   0.0027460   0.0437054   3.2435871   1.0120390   0.6024630   5.7238409   3.2146637   1.0043683   0.6001208   5.7065432   3.2523463   1.0145700   0.6031790   5.7437424   3.2365587   1.0111739   0.6033368   5.7609901
  72.0000000   0.0020696   0.0005954   0.0001502   0.0042396   0.0147860   0.0047280   0.0027462   0.0434014   3.2437115   1.0120779   0.6024970   5.7246046   3.2150746   1.0044766   0.6000743   5.7082391   3.2523463   1.0145700   0.6031790   5.7437424   3.2367025   1.0111682   0.6032705   5.7619503
  73.0000000   0.0020400   0.0005863   0.0001434   0.0040705   0.0146241   0.0046484   0.0027360   0.0430839   3.2438349   1.0121163   0.6025289   5.7253476   3.2154788   1.0045841   0.6000848   5.7098630   3.2523463   1.0145700   0.6031790   5.7437424   3.2368493   1.0111672   0.6032519   5.7628382
  74.0000000   0.0020106   0.0005774   0.0001371   0.0039066   0.0144694   0.0045732   0.0027178   0.0427503   3.2439574   1.0121541   0.6025589   5.7260695   3.2158728   1.0046882   0.6002494   5.7115137   3.2523463   1.0145700   0.6031790   5.7437424   3.2369941   1.0111675   0.6033810   5.7637501
  75.0000000   0.0019816   0.0005686   0.0001312   0.0037480   0.0143207   0.0045018   0.0026889   0.0423954   3.2440788   1.0121915   0.6025869   5.7267703   3.2162607   1.0047894   0.6001078   5.7129701   3.2523463   1.0145700   0.6031790   5.7437424   3.2371396   1.0111691   0.6031936   5.7644593
  76.0000000   0.0019528   0.0005599   0.0001256   0.0035944   0.0141767   0.0044336   0.0026532   0.0420172   3.2441990   1.0122283   0.6026132   5.7274499   3.2166413   1.0048907   0.5999939   5.7142716   3.2523463   1.0145700   0.6031790   5.7437424   3.2372834   1.0111744   0.6030281   5.7650032
  77.0000000   0.0019244   0.0005513   0.0001204   0.0034460   0.0140363   0.0043682   0.0026151   0.0416165   3.2443181   1.0122646   0.6026378   5.7281083   3.2170233   1.0049960   0.6009535   5.7157739   3.2523463   1.0145700   0.6031790   5.7437424   3.2374335   1.0111870   0.6039376   5.7657389
  78.0000000   0.0018963   0.0005429   0.0001156   0.0033026   0.0138989   0.0043053   0.0025683   0.0411893   3.2444359   1.0123004   0.6026608   5.7287458   3.2174382   1.0051079   0.6011406   5.7171970   3.2523463   1.0145700   0.6031790   5.7437424   3.2376205   1.0112089   0.6040647   5.7663815
  79.0000000   0.0018686   0.0005346   0.0001110   0.0031641   0.0137637   0.0042444   0.0025166   0.0407344   3.2445524   1.0123356   0.6026824   5.7293624   3.2178526   1.0052196   0.6012909   5.7185614   3.2523463   1.0145700   0.6031790   5.7437424   3.2378101   1.0112333   0.6041507   5.7669504
  80.0000000   0.0018412   0.0005264   0.0001068   0.0030305   0.0136300   0.0041854   0.0024599   0.0402508   3.2446675   1.0123703   0.6027026   5.7299584   3.2182882   1.0053415   0.6013847   5.7198315   3.2523463   1.0145700   0.6031790   5.7437424   3.2380238   1.0112700   0.6041757   5.7674083
  81.0000000   0.0018141   0.0005183   0.0001028   0.0029016   0.0134972   0.0041278   0.0023990   0.0397377   3.2447813   1.0124044   0.6027215   5.7305342   3.2187075   1.0054561   0.6013325   5.7210188   3.2523463   1.0145700   0.6031790   5.7437424   3.2382231   1.0113012   0.6040507   5.7677658
  82.0000000   0.0017875   0.0005104   0.0000991   0.0027774   0.0133650   0.0040716   0.0023359   0.0391960   3.2448936   1.0124380   0.6027393   5.7310900   3.2190612   1.0055400   0.6012109   5.7221073   3.2523463   1.0145700   0.6031790   5.7437424   3.2383583   1.0113036   0.6038552   5.7680075
  83.0000000   0.0017612   0.0005027   0.0000956   0.0026577   0.0132329   0.0040165   0.0022690   0.0386244   3.2450045   1.0124711   0.6027559   5.7316263   3.2194452   1.0056384   0.6016698   5.7232235   3.2523463   1.0145700   0.6031790   5.7437424   3.2385253   1.0113220   0.6042376   5.7682584
  84.0000000   0.0017352   0.0004950   0.0000923   0.0025425   0.0131006   0.0039625   0.0022003   0.0380234   3.2451139   1.0125036   0.6027715   5.7321434   3.2198384   1.0057400   0.6015063   5.7241949   3.2523463   1.0145700   0.6031790   5.7437424   3.2387024   1.0113448   0.6039953   5.7683463
  85.0000000   0.0017097   0.0004875   0.0000892   0.0024315   0.0129681   0.0039093   0.0021276   0.0373927   3.2452219   1.0125356   0.6027862   5.7326419   3.2201578   1.0058118   0.6013141   5.7250387   3.2523463   1.0145700   0.6031790   5.7437424   3.2388064   1.0113392   0.6037216   5.7682878
  86.0000000   0.0016845   0.0004801   0.0000863   0.0023248   0.0128349   0.0038568   0.0020540   0.0367333   3.2453284   1.0125670   0.6027999   5.7331220   3.2204800   1.0058838   0.6014606   5.7258721   3.2523463   1.0145700   0.6031790   5.7437424   3.2389137   1.0113349   0.6037856   5.7682004
  87.0000000   0.0016597   0.0004728   0.0000835   0.0022221   0.0127008   0.0038049   0.0019795   0.0360465   3.2454333   1.0125980   0.6028128   5.7335843   3.2208150   1.0059632   0.6014316   5.7265630   3.2523463   1.0145700   0.6031790   5.7437424   3.2390341   1.0113388   0.6036741   5.7679535
  88.0000000   0.0016352   0.0004657   0.0000810   0.0021235   0.0125660   0.0037536   0.0019044   0.0353334   3.2455368   1.0126284   0.6028250   5.7340292   3.2211546   1.0060471   0.6014991   5.7273057   3.2523463   1.0145700   0.6031790   5.7437424   3.2391594   1.0113484   0.6036585   5.7677418
  89.0000000   0.0016111   0.0004587   0.0000785   0.0020286   0.0124301   0.0037028   0.0018301   0.0345964   3.2456387   1.0126583   0.6028364   5.7344572   3.2214964   1.0061332   0.6020879   5.7282216   3.2523463   1.0145700   0.6031790   5.7437424   3.2392871   1.0113609   0.6041663   5.7676892
  90.0000000   0.0015874   0.0004517   0.0000762   0.0019375   0.0122935   0.0036525   0.0017561   0.0338374   3.2457392   1.0126877   0.6028471   5.7348687   3.2219470   1.0062656   0.6026770   5.7292585   3.2523463   1.0145700   0.6031790   5.7437424   3.2395238   1.0114206   0.6046753   5.7677450
  91.0000000   0.0015640   0.0004450   0.0000741   0.0018500   0.0121558   0.0036026   0.0016822   0.0330583   3.2458381   1.0127166   0.6028573   5.7352643   3.2223926   1.0063947   0.6024887   5.7301909   3.2523463   1.0145700   0.6031790   5.7437424   3.2397558   1.0114778   0.6044061   5.7676852
  92.0000000   0.0015410   0.0004383   0.0000720   0.0017661   0.0120173   0.0035531   0.0016091   0.0322613   3.2459356   1.0127451   0.6028669   5.7356444   3.2228131   1.0065143   0.6025604   5.7310676   3.2523463   1.0145700   0.6031790   5.7437424   3.2399629   1.0115262   0.6043986   5.7675605
  93.0000000   0.0015184   0.0004317   0.0000701   0.0016855   0.0118779   0.0035039   0.0015376   0.0314490   3.2460316   1.0127730   0.6028759   5.7360094   3.2232231   1.0066288   0.6025171   5.7317515   3.2523463   1.0145700   0.6031790   5.7437424   3.2401597   1.0115702   0.6042780   5.7672361
  94.0000000   0.0014961   0.0004253   0.0000682   0.0016082   0.0117378   0.0034551   0.0014681   0.0306242   3.2461261   1.0128005   0.6028845   5.7363599   3.2236115   1.0067365   0.6026344   5.7324444   3.2523463   1.0145700   0.6031790   5.7437424   3.2403352   1.0116081   0.6043203   5.7669165
  95.0000000   0.0014742   0.0004189   0.0000665   0.0015341   0.0115969   0.0034067   0.0014009   0.0297899   3.2462191   1.0128274   0.6028926   5.7366963   3.2240030   1.0068438   0.6028020   5.7331184   3.2523463   1.0145700   0.6031790   5.7437424   3.2405142   1.0116463   0.6044157   5.7665761
  96.0000000   0.0014526   0.0004127   0.0000648   0.0014630   0.0114556   0.0033586   0.0013355   0.0289484   3.2463107   1.0128540   0.6029003   5.7370190   3.2243955   1.0069501   0.6026381   5.7337413   3.2523463   1.0145700   0.6031790   5.7437424   3.2406947   1.0116842   0.6041808   5.7661852
  97.0000000   0.0014313   0.0004066   0.0000632   0.0013949   0.0113138   0.0033109   0.0012733   0.0281033   3.2464009   1.0128801   0.6029077   5.7373285   3.2247822   1.0070564   0.6027228   5.7343835   3.2523463   1.0145700   0.6031790   5.7437424   3.2408701   1.0117228   0.6041984   5.7658171
  98.0000000   0.0014104   0.0004006   0.0000617   0.0013297   0.0111718   0.0032635   0.0012130   0.0272567   3.2464896   1.0129057   0.6029146   5.7376253   3.2251644   1.0071603   0.6028631   5.7349931   3.2523463   1.0145700   0.6031790   5.7437424   3.2410417   1.0117597   0.6042738   5.7654222
  99.0000000   0.0013898   0.0003946   0.0000602   0.0012672   0.0110297   0.0032166   0.0011563   0.0264114   3.2465770   1.0129309   0.6029213   5.7379097   3.2255666   1.0072730   0.6031272   5.7355747   3.2523463   1.0145700   0.6031790   5.7437424   3.2412344   1.0118060   0.6044773   5.7650074
 100.0000000   0.0013696   0.0003888   0.0000588   0.0012074   0.0108876   0.0031701   0.0011004   0.0255694   3.2466630   1.0129556   0.6029276   5.7381822   3.2259697   1.0073843   0.6027928   5.7360499   3.2523463   1.0145700   0.6031790   5.7437424   3.2414290   1.0118518   0.6040818   5.7644958
 101.0000000   0.0013497   0.0003831   0.0000575   0.0011501   0.0107457   0.0031241   0.0010554   0.0247371   3.2467476   1.0129800   0.6029337   5.7384432   3.2263724   1.0075014   0.6045887   5.7370493   3.2523463   1.0145700   0.6031790   5.7437424   3.2416244   1.0119041   0.6058328   5.7645254
 102.0000000   0.0013300   0.0003775   0.0000562   0.0010953   0.0106044   0.0030785   0.0010060   0.0239123   3.2468308   1.0130039   0.6029395   5.7386932   3.2268492   1.0076312   0.6046726   5.7379405   3.2523463   1.0145700   0.6031790   5.7437424   3.2418956   1.0119700   0.6058634   5.7644602
 103.0000000   0.0013107   0.0003719   0.0000550   0.0010429   0.0104635   0.0030334   0.0009591   0.0230968   3.2469128   1.0130275   0.6029450   5.7389325   3.2273211   1.0077602   0.6045176   5.7387488   3.2523463   1.0145700   0.6031790   5.7437424   3.2421634   1.0120358   0.6056570   5.7643272
 104.0000000   0.0012917   0.0003665   0.0000538   0.0009928   0.0103231   0.0029889   0.0009153   0.0222933   3.2469934   1.0130506   0.6029503   5.7391614   3.2277763   1.0078848   0.6047405   5.7395755   3.2523463   1.0145700   0.6031790   5.7437424   3.2424158   1.0120979   0.6058328   5.7642301
 105.0000000   0.0012730   0.0003612   0.0000527   0.0009449   0.0101834   0.0029448   0.0008729   0.0215026   3.2470728   1.0130734   0.6029555   5.7393805   3.2282333   1.0080086   0.6044800   5.7403333   3.2523463   1.0145700   0.6031790   5.7437424   3.2426717   1.0121601   0.6055252   5.7640822
 106.0000000   0.0012546   0.0003559   0.0000515   0.0008990   0.0100445   0.0029012   0.0008324   0.0207260   3.2471509   1.0130957   0.6029604   5.7395900   3.2286707   1.0081273   0.6045998   5.7410125   3.2523463   1.0145700   0.6031790   5.7437424   3.2429096   1.0122179   0.6056012   5.7638749
 107.0000000   0.0012365   0.0003507   0.0000505   0.0008553   0.0099063   0.0028581   0.0007956   0.0199652   3.2472278   1.0131177   0.6029651   5.7397903   3.2291026   1.0082433   0.6047465   5.7416940   3.2523463   1.0145700   0.6031790   5.7437424   3.2431437   1.0122738   0.6057078   5.7636906
 108.0000000   0.0012187   0.0003456   0.0000494   0.0008135   0.0097692   0.0028155   0.0007599   0.0192212   3.2473035   1.0131394   0.6029697   5.7399818   3.2295337   1.0083585   0.6045671   5.7424008   3.2523463   1.0145700   0.6031790   5.7437424   3.2433790   1.0123296   0.6054887   5.7635533
 109.0000000   0.0012012   0.0003406   0.0000484   0.0007735   0.0096331   0.0027735   0.0007264   0.0184945   3.2473779   1.0131607   0.6029742   5.7401648   3.2299495   1.0084691   0.6046947   5.7430626   3.2523463   1.0145700   0.6031790   5.7437424   3.2436008   1.0123817   0.6055799   5.7633928
 110.0000000   0.0011839   0.0003357   0.0000475   0.0007354   0.0094982   0.0027320   0.0006955   0.0177859   3.2474512   1.0131816   0.6029784   5.7403396   3.2303615   1.0085779   0.6050175   5.7436840   3.2523463   1.0145700   0.6031790   5.7437424   3.2438208   1.0124328   0.6058694   5.7632143
 111.0000000   0.0011669   0.0003308   0.0000465   0.0006990   0.0093644   0.0026911   0.0006665   0.0170967   3.2475233   1.0132022   0.6029826   5.7405065   3.2307835   1.0086880   0.6049676   5.7443940   3.2523463   1.0145700   0.6031790   5.7437424   3.2440529   1.0124860   0.6057871   5.7631482
 112.0000000   0.0011501   0.0003261   0.0000456   0.0006643   0.0092320   0.0026507   0.0006389   0.0164265   3.2475943   1.0132224   0.6029866   5.7406659   3.2311965   1.0087954   0.6048294   5.7449436   3.2523463   1.0145700   0.6031790   5.7437424   3.2442782   1.0125372   0.6056183   5.7629447
 113.0000000   0.0011337   0.0003214   0.0000447   0.0006311   0.0091009   0.0026110   0.0006128   0.0157754   3.2476642   1.0132424   0.6029905   5.7408181   3.2315303   1.0088687   0.6046829   5.7453853   3.2523463   1.0145700   0.6031790   5.7437424   3.2444264   1.0125552   0.6054430   5.7626562
 114.0000000   0.0011175   0.0003168   0.0000439   0.0005995   0.0089712   0.0025718   0.0005883   0.0151439   3.2477330   1.0132620   0.6029943   5.7409633   3.2318739   1.0089456   0.6049414   5.7459526   3.2523463   1.0145700   0.6031790   5.7437424   3.2445867   1.0125777   0.6056743   5.7625168
 115.0000000   0.0011015   0.0003122   0.0000430   0.0005694   0.0088430   0.0025332   0.0005665   0.0145323   3.2478007   1.0132813   0.6029980   5.7411019   3.2322460   1.0090352   0.6054105   5.7466775   3.2523463   1.0145700   0.6031790   5.7437424   3.2447777   1.0126136   0.6061196   5.7625584
 116.0000000   0.0010858   0.0003077   0.0000422   0.0005407   0.0087163   0.0024951   0.0005451   0.0139403   3.2478674   1.0133003   0.6030016   5.7412341   3.2326409   1.0091311   0.6055601   5.7474290   3.2523463   1.0145700   0.6031790   5.7437424   3.2449939   1.0126567   0.6062452   5.7626496
 117.0000000   0.0010703   0.0003033   0.0000414   0.0005133   0.0085912   0.0024577   0.0005256   0.0133679   3.2479330   1.0133190   0.6030051   5.7413601   3.2330484   1.0092332   0.6058458   5.7482155   3.2523463   1.0145700   0.6031790   5.7437424   3.2452250   1.0127067   0.6065094   5.7627987
 118.0000000   0.0010550   0.0002990   0.0000406   0.0004872   0.0084675   0.0024208   0.0005048   0.0128139   3.2479977   1.0133373   0.6030085   5.7414803   3.2334386   1.0093247   0.6057329   5.7490108   3.2523463   1.0145700   0.6031790   5.7437424   3.2454410   1.0127470   0.6063724   5.7629780
 119.0000000   0.0010400   0.0002947   0.0000398   0.0004623   0.0083454   0.0023845   0.0004790   0.0122759   3.2480613   1.0133554   0.6030118   5.7415948   3.2338473   1.0094260   0.6035524   5.7492218   3.2523463   1.0145700   0.6031790   5.7437424   3.2456778   1.0127977   0.6041588   5.7437424
