  9.266726778315118E-003
  9.318098761067031E-003
  9.459266395621134E-003
  9.471822060896850E-003
  9.605022622783208E-003
  9.662102691504680E-003
  9.720304367774600E-003
  9.796136790894054E-003
  9.854803657297576E-003
  9.894910434043509E-003
  9.938285042352517E-003
  9.967383005079733E-003
  9.972923083939505E-003
  1.001452523231801E-002
  1.004490528538922E-002
  1.006809386461077E-002
  1.008380565172199E-002
  1.010505752233661E-002
  1.011776466274295E-002
  1.013140575339023E-002
  1.014209221777311E-002
  1.015378289225410E-002
  1.015662573601803E-002
  1.016701951560152E-002
  1.017255464425733E-002
  1.017822098099137E-002
  1.018218395502118E-002
  1.018581261985289E-002
  1.018927594621768E-002
  1.019167524693708E-002
  1.019419844309172E-002
  1.019622683654230E-002
  1.019672841163537E-002
  1.019821460064252E-002
  1.019924179487293E-002
  1.019954197699128E-002
  1.020002441988437E-002
  1.019984744331186E-002
  1.020034617947359E-002
  1.020053330074634E-002
  1.020093413565021E-002
  1.020043338414256E-002
  1.019761238908613E-002
  1.020032890918937E-002
  1.019886499264799E-002
  1.019714829701711E-002
  1.019785828907051E-002
  1.019576049011754E-002
  1.019617529548171E-002
  1.019560661061326E-002
  1.019455912991183E-002
  1.019632997274753E-002
  1.019292750042970E-002
  1.019262428706423E-002
  1.019124667459058E-002
  1.018941818168822E-002
  1.018803792033706E-002
  1.018603184607524E-002
  1.018498562497842E-002
  1.019000757694250E-002
  1.018333571807392E-002
  1.018097492562268E-002
  1.017987354986173E-002
  1.017794460953823E-002
  1.017571132452592E-002
  1.017522551758496E-002
  1.017613595497894E-002
  1.017269197408875E-002
  1.017047608276331E-002
  1.017027139172762E-002
  1.016887563935455E-002
  1.016736644622842E-002
  1.016558406427825E-002
  1.016444240408808E-002
  1.016259195489055E-002
  1.016188564625216E-002
  1.015983015932256E-002
  1.015912073334106E-002
  1.015868476044255E-002
  1.015711658464752E-002
  1.015550384066333E-002
  1.015414557492075E-002
  1.015277775442691E-002
  1.015169481721146E-002
  1.015036646971166E-002
  1.014940545556607E-002
  1.015742401600374E-002
  1.014738608265646E-002
  1.014558828038513E-002
  1.014449078261216E-002
  1.014267597425051E-002
  1.014162031695874E-002
  1.013951954242748E-002
  1.013777158912969E-002
  1.013604378142833E-002
  1.013427213053231E-002
  1.013334486468767E-002
  1.013210573635894E-002
  1.012846614451231E-002
  1.012813026275034E-002
  1.012686715662166E-002
  1.012427989876811E-002
  1.012271383551185E-002
  1.012291041655732E-002
  1.012092460958710E-002
  1.011862209446360E-002
  1.011685626338606E-002
  1.011543260366002E-002
  1.011280928773949E-002
  1.011152400947564E-002
  1.010880992563659E-002
  1.010814601186604E-002
  1.010676399459074E-002
  1.010287591565209E-002
  1.010055942310302E-002
  1.009604140352496E-002
  1.007623306699794E-002
