 t output_loss_entry employment_loss_entry investment_loss_entry debt_loss_entry
 output_gain_entry employment_gain_entry investment_gain_entry debt_gain_entry
 output_loss_incumbent employment_loss_incumbent investment_loss_incumbent debt_
 loss_incumbent
 output_gain_incumbent employment_gain_incumbent investment_gain_incumbent debt_
 gain_incumbent
 gdp1 h1 inv1 firm_debt2
 gdp_t h_t inv_t firm_debt_t
   1.0000000   0.0000000   0.0000000   0.0000000   0.0000000   0.0000000   0.0000000   0.0000000   0.0000000   0.0000000   0.0000000   0.0000000   0.0000000   0.0000000   0.0000000   0.0000000   0.0000000   3.2523463   1.0145700   0.6031790   5.7437424   3.2523463   1.0145700   0.6031790   5.7437424
   2.0000000   0.0020571   0.0009870   0.0084040   0.0015673   0.0000000   0.0000000   0.0000000   0.0000000   3.2466645   1.0118338   0.6207680   5.7420626   3.1229304   0.9918779   0.5568820   5.7284834   3.2523463   1.0145700   0.6031790   5.7437424   3.1229304   0.9918779   0.5305466   5.7284834
   3.0000000   0.0034562   0.0016119   0.0094941   0.0041859   0.0000000   0.0000000   0.0000000   0.0000000   3.2424681   1.0099383   0.7184588   5.7323807   3.1303558   0.9923095   0.6536793   5.7096341   3.2523463   1.0145700   0.6031790   5.7437424   3.1312817   0.9927681   0.5381784   5.7120218
   4.0000000   0.0048867   0.0022238   0.0096708   0.0070922   0.0000000   0.0000000   0.0000000   0.0000000   3.2294662   1.0040832   0.7325158   5.7028769   3.1280280   0.9886148   0.6720323   5.6751663   3.2523463   1.0145700   0.6031790   5.7437424   3.1383725   0.9934596   0.5447764   5.6986102
   5.0000000   0.0062810   0.0028086   0.0095164   0.0099488   0.0000000   0.0000000   0.0000000   0.0000000   3.2142850   0.9973833   0.7410519   5.6652451   3.1218590   0.9836338   0.6918573   5.6324331   3.2523463   1.0145700   0.6031790   5.7437424   3.1450000   0.9943095   0.5505522   5.6857117
   6.0000000   0.0055365   0.0023651   0.0008197   0.0110581   0.0000000   0.0000000   0.0000000   0.0000000   3.2257542   1.0029436   0.6442504   5.6836064   3.1366476   0.9886553   0.5883617   5.6373160   3.2523463   1.0145700   0.6031790   5.7437424   3.1518741   0.9954786   0.5557742   5.6747985
   7.0000000   0.0053594   0.0022408  -0.0005335   0.0109357   0.0000000   0.0000000   0.0000000   0.0000000   3.2302172   1.0050850   0.6254912   5.6941865   3.1456030   0.9911093   0.5772225   5.6364695   3.2523463   1.0145700   0.6031790   5.7437424   3.1575962   0.9963762   0.5601562   5.6654266
   8.0000000   0.0050677   0.0020905  -0.0009406   0.0103568   0.0000000   0.0000000   0.0000000   0.0000000   3.2332082   1.0064965   0.6174247   5.7014377   3.1533374   0.9931252   0.5743355   5.6346853   3.2523463   1.0145700   0.6031790   5.7437424   3.1633299   0.9974397   0.5643724   5.6584902
   9.0000000   0.0047386   0.0019330  -0.0009608   0.0096865   0.0000000   0.0000000   0.0000000   0.0000000   3.2353833   1.0075124   0.6128460   5.7067070   3.1595515   0.9945539   0.5744218   5.6332835   3.2523463   1.0145700   0.6031790   5.7437424   3.1681725   0.9982195   0.5681020   5.6536902
  10.0000000   0.0044276   0.0017868  -0.0007939   0.0090803   0.0000000   0.0000000   0.0000000   0.0000000   3.2370334   1.0082805   0.6099147   5.7106294   3.1650059   0.9957979   0.5757217   5.6323259   3.2523463   1.0145700   0.6031790   5.7437424   3.1726599   0.9990075   0.5713254   5.6502659
  11.0000000   0.0041534   0.0016580  -0.0006153   0.0085601   0.0000000   0.0000000   0.0000000   0.0000000   3.2383152   1.0088782   0.6079229   5.7136087   3.1698519   0.9968601   0.5773481   5.6314319   3.2523463   1.0145700   0.6031790   5.7437424   3.1767647   0.9997204   0.5741678   5.6474990
  12.0000000   0.0039159   0.0015462  -0.0004336   0.0081334   0.0000000   0.0000000   0.0000000   0.0000000   3.2393367   1.0093569   0.6065120   5.7159062   3.1742183   0.9977717   0.5792065   5.6308791   3.2523463   1.0145700   0.6031790   5.7437424   3.1805477   1.0003570   0.5769154   5.6455132
  13.0000000   0.0037124   0.0014498  -0.0002782   0.0077879   0.0000000   0.0000000   0.0000000   0.0000000   3.2401639   1.0097471   0.6054983   5.7177020   3.1781763   0.9985906   0.5810713   5.6302787   3.2523463   1.0145700   0.6031790   5.7437424   3.1840376   1.0009548   0.5794013   5.6437925
  14.0000000   0.0035384   0.0013667  -0.0001461   0.0075119   0.0000000   0.0000000   0.0000000   0.0000000   3.2408451   1.0100710   0.6047389   5.7191104   3.1824227   0.9996490   0.5828096   5.6299767   3.2523463   1.0145700   0.6031790   5.7437424   3.1879160   1.0018389   0.5815961   5.6426024
  15.0000000   0.0033891   0.0012948  -0.0000338   0.0072947   0.0011600   0.0005598   0.0047751   0.0008930   3.2414127   1.0103433   0.6041505   5.7202141   3.1851737   1.0000599   0.5796791   5.6286849   3.2523463   1.0145700   0.6031790   5.7437424   3.1915064   1.0026568   0.5835953   5.6414965
  16.0000000   0.0032608   0.0012323   0.0000614   0.0071273   0.0019456   0.0009134   0.0053616   0.0023560   3.2418902   1.0105747   0.6036905   5.7210840   3.1875966   1.0004454   0.5805912   5.6275629   3.2523463   1.0145700   0.6031790   5.7437424   3.1944469   1.0032675   0.5853761   5.6412749
  17.0000000   0.0031500   0.0011776   0.0001434   0.0070022   0.0027528   0.0012617   0.0055128   0.0040168   3.2422954   1.0107734   0.6033290   5.7217774   3.1897782   1.0007932   0.5816335   5.6268788   3.2523463   1.0145700   0.6031790   5.7437424   3.1972105   1.0038548   0.5867885   5.6418018
  18.0000000   0.0030542   0.0011297   0.0002144   0.0069135   0.0035371   0.0015925   0.0053893   0.0056330   3.2426422   1.0109455   0.6030380   5.7223303   3.1917268   1.0010853   0.5831145   5.6263419   3.2523463   1.0145700   0.6031790   5.7437424   3.1997516   1.0043843   0.5883255   5.6425230
  19.0000000   0.0029711   0.0010876   0.0002763   0.0068560   0.0042758   0.0018999   0.0052267   0.0071493   3.2429412   1.0110958   0.6027965   5.7227636   3.1935189   1.0013564   0.5846258   5.6265104   3.2523463   1.0145700   0.6031790   5.7437424   3.2021183   1.0048820   0.5898248   5.6439280
  20.0000000   0.0028989   0.0010502   0.0003304   0.0068255   0.0049637   0.0021830   0.0050652   0.0085574   3.2432004   1.0112277   0.6025908   5.7230933   3.1951949   1.0016136   0.5859635   5.6268546   3.2523463   1.0145700   0.6031790   5.7437424   3.2043413   1.0053520   0.5911234   5.6454622
  21.0000000   0.0028359   0.0010171   0.0003778   0.0068183   0.0056039   0.0024433   0.0049258   0.0098660   3.2434260   1.0113443   0.6024123   5.7233332   3.1967358   1.0018519   0.5870284   5.6274737   3.2523463   1.0145700   0.6031790   5.7437424   3.2064006   1.0057892   0.5921524   5.6472239
  22.0000000   0.0027808   0.0009876   0.0004195   0.0068311   0.0062022   0.0026839   0.0048207   0.0110917   3.2436231   1.0114477   0.6022580   5.7234973   3.1981613   1.0020726   0.5880963   5.6283359   3.2523463   1.0145700   0.6031790   5.7437424   3.2083185   1.0061962   0.5932040   5.6491900
  23.0000000   0.0027326   0.0009612   0.0004562   0.0068610   0.0067682   0.0029092   0.0047514   0.0122559   3.2437959   1.0115399   0.6021237   5.7235965   3.1995986   1.0023338   0.5889629   5.6294788   3.2523463   1.0145700   0.6031790   5.7437424   3.2102303   1.0066352   0.5940770   5.6514128
  24.0000000   0.0026902   0.0009375   0.0004886   0.0069057   0.0073006   0.0031184   0.0046795   0.0133527   3.2439480   1.0116224   0.6020045   5.7236376   3.2007981   1.0025109   0.5898803   5.6306833   3.2523463   1.0145700   0.6031790   5.7437424   3.2118813   1.0069787   0.5949876   5.6536609
  25.0000000   0.0026529   0.0009161   0.0005171   0.0069627   0.0078049   0.0033142   0.0046604   0.0144115   3.2440824   1.0116966   0.6018977   5.7236262   3.2019347   1.0026816   0.5906911   5.6323554   3.2523463   1.0145700   0.6031790   5.7437424   3.2134512   1.0073071   0.5958380   5.6563669
  26.0000000   0.0026199   0.0008967   0.0005420   0.0070300   0.0082872   0.0034994   0.0046493   0.0154362   3.2442013   1.0117636   0.6018026   5.7235686   3.2029999   1.0028439   0.5913740   5.6340175   3.2523463   1.0145700   0.6031790   5.7437424   3.2149361   1.0076203   0.5965596   5.6590515
  27.0000000   0.0025906   0.0008791   0.0005637   0.0071054   0.0087507   0.0036754   0.0046540   0.0164357   3.2443068   1.0118242   0.6017190   5.7234717   3.2039938   1.0029986   0.5919235   5.6358285   3.2523463   1.0145700   0.6031790   5.7437424   3.2163380   1.0079201   0.5971576   5.6618791
  28.0000000   0.0025645   0.0008630   0.0005823   0.0071868   0.0091977   0.0038433   0.0046700   0.0174155   3.2444009   1.0118793   0.6016460   5.7233415   3.2049185   1.0031434   0.5925401   5.6377956   3.2523463   1.0145700   0.6031790   5.7437424   3.2176606   1.0082049   0.5978282   5.6648593
  29.0000000   0.0025411   0.0008483   0.0005976   0.0072723   0.0096306   0.0040042   0.0046963   0.0183813   3.2444852   1.0119297   0.6015827   5.7231839   3.2057859   1.0032807   0.5930101   5.6398877   3.2523463   1.0145700   0.6031790   5.7437424   3.2189170   1.0084776   0.5983577   5.6679634
  30.0000000   0.0025199   0.0008347   0.0006099   0.0073596   0.0100512   0.0041588   0.0047319   0.0193377   3.2445611   1.0119759   0.6015293   5.7230051   3.2065977   1.0034099   0.5934447   5.6421224   3.2523463   1.0145700   0.6031790   5.7437424   3.2201100   1.0087382   0.5988561   5.6712109
  31.0000000   0.0025007   0.0008221   0.0006189   0.0074466   0.0104610   0.0043080   0.0047751   0.0202886   3.2446298   1.0120184   0.6014864   5.7228123   3.2073609   1.0035320   0.5937473   5.6444039   3.2523463   1.0145700   0.6031790   5.7437424   3.2212476   1.0089881   0.5992254   5.6745066
  32.0000000   0.0024830   0.0008104   0.0006248   0.0075310   0.0108616   0.0044522   0.0048254   0.0212373   3.2446925   1.0120578   0.6014542   5.7226134   3.2080717   1.0036457   0.5942089   5.6469042   3.2523463   1.0145700   0.6031790   5.7437424   3.2223267   1.0092264   0.5997572   5.6780240
  33.0000000   0.0024665   0.0007994   0.0006274   0.0076107   0.0112539   0.0045921   0.0048815   0.0221868   3.2447505   1.0120945   0.6014325   5.7224156   3.2087463   1.0037545   0.5943116   5.6493455   3.2523463   1.0145700   0.6031790   5.7437424   3.2233642   1.0094570   0.5999300   5.6814843
  34.0000000   0.0024509   0.0007891   0.0006267   0.0076835   0.0116391   0.0047281   0.0049430   0.0231396   3.2448047   1.0121289   0.6014210   5.7222263   3.2093630   1.0038496   0.5949080   5.6519521   3.2523463   1.0145700   0.6031790   5.7437424   3.2243388   1.0096711   0.6005994   5.6851124
  35.0000000   0.0024360   0.0007792   0.0006229   0.0077470   0.0120179   0.0048606   0.0050092   0.0240979   3.2448560   1.0121614   0.6014192   5.7220522   3.2099639   1.0039466   0.5950462   5.6545938   3.2523463   1.0145700   0.6031790   5.7437424   3.2252932   1.0098847   0.6008107   5.6887776
  36.0000000   0.0024215   0.0007698   0.0006159   0.0077993   0.0123912   0.0049900   0.0050795   0.0250634   3.2449053   1.0121922   0.6014266   5.7218999   3.2105227   1.0040360   0.5952521   5.6572792   3.2523463   1.0145700   0.6031790   5.7437424   3.2262013   1.0100885   0.6010897   5.6924873
  37.0000000   0.0024071   0.0007608   0.0006061   0.0078387   0.0127594   0.0051165   0.0051534   0.0260378   3.2449533   1.0122218   0.6014427   5.7217750   3.2110477   1.0041196   0.5955581   5.6599881   3.2523463   1.0145700   0.6031790   5.7437424   3.2270717   1.0102844   0.6014685   5.6962205
  38.0000000   0.0023926   0.0007519   0.0005938   0.0078635   0.0131233   0.0052404   0.0052304   0.0270222   3.2450007   1.0122502   0.6014665   5.7216824   3.2115416   1.0041969   0.5957523   5.6627079   3.2523463   1.0145700   0.6031790   5.7437424   3.2279074   1.0104721   0.6017348   5.6999634
  39.0000000   0.0023780   0.0007433   0.0005791   0.0078726   0.0134832   0.0053619   0.0053102   0.0280176   3.2450481   1.0122778   0.6014974   5.7216260   3.2120129   1.0042725   0.5958855   5.6653975   3.2523463   1.0145700   0.6031790   5.7437424   3.2287169   1.0106561   0.6019392   5.7036737
  40.0000000   0.0023629   0.0007349   0.0005627   0.0078654   0.0138395   0.0054812   0.0053924   0.0290248   3.2450959   1.0123048   0.6015344   5.7216092   3.2124573   1.0043441   0.5959779   5.6680739   3.2523463   1.0145700   0.6031790   5.7437424   3.2294961   1.0108346   0.6021020   5.7073673
  41.0000000   0.0023473   0.0007265   0.0005447   0.0078414   0.0141927   0.0055985   0.0054764   0.0300441   3.2451446   1.0123312   0.6015767   5.7216342   3.2128810   1.0044144   0.5960963   5.6707510   3.2523463   1.0145700   0.6031790   5.7437424   3.2302515   1.0110099   0.6022898   5.7110572
  42.0000000   0.0023311   0.0007181   0.0005256   0.0078007   0.0145430   0.0057140   0.0055654   0.0310793   3.2451946   1.0123573   0.6016233   5.7217024   3.2132979   1.0044887   0.5964361   5.6734369   3.2523463   1.0145700   0.6031790   5.7437424   3.2309968   1.0111877   0.6027015   5.7147538
  43.0000000   0.0023143   0.0007098   0.0005058   0.0077435   0.0148860   0.0058255   0.0056455   0.0321279   3.2452459   1.0123832   0.6016734   5.7218144   3.2135621   1.0044940   0.5965828   5.6760696   3.2523463   1.0145700   0.6031790   5.7437424   3.2315819   1.0112928   0.6029090   5.7183924
  44.0000000   0.0022968   0.0007015   0.0004855   0.0076704   0.0152304   0.0059371   0.0057283   0.0331783   3.2452990   1.0124089   0.6017260   5.7219700   3.2139161   1.0045465   0.5966413   5.6785430   3.2523463   1.0145700   0.6031790   5.7437424   3.2322575   1.0114453   0.6030294   5.7218547
  45.0000000   0.0022786   0.0006932   0.0004649   0.0075822   0.0155718   0.0060471   0.0058318   0.0342485   3.2453539   1.0124345   0.6017804   5.7221680   3.2142407   1.0045946   0.5964663   5.6809500   3.2523463   1.0145700   0.6031790   5.7437424   3.2329001   1.0115918   0.6029342   5.7252511
  46.0000000   0.0022597   0.0006849   0.0004444   0.0074798   0.0159126   0.0061564   0.0059132   0.0353254   3.2454106   1.0124601   0.6018358   5.7224069   3.2145370   1.0046394   0.5970066   5.6834074   3.2523463   1.0145700   0.6031790   5.7437424   3.2335129   1.0117345   0.6035336   5.7286866
  47.0000000   0.0022400   0.0006765   0.0004240   0.0073644   0.0162512   0.0062643   0.0059976   0.0364095   3.2454693   1.0124857   0.6018916   5.7226845   3.2148524   1.0046937   0.5970921   5.6857997   3.2523463   1.0145700   0.6031790   5.7437424   3.2341419   1.0118852   0.6036796   5.7320467
  48.0000000   0.0022197   0.0006681   0.0004040   0.0072369   0.0165875   0.0063708   0.0060804   0.0374989   3.2455299   1.0125114   0.6019473   5.7229981   3.2151486   1.0047430   0.5969349   5.6880904   3.2523463   1.0145700   0.6031790   5.7437424   3.2347486   1.0120297   0.6035808   5.7352936
  49.0000000   0.0021988   0.0006596   0.0003844   0.0070988   0.0169214   0.0064760   0.0061613   0.0385911   3.2455923   1.0125371   0.6020024   5.7233448   3.2154233   1.0047874   0.5970909   5.6902131   3.2523463   1.0145700   0.6031790   5.7437424   3.2353307   1.0121678   0.6037933   5.7383598
  50.0000000   0.0021772   0.0006512   0.0003654   0.0069513   0.0172530   0.0065798   0.0062419   0.0396856   3.2456565   1.0125629   0.6020566   5.7237213   3.2156776   1.0048281   0.5971738   5.6922747   3.2523463   1.0145700   0.6031790   5.7437424   3.2358892   1.0123009   0.6039326   5.7413528
  51.0000000   0.0021551   0.0006427   0.0003470   0.0067957   0.0175824   0.0066823   0.0063210   0.0407806   3.2457224   1.0125887   0.6021094   5.7241243   3.2159247   1.0048684   0.5972989   5.6943388   3.2523463   1.0145700   0.6031790   5.7437424   3.2364375   1.0124323   0.6041130   5.7443357
  52.0000000   0.0021325   0.0006342   0.0003293   0.0066332   0.0179094   0.0067837   0.0063962   0.0418722   3.2457899   1.0126145   0.6021607   5.7245503   3.2161687   1.0049094   0.5974573   5.6962726   3.2523463   1.0145700   0.6031790   5.7437424   3.2369797   1.0125632   0.6043231   5.7471733
  53.0000000   0.0021094   0.0006257   0.0003123   0.0064652   0.0182341   0.0068838   0.0064689   0.0429583   3.2458588   1.0126404   0.6022104   5.7249960   3.2164111   1.0049524   0.5974662   5.6980742   3.2523463   1.0145700   0.6031790   5.7437424   3.2375173   1.0126948   0.6043817   5.7498629
  54.0000000   0.0020859   0.0006172   0.0002961   0.0062928   0.0185565   0.0069828   0.0065397   0.0440372   3.2459291   1.0126663   0.6022582   5.7254579   3.2167074   1.0050253   0.5982389   5.7000124   3.2523463   1.0145700   0.6031790   5.7437424   3.2381058   1.0128553   0.6052040   5.7526737
  55.0000000   0.0020621   0.0006087   0.0002807   0.0061172   0.0177114   0.0065205   0.0018328   0.0442142   3.2460005   1.0126921   0.6023041   5.7259329   3.2170250   1.0051021   0.5983430   5.7018083   3.2523463   1.0145700   0.6031790   5.7437424   3.2375477   1.0124584   0.6005797   5.7544329
  56.0000000   0.0020380   0.0006002   0.0002660   0.0059394   0.0172388   0.0062633   0.0012904   0.0437885   3.2460730   1.0127180   0.6023480   5.7264179   3.2173272   1.0051741   0.5986127   5.7035678   3.2523463   1.0145700   0.6031790   5.7437424   3.2373461   1.0122618   0.6002868   5.7555474
  57.0000000   0.0020136   0.0005917   0.0002521   0.0057604   0.0167414   0.0060101   0.0012185   0.0431698   3.2461463   1.0127438   0.6023899   5.7269100   3.2176319   1.0052472   0.5988332   5.7051991   3.2523463   1.0145700   0.6031790   5.7437424   3.2371216   1.0120702   0.6004157   5.7563361
  58.0000000   0.0019890   0.0005833   0.0002389   0.0055810   0.0162643   0.0057724   0.0014015   0.0425802   3.2462204   1.0127694   0.6024298   5.7274067   3.2179376   1.0053204   0.5991121   5.7068264   3.2523463   1.0145700   0.6031790   5.7437424   3.2369181   1.0118943   0.6008593   5.7571470
  59.0000000   0.0019642   0.0005749   0.0002264   0.0054020   0.0158336   0.0055583   0.0016305   0.0420770   3.2462952   1.0127950   0.6024678   5.7279054   3.2182595   1.0054027   0.5989827   5.7083501   3.2523463   1.0145700   0.6031790   5.7437424   3.2367769   1.0117512   0.6009408   5.7579385
  60.0000000   0.0019393   0.0005666   0.0002146   0.0052242   0.0154525   0.0053680   0.0018482   0.0416642   3.2463705   1.0128205   0.6025038   5.7284040   3.2185642   1.0054785   0.5989122   5.7097893   3.2523463   1.0145700   0.6031790   5.7437424   3.2366679   1.0116254   0.6010710   5.7587350
  61.0000000   0.0019144   0.0005583   0.0002035   0.0050480   0.0151169   0.0051992   0.0020364   0.0413291   3.2464461   1.0128458   0.6025379   5.7289005   3.2188553   1.0055510   0.5986543   5.7110197   3.2523463   1.0145700   0.6031790   5.7437424   3.2365904   1.0115178   0.6009849   5.7594004
  62.0000000   0.0018894   0.0005501   0.0001930   0.0048740   0.0148205   0.0050491   0.0021916   0.0410566   3.2465220   1.0128710   0.6025702   5.7293934   3.2191350   1.0056237   0.5999682   5.7126138   3.2523463   1.0145700   0.6031790   5.7437424   3.2365406   1.0114293   0.6024400   5.7604938
  63.0000000   0.0018643   0.0005420   0.0001831   0.0047027   0.0145574   0.0049149   0.0023132   0.0408289   3.2465980   1.0128959   0.6026008   5.7298809   3.2194622   1.0057051   0.5999233   5.7141101   3.2523463   1.0145700   0.6031790   5.7437424   3.2365716   1.0113654   0.6025023   5.7615359
  64.0000000   0.0018394   0.0005339   0.0001738   0.0045344   0.0143220   0.0047941   0.0024079   0.0406322   3.2466741   1.0129207   0.6026296   5.7303619   3.2197957   1.0057918   0.5999817   5.7155042   3.2523463   1.0145700   0.6031790   5.7437424   3.2366365   1.0113203   0.6026418   5.7625091
  65.0000000   0.0018144   0.0005260   0.0001651   0.0043693   0.0141098   0.0046846   0.0024795   0.0404550   3.2467501   1.0129452   0.6026569   5.7308353   3.2201261   1.0058783   0.6001236   5.7168008   3.2523463   1.0145700   0.6031790   5.7437424   3.2367214   1.0112864   0.6028424   5.7634072
  66.0000000   0.0017896   0.0005181   0.0001569   0.0042079   0.0139166   0.0045847   0.0025322   0.0402880   3.2468260   1.0129696   0.6026825   5.7313001   3.2204465   1.0059604   0.6000512   5.7180704   3.2523463   1.0145700   0.6031790   5.7437424   3.2368154   1.0112579   0.6028106   5.7642923
  67.0000000   0.0017649   0.0005103   0.0001492   0.0040502   0.0137394   0.0044930   0.0025679   0.0401230   3.2469017   1.0129936   0.6027067   5.7317555   3.2207578   1.0060406   0.6000261   5.7192434   3.2523463   1.0145700   0.6031790   5.7437424   3.2369163   1.0112356   0.6028097   5.7650866
  68.0000000   0.0017403   0.0005025   0.0001419   0.0038963   0.0135754   0.0044083   0.0025888   0.0399532   3.2469771   1.0130175   0.6027294   5.7322009   3.2210702   1.0061235   0.6000488   5.7203081   3.2523463   1.0145700   0.6031790   5.7437424   3.2370316   1.0112232   0.6028424   5.7657719
  69.0000000   0.0017159   0.0004949   0.0001351   0.0037465   0.0134223   0.0043295   0.0025985   0.0397737   3.2470521   1.0130410   0.6027508   5.7326358   3.2213948   1.0062138   0.6007474   5.7214409   3.2523463   1.0145700   0.6031790   5.7437424   3.2371702   1.0112243   0.6035414   5.7665205
  70.0000000   0.0016916   0.0004874   0.0001288   0.0036008   0.0132783   0.0042558   0.0025975   0.0395804   3.2471267   1.0130643   0.6027709   5.7330599   3.2217469   1.0063110   0.6010219   5.7226122   3.2523463   1.0145700   0.6031790   5.7437424   3.2373455   1.0112375   0.6038057   5.7672987
  71.0000000   0.0016676   0.0004800   0.0001228   0.0034593   0.0131415   0.0041864   0.0025853   0.0393680   3.2472008   1.0130873   0.6027898   5.7334727   3.2220997   1.0064068   0.6009555   5.7236458   3.2523463   1.0145700   0.6031790   5.7437424   3.2375291   1.0112537   0.6037182   5.7679248
  72.0000000   0.0016437   0.0004727   0.0001172   0.0033219   0.0130107   0.0041208   0.0025645   0.0391333   3.2472743   1.0131100   0.6028075   5.7338742   3.2224416   1.0065004   0.6011259   5.7246279   3.2523463   1.0145700   0.6031790   5.7437424   3.2377078   1.0112716   0.6038595   5.7684824
  73.0000000   0.0016201   0.0004654   0.0001120   0.0031888   0.0128844   0.0040584   0.0025363   0.0388737   3.2473472   1.0131324   0.6028242   5.7342641   3.2227787   1.0065910   0.6011298   5.7255596   3.2523463   1.0145700   0.6031790   5.7437424   3.2378866   1.0112898   0.6038273   5.7689699
  74.0000000   0.0015967   0.0004583   0.0001071   0.0030598   0.0127618   0.0039987   0.0025012   0.0385870   3.2474195   1.0131545   0.6028398   5.7346425   3.2231079   1.0066786   0.6011039   5.7264145   3.2523463   1.0145700   0.6031790   5.7437424   3.2380615   1.0113079   0.6037590   5.7693588
  75.0000000   0.0015736   0.0004513   0.0001026   0.0029349   0.0126421   0.0039413   0.0024617   0.0382722   3.2474911   1.0131763   0.6028545   5.7350092   3.2234366   1.0067682   0.6012717   5.7273258   3.2523463   1.0145700   0.6031790   5.7437424   3.2382388   1.0113305   0.6038806   5.7697814
  76.0000000   0.0015507   0.0004444   0.0000983   0.0028142   0.0125244   0.0038860   0.0024139   0.0379267   3.2475620   1.0131978   0.6028682   5.7353645   3.2237668   1.0068590   0.6013046   5.7281405   3.2523463   1.0145700   0.6031790   5.7437424   3.2384202   1.0113565   0.6038593   5.7700819
  77.0000000   0.0015281   0.0004376   0.0000943   0.0026975   0.0124081   0.0038324   0.0023621   0.0375496   3.2476322   1.0132189   0.6028811   5.7357082   3.2240336   1.0069182   0.6008330   5.7287198   3.2523463   1.0145700   0.6031790   5.7437424   3.2385398   1.0113527   0.6033297   5.7701206
  78.0000000   0.0015058   0.0004309   0.0000905   0.0025847   0.0122926   0.0037803   0.0023064   0.0371406   3.2477015   1.0132398   0.6028932   5.7360406   3.2243144   1.0069881   0.6011232   5.7293579   3.2523463   1.0145700   0.6031790   5.7437424   3.2386745   1.0113612   0.6035585   5.7701915
  79.0000000   0.0014837   0.0004243   0.0000870   0.0024759   0.0121775   0.0037294   0.0022467   0.0366989   3.2477701   1.0132604   0.6029046   5.7363617   3.2245999   1.0070601   0.6011010   5.7298718   3.2523463   1.0145700   0.6031790   5.7437424   3.2388148   1.0113732   0.6034715   5.7701108
  80.0000000   0.0014620   0.0004178   0.0000837   0.0023710   0.0120624   0.0036795   0.0021838   0.0362247   3.2478379   1.0132806   0.6029152   5.7366719   3.2248843   1.0071343   0.6012735   5.7304459   3.2523463   1.0145700   0.6031790   5.7437424   3.2389543   1.0113886   0.6035761   5.7700628
  81.0000000   0.0014405   0.0004115   0.0000806   0.0022698   0.0119471   0.0036307   0.0021189   0.0357182   3.2479048   1.0133005   0.6029252   5.7369712   3.2251871   1.0072161   0.6015955   5.7310555   3.2523463   1.0145700   0.6031790   5.7437424   3.2391123   1.0114127   0.6038289   5.7700233
  82.0000000   0.0014193   0.0004052   0.0000778   0.0021723   0.0118312   0.0035826   0.0020507   0.0351797   3.2479709   1.0133202   0.6029346   5.7372599   3.2254925   1.0072974   0.6016307   5.7316566   3.2523463   1.0145700   0.6031790   5.7437424   3.2392727   1.0114372   0.6037916   5.7699481
  83.0000000   0.0013984   0.0003990   0.0000750   0.0020783   0.0117145   0.0035351   0.0019808   0.0346098   3.2480362   1.0133395   0.6029434   5.7375381   3.2257961   1.0073783   0.6017137   5.7322336   3.2523463   1.0145700   0.6031790   5.7437424   3.2394310   1.0114621   0.6038007   5.7698224
  84.0000000   0.0013778   0.0003930   0.0000725   0.0019879   0.0115969   0.0034882   0.0019104   0.0340102   3.2481005   1.0133585   0.6029517   5.7378062   3.2261019   1.0074604   0.6018294   5.7328282   3.2523463   1.0145700   0.6031790   5.7437424   3.2395908   1.0114889   0.6038422   5.7696893
  85.0000000   0.0013575   0.0003870   0.0000701   0.0019009   0.0114784   0.0034419   0.0018375   0.0333811   3.2481640   1.0133772   0.6029595   5.7380644   3.2264236   1.0075504   0.6017735   5.7332508   3.2523463   1.0145700   0.6031790   5.7437424   3.2397661   1.0115244   0.6037099   5.7693596
  86.0000000   0.0013375   0.0003811   0.0000679   0.0018172   0.0113586   0.0033960   0.0017649   0.0327247   3.2482266   1.0133956   0.6029668   5.7383129   3.2267270   1.0076353   0.6018154   5.7336675   3.2523463   1.0145700   0.6031790   5.7437424   3.2399224   1.0115552   0.6036757   5.7690010
  87.0000000   0.0013178   0.0003754   0.0000657   0.0017367   0.0112377   0.0033504   0.0016922   0.0320428   3.2482884   1.0134137   0.6029737   5.7385520   3.2270273   1.0077178   0.6019211   5.7340567   3.2523463   1.0145700   0.6031790   5.7437424   3.2400746   1.0115841   0.6037055   5.7685939
  88.0000000   0.0012984   0.0003697   0.0000637   0.0016593   0.0111156   0.0033051   0.0016199   0.0313379   3.2483492   1.0134315   0.6029803   5.7387819   3.2273311   1.0078010   0.6015675   5.7344137   3.2523463   1.0145700   0.6031790   5.7437424   3.2402296   1.0116142   0.6032764   5.7681358
  89.0000000   0.0012793   0.0003641   0.0000619   0.0015850   0.0109925   0.0032602   0.0015531   0.0306148   3.2484092   1.0134490   0.6029864   5.7390029   3.2276293   1.0078868   0.6033739   5.7350676   3.2523463   1.0145700   0.6031790   5.7437424   3.2403783   1.0116474   0.6050148   5.7679612
  90.0000000   0.0012604   0.0003586   0.0000601   0.0015136   0.0108684   0.0032156   0.0014843   0.0298743   3.2484683   1.0134662   0.6029922   5.7392152   3.2280015   1.0079872   0.6034035   5.7357410   3.2523463   1.0145700   0.6031790   5.7437424   3.2406005   1.0116956   0.6049730   5.7677927
  91.0000000   0.0012419   0.0003532   0.0000584   0.0014451   0.0107434   0.0031712   0.0014164   0.0291185   3.2485266   1.0134832   0.6029977   5.7394192   3.2283815   1.0080890   0.6033312   5.7363516   3.2523463   1.0145700   0.6031790   5.7437424   3.2408300   1.0117457   0.6048301   5.7675499
  92.0000000   0.0012236   0.0003480   0.0000568   0.0013793   0.0106175   0.0031272   0.0013514   0.0283506   3.2485839   1.0134998   0.6030029   5.7396150   3.2287641   1.0081966   0.6036138   5.7369582   3.2523463   1.0145700   0.6031790   5.7437424   3.2410616   1.0118019   0.6050456   5.7672950
  93.0000000   0.0012057   0.0003428   0.0000553   0.0013162   0.0104908   0.0030835   0.0012882   0.0275735   3.2486405   1.0135162   0.6030078   5.7398030   3.2291360   1.0082964   0.6034773   5.7375540   3.2523463   1.0145700   0.6031790   5.7437424   3.2412821   1.0118508   0.6048435   5.7670238
  94.0000000   0.0011880   0.0003376   0.0000538   0.0012557   0.0103636   0.0030400   0.0012281   0.0267906   3.2486961   1.0135323   0.6030125   5.7399833   3.2295165   1.0084029   0.6037227   5.7382234   3.2523463   1.0145700   0.6031790   5.7437424   3.2415111   1.0119067   0.6050269   5.7668241
  95.0000000   0.0011706   0.0003326   0.0000525   0.0011976   0.0102359   0.0029969   0.0011692   0.0260035   3.2487509   1.0135482   0.6030170   5.7401563   3.2299064   1.0085114   0.6036530   5.7388038   3.2523463   1.0145700   0.6031790   5.7437424   3.2417494   1.0119653   0.6048963   5.7665346
  96.0000000   0.0011534   0.0003277   0.0000512   0.0011420   0.0101079   0.0029541   0.0011138   0.0252153   3.2488049   1.0135637   0.6030212   5.7403221   3.2302827   1.0086154   0.6038493   5.7393839   3.2523463   1.0145700   0.6031790   5.7437424   3.2419742   1.0120196   0.6050353   5.7662472
  97.0000000   0.0011366   0.0003228   0.0000499   0.0010887   0.0099796   0.0029116   0.0010607   0.0244286   3.2488580   1.0135791   0.6030252   5.7404810   3.2306594   1.0087187   0.6038546   5.7399480   3.2523463   1.0145700   0.6031790   5.7437424   3.2421994   1.0120738   0.6049858   5.7659484
  98.0000000   0.0011200   0.0003180   0.0000487   0.0010377   0.0098514   0.0028695   0.0010106   0.0236456   3.2489104   1.0135941   0.6030291   5.7406333   3.2310360   1.0088233   0.6039517   5.7405001   3.2523463   1.0145700   0.6031790   5.7437424   3.2424249   1.0121296   0.6050312   5.7656445
  99.0000000   0.0011036   0.0003133   0.0000476   0.0009888   0.0097232   0.0028278   0.0009628   0.0228687   3.2489619   1.0136089   0.6030327   5.7407792   3.2314070   1.0089253   0.6041410   5.7410690   3.2523463   1.0145700   0.6031790   5.7437424   3.2426453   1.0121835   0.6051711   5.7653666
 100.0000000   0.0010876   0.0003087   0.0000465   0.0009420   0.0095952   0.0027865   0.0009175   0.0221000   3.2490126   1.0136235   0.6030363   5.7409189   3.2317828   1.0090285   0.6042544   5.7416572   3.2523463   1.0145700   0.6031790   5.7437424   3.2428710   1.0122390   0.6052377   5.7651193
 101.0000000   0.0010718   0.0003042   0.0000455   0.0008972   0.0094676   0.0027456   0.0008732   0.0213406   3.2490626   1.0136379   0.6030396   5.7410526   3.2321563   1.0091298   0.6042911   5.7421799   3.2523463   1.0145700   0.6031790   5.7437424   3.2430951   1.0122931   0.6052286   5.7648184
 102.0000000   0.0010562   0.0002997   0.0000445   0.0008544   0.0093404   0.0027051   0.0008325   0.0205926   3.2491117   1.0136520   0.6030429   5.7411806   3.2325225   1.0092281   0.6043806   5.7427011   3.2523463   1.0145700   0.6031790   5.7437424   3.2433127   1.0123448   0.6052760   5.7645302
 103.0000000   0.0010409   0.0002953   0.0000435   0.0008134   0.0092138   0.0026651   0.0007940   0.0198576   3.2491601   1.0136658   0.6030460   5.7413030   3.2328866   1.0093255   0.6044222   5.7432487   3.2523463   1.0145700   0.6031790   5.7437424   3.2435292   1.0123962   0.6052777   5.7642841
 104.0000000   0.0010258   0.0002910   0.0000426   0.0007742   0.0090878   0.0026255   0.0007574   0.0191366   3.2492078   1.0136795   0.6030489   5.7414201   3.2332467   1.0094211   0.6045219   5.7437920   3.2523463   1.0145700   0.6031790   5.7437424   3.2437426   1.0124462   0.6053395   5.7640501
 105.0000000   0.0010110   0.0002868   0.0000417   0.0007367   0.0089626   0.0025864   0.0007224   0.0184304   3.2492547   1.0136929   0.6030518   5.7415320   3.2336043   1.0095154   0.6044153   5.7442936   3.2523463   1.0145700   0.6031790   5.7437424   3.2439547   1.0124955   0.6051965   5.7637917
 106.0000000   0.0009963   0.0002826   0.0000408   0.0007009   0.0088383   0.0025478   0.0006907   0.0177402   3.2493009   1.0137061   0.6030546   5.7416391   3.2339496   1.0096058   0.6048623   5.7448050   3.2523463   1.0145700   0.6031790   5.7437424   3.2441555   1.0125416   0.6056109   5.7635617
 107.0000000   0.0009820   0.0002785   0.0000400   0.0006667   0.0087149   0.0025096   0.0006607   0.0170673   3.2493463   1.0137191   0.6030573   5.7417413   3.2343117   1.0096994   0.6047963   5.7453933   3.2523463   1.0145700   0.6031790   5.7437424   3.2443745   1.0125914   0.6055138   5.7634280
 108.0000000   0.0009678   0.0002745   0.0000391   0.0006341   0.0085926   0.0024720   0.0006320   0.0164114   3.2493911   1.0137319   0.6030598   5.7418390   3.2346646   1.0097905   0.6049091   5.7460437   3.2523463   1.0145700   0.6031790   5.7437424   3.2445857   1.0126393   0.6055966   5.7633755
 109.0000000   0.0009539   0.0002705   0.0000384   0.0006029   0.0084714   0.0024349   0.0006049   0.0157731   3.2494351   1.0137444   0.6030623   5.7419323   3.2350184   1.0098814   0.6050118   5.7465979   3.2523463   1.0145700   0.6031790   5.7437424   3.2447992   1.0126876   0.6056713   5.7632465
 110.0000000   0.0009402   0.0002666   0.0000376   0.0005731   0.0083513   0.0023983   0.0005800   0.0151528   3.2494785   1.0137568   0.6030648   5.7420214   3.2353705   1.0099716   0.6051922   5.7471625   3.2523463   1.0145700   0.6031790   5.7437424   3.2450124   1.0127358   0.6058258   5.7631480
 111.0000000   0.0009267   0.0002627   0.0000368   0.0005447   0.0082325   0.0023622   0.0005562   0.0145507   3.2495212   1.0137690   0.6030671   5.7421065   3.2357265   1.0100624   0.6053188   5.7477525   3.2523463   1.0145700   0.6031790   5.7437424   3.2452310   1.0127853   0.6059276   5.7630951
 112.0000000   0.0009134   0.0002590   0.0000361   0.0005175   0.0081150   0.0023266   0.0005342   0.0139671   3.2495633   1.0137810   0.6030694   5.7421877   3.2360809   1.0101521   0.6052298   5.7482556   3.2523463   1.0145700   0.6031790   5.7437424   3.2454497   1.0128342   0.6058156   5.7629756
 113.0000000   0.0009004   0.0002552   0.0000354   0.0004917   0.0079987   0.0022916   0.0005132   0.0134016   3.2496047   1.0137928   0.6030716   5.7422651   3.2363619   1.0102094   0.6050157   5.7486251   3.2523463   1.0145700   0.6031790   5.7437424   3.2455966   1.0128514   0.6055795   5.7627424
 114.0000000   0.0008875   0.0002516   0.0000347   0.0004670   0.0078839   0.0022571   0.0004940   0.0128544   3.2496455   1.0138044   0.6030738   5.7423390   3.2366458   1.0102684   0.6054421   5.7491491   3.2523463   1.0145700   0.6031790   5.7437424   3.2457478   1.0128709   0.6059859   5.7626838
 115.0000000   0.0008748   0.0002480   0.0000341   0.0004435   0.0077704   0.0022231   0.0004761   0.0123256   3.2496856   1.0138158   0.6030759   5.7424095   3.2369673   1.0103418   0.6056729   5.7497452   3.2523463   1.0145700   0.6031790   5.7437424   3.2459386   1.0129053   0.6061980   5.7627173
 116.0000000   0.0008623   0.0002444   0.0000334   0.0004211   0.0076584   0.0021897   0.0004589   0.0118147   3.2497252   1.0138271   0.6030779   5.7424766   3.2372972   1.0104176   0.6058961   5.7504318   3.2523463   1.0145700   0.6031790   5.7437424   3.2461393   1.0129427   0.6064031   5.7628608
 117.0000000   0.0008500   0.0002409   0.0000328   0.0003997   0.0075478   0.0021567   0.0004429   0.0113217   3.2497641   1.0138381   0.6030799   5.7425407   3.2376408   1.0104989   0.6062704   5.7514452   3.2523463   1.0145700   0.6031790   5.7437424   3.2463555   1.0129864   0.6067607   5.7633504
 118.0000000   0.0008379   0.0002375   0.0000322   0.0003793   0.0074386   0.0021243   0.0004270   0.0108457   3.2498024   1.0138491   0.6030818   5.7426017   3.2380478   1.0106056   0.6063840   5.7525362   3.2523463   1.0145700   0.6031790   5.7437424   3.2466368   1.0130560   0.6068571   5.7639362
 119.0000000   0.0008260   0.0002341   0.0000316   0.0003599   0.0073309   0.0020924   0.0004007   0.0103821   3.2498402   1.0138598   0.6030837   5.7426598   3.2384005   1.0106889   0.6022189   5.7523360   3.2523463   1.0145700   0.6031790   5.7437424   3.2468655   1.0131027   0.6026625   5.7437424
