 t z psi theta tau_a f_e f_o tau_x tau_l C H B r w div entry mass rgdp rinv firm
 s_constrained exit exit_b
 avg_firm_size labor_share std_dev_growth_emp std_dev_growth_sales debt capital 
 ngdp ninv exdem psi_c collat_binding
   1.0000000   1.0000000   2.0465789   0.3887792   0.0032343   1.0000000   0.7913578   0.0000000   0.0000000   2.6494715   1.0147280  -5.9410000   0.0101010   2.0615948   0.5983467   0.0092121   0.3457272   3.2523463   0.6031790  -1.0000000   0.0092119   0.0000000   2.8588776   0.6432150   0.0000000   0.0000000  -5.7437424  34.0778955   3.2523463   0.6031790   0.0003043   1.0000000   0.0000000
   2.0000000   0.9593483   2.0465789   0.3887792   0.0032343   1.0000000   0.7913578   0.0000000   0.0000000   2.5923838   0.9918779  -5.9410000   0.0101010   2.0382515   0.5808917   0.0088184   0.3457272   3.1229304   0.5305466  -1.0000000   0.0103857   0.0000000   2.7976026   0.6474143   0.0000000   0.0000000  -5.7437424  34.0718717   3.1227245   0.5303408   0.0000000   1.0000000   0.0000000
   3.0000000   0.9635461   2.0465789   0.3887792   0.0032343   1.0000000   0.7913578   0.0000000   0.0000000   2.5931034   0.9927681  -5.9670554   0.0092667   2.0391743   0.6039721   0.0088184   0.3441600   3.1312817   0.5381784  -1.0000000   0.0097018   0.0000000   2.8125543   0.6465598   0.0000000   0.0000000  -5.7284834  33.9968132   3.1310840   0.5379806   0.0000000   1.0000000   0.0000000
   4.0000000   0.9673104   2.0465789   0.3887792   0.0032343   1.0000000   0.7913578   0.0000000   0.0000000   2.5935961   0.9934596  -5.9683859   0.0093181   2.0398897   0.6057371   0.0088184   0.3432767   3.1383725   0.5447764  -1.0000000   0.0096784   0.0000000   2.8215779   0.6457742   0.0000000   0.0000000  -5.7120218  33.9313092   3.1381811   0.5445850   0.0000000   1.0000000   0.0000000
   5.0000000   0.9706860   2.0465789   0.3887792   0.0032343   1.0000000   0.7913578   0.0000000   0.0000000   2.5944477   0.9943095  -5.9671824   0.0094593   2.0407690   0.6033156   0.0088184   0.3424167   3.1450000   0.5505522  -1.0000000   0.0092706   0.0000000   2.8309114   0.6452423   0.0000000   0.0000000  -5.6986102  33.8756165   3.1448163   0.5503686   0.0000000   1.0000000   0.0000000
   6.0000000   0.9737130   2.0465789   0.3887792   0.0032343   1.0000000   0.7913578   0.0000000   0.0000000   2.5961000   0.9954786  -5.9667551   0.0094718   2.0419750   0.5988701   0.0092121   0.3419646   3.1518741   0.5557742  -1.0000000   0.0094491   0.0000000   2.8347126   0.6449724   0.0000000   0.0000000  -5.6857117  33.8322118   3.1516934   0.5555934   0.0000000   1.0000000   0.0000000
   7.0000000   0.9764275   2.0465789   0.3887792   0.0032343   1.0000000   0.7913578   0.0000000   0.0000000   2.5974400   0.9963762  -5.9696821   0.0096050   2.0428991   0.5976276   0.0092121   0.3417275   3.1575962   0.5601562  -1.0000000   0.0093200   0.0000000   2.8391885   0.6446747   0.0000000   0.0000000  -5.6747985  33.7882945   3.1574240   0.5599840   0.0000000   1.0000000   0.0000000
   8.0000000   0.9788616   2.0465789   0.3887792   0.0032343   1.0000000   0.7913578   0.0000000   0.0000000   2.5989575   0.9974397  -5.9728329   0.0096621   2.0439954   0.5943681   0.0092121   0.3416196   3.1633299   0.5643724  -1.0000000   0.0090361   0.0000000   2.8431031   0.6445387   0.0000000   0.0000000  -5.6654266  33.7493709   3.1631677   0.5642102   0.0000000   1.0000000   0.0000000
   9.0000000   0.9810444   2.0465789   0.3887792   0.0032343   1.0000000   0.7913578   0.0000000   0.0000000   2.6000706   0.9982195  -5.9779066   0.0097203   2.0447994   0.5970194   0.0092121   0.3417955   3.1681725   0.5681020  -1.0000000   0.0092664   0.0000000   2.8439003   0.6443086   0.0000000   0.0000000  -5.6584902  33.7155498   3.1680178   0.5679472   0.0000000   1.0000000   0.0000000
  10.0000000   0.9830018   2.0465789   0.3887792   0.0032343   1.0000000   0.7913578   0.0000000   0.0000000   2.6013346   0.9990075  -5.9795215   0.0097961   2.0456107   0.5970859   0.0092121   0.3417411   3.1726599   0.5713254  -1.0000000   0.0091495   0.0000000   2.8465857   0.6441590   0.0000000   0.0000000  -5.6536902  33.6870450   3.1725127   0.5711781   0.0000000   1.0000000   0.0000000
  11.0000000   0.9847571   2.0465789   0.3887792   0.0032343   1.0000000   0.7913578   0.0000000   0.0000000   2.6025969   0.9997204  -5.9802746   0.0098548   2.0463445   0.5976009   0.0092121   0.3418037   3.1767647   0.5741678  -1.0000000   0.0091680   0.0000000   2.8481107   0.6440155   0.0000000   0.0000000  -5.6502659  33.6619778   3.1766243   0.5740273   0.0000000   1.0000000   0.0000000
  12.0000000   0.9863311   2.0465789   0.3887792   0.0032343   1.0000000   0.7913578   0.0000000   0.0000000   2.6036322   1.0003570  -5.9798228   0.0098949   2.0470065   0.5986145   0.0092121   0.3418478   3.1805477   0.5769154  -1.0000000   0.0092030   0.0000000   2.8495701   0.6438669   0.0000000   0.0000000  -5.6474990  33.6396348   3.1804133   0.5767810   0.0000000   1.0000000   0.0000000
  13.0000000   0.9877426   2.0465789   0.3887792   0.0032343   1.0000000   0.7913578   0.0000000   0.0000000   2.6046363   1.0009548  -5.9776675   0.0099383   2.0476209   0.5980010   0.0092121   0.3418568   3.1840376   0.5794013  -1.0000000   0.0091882   0.0000000   2.8512060   0.6437390   0.0000000   0.0000000  -5.6455132  33.6203460   3.1839088   0.5792725   0.0000000   1.0000000   0.0000000
  14.0000000   0.9890083   2.0465789   0.3887792   0.0032343   1.0000000   0.7913578   0.0000000   0.0000000   2.6063199   1.0018389  -5.9754451   0.0099674   2.0485236   0.5949330   0.0092121   0.3418806   3.1879160   0.5815961  -1.0000000   0.0088095   0.0000000   2.8535302   0.6438056   0.0000000   0.0000000  -5.6437925  33.6038877   3.1877956   0.5814757   0.0000000   1.0000000   0.0000000
  15.0000000   0.9901434   2.0465789   0.3887792   0.0032343   1.0000000   0.7913578   0.0000000   0.0000000   2.6079110   1.0026568  -5.9752943   0.0099729   2.0493410   0.5950284   0.0094357   0.3422832   3.1915064   0.5835953  -1.0000000   0.0092213   0.0000000   2.8507778   0.6438628   0.0000000   0.0000000  -5.6426024  33.5932420   3.1913907   0.5834797   0.0000000   1.0000000   0.0000000
  16.0000000   0.9911612   2.0465789   0.3887792   0.0032343   1.0000000   0.7913578   0.0000000   0.0000000   2.6090708   1.0032675  -5.9743826   0.0100145   2.0499833   0.5953801   0.0094357   0.3424976   3.1944469   0.5853761  -1.0000000   0.0092239   0.0000000   2.8507798   0.6438631   0.0000000   0.0000000  -5.6414965  33.5807422   3.1943374   0.5852666   0.0000000   1.0000000   0.0000000
  17.0000000   0.9920739   2.0465789   0.3887792   0.0032343   1.0000000   0.7913578   0.0000000   0.0000000   2.6104220   1.0038548  -5.9725434   0.0100449   2.0505878   0.5954586   0.0094357   0.3427094   3.1972105   0.5867885  -1.0000000   0.0092189   0.0000000   2.8507359   0.6438726   0.0000000   0.0000000  -5.6412749  33.5702237   3.1971066   0.5866846   0.0000000   1.0000000   0.0000000
  18.0000000   0.9928924   2.0465789   0.3887792   0.0032343   1.0000000   0.7913578   0.0000000   0.0000000   2.6114261   1.0043843  -5.9702775   0.0100681   2.0511395   0.5960336   0.0094357   0.3429262   3.1997516   0.5883255  -1.0000000   0.0092512   0.0000000   2.8504993   0.6438761   0.0000000   0.0000000  -5.6418018  33.5611474   3.1996530   0.5882268   0.0000000   1.0000000   0.0000000
  19.0000000   0.9936263   2.0465789   0.3887792   0.0032343   1.0000000   0.7913578   0.0000000   0.0000000   2.6122935   1.0048820  -5.9668561   0.0100838   2.0516576   0.5957771   0.0094357   0.3431107   3.2021183   0.5898248  -1.0000000   0.0092561   0.0000000   2.8504365   0.6438844   0.0000000   0.0000000  -5.6425230  33.5536565   3.2020245   0.5897310   0.0000000   1.0000000   0.0000000
  20.0000000   0.9942845   2.0465789   0.3887792   0.0032343   1.0000000   0.7913578   0.0000000   0.0000000   2.6132179   1.0053520  -5.9630994   0.0101051   2.0521445   0.5957189   0.0094357   0.3432903   3.2043413   0.5911234  -1.0000000   0.0092635   0.0000000   2.8503204   0.6438911   0.0000000   0.0000000  -5.6439280  33.5477704   3.2042521   0.5910342   0.0000000   1.0000000   0.0000000
  21.0000000   0.9948747   2.0465789   0.3887792   0.0032343   1.0000000   0.7913578   0.0000000   0.0000000   2.6142482   1.0057892  -5.9588987   0.0101178   2.0525959   0.5957131   0.0094357   0.3434625   3.2064006   0.5921524  -1.0000000   0.0092735   0.0000000   2.8501668   0.6438978   0.0000000   0.0000000  -5.6454622  33.5432323   3.2063157   0.5920675   0.0000000   1.0000000   0.0000000
  22.0000000   0.9954039   2.0465789   0.3887792   0.0032343   1.0000000   0.7913578   0.0000000   0.0000000   2.6151145   1.0061962  -5.9544120   0.0101314   2.0530168   0.5958065   0.0094357   0.3436247   3.2083185   0.5932040  -1.0000000   0.0092844   0.0000000   2.8500163   0.6439059   0.0000000   0.0000000  -5.6472239  33.5397282   3.2082376   0.5931231   0.0000000   1.0000000   0.0000000
  23.0000000   0.9958785   2.0465789   0.3887792   0.0032343   1.0000000   0.7913578   0.0000000   0.0000000   2.6161533   1.0066352  -5.9494452   0.0101421   2.0534358   0.5954890   0.0094357   0.3437760   3.2102303   0.5940770  -1.0000000   0.0092430   0.0000000   2.8500420   0.6439345   0.0000000   0.0000000  -5.6491900  33.5372785   3.2101533   0.5940000   0.0000000   1.0000000   0.0000000
  24.0000000   0.9963041   2.0465789   0.3887792   0.0032343   1.0000000   0.7913578   0.0000000   0.0000000   2.6168937   1.0069787  -5.9445233   0.0101538   2.0538241   0.5958522   0.0094357   0.3439686   3.2118813   0.5949876  -1.0000000   0.0093024   0.0000000   2.8494655   0.6439453   0.0000000   0.0000000  -5.6514128  33.5356919   3.2118080   0.5949143   0.0000000   1.0000000   0.0000000
  25.0000000   0.9966858   2.0465789   0.3887792   0.0032343   1.0000000   0.7913578   0.0000000   0.0000000   2.6176132   1.0073071  -5.9388343   0.0101566   2.0541655   0.5958890   0.0094357   0.3441020   3.2134512   0.5958380  -1.0000000   0.0093190   0.0000000   2.8493234   0.6439478   0.0000000   0.0000000  -5.6536609  33.5348681   3.2133811   0.5957679   0.0000000   1.0000000   0.0000000
  26.0000000   0.9970280   2.0465789   0.3887792   0.0032343   1.0000000   0.7913578   0.0000000   0.0000000   2.6183765   1.0076203  -5.9328007   0.0101670   2.0544874   0.5956065   0.0094357   0.3442187   3.2149361   0.5965596  -1.0000000   0.0093224   0.0000000   2.8492662   0.6439501   0.0000000   0.0000000  -5.6563669  33.5349650   3.2148690   0.5964925   0.0000000   1.0000000   0.0000000
  27.0000000   0.9973349   2.0465789   0.3887792   0.0032343   1.0000000   0.7913578   0.0000000   0.0000000   2.6191804   1.0079201  -5.9268082   0.0101726   2.0547956   0.5951303   0.0094357   0.3443319   3.2163380   0.5971576  -1.0000000   0.0093216   0.0000000   2.8492015   0.6439570   0.0000000   0.0000000  -5.6590515  33.5357739   3.2162738   0.5970935   0.0000000   1.0000000   0.0000000
  28.0000000   0.9976101   2.0465789   0.3887792   0.0032343   1.0000000   0.7913578   0.0000000   0.0000000   2.6198323   1.0082049  -5.9211359   0.0101782   2.0550890   0.5952495   0.0094357   0.3444461   3.2176606   0.5978282  -1.0000000   0.0093243   0.0000000   2.8490891   0.6439660   0.0000000   0.0000000  -5.6618791  33.5371643   3.2175992   0.5977669   0.0000000   1.0000000   0.0000000
  29.0000000   0.9978569   2.0465789   0.3887792   0.0032343   1.0000000   0.7913578   0.0000000   0.0000000   2.6205593   1.0084776  -5.9150675   0.0101822   2.0553692   0.5953228   0.0094357   0.3445575   3.2189170   0.5983577  -1.0000000   0.0093264   0.0000000   2.8489624   0.6439760   0.0000000   0.0000000  -5.6648593  33.5391972   3.2188582   0.5982989   0.0000000   1.0000000   0.0000000
  30.0000000   0.9980782   2.0465789   0.3887792   0.0032343   1.0000000   0.7913578   0.0000000   0.0000000   2.6212539   1.0087382  -5.9087572   0.0101858   2.0556372   0.5953485   0.0094357   0.3446668   3.2201100   0.5988561  -1.0000000   0.0093289   0.0000000   2.8488210   0.6439876   0.0000000   0.0000000  -5.6679634  33.5417176   3.2200538   0.5987999   0.0000000   1.0000000   0.0000000
  31.0000000   0.9982766   2.0465789   0.3887792   0.0032343   1.0000000   0.7913578   0.0000000   0.0000000   2.6220222   1.0089881  -5.9022536   0.0101893   2.0558943   0.5952477   0.0094357   0.3447736   3.2212476   0.5992254  -1.0000000   0.0093314   0.0000000   2.8486687   0.6440000   0.0000000   0.0000000  -5.6712109  33.5446861   3.2211938   0.5991717   0.0000000   1.0000000   0.0000000
  32.0000000   0.9984546   2.0465789   0.3887792   0.0032343   1.0000000   0.7913578   0.0000000   0.0000000   2.6225695   1.0092264  -5.8957840   0.0101917   2.0561411   0.5950982   0.0094357   0.3448779   3.2223267   0.5997572  -1.0000000   0.0093338   0.0000000   2.8485072   0.6440142   0.0000000   0.0000000  -5.6745066  33.5479680   3.2222752   0.5997057   0.0000000   1.0000000   0.0000000
  33.0000000   0.9986142   2.0465789   0.3887792   0.0032343   1.0000000   0.7913578   0.0000000   0.0000000   2.6234342   1.0094570  -5.8892091   0.0101942   2.0563782   0.5950072   0.0094357   0.3449798   3.2233642   0.5999300  -1.0000000   0.0093359   0.0000000   2.8483383   0.6440277   0.0000000   0.0000000  -5.6780240  33.5517216   3.2233150   0.5998807   0.0000000   1.0000000   0.0000000
  34.0000000   0.9987573   2.0465789   0.3887792   0.0032343   1.0000000   0.7913578   0.0000000   0.0000000   2.6237394   1.0096711  -5.8828124   0.0101962   2.0566056   0.5950279   0.0094357   0.3450796   3.2243388   0.6005994  -1.0000000   0.0093430   0.0000000   2.8481641   0.6440458   0.0000000   0.0000000  -5.6814843  33.5555537   3.2242917   0.6005523   0.0000000   1.0000000   0.0000000
  35.0000000   0.9988856   2.0465789   0.3887792   0.0032343   1.0000000   0.7913578   0.0000000   0.0000000   2.6244824   1.0098847  -5.8759522   0.0101967   2.0568234   0.5948298   0.0094357   0.3451723   3.2252932   0.6008107  -1.0000000   0.0093421   0.0000000   2.8480122   0.6440570   0.0000000   0.0000000  -5.6851124  33.5600036   3.2252482   0.6007657   0.0000000   1.0000000   0.0000000
  36.0000000   0.9990007   2.0465789   0.3887792   0.0032343   1.0000000   0.7913578   0.0000000   0.0000000   2.6251116   1.0100885  -5.8693036   0.0101982   2.0570341   0.5947331   0.0094357   0.3452660   3.2262013   0.6010897  -1.0000000   0.0093443   0.0000000   2.8478386   0.6440721   0.0000000   0.0000000  -5.6887776  33.5645861   3.2261583   0.6010467   0.0000000   1.0000000   0.0000000
  37.0000000   0.9991039   2.0465789   0.3887792   0.0032343   1.0000000   0.7913578   0.0000000   0.0000000   2.6256032   1.0102844  -5.8626757   0.0101992   2.0572372   0.5945136   0.0094357   0.3453574   3.2270717   0.6014685  -1.0000000   0.0093468   0.0000000   2.8476634   0.6440878   0.0000000   0.0000000  -5.6924873  33.5693658   3.2270306   0.6014273   0.0000000   1.0000000   0.0000000
  38.0000000   0.9991964   2.0465789   0.3887792   0.0032343   1.0000000   0.7913578   0.0000000   0.0000000   2.6261727   1.0104721  -5.8560737   0.0101995   2.0574318   0.5943815   0.0094357   0.3454463   3.2279074   0.6017348  -1.0000000   0.0093511   0.0000000   2.8474824   0.6441020   0.0000000   0.0000000  -5.6962205  33.5744431   3.2278681   0.6016955   0.0000000   1.0000000   0.0000000
  39.0000000   0.9992794   2.0465789   0.3887792   0.0032343   1.0000000   0.7913578   0.0000000   0.0000000   2.6267777   1.0106561  -5.8495150   0.0102000   2.0576209   0.5942535   0.0094357   0.3455309   3.2287169   0.6019392  -1.0000000   0.0093506   0.0000000   2.8473261   0.6441175   0.0000000   0.0000000  -5.6999634  33.5797003   3.2286794   0.6019017   0.0000000   1.0000000   0.0000000
  40.0000000   0.9993538   2.0465789   0.3887792   0.0032343   1.0000000   0.7913578   0.0000000   0.0000000   2.6273941   1.0108346  -5.8430412   0.0101998   2.0578023   0.5937262   0.0094357   0.3456160   3.2294961   0.6021020  -1.0000000   0.0093524   0.0000000   2.8471568   0.6441346   0.0000000   0.0000000  -5.7036737  33.5850736   3.2294603   0.6020662   0.0000000   1.0000000   0.0000000
  41.0000000   0.9994205   2.0465789   0.3887792   0.0032343   1.0000000   0.7913578   0.0000000   0.0000000   2.6279617   1.0110099  -5.8370915   0.0102003   2.0579729   0.5938883   0.0094357   0.3456992   3.2302515   0.6022898  -1.0000000   0.0093543   0.0000000   2.8469965   0.6441518   0.0000000   0.0000000  -5.7073673  33.5905179   3.2302173   0.6022556   0.0000000   1.0000000   0.0000000
  42.0000000   0.9994804   2.0465789   0.3887792   0.0032343   1.0000000   0.7913578   0.0000000   0.0000000   2.6282954   1.0111877  -5.8309409   0.0102005   2.0581248   0.5937050   0.0094357   0.3457807   3.2309968   0.6027015  -1.0000000   0.0093567   0.0000000   2.8468626   0.6441679   0.0000000   0.0000000  -5.7110572  33.5960551   3.2309641   0.6026687   0.0000000   1.0000000   0.0000000
  43.0000000   0.9995340   2.0465789   0.3887792   0.0032343   1.0000000   0.7913578   0.0000000   0.0000000   2.6286730   1.0112928  -5.8247153   0.0102009   2.0582907   0.5936255   0.0094357   0.3458597   3.2315819   0.6029090  -1.0000000   0.0093964   0.0000000   2.8465270   0.6441702   0.0000000   0.0000000  -5.7147538  33.6019197   3.2315508   0.6028778   0.0000000   1.0000000   0.0000000
  44.0000000   0.9995821   2.0465789   0.3887792   0.0032343   1.0000000   0.7913578   0.0000000   0.0000000   2.6292280   1.0114453  -5.8184853   0.0102004   2.0584504   0.5931905   0.0094357   0.3458990   3.2322575   0.6030294  -1.0000000   0.0093651   0.0000000   2.8466482   0.6441840   0.0000000   0.0000000  -5.7183924  33.6078304   3.2322278   0.6029998   0.0000000   1.0000000   0.0000000
  45.0000000   0.9996253   2.0465789   0.3887792   0.0032343   1.0000000   0.7913578   0.0000000   0.0000000   2.6299659   1.0115918  -5.8126839   0.0101976   2.0586074   0.5929600   0.0094357   0.3459697   3.2329001   0.6029342  -1.0000000   0.0093644   0.0000000   2.8465021   0.6441997   0.0000000   0.0000000  -5.7218547  33.6138048   3.2328719   0.6029060   0.0000000   1.0000000   0.0000000
  46.0000000   0.9996640   2.0465789   0.3887792   0.0032343   1.0000000   0.7913578   0.0000000   0.0000000   2.6299793   1.0117345  -5.8073410   0.0102003   2.0587642   0.5928964   0.0094357   0.3460410   3.2335129   0.6035336  -1.0000000   0.0093608   0.0000000   2.8463658   0.6442248   0.0000000   0.0000000  -5.7252511  33.6196633   3.2334862   0.6035069   0.0000000   1.0000000   0.0000000
  47.0000000   0.9996987   2.0465789   0.3887792   0.0032343   1.0000000   0.7913578   0.0000000   0.0000000   2.6304623   1.0118852  -5.8015448   0.0101989   2.0589165   0.5924343   0.0094357   0.3461159   3.2341419   0.6036796  -1.0000000   0.0093573   0.0000000   2.8461993   0.6442449   0.0000000   0.0000000  -5.7286866  33.6260142   3.2341166   0.6036543   0.0000000   1.0000000   0.0000000
  48.0000000   0.9997298   2.0465789   0.3887792   0.0032343   1.0000000   0.7913578   0.0000000   0.0000000   2.6311678   1.0120297  -5.7961542   0.0101971   2.0590626   0.5924117   0.0094357   0.3461943   3.2347486   0.6035808  -1.0000000   0.0093616   0.0000000   2.8459578   0.6442569   0.0000000   0.0000000  -5.7320467  33.6323918   3.2347247   0.6035569   0.0000000   1.0000000   0.0000000
  49.0000000   0.9997577   2.0465789   0.3887792   0.0032343   1.0000000   0.7913578   0.0000000   0.0000000   2.6315374   1.0121678  -5.7909879   0.0101979   2.0592044   0.5917181   0.0094357   0.3462684   3.2353307   0.6037933  -1.0000000   0.0093644   0.0000000   2.8457644   0.6442755   0.0000000   0.0000000  -5.7352936  33.6385469   3.2353082   0.6037708   0.0000000   1.0000000   0.0000000
  50.0000000   0.9997827   2.0465789   0.3887792   0.0032343   1.0000000   0.7913578   0.0000000   0.0000000   2.6319565   1.0123009  -5.7863886   0.0101958   2.0593404   0.5917580   0.0094357   0.3463397   3.2358892   0.6039326  -1.0000000   0.0093666   0.0000000   2.8455733   0.6442925   0.0000000   0.0000000  -5.7383598  33.6448124   3.2358679   0.6039114   0.0000000   1.0000000   0.0000000
  51.0000000   0.9998052   2.0465789   0.3887792   0.0032343   1.0000000   0.7913578   0.0000000   0.0000000   2.6323245   1.0124323  -5.7817021   0.0101962   2.0594706   0.5915944   0.0094357   0.3464088   3.2364375   0.6041130  -1.0000000   0.0093684   0.0000000   2.8453998   0.6443097   0.0000000   0.0000000  -5.7413528  33.6511096   3.2364175   0.6040929   0.0000000   1.0000000   0.0000000
  52.0000000   0.9998253   2.0465789   0.3887792   0.0032343   1.0000000   0.7913578   0.0000000   0.0000000   2.6326567   1.0125632  -5.7770854   0.0101956   2.0595920   0.5913580   0.0094357   0.3464761   3.2369797   0.6043231  -1.0000000   0.0093713   0.0000000   2.8452329   0.6443235   0.0000000   0.0000000  -5.7443357  33.6574810   3.2369608   0.6043042   0.0000000   1.0000000   0.0000000
  53.0000000   0.9998433   2.0465789   0.3887792   0.0032343   1.0000000   0.7913578   0.0000000   0.0000000   2.6331356   1.0126948  -5.7725842   0.0101946   2.0597004   0.5911151   0.0094357   0.3465405   3.2375173   0.6043817  -1.0000000   0.0093747   0.0000000   2.8450885   0.6443341   0.0000000   0.0000000  -5.7471733  33.6639574   3.2374994   0.6043638   0.0000000   1.0000000   0.0000000
  54.0000000   0.9998595   2.0465789   0.3887792   0.0032343   1.0000000   0.7913578   0.0000000   0.0000000   2.6329018   1.0128553  -5.7683828   0.0101963   2.0597591   0.5910015   0.0094357   0.3466015   3.2381058   0.6052040  -1.0000000   0.0093751   0.0000000   2.8450582   0.6443388   0.0000000   0.0000000  -5.7498629  33.6703809   3.2380885   0.6051866   0.0000000   1.0000000   0.0000000
  55.0000000   0.9998740   2.0465789   0.3887792   0.0032343   1.0000000   0.7913578   0.0000000   0.0000000   2.6369680   1.0124584  -5.7635945   0.0101929   2.0598193   0.5940208   0.0092121   0.3466621   3.2375477   0.6005797  -1.0000000   0.0093763   0.0000000   2.8468332   0.6445753   0.0000000   0.0000000  -5.7526737  33.6740992   3.2375313   0.6005633   0.0000000   1.0000000   0.0000000
  56.0000000   0.9998870   2.0465789   0.3887792   0.0032343   1.0000000   0.7913578   0.0000000   0.0000000   2.6370593   1.0122618  -5.7605719   0.0101926   2.0598902   0.5941751   0.0092121   0.3464979   3.2373461   0.6002868  -1.0000000   0.0093711   0.0000000   2.8486289   0.6447464   0.0000000   0.0000000  -5.7544329  33.6770713   3.2373304   0.6002711   0.0000000   1.0000000   0.0000000
  57.0000000   0.9998987   2.0465789   0.3887792   0.0032343   1.0000000   0.7913578   0.0000000   0.0000000   2.6367059   1.0120702  -5.7577800   0.0101912   2.0599521   0.5940085   0.0092121   0.3463388   3.2371216   0.6004157  -1.0000000   0.0093621   0.0000000   2.8503717   0.6449163   0.0000000   0.0000000  -5.7555474  33.6797335   3.2371065   0.6004006   0.0000000   1.0000000   0.0000000
  58.0000000   0.9999091   2.0465789   0.3887792   0.0032343   1.0000000   0.7913578   0.0000000   0.0000000   2.6360588   1.0118943  -5.7550932   0.0101894   2.0600117   0.5937854   0.0092121   0.3461887   3.2369181   0.6008593  -1.0000000   0.0093495   0.0000000   2.8520359   0.6450795   0.0000000   0.0000000  -5.7563361  33.6825408   3.2369035   0.6008447   0.0000000   1.0000000   0.0000000
  59.0000000   0.9999185   2.0465789   0.3887792   0.0032343   1.0000000   0.7913578   0.0000000   0.0000000   2.6358361   1.0117512  -5.7522454   0.0101880   2.0600668   0.5932730   0.0092121   0.3460513   3.2367769   0.6009408  -1.0000000   0.0093279   0.0000000   2.8535928   0.6452274   0.0000000   0.0000000  -5.7571470  33.6858584   3.2367629   0.6009268   0.0000000   1.0000000   0.0000000
  60.0000000   0.9999269   2.0465789   0.3887792   0.0032343   1.0000000   0.7913578   0.0000000   0.0000000   2.6355969   1.0116254  -5.7498887   0.0101860   2.0601178   0.5929807   0.0092121   0.3459355   3.2366679   0.6010710  -1.0000000   0.0093170   0.0000000   2.8549714   0.6453663   0.0000000   0.0000000  -5.7579385  33.6892629   3.2366543   0.6010574   0.0000000   1.0000000   0.0000000
  61.0000000   0.9999345   2.0465789   0.3887792   0.0032343   1.0000000   0.7913578   0.0000000   0.0000000   2.6356054   1.0115178  -5.7477628   0.0101850   2.0601690   0.5928594   0.0092121   0.3458305   3.2365904   0.6009849  -1.0000000   0.0093029   0.0000000   2.8562506   0.6454960   0.0000000   0.0000000  -5.7587350  33.6928176   3.2365773   0.6009718   0.0000000   1.0000000   0.0000000
  62.0000000   0.9999413   2.0465789   0.3887792   0.0032343   1.0000000   0.7913578   0.0000000   0.0000000   2.6341006   1.0114293  -5.7459444   0.0101900   2.0602103   0.5925617   0.0092121   0.3457396   3.2365406   0.6024400  -1.0000000   0.0092912   0.0000000   2.8574127   0.6456162   0.0000000   0.0000000  -5.7594004  33.6962916   3.2365278   0.6024272   0.0000000   1.0000000   0.0000000
  63.0000000   0.9999473   2.0465789   0.3887792   0.0032343   1.0000000   0.7913578   0.0000000   0.0000000   2.6340692   1.0113654  -5.7429884   0.0101833   2.0602573   0.5924373   0.0092121   0.3456605   3.2365716   0.6025023  -1.0000000   0.0092807   0.0000000   2.8585137   0.6457294   0.0000000   0.0000000  -5.7604938  33.7012338   3.2365592   0.6024900   0.0000000   1.0000000   0.0000000
  64.0000000   0.9999528   2.0465789   0.3887792   0.0032343   1.0000000   0.7913578   0.0000000   0.0000000   2.6339947   1.0113203  -5.7401645   0.0101810   2.0602917   0.5922312   0.0092121   0.3455918   3.2366365   0.6026418  -1.0000000   0.0092723   0.0000000   2.8595490   0.6458361   0.0000000   0.0000000  -5.7615359  33.7062061   3.2366245   0.6026298   0.0000000   1.0000000   0.0000000
  65.0000000   0.9999576   2.0465789   0.3887792   0.0032343   1.0000000   0.7913578   0.0000000   0.0000000   2.6338789   1.0112864  -5.7374941   0.0101799   2.0603245   0.5916500   0.0092121   0.3455317   3.2367214   0.6028424  -1.0000000   0.0092645   0.0000000   2.8605136   0.6459376   0.0000000   0.0000000  -5.7625091  33.7112808   3.2367097   0.6028307   0.0000000   1.0000000   0.0000000
  66.0000000   0.9999620   2.0465789   0.3887792   0.0032343   1.0000000   0.7913578   0.0000000   0.0000000   2.6340048   1.0112579  -5.7352899   0.0101779   2.0603640   0.5916690   0.0092121   0.3454792   3.2368154   0.6028106  -1.0000000   0.0092574   0.0000000   2.8613918   0.6460339   0.0000000   0.0000000  -5.7634072  33.7165149   3.2368040   0.6027993   0.0000000   1.0000000   0.0000000
  67.0000000   0.9999659   2.0465789   0.3887792   0.0032343   1.0000000   0.7913578   0.0000000   0.0000000   2.6341066   1.0112356  -5.7331746   0.0101757   2.0604032   0.5915337   0.0092121   0.3454339   3.2369163   0.6028097  -1.0000000   0.0092515   0.0000000   2.8622039   0.6461268   0.0000000   0.0000000  -5.7642923  33.7216646   3.2369053   0.6027987   0.0000000   1.0000000   0.0000000
  68.0000000   0.9999695   2.0465789   0.3887792   0.0032343   1.0000000   0.7913578   0.0000000   0.0000000   2.6341892   1.0112232  -5.7312782   0.0101752   2.0604344   0.5914046   0.0092121   0.3453944   3.2370316   0.6028424  -1.0000000   0.0092467   0.0000000   2.8629813   0.6462171   0.0000000   0.0000000  -5.7650866  33.7267599   3.2370209   0.6028317   0.0000000   1.0000000   0.0000000
  69.0000000   0.9999726   2.0465789   0.3887792   0.0032343   1.0000000   0.7913578   0.0000000   0.0000000   2.6336288   1.0112243  -5.7295732   0.0101761   2.0604508   0.5911671   0.0092121   0.3453597   3.2371702   0.6035414  -1.0000000   0.0092430   0.0000000   2.8637342   0.6463012   0.0000000   0.0000000  -5.7657719  33.7318280   3.2371597   0.6035309   0.0000000   1.0000000   0.0000000
  70.0000000   0.9999754   2.0465789   0.3887792   0.0032343   1.0000000   0.7913578   0.0000000   0.0000000   2.6335398   1.0112375  -5.7274837   0.0101727   2.0604684   0.5906111   0.0092121   0.3453287   3.2373455   0.6038057  -1.0000000   0.0092377   0.0000000   2.8644905   0.6463859   0.0000000   0.0000000  -5.7665205  33.7375493   3.2373351   0.6037953   0.0000000   1.0000000   0.0000000
  71.0000000   0.9999780   2.0465789   0.3887792   0.0032343   1.0000000   0.7913578   0.0000000   0.0000000   2.6338108   1.0112537  -5.7257841   0.0101705   2.0604926   0.5906421   0.0092121   0.3453031   3.2375291   0.6037182  -1.0000000   0.0092333   0.0000000   2.8651861   0.6464671   0.0000000   0.0000000  -5.7672987  33.7434669   3.2375189   0.6037081   0.0000000   1.0000000   0.0000000
  72.0000000   0.9999802   2.0465789   0.3887792   0.0032343   1.0000000   0.7913578   0.0000000   0.0000000   2.6338483   1.0112716  -5.7242481   0.0101703   2.0605171   0.5904513   0.0092121   0.3452819   3.2377078   0.6038595  -1.0000000   0.0092296   0.0000000   2.8658530   0.6465508   0.0000000   0.0000000  -5.7679248  33.7492235   3.2376979   0.6038496   0.0000000   1.0000000   0.0000000
  73.0000000   0.9999823   2.0465789   0.3887792   0.0032343   1.0000000   0.7913578   0.0000000   0.0000000   2.6340593   1.0112898  -5.7228550   0.0101689   2.0605456   0.5904442   0.0092121   0.3452643   3.2378866   0.6038273  -1.0000000   0.0092275   0.0000000   2.8664605   0.6466290   0.0000000   0.0000000  -5.7684824  33.7550463   3.2378769   0.6038176   0.0000000   1.0000000   0.0000000
  74.0000000   0.9999841   2.0465789   0.3887792   0.0032343   1.0000000   0.7913578   0.0000000   0.0000000   2.6343024   1.0113079  -5.7215909   0.0101674   2.0605764   0.5903358   0.0092121   0.3452489   3.2380615   0.6037590  -1.0000000   0.0092254   0.0000000   2.8670385   0.6467059   0.0000000   0.0000000  -5.7689699  33.7607560   3.2380521   0.6037497   0.0000000   1.0000000   0.0000000
  75.0000000   0.9999858   2.0465789   0.3887792   0.0032343   1.0000000   0.7913578   0.0000000   0.0000000   2.6343582   1.0113305  -5.7205886   0.0101656   2.0606020   0.5902688   0.0092121   0.3452355   3.2382388   0.6038806  -1.0000000   0.0092229   0.0000000   2.8676027   0.6467813   0.0000000   0.0000000  -5.7693588  33.7663199   3.2382297   0.6038715   0.0000000   1.0000000   0.0000000
  76.0000000   0.9999872   2.0465789   0.3887792   0.0032343   1.0000000   0.7913578   0.0000000   0.0000000   2.6345610   1.0113565  -5.7196192   0.0101644   2.0606320   0.5898296   0.0092121   0.3452247   3.2384202   0.6038593  -1.0000000   0.0092176   0.0000000   2.8681330   0.6468543   0.0000000   0.0000000  -5.7697814  33.7719449   3.2384113   0.6038504   0.0000000   1.0000000   0.0000000
  77.0000000   0.9999885   2.0465789   0.3887792   0.0032343   1.0000000   0.7913578   0.0000000   0.0000000   2.6352102   1.0113527  -5.7191920   0.0101626   2.0606637   0.5902079   0.0092121   0.3452191   3.2385398   0.6033297  -1.0000000   0.0092369   0.0000000   2.8686102   0.6469377   0.0000000   0.0000000  -5.7700819  33.7774569   3.2385313   0.6033211   0.0000000   1.0000000   0.0000000
  78.0000000   0.9999897   2.0465789   0.3887792   0.0032343   1.0000000   0.7913578   0.0000000   0.0000000   2.6351160   1.0113612  -5.7190057   0.0101619   2.0606963   0.5899923   0.0092121   0.3451942   3.2386745   0.6035585  -1.0000000   0.0092253   0.0000000   2.8692418   0.6470180   0.0000000   0.0000000  -5.7701206  33.7822685   3.2386663   0.6035503   0.0000000   1.0000000   0.0000000
  79.0000000   0.9999908   2.0465789   0.3887792   0.0032343   1.0000000   0.7913578   0.0000000   0.0000000   2.6353433   1.0113732  -5.7188773   0.0101598   2.0607302   0.5899045   0.0092121   0.3451810   3.2388148   0.6034715  -1.0000000   0.0092219   0.0000000   2.8697712   0.6470958   0.0000000   0.0000000  -5.7701915  33.7872917   3.2388068   0.6034635   0.0000000   1.0000000   0.0000000
  80.0000000   0.9999917   2.0465789   0.3887792   0.0032343   1.0000000   0.7913578   0.0000000   0.0000000   2.6353783   1.0113886  -5.7190025   0.0101591   2.0607613   0.5897580   0.0092121   0.3451712   3.2389543   0.6035761  -1.0000000   0.0092186   0.0000000   2.8702790   0.6471742   0.0000000   0.0000000  -5.7701108  33.7921732   3.2389467   0.6035684   0.0000000   1.0000000   0.0000000
  81.0000000   0.9999926   2.0465789   0.3887792   0.0032343   1.0000000   0.7913578   0.0000000   0.0000000   2.6352834   1.0114127  -5.7192460   0.0101587   2.0607849   0.5896810   0.0092121   0.3451647   3.2391123   0.6038289  -1.0000000   0.0092163   0.0000000   2.8707647   0.6472476   0.0000000   0.0000000  -5.7700628  33.7970919   3.2391048   0.6038214   0.0000000   1.0000000   0.0000000
  82.0000000   0.9999934   2.0465789   0.3887792   0.0032343   1.0000000   0.7913578   0.0000000   0.0000000   2.6354812   1.0114372  -5.7193910   0.0101571   2.0608145   0.5892810   0.0092121   0.3451605   3.2392727   0.6037916  -1.0000000   0.0092138   0.0000000   2.8712192   0.6473196   0.0000000   0.0000000  -5.7700233  33.8022051   3.2392656   0.6037844   0.0000000   1.0000000   0.0000000
  83.0000000   0.9999940   2.0465789   0.3887792   0.0032343   1.0000000   0.7913578   0.0000000   0.0000000   2.6356303   1.0114621  -5.7200511   0.0101555   2.0608443   0.5894812   0.0092121   0.3451587   3.2394310   0.6038007  -1.0000000   0.0092125   0.0000000   2.8716549   0.6473923   0.0000000   0.0000000  -5.7699481  33.8072072   3.2394241   0.6037937   0.0000000   1.0000000   0.0000000
  84.0000000   0.9999947   2.0465789   0.3887792   0.0032343   1.0000000   0.7913578   0.0000000   0.0000000   2.6357486   1.0114889  -5.7205768   0.0101541   2.0608722   0.5894532   0.0092121   0.3451583   3.2395908   0.6038422  -1.0000000   0.0092115   0.0000000   2.8720794   0.6474640   0.0000000   0.0000000  -5.7698224  33.8121454   3.2395842   0.6038356   0.0000000   1.0000000   0.0000000
  85.0000000   0.9999952   2.0465789   0.3887792   0.0032343   1.0000000   0.7913578   0.0000000   0.0000000   2.6360563   1.0115244  -5.7211640   0.0101528   2.0608902   0.5892456   0.0092121   0.3451589   3.2397661   0.6037099  -1.0000000   0.0092093   0.0000000   2.8725118   0.6475331   0.0000000   0.0000000  -5.7696893  33.8170587   3.2397596   0.6037034   0.0000000   1.0000000   0.0000000
  86.0000000   0.9999957   2.0465789   0.3887792   0.0032343   1.0000000   0.7913578   0.0000000   0.0000000   2.6362467   1.0115552  -5.7221804   0.0101517   2.0609089   0.5893807   0.0092121   0.3451616   3.2399224   0.6036757  -1.0000000   0.0092095   0.0000000   2.8729259   0.6476061   0.0000000   0.0000000  -5.7693596  33.8217641   3.2399160   0.6036694   0.0000000   1.0000000   0.0000000
  87.0000000   0.9999961   2.0465789   0.3887792   0.0032343   1.0000000   0.7913578   0.0000000   0.0000000   2.6363691   1.0115841  -5.7231735   0.0101504   2.0609317   0.5893860   0.0092121   0.3451642   3.2400746   0.6037055  -1.0000000   0.0092089   0.0000000   2.8733300   0.6476785   0.0000000   0.0000000  -5.7690010  33.8263649   3.2400685   0.6036994   0.0000000   1.0000000   0.0000000
  88.0000000   0.9999965   2.0465789   0.3887792   0.0032343   1.0000000   0.7913578   0.0000000   0.0000000   2.6369532   1.0116142  -5.7242073   0.0101494   2.0609547   0.5894091   0.0092121   0.3451674   3.2402296   0.6032764  -1.0000000   0.0092080   0.0000000   2.8737240   0.6477494   0.0000000   0.0000000  -5.7685939  33.8309249   3.2402237   0.6032705   0.0000000   1.0000000   0.0000000
  89.0000000   0.9999969   2.0465789   0.3887792   0.0032343   1.0000000   0.7913578   0.0000000   0.0000000   2.6353635   1.0116474  -5.7257790   0.0101574   2.0609664   0.5889576   0.0092121   0.3451714   3.2403783   0.6050148  -1.0000000   0.0092075   0.0000000   2.8725176   0.6474588   0.0000000   0.0000000  -5.7681358  33.8349839   3.2403725   0.6050090   0.0000000   1.0000000   0.0000000
  90.0000000   0.9999972   2.0465789   0.3887792   0.0032343   1.0000000   0.7913578   0.0000000   0.0000000   2.6356275   1.0116956  -5.7260797   0.0101474   2.0609845   0.5891667   0.0092121   0.3451760   3.2406005   0.6049730  -1.0000000   0.0092066   0.0000000   2.8718875   0.6472863   0.0000000   0.0000000  -5.7679612  33.8407368   3.2405949   0.6049673   0.0000000   1.0000000   0.0000000
  91.0000000   1.0000000   2.0465789   0.3887792   0.0032343   1.0000000   0.7913578   0.0000000   0.0000000   2.6359999   1.0117457  -5.7263103   0.0101456   2.0610032   0.5891675   0.0092121   0.3451814   3.2408300   0.6048301  -1.0000000   0.0092060   0.0000000   2.8712664   0.6471163   0.0000000   0.0000000  -5.7677927  33.8463583   3.2408246   0.6048247   0.0000000   1.0000000   0.0000000
  92.0000000   1.0000000   2.0465789   0.3887792   0.0032343   1.0000000   0.7913578   0.0000000   0.0000000   2.6360160   1.0118019  -5.7267897   0.0101445   2.0610061   0.5891773   0.0092121   0.3451874   3.2410616   0.6050456  -1.0000000   0.0092060   0.0000000   2.8707122   0.6469571   0.0000000   0.0000000  -5.7675499  33.8517482   3.2410562   0.6050402   0.0000000   1.0000000   0.0000000
  93.0000000   1.0000000   2.0465789   0.3887792   0.0032343   1.0000000   0.7913578   0.0000000   0.0000000   2.6364386   1.0118508  -5.7271510   0.0101427   2.0610239   0.5891430   0.0092121   0.3451935   3.2412821   0.6048435  -1.0000000   0.0092054   0.0000000   2.8702061   0.6468156   0.0000000   0.0000000  -5.7672950  33.8572723   3.2412769   0.6048383   0.0000000   1.0000000   0.0000000
  94.0000000   1.0000000   2.0465789   0.3887792   0.0032343   1.0000000   0.7913578   0.0000000   0.0000000   2.6364843   1.0119067  -5.7278524   0.0101416   2.0610277   0.5890968   0.0092121   0.3452001   3.2415111   0.6050269  -1.0000000   0.0092051   0.0000000   2.8697723   0.6466855   0.0000000   0.0000000  -5.7670238  33.8625067   3.2415059   0.6050216   0.0000000   1.0000000   0.0000000
  95.0000000   1.0000000   2.0465789   0.3887792   0.0032343   1.0000000   0.7913578   0.0000000   0.0000000   2.6368531   1.0119653  -5.7285220   0.0101395   2.0610303   0.5892261   0.0092121   0.3452071   3.2417494   0.6048963  -1.0000000   0.0092051   0.0000000   2.8694201   0.6465720   0.0000000   0.0000000  -5.7668241  33.8678431   3.2417442   0.6048911   0.0000000   1.0000000   0.0000000
  96.0000000   1.0000000   2.0465789   0.3887792   0.0032343   1.0000000   0.7913578   0.0000000   0.0000000   2.6369389   1.0120196  -5.7293069   0.0101378   2.0610371   0.5890665   0.0092121   0.3452140   3.2419742   0.6050353  -1.0000000   0.0092047   0.0000000   2.8691328   0.6464773   0.0000000   0.0000000  -5.7665346  33.8729652   3.2419690   0.6050301   0.0000000   1.0000000   0.0000000
  97.0000000   1.0000000   2.0465789   0.3887792   0.0032343   1.0000000   0.7913578   0.0000000   0.0000000   2.6372136   1.0120738  -5.7302188   0.0101360   2.0610469   0.5891117   0.0092121   0.3452214   3.2421994   0.6049858  -1.0000000   0.0092036   0.0000000   2.8688713   0.6463899   0.0000000   0.0000000  -5.7662472  33.8781538   3.2421943   0.6049808   0.0000000   1.0000000   0.0000000
  98.0000000   1.0000000   2.0465789   0.3887792   0.0032343   1.0000000   0.7913578   0.0000000   0.0000000   2.6373938   1.0121296  -5.7312398   0.0101343   2.0610541   0.5891231   0.0092121   0.3452299   3.2424249   0.6050312  -1.0000000   0.0092028   0.0000000   2.8686493   0.6463126   0.0000000   0.0000000  -5.7659484  33.8832143   3.2424199   0.6050262   0.0000000   1.0000000   0.0000000
  99.0000000   1.0000000   2.0465789   0.3887792   0.0032343   1.0000000   0.7913578   0.0000000   0.0000000   2.6374742   1.0121835  -5.7323137   0.0101333   2.0610662   0.5890592   0.0092121   0.3452391   3.2426453   0.6051711  -1.0000000   0.0092016   0.0000000   2.8684463   0.6462437   0.0000000   0.0000000  -5.7656445  33.8882464   3.2426404   0.6051662   0.0000000   1.0000000   0.0000000
 100.0000000   1.0000000   2.0465789   0.3887792   0.0032343   1.0000000   0.7913578   0.0000000   0.0000000   2.6376333   1.0122390  -5.7334136   0.0101321   2.0610787   0.5890861   0.0092121   0.3452496   3.2428710   0.6052377  -1.0000000   0.0092010   0.0000000   2.8681819   0.6461621   0.0000000   0.0000000  -5.7653666  33.8933428   3.2428662   0.6052330   0.0000000   1.0000000   0.0000000
 101.0000000   1.0000000   2.0465789   0.3887792   0.0032343   1.0000000   0.7913578   0.0000000   0.0000000   2.6378666   1.0122931  -5.7345100   0.0101285   2.0610937   0.5892060   0.0092121   0.3452607   3.2430951   0.6052286  -1.0000000   0.0092010   0.0000000   2.8679787   0.6460966   0.0000000   0.0000000  -5.7651193  33.8984258   3.2430905   0.6052240   0.0000000   1.0000000   0.0000000
 102.0000000   1.0000000   2.0465789   0.3887792   0.0032343   1.0000000   0.7913578   0.0000000   0.0000000   2.6380367   1.0123448  -5.7356031   0.0101281   2.0611106   0.5892434   0.0092121   0.3452717   3.2433127   0.6052760  -1.0000000   0.0092014   0.0000000   2.8677960   0.6460375   0.0000000   0.0000000  -5.7648184  33.9034202   3.2433083   0.6052716   0.0000000   1.0000000   0.0000000
 103.0000000   1.0000000   2.0465789   0.3887792   0.0032343   1.0000000   0.7913578   0.0000000   0.0000000   2.6382515   1.0123962  -5.7367101   0.0101269   2.0611291   0.5892321   0.0092121   0.3452824   3.2435292   0.6052777  -1.0000000   0.0092009   0.0000000   2.8676370   0.6459837   0.0000000   0.0000000  -5.7645302  33.9083856   3.2435249   0.6052734   0.0000000   1.0000000   0.0000000
 104.0000000   1.0000000   2.0465789   0.3887792   0.0032343   1.0000000   0.7913578   0.0000000   0.0000000   2.6384030   1.0124462  -5.7379172   0.0101243   2.0611486   0.5891991   0.0092121   0.3452936   3.2437426   0.6053395  -1.0000000   0.0092011   0.0000000   2.8674909   0.6459348   0.0000000   0.0000000  -5.7642841  33.9132740   3.2437384   0.6053354   0.0000000   1.0000000   0.0000000
 105.0000000   1.0000000   2.0465789   0.3887792   0.0032343   1.0000000   0.7913578   0.0000000   0.0000000   2.6387581   1.0124955  -5.7391906   0.0101227   2.0611690   0.5893158   0.0092121   0.3453045   3.2439547   0.6051965  -1.0000000   0.0092012   0.0000000   2.8673520   0.6458876   0.0000000   0.0000000  -5.7640501  33.9181486   3.2439507   0.6051926   0.0000000   1.0000000   0.0000000
 106.0000000   1.0000000   2.0465789   0.3887792   0.0032343   1.0000000   0.7913578   0.0000000   0.0000000   2.6385445   1.0125416  -5.7405959   0.0101229   2.0611907   0.5892285   0.0092121   0.3453154   3.2441555   0.6056109  -1.0000000   0.0092016   0.0000000   2.8672331   0.6458473   0.0000000   0.0000000  -5.7637917  33.9228014   3.2441518   0.6056072   0.0000000   1.0000000   0.0000000
 107.0000000   1.0000000   2.0465789   0.3887792   0.0032343   1.0000000   0.7913578   0.0000000   0.0000000   2.6388607   1.0125914  -5.7417594   0.0101209   2.0612130   0.5895872   0.0092121   0.3453258   3.2443745   0.6055138  -1.0000000   0.0092018   0.0000000   2.8671195   0.6458041   0.0000000   0.0000000  -5.7635617  33.9277950   3.2443710   0.6055103   0.0000000   1.0000000   0.0000000
 108.0000000   1.0000000   2.0465789   0.3887792   0.0032343   1.0000000   0.7913578   0.0000000   0.0000000   2.6389891   1.0126393  -5.7427527   0.0101186   2.0612358   0.5896710   0.0092121   0.3453360   3.2445857   0.6055966  -1.0000000   0.0092017   0.0000000   2.8670166   0.6457646   0.0000000   0.0000000  -5.7634280  33.9326128   3.2445824   0.6055933   0.0000000   1.0000000   0.0000000
 109.0000000   1.0000000   2.0465789   0.3887792   0.0032343   1.0000000   0.7913578   0.0000000   0.0000000   2.6391279   1.0126876  -5.7436679   0.0101169   2.0612589   0.5894940   0.0092121   0.3453464   3.2447992   0.6056713  -1.0000000   0.0092017   0.0000000   2.8669235   0.6457272   0.0000000   0.0000000  -5.7633755  33.9374350   3.2447961   0.6056682   0.0000000   1.0000000   0.0000000
 110.0000000   1.0000000   2.0465789   0.3887792   0.0032343   1.0000000   0.7913578   0.0000000   0.0000000   2.6391866   1.0127358  -5.7447796   0.0101154   2.0612811   0.5897677   0.0092121   0.3453568   3.2450124   0.6058258  -1.0000000   0.0092022   0.0000000   2.8668332   0.6456902   0.0000000   0.0000000  -5.7632465  33.9422570   3.2450095   0.6058229   0.0000000   1.0000000   0.0000000
 111.0000000   1.0000000   2.0465789   0.3887792   0.0032343   1.0000000   0.7913578   0.0000000   0.0000000   2.6393034   1.0127853  -5.7455476   0.0101128   2.0613035   0.5898466   0.0092121   0.3453666   3.2452310   0.6059276  -1.0000000   0.0092021   0.0000000   2.8667535   0.6456537   0.0000000   0.0000000  -5.7631480  33.9471573   3.2452283   0.6059249   0.0000000   1.0000000   0.0000000
 112.0000000   1.0000000   2.0465789   0.3887792   0.0032343   1.0000000   0.7913578   0.0000000   0.0000000   2.6396341   1.0128342  -5.7462286   0.0101115   2.0613262   0.5899289   0.0092121   0.3453766   3.2454497   0.6058156  -1.0000000   0.0092026   0.0000000   2.8666838   0.6456198   0.0000000   0.0000000  -5.7630951  33.9520814   3.2454472   0.6058131   0.0000000   1.0000000   0.0000000
 113.0000000   1.0000000   2.0465789   0.3887792   0.0032343   1.0000000   0.7913578   0.0000000   0.0000000   2.6400170   1.0128514  -5.7470271   0.0101088   2.0613490   0.5902620   0.0092121   0.3453861   3.2455966   0.6055795  -1.0000000   0.0092223   0.0000000   2.8666162   0.6455997   0.0000000   0.0000000  -5.7629756  33.9568217   3.2455943   0.6055773   0.0000000   1.0000000   0.0000000
 114.0000000   1.0000000   2.0465789   0.3887792   0.0032343   1.0000000   0.7913578   0.0000000   0.0000000   2.6397619   1.0128709  -5.7478222   0.0101081   2.0613691   0.5903018   0.0092121   0.3453759   3.2457478   0.6059859  -1.0000000   0.0092217   0.0000000   2.8667179   0.6455802   0.0000000   0.0000000  -5.7627424  33.9611521   3.2457458   0.6059838   0.0000000   1.0000000   0.0000000
 115.0000000   1.0000000   2.0465789   0.3887792   0.0032343   1.0000000   0.7913578   0.0000000   0.0000000   2.6397406   1.0129053  -5.7482585   0.0101068   2.0613821   0.5903300   0.0092121   0.3453663   3.2459386   0.6061980  -1.0000000   0.0092172   0.0000000   2.8668315   0.6455544   0.0000000   0.0000000  -5.7626838  33.9658458   3.2459366   0.6061961   0.0000000   1.0000000   0.0000000
 116.0000000   1.0000000   2.0465789   0.3887792   0.0032343   1.0000000   0.7913578   0.0000000   0.0000000   2.6397362   1.0129427  -5.7485420   0.0101029   2.0614001   0.5903758   0.0092121   0.3453611   3.2461393   0.6064031  -1.0000000   0.0092142   0.0000000   2.8669073   0.6455276   0.0000000   0.0000000  -5.7627173  33.9706865   3.2461376   0.6064014   0.0000000   1.0000000   0.0000000
 117.0000000   1.0000000   2.0465789   0.3887792   0.0032343   1.0000000   0.7913578   0.0000000   0.0000000   2.6395948   1.0129864  -5.7486677   0.0101006   2.0614169   0.5903288   0.0092121   0.3453590   3.2463555   0.6067607  -1.0000000   0.0092112   0.0000000   2.8668677   0.6454772   0.0000000   0.0000000  -5.7628608  33.9756771   3.2463539   0.6067590   0.0000000   1.0000000   0.0000000
 118.0000000   1.0000000   2.0465789   0.3887792   0.0032343   1.0000000   0.7913578   0.0000000   0.0000000   2.6397796   1.0130560  -5.7485640   0.0100960   2.0614526   0.5902493   0.0092121   0.3453598   3.2466368   0.6068571  -1.0000000   0.0091886   0.0000000   2.8668713   0.6454347   0.0000000   0.0000000  -5.7633504  33.9809500   3.2466355   0.6068558   0.0000000   1.0000000   0.0000000
 119.0000000   1.0000000   2.0465789   0.3887792   0.0032343   1.0000000   0.7913578   0.0000000   0.0000000   2.6405468   1.0131027  -5.7484301   0.0100762   2.0614728   0.5908310   0.0092121   0.3453833   3.2468655   0.6026625  -1.0000000   0.0092093   0.0000000   2.8666498   0.6453885   0.0000000   0.0000000  -5.7639362  33.9863369   3.2468643   0.6026614   0.0036562   1.0000000   0.0000000
 120.0000000   1.0000000   2.0465789   0.3887792   0.0032343   1.0000000   0.7913578   0.0000000   0.0000000   2.6494715   1.0147280  -5.9410000   0.0101010   2.0615948   0.5983467   0.0092121   0.3457272   3.2523463   0.6031790  -1.0000000   0.0092119   0.0000000   2.8588776   0.6432150   0.0000000   0.0000000  -5.7437424  34.0778955   3.2523463   0.6031790   0.0003043   1.0000000   0.0000000
