 l entrants
   1.40421128010817       3.804362403428612E-004
   1.40531657623035       8.492753111338181E-005
   1.40562870474094       1.050346841432630E-004
   1.40708429575523       2.674869699567425E-004
   1.41019993896081       4.707573808140776E-004
   1.41538237600503       6.903427277550525E-004
   1.42300640549448       9.029965656202031E-004
   1.43344832209353       1.084926834917378E-003
   1.44710908796854       1.213446513845854E-003
   1.46443453302187       1.270343354292269E-003
   1.48593561596050       1.246172871441064E-003
   1.51221060893419       1.143854703713004E-003
   1.54397076557247       9.793567260100544E-004
   1.58207108296798       7.782889526063651E-004
   1.62754819382323       5.685468231403010E-004
   1.68166754545696       3.706148602035293E-004
   1.74598351640727       2.816341753456838E-004
   1.45447826640179       8.102610712249252E-008
   1.45447826640179       1.327093520539266E-007
   1.47981099690905       1.312644757006777E-004
   1.47981099690905       4.883586037176904E-004
   1.49411853395018       6.596832997003907E-007
   1.49411853395018       1.089754912745072E-006
   1.51003860761982       1.520096440771791E-004
   1.51003860761982       5.907804156206522E-004
   1.52496431084852       2.088633747726467E-006
   1.52496431084852       3.482738742155338E-006
   1.53154655210731       1.237051247422975E-004
   1.53154655210731       4.984130378272183E-004
   1.54691210101795       3.307188012311630E-006
   1.54691210101795       5.562647575862957E-006
   1.54486894759001       7.501903207708550E-005
   1.54486894759001       3.098083017709330E-004
   1.56050694457813       2.978318695906140E-006
   1.56050694457813       5.042072852394174E-006
   1.55119681454139       3.005444561880993E-005
   1.55119681454139       1.257363911610171E-004
   1.56696421882626       1.445866964636189E-006
   1.56696421882626       2.456583799712271E-006
   1.55256245800617       6.874880508177143E-006
   1.55256245800617       2.889367003415122E-005
   1.56835779022164       3.531840346517863E-007
   1.56835779022164       6.008651130276597E-007
   1.55294810693057       8.586554392977584E-006
   1.55294810693057       3.615679789860845E-005
   1.56875132581387       4.533467644211724E-007
   1.56875132581387       7.717073269876627E-007
   1.55474655561429       2.228765101104478E-005
   1.55474655561429       9.421152227260756E-005
   1.57058655346028       1.242327360131106E-006
   1.57058655346028       2.117181409753607E-006
   1.55859607403465       4.069601752825024E-005
   1.55859607403465       1.733864114685766E-004
   1.57451479600305       2.529359945684537E-006
   1.57451479600305       4.320910525317360E-006
   1.56499920993556       6.306420972308984E-005
   1.56499920993556       2.722450238002785E-004
   1.58104887847947       4.668352243909453E-006
   1.58104887847947       8.007824670255508E-006
   1.57441904398601       8.842605085173768E-005
   1.57441904398601       3.893420455955089E-004
   1.59066135173514       8.385055472643691E-006
   1.59066135173514       1.447574335254463E-005
   1.58732050530223       1.144414919637477E-004
   1.58732050530223       5.181336024575301E-004
   1.60382665286431       1.500214047273467E-005
   1.60382665286431       2.614721490442117E-005
   1.60419900081733       1.363746007284061E-004
   1.60419900081733       6.412865699075220E-004
   1.62105032006117       2.669445850289349E-005
   1.62105032006117       4.717410174198224E-005
   1.62560537358629       1.469744351260203E-004
   1.62560537358629       7.266978393033599E-004
   1.64289446133162       4.639448476062338E-005
   1.64289446133162       8.364117681561221E-005
   1.65217093625460       1.388317582717939E-004
   1.65217093625460       7.324633545243071E-004
   1.67000329990595       7.640335658027035E-005
   1.67000329990595       1.417938411211248E-004
   1.68463488118446       1.099147772055114E-004
   1.68463488118446       6.291212359717585E-004
   1.70313114491256       1.145301151014286E-004
   1.70313114491256       2.218865154607011E-004
   1.72387599447804       6.871890689248955E-005
   1.72387599447804       4.335712425068466E-004
   1.74317475396518       1.488541208460775E-004
   1.74317475396518       3.080534025684435E-004
   1.77095066380246       3.133641544794418E-005
   1.77095066380246       2.201452978976751E-004
   1.79121211826229       1.585915980901120E-004
   1.79121211826229       3.646572453933543E-004
   1.82713969585480       9.324322535709957E-006
   1.82713969585480       7.279865254961836E-005
   1.84855023748728       1.304360060132917E-004
   1.84855023748728       3.556610654738884E-004
   1.89400660816326       1.546094484354048E-006
   1.89400660816326       1.321279764832948E-005
   1.91678460369914       7.844506967586276E-005
   1.91678460369914       2.773976374226087E-004
   1.97347190587549       1.196693446696309E-007
   1.97347190587549       1.096430647998746E-006
   1.99787499710953       4.342077923836315E-005
   1.99787499710953       2.369971039479957E-004
   1.45710579589744       7.517206598416453E-007
   1.45710579589744       8.129001923015314E-007
   1.46971253857597       2.260823494097535E-007
   1.46971253857597       9.246832340046043E-008
   1.48232869327616       1.732704607905695E-014
   1.48232869327616       8.876702029794287E-015
   1.45447826640179       3.613738009780417E-005
   1.45447826640179       4.524917564582267E-005
   1.46800245015894       8.174959328968915E-007
   1.46800245015894       9.603236648128632E-007
   1.48153749331354       2.220083359272903E-006
   1.48153749331354       1.025237110562937E-006
   1.49508320322182       2.308132588889914E-004
   1.49508320322182       2.300661593856687E-004
   1.50863939410005       2.560892300490785E-006
   1.50863939410005       2.987754364581029E-006
   1.52220588666205       2.149219524539139E-006
   1.52220588666205       9.320449156519771E-007
   1.53578250778184       2.727347103473323E-012
   1.53578250778184       1.399060042289269E-012
   1.49411853395018       5.391595930524260E-005
   1.49411853395018       7.191530252004241E-005
   1.50843778043878       1.451489773650902E-006
   1.50843778043878       1.578314080033508E-006
   1.52276852472952       6.000735837945613E-006
   1.52276852472952       3.034540358557486E-006
   1.53711056285343       3.053430611698923E-004
   1.53711056285343       3.358584539674288E-004
   1.55146369810489       4.494567500548820E-006
   1.55146369810489       5.345622939485888E-006
   1.56582774065780       7.415422419554831E-006
   1.56582774065780       3.433208273262037E-006
   1.58020250720842       8.024891036753004E-011
   1.58020250720842       4.124134909764474E-011
   1.52496431084852       5.226616023722109E-005
   1.52496431084852       7.371184524965022E-005
   1.53990222943879       2.019447183860380E-006
   1.53990222943879       1.965351950232139E-006
   1.55485214260100       9.051227092676271E-006
   1.55485214260100       4.965487714847657E-006
   1.56981383755360       2.806243187043049E-004
   1.56981383755360       3.360860184079882E-004
   1.58478710909216       5.434667573388358E-006
   1.58478710909216       6.255057312349031E-006
   1.59977175918902       1.301282899587152E-005
   1.59977175918902       6.416166762168919E-006
   1.61476759662071       6.713580475756545E-010
   1.61476759662071       3.457683370063569E-010
  0.780189004406036       4.395854633041873E-011
   1.54691210101795       3.822342221601987E-005
   1.54691210101795       5.623595985154276E-005
   1.56229022526476       2.126029360286544E-006
   1.56229022526476       1.921410546993923E-006
   1.57768069755166       9.020640288979318E-006
   1.57768069755166       5.268788063865470E-006
   1.59308329882663       2.014299819645566E-004
   1.59308329882663       2.570886259243687E-004
   1.60849781783808       5.107908079429386E-006
   1.60849781783808       5.566192660264441E-006
   1.62392405072267       1.418922682068006E-005
   1.62392405072267       7.366112273213701E-006
   1.63936180062175       2.110865647199726E-009
   1.63936180062175       1.089456890260535E-009
  0.780189004407666       1.711681880439728E-011
   1.56050694457813       2.183455127250918E-005
   1.56050694457813       3.301052761715108E-005
   1.57615773987696       1.567036366499601E-006
   1.57615773987696       1.367144135683525E-006
   1.59182110216021       6.250324012188497E-006
   1.59182110216021       3.802462802592991E-006
   1.60749680849181       1.146083820025037E-004
   1.60749680849181       1.523200880998011E-004
   1.62318464387448       3.578093332981265E-006
   1.62318464387448       3.734336319491524E-006
   1.63888440083013       1.033516659951953E-005
   1.63888440083013       5.556875679747688E-006
   1.65459587900960       2.919022030966550E-009
   1.65459587900960       1.509073326262937E-009
  0.780189004408440       5.471909065397035E-012
   1.56696421882626       8.505561951907487E-006
   1.56696421882626       1.303725229417494E-005
   1.58274452733019       6.964325525551191E-007
   1.58274452733019       5.991865023829231E-007
   1.59853750681265       2.681861409254779E-006
   1.59853750681265       1.665704639495697E-006
   1.61434293249273       4.465381210407929E-005
   1.61434293249273       6.056363936365346E-005
   1.63016058759399       1.563755135899722E-006
   1.63016058759399       1.595801313157918E-006
   1.64599026292146       4.539687690166262E-006
   1.64599026292146       2.486124388045835E-006
   1.66183175646802       1.758126289958787E-009
   1.66183175646802       9.097938292316447E-010
  0.780189004408607       1.157687899882363E-012
   1.56835779022164       1.927460920350817E-006
   1.56835779022164       2.968477525537712E-006
   1.58416604951270       1.652449033553442E-007
   1.58416604951270       1.415689344234775E-007
   1.59998700222569       6.283824322734861E-007
   1.59998700222569       3.931168097357376E-007
   1.61582042318157       1.012322245117453E-005
   1.61582042318157       1.382630000339803E-005
   1.63166609521993       3.694388169767299E-007
   1.63166609521993       3.741041354349025E-007
   1.64752380877525       1.072107521397793E-006
   1.64752380877525       5.909642971172099E-007
   1.66339336148262       4.632453919857378E-010
   1.66339336148262       2.398077582976359E-010
  0.780189004408654       1.399905363370153E-012
   1.56875132581387       2.398090982078099E-006
   1.56875132581387       3.700605894283937E-006
   1.58456747822731       2.095856592735902E-007
   1.58456747822731       1.792548117228890E-007
   1.60039633040056       7.927775388493703E-007
   1.60039633040056       4.974664002381823E-007
   1.61623765704213       1.259786869053546E-005
   1.61623765704213       1.725616898191084E-005
   1.63209124088319       4.678421633590738E-007
   1.63209124088319       4.722280895060467E-007
   1.64795687225358       1.357009247381273E-006
   1.64795687225358       7.500659507160585E-007
   1.66383434868736       6.140689165523395E-010
   1.66383434868736       3.179358117124838E-010
  0.780189004408875       3.407501467972397E-012
   1.57058655346028       6.177560444480604E-006
   1.57058655346028       9.570444360105413E-006
   1.58643951493672       5.610078542567119E-007
   1.58643951493672       4.782869499591478E-007
   1.60230520572922       2.099602291277878E-006
   1.60230520572922       1.325480963922038E-006
   1.61818340002198       3.247006921090854E-005
   1.61818340002198       4.473348068052570E-005
   1.63407388004050       1.248923315390642E-006
   1.63407388004050       1.252628241275873E-006
   1.64997643562668       3.617155422801601E-006
   1.64997643562668       2.010386114052753E-006
   1.66589086384336       1.794909682413470E-009
   1.66589086384336       9.296290100015995E-010
  0.780189004409345       5.458829313223603E-012
   1.57451479600305       1.111096667434925E-005
   1.57451479600305       1.735123495597701E-005
   1.59044654603060       1.090756208717229E-006
   1.59044654603060       9.244475074429968E-007
   1.60639108863838       3.994563313032738E-006
   1.60639108863838       2.552901338900951E-006
   1.62234819688829       5.848496691672888E-005
   1.62234819688829       8.151797903583196E-005
   1.63831765192350       2.418767507204565E-006
   1.63831765192350       2.395371191728962E-006
   1.65429924254143       6.970674401731222E-006
   1.65429924254143       3.918299033025743E-006
   1.67029276479634       4.163928237292607E-009
   1.67029276479634       2.158127651889182E-009
  0.780189004410129       6.816026325040767E-012
   1.58104887847947       1.681161437455791E-005
   1.58104887847947       2.659824029792380E-005
   1.59711168225067       1.874644968672017E-006
   1.59711168225067       1.576036549024778E-006
   1.61318738383318       6.625707537332490E-006
   1.61318738383318       4.320338692426451E-006
   1.62927575442215       8.878754175440718E-005
   1.62927575442215       1.261223265152247E-004
   1.64537657336043       4.148195640116358E-006
   1.64537657336043       4.027365706157091E-006
   1.66148962770810       1.180007669325157E-005
   1.66148962770810       6.758937845681002E-006
   1.67761471184176       9.497754436665583E-009
   1.67761471184176       4.928725102857302E-009
  0.780189004411281       6.943928299395745E-012
   1.59066135173514       2.280409412122840E-005
   1.59066135173514       3.677024911004844E-005
   1.60691695236960       3.059010441955874E-006
   1.60691695236960       2.549730529919882E-006
   1.62318560562383       1.027551753689927E-005
   1.62318560562383       6.898686484834583E-006
   1.63946707994668       1.212829049814604E-004
   1.63946707994668       1.770513126256192E-004
   1.65576115203252       6.806392817804421E-006
   1.65576115203252       6.436745703960218E-006
   1.67206760638558       1.882800251973402E-005
   1.67206760638558       1.109136485438787E-005
   1.68838623491444       2.311192437668077E-008
   1.68838623491444       1.201780367078781E-008
  0.780189004412860       5.768549202228265E-012
   1.60382665286431       2.829570132069572E-005
   1.60382665286431       4.680946771484041E-005
   1.62034630924117       4.862811785534520E-006
   1.62034630924117       4.026487605662606E-006
   1.63687923026436       1.529858325867005E-005
   1.63687923026436       1.068268465284971E-005
   1.65342518062142       1.525405890453683E-004
   1.65342518062142       2.309125269098414E-004
   1.66998393337936       1.105112205926938E-005
   1.66998393337936       1.014517715051186E-005
   1.68655526954189       2.907870464836338E-005
   1.68655526954189       1.781489349281627E-005
   1.70313897763735       6.179252139963151E-008
   1.70313897763735       3.223297017642006E-008
  0.780189004414925       3.804386744756521E-012
   1.62105032006117       3.206648449695315E-005
   1.62105032006117       5.481551203392185E-005
   1.63791543061213       7.539790795890534E-006
   1.63791543061213       6.231355270465004E-006
   1.65479408319580       2.197897577100630E-005
   1.65479408319580       1.613256293749535E-005
   1.67168603757891       1.771415545739138E-004
   1.67168603757891       2.805379519491167E-004
   1.68859106208292       1.791548134676537E-005
   1.68859106208292       1.599700050988608E-005
   1.70550893313196       4.370569414786804E-005
   1.70550893313196       2.821537721602212E-005
   1.72243943483215       1.813146404010137E-007
   1.72243943483215       9.504885074944446E-008
  0.780189004417544       1.900075252064518E-012
   1.64289446133162       3.263725001655609E-005
   1.64289446133162       5.807118570538306E-005
   1.66019769865869       1.121493513980097E-005
   1.66019769865869       9.317348379846465E-006
   1.67751482981735       3.019640467361029E-005
   1.67751482981735       2.353721334216974E-005
   1.69484560833348       1.880304301085560E-004
   1.69484560833348       3.137687320909705E-004
   1.71218979650995       2.865783212108027E-005
   1.71218979650995       2.509320178818669E-005
   1.72954716496275       6.342126823801961E-005
   1.72954716496275       4.379443175318169E-005
   1.74691749218944       5.694843382099441E-007
   1.74691749218944       3.008709831015918E-007
  0.780189004420794       6.730216971179254E-013
   1.67000329990595       2.893042985322786E-005
   1.67000329990595       5.393802910250635E-005
   1.68785025776208       1.550644890795849E-005
   1.68785025776208       1.306550890512834E-005
   1.70571154603638       3.884332185640898E-005
   1.70571154603638       3.243133197100537E-005
   1.72358691050980       1.789545305143987E-004
   1.72358691050980       3.152039977669468E-004
   1.74147610601601       4.385087674620597E-005
   1.74147610601601       3.813701327752951E-005
   1.75937889596305       8.724348425347230E-005
   1.75937889596305       6.546779259938252E-005
   1.77729505188822       1.829465162128866E-006
   1.77729505188822       9.785703536624375E-007
  0.780189004424766       1.341606774748365E-007
  0.780189004424766       1.555664050150584E-013
   1.70313114491256       2.131969201414406E-005
   1.70313114491256       4.185888264921161E-005
   1.72164254618866       1.904866544079869E-005
   1.72164254618866       1.644823953992123E-005
   1.74016881140535       4.523505198019349E-005
   1.74016881140535       4.068524485037901E-005
   1.75870967687897       1.492987560614645E-004
   1.75870967687897       2.739244516904709E-004
   1.77726488831564       6.120348380495612E-005
   1.77726488831564       5.365662475925577E-005
   1.79583420031509       1.106397479617467E-004
   1.79583420031509       9.155148667584758E-005
   1.81441737590890       5.653062995017430E-006
   1.81441737590890       3.083113854863471E-006
  0.780189004429567       2.639822754131046E-008
  0.780189004429567       2.121161433546035E-014
   1.74317475396518       1.221188386163021E-005
   1.74317475396518       2.530070532321518E-005
   1.76248930777176       1.959284602411228E-005
   1.76248930777176       1.756053491840394E-005
   1.78181937041941       4.543264034972896E-005
   1.78181937041941       4.409028947295442E-005
   1.80116466678405       1.083879760534943E-004
   1.80116466678405       1.962449358237384E-004
   1.82052493153878       7.323964776706737E-005
   1.82052493153878       6.573537931384723E-005
   1.83989990863615       1.243999461210786E-004
   1.83989990863615       1.146854712999179E-004
   1.85928935082643       1.566896754178549E-005
   1.85928935082643       8.798520627050438E-006
  0.780189004435326       2.843970525294007E-009
  0.780189004435326       1.512555301814291E-015
   1.79121211826229       4.937142552303300E-006
   1.79121211826229       1.077131247606278E-005
   1.81149015492184       1.565073535787797E-005
   1.81149015492184       1.481110284755307E-005
   1.83178447406200       3.676683305121360E-005
   1.83178447406200       3.837697380231199E-005
   1.85209478683445       7.229354330945344E-005
   1.85209478683445       1.113964137572958E-004
   1.87242081467679       6.958804427562170E-005
   1.87242081467679       6.507241779646006E-005
   1.89276228876896       1.174556919455139E-004
   1.89276228876896       1.209953210551928E-004
   1.91311894952748       3.626612950225599E-005
   1.91311894952748       2.119848993639166E-005
  0.780189004442200       1.457393149038836E-010
  0.780189004442200       4.888746484973807E-017
   1.84855023748728       1.231605732273500E-006
   1.84855023748728       2.811687844847355E-006
   1.86997830174521       8.853540463622320E-006
   1.86997830174521       9.058920571380322E-006
   1.89142357191150       2.179345558517660E-005
   1.89142357191150       2.425359222945968E-005
   1.91288574275642       5.024645865063353E-005
   1.91288574275642       5.288485446269171E-005
   1.93436451991944       4.776721456061333E-005
   1.93436451991944       4.764882632187703E-005
   1.95585961933492       8.616911605126882E-005
   1.95585961933492       9.859343373814486E-005
   1.97737076669765       6.507487585553993E-005
   1.97737076669765       3.999410835847541E-005
  0.780189004450381       3.009111369362808E-012
  0.780189004450381       6.042880961625020E-019
   1.91678460369914       1.594337819010498E-007
   1.91678460369914       3.774379347139333E-007
   1.93958124099995       3.191948331165651E-006
   1.93958124099995       3.632791404368912E-006
   1.96239618312046       8.290725808289594E-006
   1.96239618312046       9.667915897701090E-006
   1.98522910533641       3.560328393023234E-005
   1.98522910533641       2.690945679630052E-005
   2.00807969448700       2.120207615276286E-005
   2.00807969448700       2.336207022245016E-005
   2.03094764836382       4.381537979187828E-005
   2.03094764836382       5.487530184914464E-005
   2.05383267514224       8.309031376624090E-005
   2.05383267514224       5.414026261496023E-005
  0.780189004460103       2.060387309290244E-014
  0.780189004460103       2.339189946167896E-021
   1.99787499710953       8.919924625353851E-009
   1.99787499710953       2.170443887060121E-008
   2.02229806010490       7.175984525880005E-007
   2.02229806010490       9.371221942278602E-007
   2.04674073387700       1.908023226848588E-006
   2.04674073387700       2.225703609066407E-006
   2.07120267053415       2.740494033585982E-005
   2.07120267053415       2.146528828218003E-005
   2.09568353457308       6.181683728406560E-006
   2.09568353457308       8.062575111671351E-006
   2.12018300222434       1.497852905282764E-005
   2.12018300222434       2.013969949428039E-005
   2.14470076084307       1.033475642051266E-004
   2.14470076084307       7.395887532573434E-005
   1.45591437968710       1.897104584863542E-008
   1.45591437968710       2.576651897111159E-008
   1.46746705724248       2.269912322475660E-011
   1.46746705724248       3.520155001327015E-011
   1.47902766399837       1.191100612618750E-012
   1.47902766399837       8.631664917156868E-013
   1.49059607939731       3.962241021220658E-021
   1.49059607939731       4.248843604980506E-021
   1.45710579589744       4.793206390502256E-008
   1.45710579589744       3.739684562171713E-005
   1.45710579589744       2.973817400432708E-005
   1.46971253857597       2.880577102644088E-007
   1.46971253857597       4.698769289569801E-005
   1.46971253857597       8.390065340295226E-006
   1.48232869327616       8.083390813571567E-006
   1.48232869327616       5.017159750575702E-005
   1.48232869327616       2.086352279602081E-008
   1.49495410455206       5.275256306803221E-007
   1.49495410455206       2.454035525545963E-006
   1.49495410455206       1.403592576894225E-009
   1.50758862211759       2.897395147455841E-007
   1.50758862211759       1.398112011933298E-006
   1.52023210059214       3.607336639452782E-007
   1.52023210059214       5.229693889877119E-007
   1.53288439926254       5.990240346520280E-010
   1.53288439926254       1.093315815615269E-009
   1.54554538186033       1.496369187211206E-010
   1.54554538186033       1.122078391841334E-010
   1.55821491635300       9.822395491606011E-018
   1.55821491635300       1.053288329674668E-017
   1.45447826640179       1.355271856969429E-006
   1.45447826640179       5.680184281918612E-007
   1.46800245015894       2.757106464149775E-005
   1.46800245015894       2.573400071483517E-005
   1.48153749331354       5.240696052889812E-005
   1.48153749331354       2.339146018710931E-005
   1.49508320322182       1.588469118608966E-005
   1.49508320322182       1.294531674276196E-004
   1.49508320322182       2.011677373310647E-006
   1.50863939410005       1.488354588093263E-007
   1.50863939410005       4.150407799199756E-005
   1.50863939410005       3.032563387286314E-005
   1.52220588666205       7.066916050728669E-007
   1.52220588666205       7.597448632642157E-005
   1.52220588666205       1.335707885686680E-005
   1.53578250778184       2.295181943790043E-005
   1.53578250778184       1.604259434092207E-004
   1.53578250778184       2.533714181292286E-007
   1.54936909017940       8.863600946249980E-007
   1.54936909017940       5.860954480739308E-006
   1.54936909017940       1.303373308937501E-008
   1.56296547212738       5.933614971623264E-007
   1.56296547212738       3.011233698604677E-006
   1.57657149717736       1.852304506612873E-006
   1.57657149717736       2.926383456596436E-006
   1.59018701390370       5.377660259856641E-009
   1.59018701390370       1.020363534588550E-008
   1.60381187566382       3.329692134467367E-009
   1.60381187566382       2.611446560454023E-009
   1.61744594037362       3.062907403188078E-015
   1.61744594037362       3.284458078896451E-015
  0.894869927672074       2.975896997932040E-009
   1.34643451081030       1.331717240246825E-011
   1.34643451081030       2.292291089148813E-012
   1.46551538908217       3.020457922726850E-006
   1.46551538908217       3.949048267977658E-006
   1.47981099690905       1.321373327954532E-005
   1.47981099690905       5.548188893683328E-006
   1.49411853395018       2.468368417620841E-006
   1.49411853395018       1.153292581459836E-006
   1.50843778043878       3.168709640672442E-005
   1.50843778043878       2.978440857361414E-005
   1.52276852472952       8.729575430073483E-005
   1.52276852472952       3.891405747292039E-005
   1.53711056285343       1.481455286703891E-005
   1.53711056285343       1.460332290975565E-004
   1.53711056285343       3.757323675164958E-006
   1.55146369810489       3.294398404842141E-007
   1.55146369810489       3.076964947572433E-005
   1.55146369810489       1.884219410496430E-005
   1.56582774065780       1.373810708235150E-006
   1.56582774065780       6.903196392772080E-005
   1.56582774065780       1.144342555638056E-005
   1.58020250720842       3.198266703471348E-005
   1.58020250720842       2.548989825725795E-004
   1.58020250720842       1.039396914380352E-006
   1.59458782064262       9.818704691980141E-007
   1.59458782064262       8.717824477444458E-006
   1.59458782064262       4.113697592309495E-008
   1.60898350972541       8.879056987600574E-007
   1.60898350972541       4.013891637242477E-006
   1.62338940881102       4.128929192831337E-006
   1.62338940881102       7.186600101085014E-006
   1.63780535757178       2.562249425602361E-008
   1.63780535757178       4.411747222341353E-008
   1.65223120074426       2.199920104615540E-008
   1.65223120074426       1.818457428993771E-008
   1.66666678789147       1.528152718976850E-013
   1.66666678789147       1.638689285352480E-013
  0.899824789503044       8.768328709755858E-010
   1.37089950607668       1.248144307909729E-011
   1.37089950607668       2.148436611424757E-012
   1.49512534901461       2.582723466624420E-006
   1.49512534901461       3.376739518798049E-006
   1.51003860761982       1.502287975739984E-005
   1.51003860761982       6.599895252925850E-006
   1.52496431084852       2.832271820869850E-006
   1.52496431084852       1.432149798936208E-006
   1.53990222943879       2.527841280920133E-005
   1.53990222943879       2.362328769199124E-005
   1.55485214260100       8.981671743945226E-005
   1.55485214260100       3.982583908393089E-005
   1.56981383755360       9.735984683089618E-006
   1.56981383755360       1.229286998636977E-004
   1.56981383755360       4.861763188924986E-006
   1.58478710909216       5.708886259170204E-007
   1.58478710909216       2.044837287373322E-005
   1.58478710909216       9.383138352276221E-006
   1.59977175918902       1.865031079038874E-006
   1.59977175918902       4.832583183350136E-005
   1.59977175918902       7.091502956213513E-006
   1.61476759662071       2.928148314511994E-005
   1.61476759662071       2.638775180857395E-004
   1.61476759662071       2.030917180568298E-006
   1.62977443662074       9.761863171102008E-007
   1.62977443662074       9.258507137776850E-006
   1.62977443662074       6.398690284161019E-008
   1.64479210055583       1.155340544399337E-006
   1.64479210055583       4.396613186877862E-006
   1.65982041562337       5.398136875295675E-006
   1.65982041562337       1.029276838814105E-005
   1.67485921456862       7.381767776366144E-008
   1.67485921456862       1.127921943217915E-007
   1.68990833541992       6.153964475043183E-008
   1.68990833541992       5.366544078780739E-008
   1.70496762124053       1.895888900511371E-012
   1.70496762124053       2.033025095532840E-012
  0.780189004406036       4.309321204519266E-007
  0.903350337526783       2.591821719798247E-010
   1.38830715913636       8.730513297710108E-012
   1.38830715913636       1.502787320870047E-012
   1.51619381455088       1.681939993120259E-006
   1.51619381455088       2.199024911652305E-006
   1.53154655210731       1.213327200778043E-005
   1.53154655210731       5.528666196192630E-006
   1.54691210101795       2.342792128424553E-006
   1.54691210101795       1.246189179516392E-006
   1.56229022526476       1.616813872886056E-005
   1.56229022526476       1.489227919322350E-005
   1.57768069755166       6.793435841518630E-005
   1.57768069755166       2.994250381019829E-005
   1.59308329882663       5.291526028831380E-006
   1.59308329882663       8.523233779708486E-005
   1.59308329882663       4.442046902042726E-006
   1.60849781783808       6.734291796775023E-007
   1.60849781783808       1.333744374728705E-005
   1.60849781783808       4.362080419937599E-006
   1.62392405072267       1.767022763491135E-006
   1.62392405072267       3.016538999337143E-005
   1.62392405072267       3.771445170553325E-006
   1.63936180062175       2.056743163922558E-005
   1.63936180062175       2.044364920991428E-004
   1.63936180062175       2.347618560412865E-006
   1.65481087732396       9.111529539652319E-007
   1.65481087732396       7.604975052300275E-006
   1.65481087732396       6.222153038490424E-008
   1.67027109693187       1.175221146795633E-006
   1.67027109693187       4.028242467511736E-006
   1.68574228155055       4.871708407802889E-006
   1.68574228155055       9.981205071299087E-006
   1.70122425899642       1.236473964095978E-007
   1.70122425899642       1.762969598084911E-007
   1.71671686252468       9.147864009049099E-008
   1.71671686252468       8.353594268775796E-008
   1.73221993057383       7.867345956352607E-012
   1.73221993057383       8.436418273343715E-012
  0.780189004407666       1.674370740618916E-007
  0.905534123387529       8.175653973609201E-011
   1.39908976268183       4.808831304017078E-012
   1.39908976268183       8.277463724614036E-013
   1.52924398911550       8.828543313408843E-007
   1.52924398911550       1.154273443713714E-006
   1.54486894759001       7.340788836330986E-006
   1.54486894759001       3.428767646022136E-006
   1.56050694457813       1.446090662603048E-006
   1.56050694457813       7.916938397372433E-007
   1.57615773987696       8.526584370646891E-006
   1.57615773987696       7.729721578161036E-006
   1.59182110216021       3.955981182020812E-005
   1.59182110216021       1.735635083555875E-005
   1.60749680849181       2.483203212659970E-006
   1.60749680849181       4.803889184222288E-005
   1.60749680849181       2.915037936648146E-006
   1.62318464387448       5.207116381102729E-007
   1.62318464387448       7.700516608945187E-006
   1.62318464387448       1.915270232976732E-006
   1.63888440083013       1.187825526246843E-006
   1.63888440083013       1.637799406672973E-005
   1.63888440083013       1.784256536280743E-006
   1.65459587900960       1.147005337988815E-005
   1.65459587900960       1.217074042996583E-004
   1.65459587900960       1.758177823425585E-006
   1.67031888482889       6.663494388457563E-007
   1.67031888482889       4.799013876347614E-006
   1.67031888482889       4.167657297154298E-008
   1.68605323112983       8.500411285171080E-007
   1.68605323112983       2.789401784706838E-006
   1.70179873686325       3.174305396326629E-006
   1.70179873686325       6.816938635754278E-006
   1.71755522679255       1.191059569094846E-007
   1.71755522679255       1.646994363076350E-007
   1.73332253121636       8.014670068222420E-008
   1.73332253121636       7.560647125692502E-008
   1.74910048570853       1.296003762701800E-011
   1.74910048570853       1.389748192927903E-011
  0.780189004408440       5.347677054432153E-008
  0.906571377265413       2.350959574010998E-011
   1.40421128010817       1.834912501963126E-012
   1.40421128010817       3.158443437219655E-013
   1.53544255666625       3.284727287417560E-007
   1.53544255666625       4.294562922910921E-007
   1.55119681454139       2.939576203952869E-006
   1.55119681454139       1.390923312120821E-006
   1.56696421882626       5.855731007060048E-007
   1.56696421882626       3.249425151586837E-007
   1.58274452733019       3.197487915776928E-006
   1.58274452733019       2.868067934130344E-006
   1.59853750681265       1.555687394430049E-005
   1.59853750681265       6.808338568878678E-006
   1.61434293249273       8.737635071177434E-007
   1.61434293249273       1.869026483353645E-005
   1.61434293249273       1.215872016657241E-006
   1.63016058759399       2.356356725916962E-007
   1.63016058759399       3.089333257405775E-006
   1.63016058759399       6.603225202514142E-007
   1.64599026292146       5.017263277230211E-007
   1.64599026292146       6.325188833398623E-006
   1.64599026292146       6.371750966344597E-007
   1.66183175646802       4.417530076198647E-006
   1.66183175646802       4.847861358205687E-005
   1.66183175646802       7.809782729087394E-007
   1.67768487304772       3.000367292612899E-007
   1.67768487304772       1.983095562387039E-006
   1.67768487304772       1.749243738787744E-008
   1.69354942395366       3.745727760926121E-007
   1.69354942395366       1.210875729439943E-006
   1.70942522663842       1.320875125063966E-006
   1.70942522663842       2.905389028465730E-006
   1.72531210441531       6.017777330548783E-008
   1.72531210441531       8.224873579346706E-008
   1.74120988617863       3.851845836161686E-008
   1.74120988617863       3.697500179443542E-008
   1.75711840614158       8.534162019544863E-012
   1.75711840614158       9.151467446430077E-012
  0.780189004408607       1.131072329303702E-008
  0.906795231368308       4.798015059539664E-012
   1.40531657623035       4.126999832637658E-013
   1.40531657623035       7.103824036766878E-014
   1.53678029548593       7.322535620439402E-008
   1.53678029548593       9.573729331410386E-008
   1.55256245800617       6.723969702785940E-007
   1.55256245800617       3.196122888305729E-007
   1.56835779022164       1.344811711280766E-007
   1.56835779022164       7.496265537917969E-008
   1.58416604951270       7.154470560014008E-007
   1.58416604951270       6.390861065841761E-007
   1.59998700222569       3.536926053317200E-006
   1.59998700222569       1.546531853166874E-006
   1.61582042318157       1.910983416547774E-007
   1.61582042318157       4.237152460270978E-006
   1.61582042318157       2.820433857897132E-007
   1.63166609521993       5.621408150707930E-008
   1.63166609521993       7.098219495895641E-007
   1.63166609521993       1.437602569518984E-007
   1.64752380877525       1.169046397538852E-007
   1.64752380877525       1.433166033693142E-006
   1.64752380877525       1.403762647518171E-007
   1.66339336148262       9.972748069290260E-007
   1.66339336148262       1.107342748729176E-005
   1.66339336148262       1.850722423567338E-007
   1.67927455781037       7.167918750463921E-008
   1.67927455781037       4.593779134924336E-007
   1.67927455781037       4.064260384056098E-009
   1.69516720871735       8.862964141742606E-008
   1.69516720871735       2.853276285245810E-007
   1.71107113133280       3.062283282922991E-007
   1.71107113133280       6.792102623690429E-007
   1.72698614865707       1.491755969538198E-008
   1.72698614865707       2.031740246549081E-008
   1.74291208928141       9.381829796674422E-009
   1.74291208928141       9.062451621460541E-009
   1.75884878712535       2.321451002220879E-012
   1.75884878712535       2.489369574499812E-012
  0.780189004408654       1.367561504920118E-008
  0.906858446326114       5.717275996234588E-012
   1.40562870474094       5.118371724730390E-013
   1.40562870474094       8.810277092746893E-014
   1.53715806431816       9.047860729844525E-008
   1.53715806431816       1.182947740316090E-007
   1.55294810693057       8.398115622101926E-007
   1.55294810693057       3.999539787843099E-007
   1.56875132581387       1.682488843257662E-007
   1.56875132581387       9.395940183627571E-008
   1.58456747822731       8.855275562189659E-007
   1.58456747822731       7.895887227244198E-007
   1.60039633040056       4.406550665433047E-006
   1.60039633040056       1.926058617973388E-006
   1.61623765704213       2.342686849624975E-007
   1.61623765704213       5.273330618238047E-006
   1.61623765704213       3.543252412697336E-007
   1.63209124088319       7.145106994969995E-008
   1.63209124088319       8.887513198598386E-007
   1.63209124088319       1.759805750916189E-007
   1.64795687225358       1.471412569467902E-007
   1.64795687225358       1.783847061241649E-006
   1.64795687225358       1.726791743341982E-007
   1.66383434868736       1.238856846925821E-006
   1.66383434868736       1.382341387771093E-005
   1.66383434868736       2.345719828981929E-007
   1.67972347455523       9.120606641804929E-008
   1.67972347455523       5.769580995270297E-007
   1.67972347455523       5.108874009688972E-009
   1.69562406072163       1.122849158999526E-007
   1.69562406072163       3.609164397781141E-007
   1.71153592422451       3.846361130674280E-007
   1.71153592422451       8.560939798721112E-007
   1.72745888797584       1.926965854687133E-008
   1.72745888797584       2.620843697866009E-008
   1.74339278048128       1.202914510774107E-008
   1.74339278048128       1.165073111602382E-008
   1.75933743557745       3.119841391211258E-012
   1.75933743557745       3.345510298996833E-012
  0.780189004408875       3.328024522630470E-008
  0.907153245171553       1.351946738436711E-011
   1.40708429575523       1.310060468245371E-012
   1.40708429575523       2.255013186661406E-013
   1.53891976470444       2.298688071514761E-007
   1.53891976470444       3.005382090951641E-007
   1.55474655561429       2.179948623678797E-006
   1.55474655561429       1.042164532136993E-006
   1.57058655346028       4.382217228753996E-007
   1.57058655346028       2.456200236799301E-007
   1.58643951493672       2.258033916400800E-006
   1.58643951493672       2.005908726198984E-006
   1.60230520572922       1.138237036253557E-005
   1.60230520572922       4.971398090249207E-006
   1.61818340002198       5.859483455223344E-007
   1.61818340002198       1.359529158581491E-005
   1.61818340002198       9.304372395859934E-007
   1.63407388004050       1.920348862204691E-007
   1.63407388004050       2.320624941700355E-006
   1.63407388004050       4.392084492895219E-007
   1.64997643562668       3.878452434519627E-007
   1.64997643562668       4.602620147285863E-006
   1.64997643562668       4.351571748175022E-007
   1.66589086384336       3.181644107451796E-006
   1.66589086384336       3.584976092839809E-005
   1.66589086384336       6.268756429117658E-007
   1.68181696860595       2.458399403582124E-007
   1.68181696860595       1.515092102275378E-006
   1.68181696860595       1.342971123750249E-008
   1.69775456033872       2.998986996277573E-007
   1.69775456033872       9.612206408176112E-007
   1.71370345565381       1.009736474766880E-006
   1.71370345565381       2.263049402133460E-006
   1.72966347705105       5.348685249005643E-008
   1.72966347705105       7.255585955001694E-008
   1.74563445263699       3.289679647498983E-008
   1.74563445263699       3.203421482282286E-008
   1.76161621586151       9.375797105432410E-012
   1.76161621586151       1.005398090617384E-011
  0.780189004409345       5.329185385409245E-008
  0.907784252103300       2.042786354109397E-011
   1.41019993896081       2.324851326299919E-012
   1.41019993896081       4.001777417847931E-013
   1.54269062464030       4.017480349213428E-007
   1.54269062464030       5.252588918826105E-007
   1.55859607403465       3.981327546153665E-006
   1.55859607403465       1.918335620884764E-006
   1.57451479600305       8.059886526654049E-007
   1.57451479600305       4.550210235606149E-007
   1.59044654603060       3.980443397418075E-006
   1.59044654603060       3.507325398003578E-006
   1.60639108863838       2.058676244154187E-005
   1.60639108863838       8.977725085979095E-006
   1.62234819688829       9.921860923255863E-007
   1.62234819688829       2.451208595761543E-005
   1.62234819688829       1.739340954708617E-006
   1.63831765192350       3.761657284484196E-007
   1.63831765192350       4.304615359682206E-006
   1.63831765192350       7.425738289784228E-007
   1.65429924254143       7.306832928933076E-007
   1.65429924254143       8.329772902603943E-006
   1.65429924254143       7.503457304415014E-007
   1.67029276479634       5.688282906579496E-006
   1.67029276479634       6.538200210433979E-005
   1.67029276479634       1.213788533286147E-006
   1.68629802162909       4.856886341793622E-007
   1.68629802162909       2.838341419742571E-006
   1.68629802162909       2.514707462991623E-008
   1.70231482252179       5.806323917181759E-007
   1.70231482252179       1.852171733616631E-006
   1.71834298317513       1.887073515395821E-006
   1.71834298317513       4.289335624657513E-006
   1.73438232520678       1.118270488028854E-007
   1.73438232520678       1.509746033636969E-007
   1.75043267586899       6.674647129139006E-008
   1.75043267586899       6.572307420986069E-008
   1.76649386778389       2.301293767474359E-011
   1.76649386778389       2.467754297314968E-011
  0.780189004410129       6.649770255417511E-008
  0.908833843947575       2.318570437386414E-011
   1.31022767182833       2.843072108613791E-010
   1.41538237600503       3.437332485400634E-012
   1.41538237600503       5.916696419306213E-013
   1.54896292314520       5.789649422653582E-007
   1.54896292314520       7.569582364546521E-007
   1.56499920993556       6.174101221804222E-006
   1.56499920993556       3.014038958799169E-006
   1.58104887847947       1.264806772173439E-006
   1.58104887847947       7.221612952765280E-007
   1.59711168225067       5.837717389622747E-006
   1.59711168225067       5.066512390294736E-006
   1.61318738383318       3.144127978761430E-005
   1.61318738383318       1.367620658720375E-005
   1.62927575442215       1.357846282220168E-006
   1.62927575442215       3.731671276657359E-005
   1.62927575442215       2.800680871686669E-006
   1.64537657336043       6.531041058578766E-007
   1.64537657336043       6.913188630394501E-006
   1.64537657336043       1.022608623918358E-006
   1.66148962770810       1.191991356060391E-006
   1.66148962770810       1.283878340144969E-005
   1.66148962770810       1.067856021336642E-006
   1.67761471184176       8.527153899899789E-006
   1.67761471184176       1.012825030509752E-004
   1.67761471184176       2.067655248865739E-006
   1.69375162708130       8.608292385152955E-007
   1.69375162708130       4.614614744133626E-006
   1.69375162708130       4.055379628310508E-008
   1.70990018134161       9.917824824701799E-007
   1.70990018134161       3.147706839080466E-006
   1.72606018880737       3.040219682830419E-006
   1.72606018880737       7.071251857660680E-006
   1.74223146962888       2.157973621918710E-007
   1.74223146962888       2.895272706502145E-007
   1.75841384963735       1.227384335046503E-007
   1.75841384963735       1.231339416712236E-007
   1.77460716007810       5.756234183023723E-011
   1.77460716007810       6.172602490944858E-011
  0.780189004411281       6.768790578886545E-008
  0.910377928150501       2.317113552977797E-011
  0.910377928150501       2.056715693017765E-011
   1.31658956194207       4.692767228889471E-010
   1.42300640549448       4.496893044305043E-012
   1.42300640549448       7.740522945140786E-013
   1.55819027860750       7.285243795505869E-007
   1.55819027860750       9.524972745345932E-007
   1.57441904398601       8.673513417141395E-006
   1.57441904398601       4.317932399861250E-006
   1.59066135173514       1.809078434892853E-006
   1.59066135173514       1.048881576912012E-006
   1.60691695236960       7.600816779200942E-006
   1.60691695236960       6.423334541006303E-006
   1.62318560562383       4.326412137666775E-005
   1.62318560562383       1.874755211917002E-005
   1.63946707994668       1.584820478436041E-006
   1.63946707994668       5.129799281770943E-005
   1.63946707994668       4.150647503582985E-006
   1.65576115203252       1.077377645412952E-006
   1.65576115203252       1.041248628442667E-005
   1.65576115203252       1.230610193201055E-006
   1.67206760638558       1.801885924015548E-006
   1.67206760638558       1.821228725751031E-005
   1.67206760638558       1.352453447513468E-006
   1.68838623491444       1.142636303281785E-005
   1.68838623491444       1.424306340328290E-004
   1.68838623491444       3.318544960332070E-006
   1.70471683655427       1.480574589012562E-006
   1.70471683655427       7.033930422919886E-006
   1.70471683655427       6.010661979305494E-008
   1.72105921691445       1.606806856877564E-006
   1.72105921691445       5.089327283522045E-006
   1.73741318794935       4.519897706898143E-006
   1.73741318794935       1.086890810630672E-005
   1.75377856765060       4.142075526534531E-007
   1.75377856765060       5.523742556968537E-007
   1.77015517975892       2.202136298874556E-007
   1.77015517975892       2.272400373864930E-007
   1.78654285349412       1.601158261266667E-010
   1.78654285349412       1.716975570771499E-010
  0.780189004412860       5.617570050369149E-008
  0.912492715152726       1.597320219736098E-011
  0.912492715152726       1.417812933027757E-011
   1.32530284486838       7.502645287700795E-010
   1.43344832209353       5.286810184907824E-012
   1.43344832209353       9.100210998988368E-013
   1.57082812009283       8.096742684178347E-007
   1.57082812009283       1.058595368358880E-006
   1.58732050530223       1.127297636429413E-005
   1.58732050530223       5.769016200729269E-006
   1.60382665286431       2.412307959202077E-006
   1.60382665286431       1.424885931892151E-006
   1.62034630924117       9.017712005215817E-006
   1.62034630924117       7.276406283169309E-006
   1.63687923026436       5.485207400035427E-005
   1.63687923026436       2.364716603112767E-005
   1.65342518062142       1.590400972165417E-006
   1.65342518062142       6.528813027320610E-005
   1.65342518062142       5.784169724446195E-006
   1.66998393337936       1.727765726941352E-006
   1.66998393337936       1.530572230767200E-005
   1.66998393337936       1.348214803617003E-006
   1.68655526954189       2.583744793416641E-006
   1.68655526954189       2.476205206879332E-005
   1.68655526954189       1.604048894478772E-006
   1.70313897763735       1.398796726245268E-005
   1.70313897763735       1.862523402893727E-004
   1.70313897763735       5.134126504825295E-006
   1.71973485333483       2.551846664405439E-006
   1.71973485333483       1.046249056152447E-005
   1.71973485333483       8.355030330422356E-008
   1.73634269908601       2.539137647928721E-006
   1.73634269908601       8.087780120401150E-006
   1.75296232379067       6.356788287944164E-006
   1.75296232379067       1.598124945660577E-005
   1.76959354248389       8.115799286327754E-007
   1.76959354248389       1.078652085072001E-006
   1.78623617604325       3.964756527144739E-007
   1.78623617604325       4.258299279995086E-007
   1.80289005091438       5.125093861857961E-010
   1.80289005091438       5.495809609575830E-010
  0.780189004414925       3.701071431737648E-008
  0.915259411270132       8.299087804910645E-012
  0.915259411270132       7.366434029163714E-012
   1.33670210447075       1.096265952256599E-008
   1.33670210447075       1.157688871161104E-009
   1.44710908796854       5.540897666286953E-012
   1.44710908796854       9.537572964368044E-013
   1.58736173172042       7.836790038896524E-007
   1.58736173172042       1.024608285278457E-006
   1.60419900081733       1.354836593826871E-005
   1.60419900081733       7.197588866631369E-006
   1.62105032006117       3.002921854031474E-006
   1.62105032006117       1.809701837826476E-006
   1.63791543061213       9.881565403607728E-006
   1.63791543061213       7.359143425806768E-006
   1.65479408319580       6.426262691046659E-005
   1.65479408319580       2.753201552027725E-005
   1.67168603757891       1.348634656455477E-006
   1.67168603757891       7.723292643635978E-005
   1.67168603757891       7.565525697586698E-006
   1.68859106208292       2.688820574782543E-006
   1.68859106208292       2.233385202148008E-005
   1.68859106208292       1.401541509621049E-006
   1.70550893313196       3.517634941083426E-006
   1.70550893313196       3.298354654238357E-005
   1.70550893313196       1.884079436560583E-006
   1.72243943483215       1.568309078601499E-005
   1.72243943483215       2.273365260725529E-004
   1.72243943483215       7.651093387240300E-006
   1.73938235857965       4.428079384049060E-006
   1.73938235857965       1.557139598973402E-005
   1.73938235857965       1.088486591559879E-007
   1.75633750269508       3.934439567851123E-006
   1.75633750269508       1.276089228742942E-005
   1.77330467208199       8.492034796977588E-006
   1.77330467208199       2.256673237913526E-005
   1.79028367790752       1.621482240946062E-006
   1.79028367790752       2.159619179269683E-006
   1.80727433730349       7.201255589698591E-007
   1.80727433730349       8.167478023927867E-007
   1.82427647308623       1.892543199415983E-009
   1.82427647308623       2.029437388316851E-009
  0.780189004417544       1.846712967448482E-008
  0.918768309819454       3.092797412220015E-012
  0.918768309819454       2.745227986286174E-012
   1.35115936460512       1.599425002784617E-008
   1.35115936460512       1.689039527474558E-009
   1.46443453302187       5.047088622987222E-012
   1.46443453302187       8.687577157881303E-013
   1.60833070098673       6.378446159116872E-007
   1.60833070098673       8.339395019384660E-007
   1.62560537358629       1.483603939127193E-005
   1.62560537358629       8.279442225213376E-006
   1.64289446133162       3.447878192692637E-006
   1.64289446133162       2.115672111882325E-006
   1.66019769865869       1.015907247046184E-005
   1.66019769865869       6.603765836856088E-006
   1.67751482981735       6.903917940015681E-005
   1.67751482981735       2.939703273616711E-005
   1.69484560833348       9.304851767406939E-007
   1.69484560833348       8.390067728095303E-005
   1.69484560833348       9.117754269179929E-006
   1.71218979650995       3.983642585883304E-006
   1.71218979650995       3.223169883649187E-005
   1.71218979650995       1.461885832641133E-006
   1.72954716496275       4.481588218215587E-006
   1.72954716496275       4.315387546512619E-005
   1.72954716496275       2.311844797831087E-006
   1.74691749218944       1.598272890184436E-005
   1.74691749218944       2.566224380512252E-004
   1.74691749218944       1.079708553470865E-005
   1.76430056416703       7.608443448191454E-006
   1.76430056416703       2.349451324138915E-005
   1.76430056416703       1.318968178522309E-007
   1.78169617397684       5.918236287750617E-006
   1.78169617397684       1.986296414618865E-005
   1.79910412145415       1.068858306907171E-005
   1.79910412145415       3.027747750567646E-005
   1.81652421286055       3.237263166827349E-006
   1.81652421286055       4.356205404914951E-006
   1.83395626057724       1.307295705753525E-006
   1.83395626057724       1.592858123789105E-006
   1.85140008281765       7.878804320582582E-009
   1.85140008281765       8.448705460650425E-009
  0.780189004420794       6.535808038968901E-009
  0.923122894564604       7.733447254977376E-013
  0.923122894564604       6.864360320190805E-013
   1.36910099601819       2.130777222509528E-008
   1.36910099601819       2.250162994081697E-009
   1.48593561596050       3.834488134007321E-012
   1.48593561596050       6.600322287558777E-013
   1.63435344071690       4.124642940924846E-007
   1.63435344071690       5.392696895171599E-007
   1.65217093625460       1.441795198480784E-005
   1.65217093625460       8.570071855405289E-006
   1.67000329990595       3.575038425811149E-006
   1.67000329990595       2.214489391046207E-006
   1.68785025776208       1.006643080853908E-005
   1.68785025776208       5.304149140293387E-006
   1.70571154603638       6.714398943927947E-005
   1.70571154603638       2.850733155593296E-005
   1.72358691050980       4.929183352615737E-007
   1.72358691050980       8.138847362856347E-005
   1.72358691050980       9.795069463221898E-006
   1.74147610601601       5.432530303467763E-006
   1.74147610601601       4.494991815389918E-005
   1.74147610601601       1.637507227908638E-006
   1.75937889596305       5.197425336207381E-006
   1.75937889596305       5.431700456469555E-005
   1.75937889596305       2.976823242311814E-006
   1.77729505188822       1.465358820316458E-005
   1.77729505188822       2.626721352251417E-004
   1.77729505188822       1.398724309901504E-005
   1.79522435304326       1.252290228288108E-005
   1.79522435304326       3.573888905664208E-005
   1.79522435304326       1.503604514990436E-007
   1.81316658600747       8.454759833394701E-006
   1.81316658600747       2.988817334134790E-005
   1.83112154432635       1.250831501466193E-005
   1.83112154432635       3.776554938290591E-005
   1.84908902817364       6.238758682448378E-006
   1.84908902817364       8.573360226433634E-006
   1.86706884403499       2.323935493013168E-006
   1.86706884403499       3.101083446754070E-006
   1.88506080441152       3.527009248083031E-008
   1.88506080441152       3.782130013839492E-008
  0.780189004424766       2.017905115151209E-007
  0.780189004424766       1.509731299646926E-009
  0.928444332740939       1.192956015680581E-013
  0.928444332740939       1.058891289715619E-013
   1.39102622837325       2.467180875295415E-008
   1.39102622837325       2.605415078910291E-009
   1.51221060893419       2.297822845888459E-012
   1.51221060893419       3.955253168825666E-013
   1.66615403911085       1.954735684339729E-007
   1.66615403911085       2.555687172634723E-007
   1.68463488118446       1.198528543000651E-005
   1.68463488118446       7.701825320504333E-006
   1.70313114491256       3.266275681483988E-006
   1.70313114491256       2.000416719899563E-006
   1.72164254618866       9.872912931373962E-006
   1.72164254618866       4.043911587670790E-006
   1.74016881140535       5.826137998167221E-005
   1.74016881140535       2.489651039388459E-005
   1.75870967687897       1.853163643790884E-007
   1.75870967687897       6.748636990855917E-005
   1.75870967687897       8.949718573007236E-006
   1.77726488831564       6.500770763163994E-006
   1.77726488831564       5.827435030419009E-005
   1.77726488831564       2.060045956394856E-006
   1.79583420031509       5.270161199103443E-006
   1.79583420031509       6.305316752711666E-005
   1.79583420031509       3.760503832554938E-006
   1.81441737590890       1.207276286651523E-005
   1.81441737590890       2.367801360609105E-004
   1.81441737590890       1.590153816545582E-005
   1.83301418613036       1.886879395730834E-005
   1.83301418613036       5.309438865037805E-005
   1.83301418613036       1.761848929029544E-007
   1.85162440961311       1.111658164180591E-005
   1.85162440961311       4.208846098417886E-005
   1.87024783221632       1.357090153988150E-005
   1.87024783221632       4.260425748064147E-005
   1.88888424667419       1.109160119476228E-005
   1.88888424667419       1.577977204640779E-005
   1.90753345226781       3.924160354790634E-006
   1.90753345226781       5.846049079422758E-006
   1.92619525451772       1.581219989300775E-007
   1.92619525451772       1.695595094701785E-007
  0.780189004429567       4.641240038674861E-008
  0.780189004429567       2.057523741741221E-010
  0.934876673567462       1.024767023452061E-014
  0.934876673567462       9.096034228069419E-015
   1.41752856900659       2.322266406967276E-008
   1.41752856900659       2.452381166937914E-009
   1.54397076557247       1.015278265822050E-012
   1.54397076557247       1.747603208587388E-013
   1.70459332574336       6.113073080402869E-008
   1.70459332574336       7.992437331618784E-008
   1.72387599447804       8.122779254647495E-006
   1.72387599447804       5.718300193037921E-006
   1.74317475396518       2.583625041428751E-006
   1.74317475396518       1.502213790924757E-006
   1.76248930777176       9.415640650020803E-006
   1.76248930777176       3.240128954342767E-006
   1.78181937041941       4.428862617879175E-005
   1.78181937041941       1.935810844530753E-005
   1.80116466678405       4.478058988943683E-008
   1.80116466678405       4.552523529571342E-005
   1.80116466678405       6.573513121887017E-006
   1.82052493153878       6.403272643394499E-006
   1.82052493153878       6.686510791175760E-005
   1.82052493153878       2.807083223800632E-006
   1.83989990863615       4.434598002998768E-006
   1.83989990863615       6.381923911711921E-005
   1.83989990863615       4.217993167495978E-006
   1.85928935082643       9.200723517905861E-006
   1.85928935082643       1.812594431426575E-004
   1.85928935082643       1.492540773801580E-005
   1.87869301920873       2.462295438924588E-005
   1.87869301920873       7.274927550821581E-005
   1.87869301920873       2.500982800086470E-007
   1.89811068281232       1.294555459006620E-005
   1.89811068281232       5.312496311226397E-005
   1.91754211820543       1.426162823052629E-005
   1.91754211820543       4.276085548541056E-005
   1.93698710912965       1.723497637553245E-005
   1.93698710912965       2.584749687094798E-005
   1.95644544615750       6.040083984026086E-006
   1.95644544615750       1.020003645266247E-005
   1.97591692637166       6.477124529110318E-007
   1.97591692637166       6.945637326649680E-007
  0.780189004435326       6.243386097345031E-009
  0.780189004435326       1.466678617682950E-011
  0.942593078428995       4.334028137614707E-016
  0.942593078428995       3.846968860527890E-016
   1.44932147233999       1.623007143029212E-008
   1.44932147233999       1.713942956532731E-009
   1.58207108296798       3.075318965831753E-013
   1.58207108296798       5.293560862324441E-014
   1.75070610276255       1.112730863752147E-008
   1.75070610276255       1.454821753073329E-008
   1.77095066380246       4.209775418266673E-006
   1.77095066380246       3.269926839016201E-006
   1.79121211826229       1.770067621725923E-006
   1.79121211826229       9.230855631361818E-007
   1.81149015492184       7.983943180376158E-006
   1.81149015492184       2.707204611649177E-006
   1.83178447406200       2.846573625279281E-005
   1.83178447406200       1.290895436066775E-005
   1.85209478683445       6.178414385984759E-009
   1.85209478683445       2.479478585784592E-005
   1.85209478683445       3.733427364739985E-006
   1.87242081467679       4.768884839259562E-006
   1.87242081467679       6.428455981612748E-005
   1.87242081467679       3.684228185564266E-006
   1.89276228876896       2.930907527895290E-006
   1.89276228876896       5.296725533752860E-005
   1.89276228876896       3.800853721393581E-006
   1.91311894952748       6.950509260734682E-006
   1.91311894952748       1.140785989883417E-004
   1.91311894952748       1.067366629813646E-005
   1.93349054613419       2.604545838996628E-005
   1.93349054613419       8.529231362532304E-005
   1.93349054613419       4.174213813067592E-007
   1.95387683609664       1.282326620575541E-005
   1.95387683609664       5.703927288115094E-005
   1.97427758483746       1.622150894193985E-005
   1.97427758483746       3.967723747345599E-005
   1.99469256531046       2.197364911335090E-005
   1.99469256531046       3.564037405564723E-005
   2.01512155764112       8.021583988706700E-006
   2.01512155764112       1.546504503367141E-005
   2.03556434878982       2.190060916906299E-006
   2.03556434878982       2.348475590323475E-006
  0.780189004442200       4.248361303586708E-010
  0.780189004442200       4.739426492639900E-013
  0.951803495120518       7.789811402710938E-018
  0.951803495120518       6.914390249461303E-018
   1.48726995907553       7.458696304413538E-009
   1.48726995907553       7.876601191187480E-010
   1.62754819382323       5.936830668771110E-014
   1.62754819382323       1.021909428754732E-014
   1.80574700571819       1.021997728194193E-009
   1.80574700571819       1.336194200235300E-009
   1.82713969585480       1.520198795165682E-006
   1.82713969585480       1.298803682921695E-006
   1.84855023748728       1.042517621551642E-006
   1.84855023748728       4.774597013917317E-007
   1.86997830174521       5.289953684419972E-006
   1.86997830174521       1.964293658077961E-006
   1.89142357191150       1.445439246266792E-005
   1.89142357191150       6.749052421357314E-006
   1.91288574275642       4.237839523603020E-010
   1.91288574275642       1.254960858211713E-005
   1.91288574275642       1.781363868536751E-006
   1.93436451991944       2.400126619696752E-006
   1.93436451991944       4.894692115430790E-005
   1.93436451991944       4.062121089714323E-006
   1.95585961933492       1.527551836231977E-006
   1.95585961933492       3.445407478892158E-005
   1.95585961933492       2.472993408502073E-006
   1.97737076669765       5.331895152349858E-006
   1.97737076669765       5.938080666316044E-005
   1.97737076669765       5.275132809406477E-006
   1.99889769696481       2.062534512878733E-005
   1.99889769696481       7.842565102429500E-005
   1.99889769696481       6.250154415637749E-007
   2.02044015389148       1.048019273188124E-005
   2.02044015389148       4.915897011528254E-005
   2.04199788959675       2.054974877494574E-005
   2.04199788959675       3.831715446992802E-005
   2.06357066415791       2.132661874365742E-005
   2.06357066415791       3.887512561997841E-005
   2.08515824523075       8.540435936327097E-006
   2.08515824523075       1.874791183063339E-005
   2.10676040769353       5.550062746923910E-006
   2.10676040769353       5.951517962489680E-006
  0.780189004450381       1.233376659494536E-011
  0.780189004450381       5.857533678966167E-015
  0.962764212946423       4.996460088828664E-020
  0.962764212946423       4.434956526418159E-020
   1.53242998483322       1.939659250669151E-009
   1.53242998483322       2.048336832768949E-010
   1.68166754545696       6.775362833900402E-015
   1.68166754545696       1.166246361057482E-015
   1.87124760426712       4.024236000111726E-011
   1.87124760426712       5.261421484007117E-011
   1.89400660816326       3.320687697750118E-007
   1.89400660816326       3.077303543939952E-007
   1.91678460369914       4.747630415346569E-007
   1.91678460369914       2.062604030780969E-007
   1.93958124099995       2.389774148358925E-006
   1.93958124099995       1.003608496982927E-006
   1.96239618312046       5.335763809559133E-006
   1.96239618312046       2.415054893341965E-006
   1.98522910533641       1.227971389038777E-011
   1.98522910533641       6.870294750530263E-006
   1.98522910533641       9.274337235641840E-007
   2.00807969448700       7.084373225444598E-007
   2.00807969448700       2.775327751743965E-005
   2.00807969448700       3.296353279980459E-006
   2.03094764836382       8.131363317935383E-007
   2.03094764836382       1.847287251691163E-005
   2.03094764836382       1.025477259936883E-006
   2.05383267514224       3.554988553945857E-006
   2.05383267514224       2.751250153214881E-005
   2.05383267514224       1.690157778791752E-006
   2.07673449285164       1.113145976533840E-005
   2.07673449285164       5.116449870292923E-005
   2.07673449285164       6.646664407497509E-007
   2.09965282888119       7.057262826370401E-006
   2.09965282888119       3.229051117797582E-005
   2.12258741951822       2.369133119906885E-005
   2.12258741951822       3.868869753469636E-005
   2.14553800951663       1.442315163660963E-005
   2.14553800951663       3.128055776104557E-005
   2.16850435169275       6.593195262713563E-006
   2.16850435169275       1.629524561397076E-005
   2.19148620654671       9.632832748089343E-006
   2.19148620654671       1.032960882499704E-005
  0.780189004460103       1.255521781409658E-013
  0.780189004460103       2.267273212237211E-017
  0.975790038053425       9.245653805386666E-023
  0.975790038053425       8.206624681518310E-023
   1.58609860459800       2.574058316998054E-010
   1.58609860459800       2.718280779920965E-011
   1.74598351640727       4.317597337327584E-016
   1.74598351640727       7.431900411892844E-017
   1.94908916123940       5.636727373417791E-013
   1.94908916123940       7.369646934515764E-013
   1.97347190587549       3.741586048994269E-008
   1.97347190587549       3.690906222297522E-008
   1.99787499710953       1.539291153833284E-007
   1.99787499710953       7.321231308357705E-008
   2.02229806010490       7.082892773075655E-007
   2.02229806010490       3.369880695604345E-007
   2.04674073387700       1.729275099493691E-006
   2.04674073387700       6.132215167596884E-007
   2.07120267053415       1.242527925978891E-013
   2.07120267053415       4.046855630978193E-006
   2.07120267053415       6.805025281491200E-007
   2.09568353457308       1.101300570455272E-007
   2.09568353457308       1.306506654097170E-005
   2.09568353457308       2.160681363964869E-006
   2.12018300222434       9.157253642129717E-007
   2.12018300222434       1.528591513108690E-005
   2.12018300222434       2.994362393200155E-007
   2.14470076084307       1.967167472324267E-006
   2.14470076084307       1.491508235164853E-005
   2.14470076084307       5.687396378795357E-007
   2.16923650834146       4.362772628063431E-006
   2.16923650834146       2.581307951577848E-005
   2.16923650834146       5.558097387825706E-007
   2.19378995265926       5.945276860365851E-006
   2.19378995265926       2.250051962983716E-005
   2.21836081126924       2.946312536288426E-005
   2.21836081126924       4.915188128435308E-005
   2.24294881071475       7.846291009709895E-006
   2.24294881071475       2.369710942393574E-005
   2.26755368617682       4.062181184037791E-006
   2.26755368617682       1.129350908765170E-005
   2.29217518106847       1.746406263877758E-005
   2.29217518106847       1.872729863285537E-005
