 date d_e_o v_e cost mass
   1.0000000   0.0000000  13.1539600  15.4985825   0.0066061
   1.0000000   0.0000000  13.1539600  15.4985825   0.0251865
   1.0000000   0.0000000  13.1539600  15.4985825   0.0625206
   1.0000000   0.0000000  13.1539600  15.4985825   0.1098300
   1.0000000   0.0000000  13.1539600  15.4985825   0.1459351
   1.0000000   0.0000000  13.1539600  15.4985825   0.1546584
   1.0000000   0.0000000  13.1539600  15.4985825   0.1368463
   1.0000000   0.0000000  13.1539600  15.4985825   0.1056241
   1.0000000   0.0000000  13.1539600  15.4985825   0.0741289
   1.0000000   0.0000000  13.1539600  15.4985825   0.0489008
   1.0000000   0.0000000  13.3536534  15.4985825   0.0309235
   1.0000000   0.0000000  14.1358792  15.4985825   0.0188257
   1.0000000   0.0000000  14.8512367  15.4985825   0.0108274
   1.0000000   0.0000000  15.3619184  15.4985825   0.0055109
   1.0000000   1.0000000  15.6225828  15.4985825   0.0020461
   1.0000000   1.0000000  15.6803622  15.4985825   0.0004568
   1.0000000   1.0000000  15.6967766  15.4985825   0.0005649
   1.0000000   1.0000000  15.7738921  15.4985825   0.0014387
   1.0000000   1.0000000  15.9420956  15.4985825   0.0025319
   1.0000000   1.0000000  16.2313255  15.4985825   0.0037129
   1.0000000   1.0000000  16.6781114  15.4985825   0.0048567
   1.0000000   1.0000000  17.3306325  15.4985825   0.0058352
   1.0000000   1.0000000  18.2535758  15.4985825   0.0065264
   1.0000000   1.0000000  19.5328035  15.4985825   0.0068324
   1.0000000   1.0000000  21.2787101  15.4985825   0.0067024
   1.0000000   1.0000000  23.6251586  15.4985825   0.0061521
   1.0000000   1.0000000  26.8842155  15.4985825   0.0052674
   1.0000000   1.0000000  30.8400620  15.4985825   0.0041859
   1.0000000   1.0000000  35.6770128  15.4985825   0.0030579
   1.0000000   1.0000000  41.1365267  15.4985825   0.0019933
   1.0000000   1.0000000  46.4515667  15.4985825   0.0015147
