    0.0000000  354.2972973  181.9878558   57.6941249   40.6508168    0.0000000    0.0000000  393.0535105  394.5801070  395.8027504  396.1177613  401.5724541  401.5724541
    0.0501881  354.2972973  181.9878558   57.6941249   40.6508168    0.0000000    0.0000000  392.9893752  394.5050741  395.7234444  396.0379202  401.4892339  401.4798591
    0.1419533  354.2972973  181.9878558   57.6941249   40.6508168    0.0000000    0.0000000  392.8834201  394.3875693  395.6014107  395.9153195  401.3630517  401.3437410
    0.2607850  354.2972973  181.9878558   57.6941249   40.6508168    0.0000000    0.0000000  392.7504634  394.2428033  395.4520140  395.7653429  401.2094131  401.1799432
    0.4015047  354.2972973  181.9878558   57.6941249   40.6508168    0.0000000    0.0000000  392.5957225  394.0760811  395.2805937  395.5933343  401.0336892  400.9939122
    0.5611199  354.2972973  181.9878558   57.6941249   40.6508168    0.0000000    0.0000000  392.4222014  393.8904493  395.0902130  395.4023590  400.8389585  400.7887630
    0.7376112  354.2972973  181.9878558   57.6941249   40.6508168    0.0000000    0.0000000  392.2319224  393.6879555  394.8829295  395.1944758  400.6272876  400.5665840
    0.9294964  354.2972973  181.9878558   57.6941249   40.6508168    0.0000000    0.0000000  392.0263681  393.4700990  394.6602490  394.9711913  400.4001883  400.3289016
    1.1356268  354.2972973  181.9878558   57.6941249   40.6508168    0.0000000    0.0000000  391.8066855  393.2380390  394.4233357  394.7336703  400.1588291  400.0768945
    1.3550784  354.2972973  181.9878558   57.6941249   40.6508168    0.0000000    0.0000000  391.5737969  392.9927069  394.1731241  394.4828478  399.9041480  399.8115086
    1.5870867  354.2972973  181.9878558   57.6941249   40.6508168    0.0000000    0.0000000  391.3284645  392.7348719  393.9103866  394.2194963  399.6369196  399.5335246
    1.8310056  354.2972973  181.9878558   57.6941249   40.6508168    0.0000000    0.0000000  391.0713323  392.4651836  393.6357748  393.9442681  399.3577979  399.2436013
    2.0862796  354.2972973  181.9878558   57.6941249   40.6508168    0.0000000    0.0000000  390.8029534  392.1842000  393.3498487  393.6577231  399.0673442  398.9423042
    2.3524244  354.2972973  181.9878558   57.6941249   40.6508168    0.0000000    0.0000000  390.5238102  391.8924073  393.0530957  393.3603491  398.7660477  398.6301257
    2.6290128  354.2972973  181.9878558   57.6941249   40.6508168    0.0000000    0.0000000  390.2343275  391.5902336  392.7459457  393.0525759  398.4543391  398.3074994
    2.9156644  354.2972973  181.9878558   57.6941249   40.6508168    0.0000000    0.0000000  389.9348840  391.2780604  392.4287809  392.7347861  398.1326020  397.9748113
    3.2120376  354.2972973  181.9878558   57.6941249   40.6508168    0.0000000    0.0000000  389.6258192  390.9562297  392.1019445  392.4073229  397.8011802  397.6324074
    3.5178234  354.2972973  181.9878558   57.6941249   40.6508168    0.0000000    0.0000000  389.3074404  390.6250511  391.7657467  392.0704967  397.4603848  397.2806008
    3.8327404  354.2972973  181.9878558   57.6941249   40.6508168    0.0000000    0.0000000  388.9800272  390.2848059  391.4204698  391.7245898  397.1104989  396.9196758
    4.1565312  354.2972973  181.9878558   57.6941249   40.6508168    0.0000000    0.0000000  388.6438353  389.9357517  391.0663721  391.3698605  396.7517811  396.5498930
    4.4889590  354.2972973  181.9878558   57.6941249   40.6508168    0.0000000    0.0000000  388.2991001  389.5781254  390.7036908  391.0065463  396.3844695  396.1714915
    4.8298049  354.2972973  181.9878558   57.6941249   40.6508168    0.0000000    0.0000000  387.9460390  389.2121456  390.3326454  390.6348666  396.0087838  395.7846923
    5.1788659  354.2972973  181.9878558   57.6941249   40.6508168    0.0000000    0.0000000  387.5848534  388.8380152  389.9534390  390.2550247  395.6249278  395.3897003
    5.5359531  354.2972973  181.9878558   57.6941249   40.6508168    0.0000000    0.0000000  387.2157311  388.4559230  389.5662610  389.8672099  395.2330911  394.9867060
    5.9008899  354.2972973  181.9878558   57.6941249   40.6508168    0.0000000    0.0000000  386.8388471  388.0660451  389.1712880  389.4715989  394.8334508  394.5758875
    6.2735110  354.2972973  181.9878558   57.6941249   40.6508168    0.0000000    0.0000000  386.4543657  387.6685468  388.7686854  389.0683572  394.4261727  394.1574112
    6.6536610  354.2972973  181.9878558   57.6941249   40.6508168    0.0000000    0.0000000  386.0624410  387.2635829  388.3586086  388.6576402  394.0114123  393.7314337
    7.0411937  354.2972973  181.9878558   57.6941249   40.6508168    0.0000000    0.0000000  385.6632180  386.8512994  387.9412039  388.2395941  393.5893164  393.2981022
    7.4359711  354.2972973  181.9878558   57.6941249   40.6508168    0.0000000    0.0000000  385.2568338  386.4318341  387.5166092  387.8143572  393.1600231  392.8575557
    7.8378626  354.2972973  181.9878558   57.6941249   40.6508168    0.0000000    0.0000000  384.8434179  386.0053172  387.0849551  387.3820598  392.7236633  392.4099254
    8.2467443  354.2972973  181.9878558   57.6941249   40.6508168    0.0000000    0.0000000  384.4230929  385.5718720  386.6463652  386.9428258  392.2803607  391.9553360
    8.6624988  354.2972973  181.9878558   57.6941249   40.6508168    0.0000000    0.0000000  383.9959756  385.1316159  386.2009570  386.4967725  391.8302332  391.4939056
    9.0850143  354.2972973  181.9878558   57.6941249   40.6508168    0.0000000    0.0000000  383.5621767  384.6846601  385.7488421  386.0440117  391.3733925  391.0257464
    9.5141842  354.2972973  181.9878558   57.6941249   40.6508168    0.0000000    0.0000000  383.1218018  384.2311108  385.2901269  385.5846496  390.9099452  390.5509656
    9.9499070  354.2972973  181.9878558   57.6941249   40.6508168    0.0000000    0.0000000  382.6749518  383.7710694  384.8249129  385.1187879  390.4399929  390.0696652
   10.3920856  354.2972973  181.9878558   57.6941249   40.6508168    0.0000000    0.0000000  382.2217227  383.3046325  384.3532968  384.6465234  389.9636328  389.5819426
   10.8406269  354.2972973  181.9878558   57.6941249   40.6508168    0.0000000    0.0000000  381.7622069  382.8318926  383.8753716  384.1679488  389.4809576  389.0878913
   11.2954421  354.2972973  181.9878558   57.6941249   40.6508168    0.0000000    0.0000000  381.2964923  382.3529385  383.3912260  383.6831532  388.9920565  388.5876005
   11.7564457  354.2972973  181.9878558   57.6941249   40.6508168    0.0000000    0.0000000  380.8246638  381.8678552  382.9009451  383.1922215  388.4970146  388.0811560
   12.2235558  354.2972973  181.9878558   57.6941249   40.6508168    0.0000000    0.0000000  380.3468025  381.3767242  382.4046108  382.6952357  387.9959140  387.5686398
   12.6966935  354.2972973  181.9878558   57.6941249   40.6508168    0.0000000    0.0000000  379.8629865  380.8796241  381.9023017  382.1922743  387.4888333  387.0501312
   13.1757830  354.2972973  181.9878558   57.6941249   40.6508168    0.0000000    0.0000000  379.3732910  380.3766303  381.3940933  381.6834131  386.9758483  386.5257061
   13.4831040  354.2972973  181.9878558   57.6941249   40.6508168    0.0000000    0.0000000  379.0592714  380.0541579  381.0683065  381.3572112  386.6470253  386.1896114
   14.1515279  354.2972973  181.9878558   57.6941249   40.6508168    0.0000000    0.0000000  378.3765482  379.3532498  380.3602677  380.6482795  385.9324547  385.4593969
   14.6480449  354.2972973  181.9878558   57.6941249   40.6508168    0.0000000    0.0000000  377.8696380  378.8330008  379.8347883  380.1221452  385.4021841  384.9176514
   15.1502367  354.2972973  181.9878558   57.6941249   40.6508168    0.0000000    0.0000000  377.3571227  378.3071338  379.3036858  379.5903872  384.8662858  384.3702671
   15.6580399  354.2972973  181.9878558   57.6941249   40.6508168    0.0000000    0.0000000  376.8390651  377.7757119  378.7670234  379.0530687  384.3248232  383.8173075
   16.1713931  354.2972973  181.9878558   57.6941249   40.6508168    0.0000000    0.0000000  376.3155260  377.2387961  378.2248623  378.5102508  383.7778573  383.2588341
   16.6902370  354.2972973  181.9878558   57.6941249   40.6508168    0.0000000    0.0000000  375.7865641  376.6964454  377.6772616  377.9619927  383.2254475  382.6949063
   17.2145141  354.2972973  181.9878558   57.6941249   40.6508168    0.0000000    0.0000000  375.2522364  376.1487171  377.1242786  377.4083517  382.6676511  382.1255817
   17.7441686  354.2972973  181.9878558   57.6941249   40.6508168    0.0000000    0.0000000  374.7125981  375.5956665  376.5659688  376.8493833  382.1045237  381.5509161
   18.2791464  354.2972973  181.9878558   57.6941249   40.6508168    0.0000000    0.0000000  374.1677027  375.0373474  376.0023859  376.2851414  381.5361192  380.9709636
   18.8193952  354.2972973  181.9878558   57.6941249   40.6508168    0.0000000    0.0000000  373.6176022  374.4738119  375.4335823  375.7156782  380.9624899  380.3857767
   19.3648640  354.2972973  181.9878558   57.6941249   40.6508168    0.0000000    0.0000000  373.0623469  373.9051107  374.8596087  375.1410444  380.3836866  379.7954063
   19.9155034  354.2972973  181.9878558   57.6941249   40.6508168    0.0000000    0.0000000  372.5019859  373.3312930  374.2805144  374.5612894  379.7997588  379.1999020
   20.4712651  354.2972973  181.9878558   57.6941249   40.6508168    0.0000000    0.0000000  371.9365668  372.7524066  373.6963471  373.9764609  379.2107542  378.5993120
   21.0321024  354.2972973  181.9878558   57.6941249   40.6508168    0.0000000    0.0000000  371.3661359  372.1684980  373.1071536  373.3866057  378.6167196  377.9936829
   21.5979699  354.2972973  181.9878558   57.6941249   40.6508168    0.0000000    0.0000000  370.7907383  371.5796124  372.5129791  372.7917689  378.0177004  377.3830604
   22.1688231  354.2972973  181.9878558   57.6941249   40.6508168    0.0000000    0.0000000  370.2104179  370.9857939  371.9138677  372.1919948  377.4137406  376.7674887
   22.7446189  354.2972973  181.9878558   57.6941249   40.6508168    0.0000000    0.0000000  369.6252173  370.3870854  371.3098625  371.5873263  376.8048835  376.1470110
   23.3253153  354.2972973  181.9878558   57.6941249   40.6508168    0.0000000    0.0000000  369.0351783  369.7835287  370.7010052  370.9778053  376.1911707  375.5216694
   23.9108712  354.2972973  181.9878558   57.6941249   40.6508168    0.0000000    0.0000000  368.4403413  369.1751645  370.0873366  370.3634726  375.5726433  374.8915049
   24.5012466  354.2972973  181.9878558   57.6941249   40.6508168    0.0000000    0.0000000  367.8407461  368.5620325  369.4688967  369.7443680  374.9493411  374.2565575
   25.0964026  354.2972973  181.9878558   57.6941249   40.6508168    0.0000000    0.0000000  367.2364313  367.9441717  368.8457241  369.1205304  374.3213030  373.6168661
   25.6963009  354.2972973  181.9878558   57.6941249   40.6508168    0.0000000    0.0000000  366.6274344  367.3216197  368.2178568  368.4919976  373.6885668  372.9724689
   26.3009044  354.2972973  181.9878558   57.6941249   40.6508168    0.0000000    0.0000000  366.0137924  366.6944135  367.5853319  367.8588066  373.0511697  372.3234030
   26.9101768  354.2972973  181.9878558   57.6941249   40.6508168    0.0000000    0.0000000  365.3955412  366.0625893  366.9481854  367.2209937  372.4091479  371.6697047
   27.5240826  354.2972973  181.9878558   57.6941249   40.6508168    0.0000000    0.0000000  364.7727160  365.4261822  366.3064526  366.5785941  371.7625367  371.0114095
   28.1425870  354.2972973  181.9878558   57.6941249   40.6508168    0.0000000    0.0000000  364.1453510  364.7852268  365.6601681  365.9316423  371.1113707  370.3485520
   28.7656561  354.2972973  181.9878558   57.6941249   40.6508168    0.0000000    0.0000000  363.5134799  364.1397568  365.0093657  365.2801722  370.4556836  369.6811662
   29.3932567  354.2972973  181.9878558   57.6941249   40.6508168    0.0000000    0.0000000  362.8771356  363.4898051  364.3540783  364.6242167  369.7955086  369.0092852
   30.0253564  354.2972973  181.9878558   57.6941249   40.6508168    0.0000000    0.0000000  362.2363500  362.8354040  363.6943382  363.9638081  369.1308780  368.3329415
   30.6619233  354.2972973  181.9878558   57.6941249   40.6508168    0.0000000    0.0000000  361.5911549  362.1765851  363.0301771  363.2989781  368.4618234  367.6521668
   31.3029262  354.2972973  181.9878558   57.6941249   40.6508168    0.0000000    0.0000000  360.9415808  361.5133792  362.3616259  362.6297576  367.7883758  366.9669922
   31.9483348  354.2972973  181.9878558   57.6941249   40.6508168    0.0000000    0.0000000  360.2876580  360.8458167  361.6887150  361.9561770  367.1105655  366.2774481
   32.5981192  354.2972973  181.9878558   57.6941249   40.6508168    0.0000000    0.0000000  359.6294161  360.1739272  361.0114739  361.2782658  366.4284224  365.5835644
   33.2522499  354.2972973  181.9878558   57.6941249   40.6508168    0.0000000    0.0000000  358.9668839  359.4977397  360.3299319  360.5960534  365.7419756  364.8853703
   33.9106985  354.2972973  181.9878558   57.6941249   40.6508168    0.0000000    0.0000000  358.3000900  358.8172828  359.6441174  359.9095681  365.0512535  364.1828943
   34.5734367  354.2972973  181.9878558   57.6941249   40.6508168    0.0000000    0.0000000  357.6290620  358.1325843  358.9540584  359.2188379  364.3562842  363.4761647
   35.2404370  354.2972973  181.9878558   57.6941249   40.6508168    0.0000000    0.0000000  356.9538274  357.4436716  358.2597824  358.5238902  363.6570951  362.7652089
   35.9116722  354.2972973  181.9878558   57.6941249   40.6508168    0.0000000    0.0000000  356.2744128  356.7505717  357.5613161  357.8247520  362.9537132  362.0500539
   36.5871159  354.2972973  181.9878558   57.6941249   40.6508168    0.0000000    0.0000000  355.5908445  356.0533108  356.8586860  357.1214497  362.2461649  361.3307262
   37.2667420  354.2972973  181.9878558   57.6941249   40.6508168    0.0000000    0.0000000  354.9031483  355.3519148  356.1519180  356.4140090  361.5344760  360.6072518
   37.9505248  354.2972973  181.9878558   57.6941249   40.6508168    0.0000000    0.0000000  354.2113496  354.6464091  355.4410376  355.7024556  360.8186722  359.8796563
   38.6384394  354.2972973  181.9878558   57.6941249   40.6508168    0.0000000    0.0000000  353.5154731  353.9368186  354.7260696  354.9868142  360.0987783  359.1479647
   39.3304610  354.2972973  181.9878558   57.6941249   40.6508168    0.0000000    0.0000000  352.8155432  353.2231679  354.0070385  354.2671095  359.3748188  358.4122016
   40.0265653  354.2972973  181.9878558   57.6941249   40.6508168    0.0000000    0.0000000  352.1115840  352.5054809  353.2839686  353.5433655  358.6468180  357.6723911
   40.7267286  354.2972973  181.9878558   57.6941249   40.6508168    0.0000000    0.0000000  351.4036189  351.7837812  352.5568833  352.8156059  357.9147994  356.9285571
   41.4309275  353.5823339  181.9878558   57.6941249   40.6508168    0.0000000    0.0000000  350.6880561  351.0580921  351.8258060  352.0838539  357.1787863  356.1807229
   42.1391390  352.8634090  181.9878558   57.6941249   40.6508168    0.0000000    0.0000000  349.9686242  350.3284364  351.0907594  351.3481324  356.4388016  355.4289113
   42.8513405  352.8634090  181.9878558   57.6941249   40.6508168    0.0000000    0.0000000  349.2492799  349.5948366  350.3517661  350.6084637  355.6948679  354.6731449
   43.5675097  352.1405450  181.9878558   57.6941249   40.6508168    0.0000000    0.0000000  348.5220204  348.8573146  349.6088481  349.8648701  354.9470071  353.9134460
   44.2876248  351.4137640  181.9878558   57.6941249   40.6508168    0.0000000    0.0000000  347.7909560  348.1158921  348.8620272  349.1173732  354.1952410  353.1498362
   45.0116642  350.6830876  181.9878558   57.6941249   40.6508168    0.0000000    0.0000000  347.0561075  347.3705906  348.1113246  348.3659944  353.4395910  352.3823370
   45.7396069  349.9485371  181.9878558   57.6941249   40.6508168    0.0000000    0.0000000  346.3174955  346.6214309  347.3567615  347.6107547  352.6800782  351.6109696
   46.4714320  349.2101333  181.9878558   57.6941249   40.6508168    0.0000000    0.0000000  345.5751400  345.8684338  346.5983584  346.8516747  351.9167232  350.8357547
   47.2071191  348.4678970  181.9878558   57.6941249   40.6508168    0.0000000    0.0000000  344.8290609  345.1116195  345.8361358  346.0887749  351.1495465  350.0567126
   47.9466478  347.7218483  181.9878558   57.6941249   40.6508168    0.0000000    0.0000000  344.0792778  344.3510080  345.0701136  345.3220752  350.3785680  349.2738636
   48.6899985  346.9720072  181.9878558   57.6941249   40.6508168    0.0000000    0.0000000  343.3258470  343.5866191  344.3003116  344.5515954  349.6038074  348.4872273
   49.4371515  346.2183934  181.9878558   57.6941249   40.6508168    0.0000000    0.0000000  342.5687837  342.8184721  343.5267492  343.7773549  348.8252843  347.6968233
   50.1880877  345.4610262  181.9878558   57.6941249   40.6508168    0.0000000    0.0000000  341.8080738  342.0465862  342.7494454  342.9993728  348.0430178  346.9026708
   50.9427879  344.6999247  181.9878558   57.6941249   40.6508168    0.0000000    0.0000000  341.0437358  341.2709801  341.9684192  342.2176679  347.2570267  346.1047886
   51.7012336  343.9351076  181.9878558   57.6941249   40.6508168    0.0000000    0.0000000  340.2757876  340.4916723  341.1836891  341.4322588  346.4673296  345.3031954
   52.4634063  343.1665933  181.9878558   57.6941249   40.6508168    0.0000000    0.0000000  339.5042471  339.7086812  340.3952733  340.6431638  345.6739447  344.4979095
   53.2292880  342.3944002  181.9878558   57.6941249   40.6508168    0.0000000    0.0000000  338.7291319  338.9220246  339.6031898  339.8504008  344.8768902  343.6889490
   53.9988606  341.6185462  181.9878558   57.6941249   40.6508168    0.0000000    0.0000000  337.9504592  338.1317204  338.8074565  339.0539877  344.0761837  342.8763317
   54.7721067  340.8390489  181.9878558   57.6941249   40.6508168    0.0000000    0.0000000  337.1682462  337.3377859  338.0080907  338.2539419  343.2718428  342.0600751
   55.5490089  340.0559257  181.9878558   57.6941249   40.6508168    0.0000000    0.0000000  336.3825095  336.5402384  337.2051098  337.4502806  342.4638847  341.2401966
   56.3295499  339.2691939  181.9878558   57.6941249   40.6508168    0.0000000    0.0000000  335.5932658  335.7390950  336.3985307  336.6430209  341.6523264  340.4167132
   57.1137130  338.4788704  181.9878558   57.6941249   40.6508168    0.0000000    0.0000000  334.8005314  334.9343722  335.5883702  335.8321795  340.8371848  339.5896417
   57.9014814  337.6849718  181.9878558   57.6941249   40.6508168    0.0000000    0.0000000  334.0043225  334.1260867  334.7746448  335.0177729  340.0184764  338.7589987
   58.6928389  336.8875148  181.9878558   57.6941249   40.6508168    0.0000000    0.0000000  333.2046548  333.3142548  333.9573708  334.1998175  339.1962174  337.9248006
   59.4877690  336.0865154  181.9878558   57.6941249   40.6508168    0.0000000    0.0000000  332.4015442  332.4988924  333.1365643  333.3783294  338.3704240  337.0870635
   60.2862559  335.2819898  181.9878558   57.6941249   40.6508168    0.0000000    0.0000000  331.5950060  331.6800154  332.3122412  332.5533244  337.5411121  336.2458034
   61.0882839  334.4739538  181.9878558   57.6941249   40.6508168    0.0000000    0.0000000  330.7850556  330.8576396  331.4844171  331.7248181  336.7082974  335.4010359
   61.8938372  334.4739538  181.9878558   57.6941249   40.6508168    0.0000000    0.0000000  329.9791468  330.0317802  330.6531075  330.8928260  335.8719952  334.5527765
   62.7029006  333.6624228  181.9878558   57.6941249   40.6508168    0.0000000    0.0000000  329.1622864  329.2024525  329.8183276  330.0573634  335.0322210  333.7010406
   63.5154589  332.8474125  181.9878558   57.6941249   40.6508168    0.0000000    0.0000000  328.3420579  328.3696716  328.9800924  329.2184453  334.1889896  332.8458432
   64.3314972  332.0289379  181.9878558   57.6941249   40.6508168    0.0000000    0.0000000  327.5184757  327.5334523  328.1384169  328.3760866  333.3423160  331.9871993
   65.1510006  331.2070140  181.9878558   57.6941249   40.6508168    0.0000000    0.0000000  326.6915542  326.6938093  327.2933156  327.5303019  332.4922150  331.1251235
   65.9739545  330.3816556  181.9878558   57.6941249   40.6508168    0.0000000    0.0000000  325.8613074  325.8507569  326.4448031  326.6811056  331.6387008  330.2596304
   66.8003447  329.5330596  181.9878558   57.6941249   40.6508168    0.0000000    0.0000000  325.0081296  325.0043095  325.5928936  325.8285122  330.7817880  329.3907343
   67.6301567  328.6811310  181.9878558   57.6941249   40.6508168    0.0000000    0.0000000  324.1517263  324.1544812  324.7376013  324.9725358  329.9214905  328.5184494
   68.4633766  327.8258836  181.9878558   57.6941249   40.6508168    0.0000000    0.0000000  323.2921108  323.3012860  323.8789401  324.1131902  329.0578224  327.6427897
   69.2999906  327.8258836  181.9878558   57.6941249   40.6508168    0.0000000    0.0000000  322.4570877  322.4447374  323.0169237  323.2504892  328.1907975  326.7637690
   70.1399848  327.8258836  181.9878558   57.6941249   40.6508168    0.0000000    0.0000000  321.6187603  321.5848493  322.1515659  322.3844465  327.3204293  325.8814009
   70.9833457  327.8258836  181.9878558   57.6941249   40.6508168    0.0000000    0.0000000  320.7771420  320.7216349  321.2828800  321.5150754  326.4467313  324.9956990
   71.8300600  327.8258836  181.9878558   57.6941249   40.6508168    0.0000000    0.0000000  319.9322459  319.8551076  320.4108792  320.6423894  325.5697169  324.1066765
   72.6801144  327.8258836  181.9878558   57.6941249   40.6508168    0.0000000    0.0000000  319.0840849  318.9852804  319.5355769  319.7664014  324.6893991  323.2143467
   73.5334959  327.8258836  181.9878558   57.6941249   40.6508168    0.0000000    0.0000000  318.2326718  318.1121664  318.6569858  318.8871245  323.8057909  322.3187225
   74.3901914  327.8258836  181.9878558   57.6941249   40.6508168    0.0000000    0.0000000  317.3780192  317.2357783  317.7751188  318.0045715  322.9189052  321.4198168
   75.2501883  327.8258836  181.9878558   57.6941249   40.6508168    0.0000000    0.0000000  316.5201397  316.3561287  316.8899886  317.1187551  322.0287546  320.5176423
   76.1134740  327.8258836  181.9878558   57.6941249   40.6508168    0.0000000    0.0000000  315.6590456  315.4732303  316.0016077  316.2296877  321.1353517  319.6122115
   76.9800359  327.8258836  181.9878558   57.6941249   40.6508168    0.0000000    0.0000000  314.7947492  314.5870953  315.1099885  315.3373818  320.2387089  318.7035370
   77.8498617  327.8258836  181.9878558   57.6941249   40.6508168    0.0000000    0.0000000  313.9272625  313.6977360  314.2151432  314.4418496  319.3388384  317.7916309
   78.7229392  327.8258836  181.9878558   57.6941249   40.6508168    0.0000000    0.0000000  313.0565975  312.8051644  313.3170839  313.5431032  318.4357523  316.8765054
   79.5992563  327.8258836  181.9878558   57.6941249   40.6508168    0.0000000    0.0000000  312.1827659  311.9093925  312.4158227  312.6411546  317.5294626  315.9581726
   80.4788012  327.8258836  181.9878558   57.6941249   40.6508168    0.0000000    0.0000000  311.3057796  311.0104323  311.5113712  311.7360156  316.6199812  315.0366442
   81.3615619  327.8258836  181.9878558   57.6941249   40.6508168    0.0000000    0.0000000  310.4256499  310.1082952  310.6037413  310.8276979  315.7073197  314.1119321
   82.2475269  327.8258836  181.9878558   57.6941249   40.6508168    0.0000000    0.0000000  309.5423885  309.2029929  309.6929445  309.9162132  314.7914898  313.1840478
   83.1366846  327.8258836  181.9878558   57.6941249   40.6508168    0.0000000    0.0000000  308.6560065  308.2945369  308.7789923  309.0015727  313.8725030  312.2530028
   84.0290235  327.8258836  181.9878558   57.6941249   40.6508168    0.0000000    0.0000000  307.7665151  307.3829385  307.8618959  308.0837880  312.9503705  311.3188086
   84.9245324  327.8258836  181.9878558   57.6941249   40.6508168    0.0000000    0.0000000  306.8739254  306.4682088  306.9416667  307.1628701  312.0251035  310.3814762
   85.8232001  327.8258836  181.9878558   57.6941249   40.6508168    0.0000000    0.0000000  305.9782484  305.5503589  306.0183156  306.2388302  311.0967133  309.4410170
   86.7250155  327.8258836  181.9878558   57.6941249   40.6508168    0.0000000    0.0000000  305.0794949  304.6293998  305.0918537  305.3116793  310.1652106  308.4974418
   87.6299676  327.8258836  181.9878558   57.6941249   40.6508168    0.0000000    0.0000000  304.1776756  303.7053424  304.1622918  304.3814281  309.2306066  307.5507615
   88.5380457  327.8258836  181.9878558   57.6941249   40.6508168    0.0000000    0.0000000  303.2728012  302.7781973  303.2296407  303.4480876  308.2929118  306.6009870
   89.4492390  327.8258836  181.9878558   57.6941249   40.6508168    0.0000000    0.0000000  302.3648820  301.8479753  302.2939109  302.5116682  307.3521369  305.6481289
   90.3635368  327.8258836  181.9878558   57.6941249   40.6508168    0.0000000    0.0000000  301.4539285  300.9146867  301.3551131  301.5721805  306.4082924  304.6921977
   91.2809288  327.8258836  181.9878558   57.6941249   40.6508168    0.0000000    0.0000000  300.5399511  299.9783421  300.4132576  300.6296350  305.4613889  303.7332040
   92.2014044  327.8258836  181.9878558   57.6941249   40.6508168    0.0000000    0.0000000  299.6229598  299.0389516  299.4683547  299.6840419  304.5114365  302.7711580
   93.1249535  327.8258836  181.9878558   57.6941249   40.6508168    0.0000000    0.0000000  298.7029647  298.0965256  298.5204147  298.7354115  303.5584456  301.8060700
   94.0515657  327.8258836  181.9878558   57.6941249   40.6508168    0.0000000    0.0000000  297.7799759  297.1510741  297.5694476  297.7837538  302.6024262  300.8379501
   94.9812310  327.8258836  181.9878558   57.6941249   40.6508168    0.0000000    0.0000000  296.8540032  296.2026071  296.6154635  296.8290789  301.6433884  299.8668083
   95.9139395  327.8258836  181.9878558   57.6941249   40.6508168    0.0000000    0.0000000  295.9250564  295.2511345  295.6584723  295.8713967  300.6813420  298.8926547
   96.8496811  327.8258836  181.9878558   57.6941249   40.6508168    0.0000000    0.0000000  294.9931452  294.2966662  294.6984838  294.9107169  299.7162969  297.9154991
   97.7884462  327.8258836  181.9878558   57.6941249   40.6508168    0.0000000    0.0000000  294.0582791  293.3392117  293.7355077  293.9470494  298.7482628  296.9353511
   98.7302249  327.8258836  181.9878558   57.6941249   40.6508168    0.0000000    0.0000000  293.1204678  292.3787808  292.7695535  292.9804037  297.7772494  295.9522204
   99.6750078  327.8258836  181.9878558   57.6941249   40.6508168    0.0000000    0.0000000  292.1797205  291.4153829  291.8006310  292.0107894  296.8032661  294.9661167
  100.6227852  327.8258836  181.9878558   57.6941249   40.6508168    0.0000000    0.0000000  291.2360466  290.4490275  290.8287494  291.0382159  295.8263225  293.9770493
  101.5735478  327.8258836  181.9878558   57.6941249   40.6508168    0.0000000    0.0000000  290.2894554  289.4797239  289.8539182  290.0626925  294.8464279  292.9850276
  102.5272861  327.8258836  181.9878558   57.6941249   40.6508168    0.0000000    0.0000000  289.3399560  288.5074814  288.8761466  289.0842286  293.8635915  291.9900610
  103.4839910  327.8258836  181.9878558   57.6941249   40.6508168    0.0000000    0.0000000  288.3875574  287.5323091  287.8954437  288.1028333  292.8778225  290.9921586
  104.4436533  327.8258836  181.9878558   57.6941249   40.6508168    0.0000000    0.0000000  287.4322686  286.5542161  286.9118187  287.1185156  291.8891301  289.9913296
  105.4062638  327.8258836  181.9878558   57.6941249   40.6508168    0.0000000    0.0000000  286.4740985  285.5732115  285.9252806  286.1312847  290.8975233  288.9875830
  106.3718137  327.8258836  181.9878558   57.6941249   40.6508168    0.0000000    0.0000000  285.5130560  284.5893041  284.9358383  285.1411493  289.9030109  287.9809277
  107.3402939  327.8258836  181.9878558   57.6941249   40.6508168    0.0000000    0.0000000  284.5491498  283.6025027  283.9435007  284.1481184  288.9056019  286.9713726
  108.3116956  327.8258836  181.9878558   57.6941249   40.6508168    0.0000000    0.0000000  283.5823884  282.6128162  282.9482764  283.1522008  287.9053049  285.9589264
  109.2860100  327.8258836  181.9878558   57.6941249   40.6508168    0.0000000    0.0000000  282.6127805  281.6202532  281.9501742  282.1534050  286.9021288  284.9435980
  110.2632286  327.8258836  181.9878558   57.6941249   40.6508168    0.0000000    0.0000000  281.6403347  280.6248223  280.9492027  281.1517398  285.8960820  283.9253959
  111.2433426  327.8258836  181.9878558   57.6941249   40.6508168    0.0000000    0.0000000  280.6650592  279.6265319  279.9453704  280.1472136  284.8871732  282.9043287
  112.2263435  327.8258836  181.9878558   57.6941249   40.6508168    0.0000000    0.0000000  279.6869625  278.6253907  278.9386858  279.1398349  283.8754108  281.8804048
  113.2122230  327.8258836  181.9878558   57.6941249   40.6508168    0.0000000    0.0000000  278.7060528  277.6214068  277.9291573  278.1296120  282.8608032  280.8536327
  114.2009726  327.8258836  181.9878558   57.6941249   40.6508168    0.0000000    0.0000000  277.7223383  276.6145887  276.9167931  277.1165534  281.8433587  279.8240207
  115.1925839  327.8258836  181.9878558   57.6941249   40.6508168    0.0000000    0.0000000  276.7358272  275.6049445  275.9016014  276.1006671  280.8230855  278.7915770
  116.1870489  327.8258836  181.9878558   57.6941249   40.6508168    0.0000000    0.0000000  275.7465275  274.5924825  274.8835906  275.0819615  279.7999918  277.7563099
  117.1843592  327.8258836  181.9878558   57.6941249   40.6508168    0.0000000    0.0000000  274.7544472  273.5772106  273.8627685  274.0604445  278.7740857  276.7182274
  118.1845068  327.8258836  181.9878558   57.6941249   40.6508168    0.0000000    0.0000000  273.7595943  272.5591369  272.8391433  273.0361242  277.7453753  275.6773376
  119.1874838  327.8258836  181.9878558   57.6941249   40.6508168    0.0000000    0.0000000  272.7619766  271.5382694  271.8127230  272.0090085  276.7138684  274.6336484
  120.1932820  327.8258836  181.9878558   57.6941249   40.6508168    0.0000000    0.0000000  271.7616018  270.5146159  270.7835153  270.9791054  275.6795730  273.5871678
  121.2018937  327.8258836  181.9878558   57.6941249   40.6508168    0.0000000    0.0000000  270.7584777  269.4881843  269.7515282  269.9464227  274.6424970  272.5379037
  122.2133110  327.8258836  181.9878558   57.6941249   40.6508168    0.0000000    0.0000000  269.7526120  268.4589822  268.7167693  268.9109680  273.6026480  271.4858637
  123.2275261  327.8258836  181.9878558   57.6941249   40.6508168    0.0000000    0.0000000  268.7440123  267.4270174  267.6792464  267.8727492  272.5600338  270.4310557
  124.2445314  327.8258836  181.9878558   57.6941249   40.6508168    0.0000000    0.0000000  267.7326860  266.3922975  266.6389671  266.8317738  271.5146620  269.3734872
  125.2643192  327.8258836  181.9878558   57.6941249   40.6508168    0.0000000    0.0000000  266.7186407  265.3548301  265.5959390  265.7880494  270.4665401  268.3131658
  126.2868819  327.8258836  181.9878558   57.6941249   40.6508168    0.0000000    0.0000000  265.7018838  264.3146226  264.5501695  264.7415835  269.4156758  267.2500991
  127.3122121  327.8258836  181.9878558   57.6941249   40.6508168    0.0000000    0.0000000  264.6824226  263.2716824  263.5016661  263.6923835  268.3620764  266.1842945
  128.3403022  327.8258836  181.9878558   57.6941249   40.6508168    0.0000000    0.0000000  263.6602644  262.2260171  262.4504362  262.6404568  267.3057493  265.1157595
  129.3711449  327.8258836  181.9878558   57.6941249   40.6508168    0.0000000    0.0000000  262.6354165  261.1776338  261.3964871  261.5858108  266.2467018  264.0445013
  130.4047329  327.8258836  181.9878558   57.6941249   40.6508168    0.0000000    0.0000000  261.6078860  260.1265398  260.3398261  260.5284528  265.1849413  262.9705273
  131.4410589  327.8258836  181.9878558   57.6941249   40.6508168    0.0000000    0.0000000  260.5776800  259.0727424  259.2804604  259.4683898  264.1204748  261.8938446
  132.4801157  327.8258836  181.9878558   57.6941249   40.6508168    0.0000000    0.0000000  259.5448056  258.0162486  258.2183970  258.4056291  263.0533097  260.8144605
  133.5218961  327.8258836  181.9878558   57.6941249   40.6508168    0.0000000    0.0000000  258.5092698  256.9570656  257.1536432  257.3401777  261.9834529  259.7323820
  134.5663930  327.8258836  181.9878558   57.6941249   40.6508168    0.0000000    0.0000000  257.4710795  255.8952004  256.0862060  256.2720428  260.9109116  258.6476163
  135.6135993  327.8258836  181.9878558   57.6941249   40.6508168    0.0000000    0.0000000  256.4302417  254.8306599  255.0160922  255.2012312  259.8356927  257.5601703
  136.6635081  327.8258836  181.9878558   57.6941249   40.6508168    0.0000000    0.0000000  255.3867632  253.7634511  253.9433090  254.1277499  258.7578031  256.4700509
  137.7161125  327.8258836  181.9878558   57.6941249   40.6508168    0.0000000    0.0000000  254.3406507  252.6935808  252.8678630  253.0516058  257.6772497  255.3772651
  138.7714055  327.8258836  181.9878558   57.6941249   40.6508168    0.0000000    0.0000000  253.2919111  251.6210560  251.7897612  251.9728058  256.5940393  254.2818196
  139.8293804  327.8258836  181.9878558   57.6941249   40.6508168    0.0000000    0.0000000  252.2405510  250.5458832  250.7090104  250.8913564  255.5081788  253.1837214
  140.8900303  327.8258836  181.9878558   57.6941249   40.6508168    0.0000000    0.0000000  251.1865770  249.4680693  249.6256171  249.8072646  254.4196749  252.0829770
  141.9533485  327.8258836  181.9878558   57.6941249   40.6508168    0.0000000    0.0000000  250.1299957  248.3876209  248.5395882  248.7205369  253.3285341  250.9795933
  143.0193283  327.8258836  181.9878558   57.6941249   40.6508168    0.0000000    0.0000000  249.0708137  247.3045446  247.4509302  247.6311801  252.2347632  249.8735768
  144.0879631  327.8258836  181.9878558   57.6941249   40.6508168    0.0000000    0.0000000  248.0090374  246.2188470  246.3596497  246.5392005  251.1383687  248.7649341
  145.1592463  327.8258836  181.9878558   57.6941249   40.6508168    0.0000000    0.0000000  246.9446733  245.1305345  245.2657532  245.4446048  250.0393571  247.6536717
  146.2331715  327.8258836  181.9878558   57.6941249   40.6508168    0.0000000    0.0000000  245.8777278  244.0396137  244.1692472  244.3473995  248.9377349  246.5397962
  147.3097320  327.8258836  181.9878558   57.6941249   40.6508168    0.0000000    0.0000000  244.8082072  242.9460910  243.0701381  243.2475909  247.8335086  245.4233140
  148.3889215  327.8258836  181.9878558   57.6941249   40.6508168    0.0000000    0.0000000  243.7361178  241.8499727  241.9684322  242.1451854  246.7266844  244.3042314
  149.4707336  327.8258836  181.9878558   57.6941249   40.6508168    0.0000000    0.0000000  242.6614659  240.7512651  240.8641360  241.0401894  245.6172689  243.1825549
  150.5551619  327.8258836  181.9878558   57.6941249   40.6508168    0.0000000    0.0000000  241.5842576  239.6499746  239.7572557  239.9326091  244.5052681  242.0582906
  151.6422002  327.8258836  181.9878558   57.6941249   40.6508168    0.0000000    0.0000000  240.5044992  238.5461074  238.6477974  238.8224508  243.3906884  240.9314450
  152.7318421  327.8258836  181.9878558   57.6941249   40.6508168    0.0000000    0.0000000  239.4221967  237.4396696  237.5357675  237.7097207  242.2735360  239.8020241
  153.8240816  327.8258836  181.9878558   57.6941249   40.6508168    0.0000000    0.0000000  238.3373563  236.3306674  236.4211721  236.5944249  241.1538171  238.6700342
  154.9189123  327.8258836  181.9878558   57.6941249   40.6508168    0.0000000    0.0000000  237.2499839  235.2191069  235.3040172  235.4765695  240.0315376  237.5354813
  156.0163283  327.8258836  181.9878558   57.6941249   40.6508168    0.0000000    0.0000000  236.1600856  234.1049942  234.1843089  234.3561606  238.9067038  236.3983715
  157.1163234  327.8258836  181.9878558   57.6941249   40.6508168    0.0000000    0.0000000  235.0676672  232.9883352  233.0620533  233.2332043  237.7793216  235.2587109
  158.2188916  327.8258836  181.9878558   57.6941249   40.6508168    0.0000000    0.0000000  233.9727347  231.8691360  231.9372563  232.1077064  236.6493970  234.1165055
  159.3240269  327.8258836  181.9878558   57.6941249   40.6508168    0.0000000    0.0000000  232.8752940  230.7474024  230.8099239  230.9796729  235.5169359  232.9717612
  160.4317233  327.8258836  181.9878558   57.6941249   40.6508168    0.0000000    0.0000000  231.7753508  229.6231403  229.6800619  229.8491097  234.3819442  231.8244839
  161.5419750  327.8258836  181.9878558   57.6941249   40.6508168    0.0000000    0.0000000  230.6729110  228.4963557  228.5476762  228.7160227  233.2444279  230.6746795
  162.6547761  327.8258836  181.9878558   57.6941249   40.6508168    0.0000000    0.0000000  229.5679803  227.3670543  227.4127726  227.5804177  232.1043927  229.5223538
  163.7701207  327.8258836  181.9878558   57.6941249   40.6508168    0.0000000    0.0000000  228.4605644  226.2352418  226.2753569  226.4423004  230.9618443  228.3675126
  164.8880031  327.8258836  181.9878558   57.6941249   40.6508168    0.0000000    0.0000000  227.3506689  225.1009240  225.1354349  225.3016766  229.8167886  227.2101617
  166.0084174  327.8258836  181.9878558   57.6941249   40.6508168    0.0000000    0.0000000  226.2382995  223.9641066  223.9930121  224.1585519  228.6692312  226.0503067
  167.1313581  327.8258836  181.9878558   57.6941249   40.6508168    0.0000000    0.0000000  225.1234618  222.8247953  222.8480943  223.0129321  227.5191777  224.8879533
  168.2568195  327.8258836  181.9878558   57.6941249   40.6508168    0.0000000    0.0000000  224.0061613  221.6829956  221.7006870  221.8648227  226.3666339  223.7231071
  169.3847958  327.8258836  181.9878558   57.6941249   40.6508168    0.0000000    0.0000000  222.8864035  220.5387131  220.5507959  220.7142294  225.2116052  222.5557738
  170.5152816  327.8258836  181.9878558   57.6941249   40.6508168    0.0000000    0.0000000  221.7641939  219.3919533  219.3984265  219.5611576  224.0540972  221.3859589
  171.6482712  327.8258836  181.9878558   57.6941249   40.6508168    0.0000000    0.0000000  220.6395380  218.2427219  218.2435843  218.4056128  222.8941155  220.2136680
  172.7837591  327.8258836  181.9878558   57.6941249   40.6508168    0.0000000    0.0000000  219.5124410  217.0910241  217.0862748  217.2476006  221.7316655  219.0389064
  173.9217399  327.8258836  181.9878558   57.6941249   40.6508168    0.0000000    0.0000000  218.3829085  215.9368655  215.9265033  216.0871264  220.5667526  217.8616796
  175.0622080  327.8258836  181.9878558   57.6941249   40.6508168    0.0000000    0.0000000  217.2509458  214.7802514  214.7642754  214.9241955  219.3993823  216.6819931
  176.2051582  327.8258836  181.9878558   57.6941249   40.6508168    0.0000000    0.0000000  216.1165580  213.6211872  213.5995963  213.7588134  218.2295599  215.4998522
  177.3505849  327.8258836  181.9878558   57.6941249   40.6508168    0.0000000    0.0000000  214.9797506  212.4596782  212.4324714  212.5909853  217.0572907  214.3152623
  178.4984829  327.8258836  181.9878558   57.6941249   40.6508168    0.0000000    0.0000000  213.8405287  211.2957297  211.2629060  211.4207165  215.8825800  213.1282287
  179.6488469  327.8258836  181.9878558   57.6941249   40.6508168    0.0000000    0.0000000  212.6988974  210.1293470  210.0909052  210.2480124  214.7054331  211.9387566
  180.8016715  327.8258836  181.9878558   57.6941249   40.6508168    0.0000000    0.0000000  211.5548621  208.9605352  208.9164745  209.0728780  213.5258553  210.7468513
  181.9569516  327.8258836  181.9878558   57.6941249   40.6508168    0.0000000    0.0000000  210.4084278  207.7892997  207.7396189  207.8953187  212.3438516  209.5525179
  183.1146819  327.8258836  181.9878558   57.6941249   40.6508168    0.0000000    0.0000000  209.2595995  206.6156454  206.5603435  206.7153396  211.1594273  208.3557617
  184.2748572  327.8258836  181.9878558   57.6941249   40.6508168    0.0000000    0.0000000  208.1083825  205.4395775  205.3786536  205.5329457  209.9725875  207.1565878
  185.4374725  327.8258836  181.9878558   57.6941249   40.6508168    0.0000000    0.0000000  206.9547816  204.2611012  204.1945542  204.3481422  208.7833373  205.9550012
  186.6025225  327.8258836  181.9878558   57.6941249   40.6508168    0.0000000    0.0000000  205.7988019  203.0802214  203.0080504  203.1609342  207.5916818  204.7510072
  187.7700023  327.8258836  181.9878558   57.6941249   40.6508168    0.0000000    0.0000000  204.6404483  201.8969432  201.8191472  201.9713267  206.3976259  203.5446106
  188.9399068  327.8258836  181.9878558   57.6941249   40.6508168    0.0000000    0.0000000  203.4797259  200.7112717  200.6278496  200.7793246  205.2011747  202.3358165
  190.1122309  327.8258836  181.9878558   57.6941249   40.6508168    0.0000000    0.0000000  202.3166394  199.5232116  199.4341625  199.5849330  204.0023332  201.1246299
  191.2869697  327.8258836  181.9878558   57.6941249   40.6508168    0.0000000    0.0000000  201.1511939  198.3327681  198.2380910  198.3881567  202.8011063  199.9110558
  192.4641182  327.8258836  181.9878558   57.6941249   40.6508168    0.0000000    0.0000000  199.9833940  197.1399459  197.0396398  197.1890007  201.5974989  198.6950990
  193.6436716  327.8258836  181.9878558   57.6941249   40.6508168    0.0000000    0.0000000  198.8132447  195.9447500  195.8388139  195.9874699  200.3915158  197.4767644
  194.8256248  327.8258836  181.9878558   57.6941249   40.6508168    0.0000000    0.0000000  197.6407507  194.7471852  194.6356182  194.7835691  199.1831620  196.2560570
  196.0099731  327.8258836  181.9878558   57.6941249   40.6508168    0.0000000    0.0000000  196.4659168  193.5472563  193.4300573  193.5773030  197.9724422  195.0329814
  197.1967116  327.8258836  181.9878558   57.6941249   40.6508168    0.0000000    0.0000000  195.2887477  192.3449681  192.2221362  192.3686766  196.7593613  193.8075426
  198.3858355  327.8258836  181.9878558   57.6941249   40.6508168    0.0000000    0.0000000  194.1092481  191.1403253  191.0118596  191.1576946  195.5439240  192.5797452
  199.5773400  327.8258836  181.9878558   57.6941249   40.6508168    0.0000000    0.0000000  192.9274227  189.9333326  189.7992321  189.9443616  194.3261349  191.3495941
  200.7712204  327.8258836  181.9878558   57.6941249   40.6508168    0.0000000    0.0000000  191.7432761  188.7239949  188.5842586  188.7286824  193.1059990  190.1170939
  201.9674720  327.8258836  181.9878558   57.6941249   40.6508168    0.0000000    0.0000000  190.5568130  187.5123166  187.3669437  187.5106616  191.8835207  188.8822493
  203.1660901  327.8258836  181.9878558   57.6941249   40.6508168    0.0000000    0.0000000  189.3680378  186.2983026  186.1472919  186.2903040  190.6587048  187.6450650
  204.3670700  327.8258836  181.9878558   57.6941249   40.6508168    0.0000000    0.0000000  188.1769553  185.0819573  184.9253080  185.0676141  189.4315558  186.4055456
  205.5704070  327.8258836  181.9878558   57.6941249   40.6508168    0.0000000    0.0000000  186.9835699  183.8632853  183.7009966  183.8425965  188.2020784  185.1636957
  206.7760966  327.8258836  181.9878558   57.6941249   40.6508168    0.0000000    0.0000000  185.7878862  182.6422913  182.4743621  182.6152557  186.9702771  183.9195198
  207.9841343  327.8258836  181.9878558   57.6941249   40.6508168    0.0000000    0.0000000  184.5899085  181.4189798  181.2454091  181.3855964  185.7361566  182.6730226
  209.1945153  327.8258836  181.9878558   57.6941249   40.6508168    0.0000000    0.0000000  183.3896414  180.1933552  180.0141422  180.1536230  184.4997211  181.4242085
  210.4072352  327.8258836  181.9878558   57.6941249   40.6508168    0.0000000    0.0000000  182.1870893  178.9654221  178.7805658  178.9193399  183.2609754  180.1730821
  211.6222896  327.8258836  181.9878558   57.6941249   40.6508168    0.0000000    0.0000000  180.9822567  177.7351848  177.5446843  177.6827518  182.0199238  178.9196478
  212.8396739  327.8258836  181.9878558   57.6941249   40.6508168    0.0000000    0.0000000  179.7751478  176.5026479  176.3065023  176.4438629  180.7765707  177.6639100
  214.0593836  327.8258836  181.9878558   57.6941249   40.6508168    0.0000000    0.0000000  178.5657670  175.2678157  175.0660241  175.2026777  179.5309206  176.4058731
  215.2814144  327.8258836  181.9878558   57.6941249   40.6508168    0.0000000    0.0000000  177.3541187  174.0306926  173.8232540  173.9592006  178.2829779  175.1455416
  216.5057619  327.8258836  180.7815574   57.6941249   40.6508168    0.0000000    0.0000000  176.1402072  172.8167573  172.5781965  172.7134359  177.0327469  173.8829199
  217.7324216  327.8258836  179.5729919   57.6941249   40.6508168    0.0000000    0.0000000  174.9240367  171.6006164  171.3308559  171.4653880  175.7802319  172.6180121
  218.9613892  327.8258836  178.3621637   57.6941249   40.6508168    0.0000000    0.0000000  173.7056115  170.3822742  170.0812365  170.2150612  174.5254373  171.3508228
  220.1926605  327.8258836  177.1490771   57.6941249   40.6508168    0.0000000    0.0000000  172.4849359  169.1617347  168.8293425  168.9624597  173.2683673  170.0813561
  221.4262310  327.8258836  175.9337362   57.6941249   40.6508168    0.0000000    0.0000000  171.2620140  167.9390021  167.5751783  167.7075878  172.0090262  168.8096164
  222.6620966  327.8258836  174.7161454   57.6941249   40.6508168    0.0000000    0.0000000  170.0368501  166.7140805  166.3187480  166.4504498  170.7474183  167.5356078
  223.9002529  327.8258836  173.4963088   57.6941249   40.6508168    0.0000000    0.0000000  168.8094482  165.4869739  165.0600559  165.1910498  169.4835477  166.2593347
  225.1406957  327.8258836  172.2742306   57.6941249   40.6508168    0.0000000    0.0000000  167.5798125  164.2576865  163.7991061  163.9293921  168.2174186  164.9808011
  226.3834209  327.8258836  171.0499150   57.6941249   40.6508168    0.0000000    0.0000000  166.3479472  163.0262221  162.5359029  162.6654808  166.9490353  163.7000113
  227.6284243  327.8258836  169.8233661   57.6941249   40.6508168    0.0000000    0.0000000  165.1138564  161.7925849  161.2704503  161.3993200  165.6784018  162.4169694
  228.8757016  327.8258836  168.5945881   57.6941249   40.6508168    0.0000000    0.0000000  163.8775440  160.5567788  160.0027525  160.1309139  164.4055223  161.1316796
  230.1252487  327.8258836  167.3635849   57.6941249   40.6508168    0.0000000    0.0000000  162.6390142  159.3188077  158.7328136  158.8602666  163.1304009  159.8441459
  231.3770616  327.8258836  166.1303608   57.6941249   40.6508168    0.0000000    0.0000000  161.3982710  158.0786757  157.4606377  157.5873821  161.8530416  158.5543725
  232.6311361  327.8258836  166.1303608   57.6941249   40.6508168    0.0000000    0.0000000  160.1553183  156.8116249  156.1862287  156.3122646  160.5734486  157.2623634
  233.8874682  327.8258836  164.8949196   57.6941249   40.6508168    0.0000000    0.0000000  158.9101603  155.5669926  154.9095908  155.0349179  159.2916258  155.9681226
  235.1460538  327.8258836  163.6572655   57.6941249   40.6508168    0.0000000    0.0000000  157.6628007  154.3202107  153.6307279  153.7553462  158.0075772  154.6716542
  236.4068889  327.8258836  162.4174025   57.6941249   40.6508168    0.0000000    0.0000000  156.4132436  153.0712831  152.3496440  152.4735534  156.7213069  153.3729621
  237.6699694  327.8258836  161.1753345   57.6941249   40.6508168    0.0000000    0.0000000  155.1614929  151.8202135  151.0663432  151.1895434  155.4328187  152.0720503
  238.9352915  327.8258836  159.9310656   57.6941249   40.6508168    0.0000000    0.0000000  153.9075525  150.5670058  149.7808293  149.9033203  154.1421168  150.7689229
  240.2028510  327.8258836  158.6845995   57.6941249   40.6508168    0.0000000    0.0000000  152.6514262  149.3116638  148.4931062  148.6148880  152.8492049  149.4635836
  241.4726442  327.8258836  157.4359403   57.6941249   40.6508168    0.0000000    0.0000000  151.3931180  148.0541912  147.2031779  147.3242503  151.5540870  148.1560365
  242.7446670  327.8258836  156.1850919   57.6941249   40.6508168    0.0000000    0.0000000  150.1326316  146.7945918  145.9110482  146.0314112  150.2567669  146.8462854
  244.0189156  327.8258836  154.9320580   57.6941249   40.6508168    0.0000000    0.0000000  148.8699708  145.5328694  144.6167211  144.7363744  148.9572486  145.5343341
  245.2953861  327.8258836  153.6768427   57.6941249   40.6508168    0.0000000    0.0000000  147.6051396  144.2690276  143.3202003  143.4391439  147.6555359  144.2201866
  246.5740746  327.8258836  152.4194497   57.6941249   40.6508168    0.0000000    0.0000000  146.3381415  143.0030702  142.0214896  142.1397235  146.3516326  142.9038467
  247.8549773  327.8258836  151.1598828   57.6941249   40.6508168    0.0000000    0.0000000  145.0689805  141.7350007  140.7205929  140.8381169  145.0455425  141.5853181
  249.1380904  327.8258836  149.8981458   57.6941249   40.6508168    0.0000000    0.0000000  143.7976602  140.4648230  139.4175140  139.5343280  143.7372693  140.2646047
  250.4234100  327.8258836  148.6342425   57.6941249   40.6508168    0.0000000    0.0000000  142.5241844  139.1925405  138.1122566  138.2283605  142.4268169  138.9417103
  251.7109324  327.8258836  147.3681766   57.6941249   40.6508168    0.0000000    0.0000000  141.2485567  137.9182284  136.8048245  136.9202181  141.1141891  137.6166385
  253.0006538  327.8258836  146.0999520   57.6941249   40.6508168    0.0000000    0.0000000  139.9707808  136.6418687  135.4952213  135.6099046  139.7993894  136.2893931
  254.2925704  327.8258836  144.8295723   57.6941249   40.6508168    0.0000000    0.0000000  138.6908604  135.3634156  134.1834508  134.2974237  138.4824217  134.9599779
  255.5866787  327.8258836  143.5570411   57.6941249   40.6508168    0.0000000    0.0000000  137.4087991  134.0828726  132.8695167  132.9827790  137.1632896  133.6283965
  256.8829747  327.8258836  142.2823622   57.6941249   40.6508168    0.0000000    0.0000000  136.1246007  132.8002431  131.5534226  131.6659743  135.8419968  132.2946526
  258.1814550  327.8258836  141.0055393   57.6941249   40.6508168    0.0000000    0.0000000  134.8382685  131.5155309  130.2351722  130.3470132  134.5185469  130.9587498
  259.4821157  327.8258836  139.7265760   57.6941249   40.6508168    0.0000000    0.0000000  133.5498063  130.2287393  128.9147691  129.0258992  133.1929436  129.6206919
  260.7849532  327.8258836  138.4454758   57.6941249   40.6508168    0.0000000    0.0000000  132.2592177  128.9398718  127.5922169  127.7026361  131.8651904  128.2804823
  262.0899640  327.8258836  137.1622425   57.6941249   40.6508168    0.0000000    0.0000000  130.9665061  127.6489319  126.2675192  126.3772275  130.5352911  126.9381248
  263.3971444  327.8258836  135.8768795   57.6941249   40.6508168    0.0000000    0.0000000  129.6716751  126.3559231  124.9406797  125.0496768  129.2032491  125.5936228
  264.7064907  327.8258836  134.5893905   57.6941249   40.6508168    0.0000000    0.0000000  128.3747282  125.0608489  123.6117018  123.7199876  127.8690680  124.2469801
  266.0179995  327.8258836  133.2997790   57.6941249   40.6508168    0.0000000    0.0000000  127.0756689  123.7637125  122.2805891  122.3881636  126.5327514  122.8982000
  267.3316672  327.8258836  132.0080486   57.6941249   40.6508168    0.0000000    0.0000000  125.7745008  122.4645175  120.9473450  121.0542081  125.1943028  121.5472862
  268.6474902  327.8258836  130.7142027   57.6941249   40.6508168    0.0000000    0.0000000  124.4712272  121.1632672  119.6119733  119.7181248  123.8537257  120.1942421
  269.9654649  327.8258836  129.4182448   57.6941249   40.6508168    0.0000000    0.0000000  123.1658516  119.8599651  118.2744772  118.3799171  122.5110235  118.8390713
  271.2855880  327.8258836  128.1201785   57.6941249   40.6508168    0.0000000    0.0000000  121.8583774  118.5546143  116.9348603  117.0395885  121.1661998  117.4817772
  272.6078559  327.8258836  126.8200072   57.6941249   40.6508168    0.0000000    0.0000000  120.5488082  117.2472183  115.5931260  115.6971424  119.8192580  116.1223633
  273.9322651  327.8258836  125.5177344   57.6941249   40.6508168    0.0000000    0.0000000  119.2371471  115.9377805  114.2492778  114.3525822  118.4702016  114.7608330
  275.2588121  327.8258836  124.2133634   57.6941249   40.6508168    0.0000000    0.0000000  117.9233977  114.6263040  112.9033191  113.0059115  117.1190339  113.3971898
  276.5874936  327.8258836  122.9068976   57.6941249   40.6508168    0.0000000    0.0000000  116.6075633  113.3127923  111.5552532  111.6571335  115.7657585  112.0314371
  277.9183061  327.8258836  121.5983406   57.6941249   40.6508168    0.0000000    0.0000000  115.2896472  111.9972485  110.2050837  110.3062518  114.4103786  110.6635782
  279.2512462  327.8258836  120.2876956   57.6941249   40.6508168    0.0000000    0.0000000  113.9696528  110.6796760  108.8528138  108.9532696  113.0528976  109.2936166
  280.5863105  327.8258836  118.9749661   57.6941249   40.6508168    0.0000000    0.0000000  112.6475834  109.3600779  107.4984469  107.5981903  111.6933189  107.9215556
  281.9234957  327.8258836  117.6601553   57.6941249   40.6508168    0.0000000    0.0000000  111.3234423  108.0384575  106.1419864  106.2410172  110.3316459  106.5473985
  283.2627983  327.8258836  116.3432666   57.6941249   40.6508168    0.0000000    0.0000000  109.9972327  106.7148181  104.7834355  104.8817537  108.9678818  105.1711487
  284.6042150  327.8258836  115.0243033   57.6941249   40.6508168    0.0000000    0.0000000  108.6689581  105.3891627  103.4227976  103.5204031  107.6020301  103.7928096
  285.9477426  327.8258836  113.7032687   57.6941249   40.6508168    0.0000000    0.0000000  107.3386215  104.0614947  102.0600760  102.1569687  106.2340938  102.4123843
  287.2933777  327.8258836  112.3801661   57.6941249   40.6508168    0.0000000    0.0000000  106.0062262  102.7318171  100.6952739  100.7914537  104.8640765  101.0298762
  288.6411169  327.8258836  111.0549988   57.6941249   40.6508168    0.0000000    0.0000000  104.6717755  101.4001330   99.3283946   99.4238615  103.4919812   99.6452886
  289.9909571  327.8258836  109.7277700   57.6941249   40.6508168    0.0000000    0.0000000  103.3352726  100.0664458   97.9594413   98.0541951  102.1178113   98.2586246
  291.3428949  327.8258836  108.3984829   57.6941249   40.6508168    0.0000000    0.0000000  101.9967206   98.7307584   96.5884174   96.6824580  100.7415700   96.8698876
  292.6969272  327.8258836  107.0671409   57.6941249   40.6508168    0.0000000    0.0000000  100.6561228   97.3930739   95.2153259   95.3086533   99.3632605   95.4790808
  294.0530506  327.8258836  105.7337470   57.6941249   40.6508168    0.0000000    0.0000000   99.3134822   96.0533956   93.8401702   93.9327842   97.9828860   94.0862073
  295.4112620  327.8258836  105.7337470   57.6941249   40.6508168    0.0000000    0.0000000   97.9688021   94.6900287   92.4629533   92.5548538   96.6004497   92.6912704
  296.7715581  327.8258836  104.3983044   57.6941249   40.6508168    0.0000000    0.0000000   96.6220856   93.3461870   91.0836785   91.1748655   95.2159548   91.2942733
  298.1339357  327.8258836  103.0608164   57.6941249   40.6508168    0.0000000    0.0000000   95.2733358   92.0003603   89.7023488   89.7928222   93.8294044   89.8952190
  299.4983918  327.8258836  101.7212862   57.6941249   40.6508168    0.0000000    0.0000000   93.9225558   90.6525515   88.3189676   88.4087272   92.4408017   88.4941108
  300.8649231  327.8258836  100.3797167   57.6941249   40.6508168    0.0000000    0.0000000   92.5697488   89.3027638   86.9335378   87.0225836   91.0501498   87.0909518
  302.2335264  327.8258836   99.0361113   57.6941249   40.6508168    0.0000000    0.0000000   91.2149177   87.9510001   85.5460626   85.6343945   89.6574518   85.6857451
  303.6041987  327.8258836   97.6904730   57.6941249   40.6508168    0.0000000    0.0000000   89.8580656   86.5972633   84.1565451   84.2441630   88.2627109   84.2784938
  304.9769368  327.8258836   96.3428049   57.6941249   40.6508168    0.0000000    0.0000000   88.4991956   85.2415566   82.7649883   82.8518921   86.8659300   82.8692010
  306.3517376  327.8258836   94.9931101   57.6941249   40.6508168    0.0000000    0.0000000   87.1383108   83.8838829   81.3713955   81.4575851   85.4671123   81.4578698
  307.7285981  327.8258836   93.6413917   57.6941249   40.6508168    0.0000000    0.0000000   85.7754141   82.5242450   79.9757695   80.0612448   84.0662609   80.0445032
  309.1075151  327.8258836   92.2876527   57.6941249   40.6508168    0.0000000    0.0000000   84.4105085   81.1626460   78.5781135   78.6628744   82.6633787   78.6291044
  310.4884856  327.8258836   90.9318962   57.6941249   40.6508168    0.0000000    0.0000000   83.0435971   79.7990888   77.1784304   77.2624769   81.2584689   77.2116762
  311.8715065  327.8258836   89.5741252   57.6941249   40.6508168    0.0000000    0.0000000   81.6746828   78.4335763   75.7767233   75.8600553   79.8515344   75.7922218
  313.2565749  327.8258836   88.2143428   57.6941249   40.6508168    0.0000000    0.0000000   80.3037687   77.0661114   74.3729953   74.4556126   78.4425782   74.3707442
  314.6436876  327.8258836   86.8525519   57.6941249   40.6508168    0.0000000    0.0000000   78.9308576   75.6966970   72.9672492   73.0491518   77.0316034   72.9472464
  316.0328417  327.8258836   85.4887556   57.6941249   40.6508168    0.0000000    0.0000000   77.5559525   74.3253359   71.5594881   71.6406758   75.6186129   71.5217313
  317.4240342  327.8258836   84.1229568   57.6941249   40.6508168    0.0000000    0.0000000   76.1790563   72.9520311   70.1497149   70.2301878   74.2036096   70.0942019
  318.8172621  327.8258836   82.7551585   57.6941249   40.6508168    0.0000000    0.0000000   74.8001720   71.5767854   68.7379326   68.8176905   72.7865966   68.6646611
  320.2125224  327.8258836   81.3853636   57.6941249   40.6508168    0.0000000    0.0000000   73.4193024   70.1996016   67.3241442   67.4031869   71.3675768   67.2331120
  321.6098122  327.8258836   80.0135751   57.6941249   40.6508168    0.0000000    0.0000000   72.0364504   68.8204825   65.9083524   65.9866800   69.9465530   65.7995574
  323.0091285  327.8258836   78.6397960   57.6941249   40.6508168    0.0000000    0.0000000   70.6516190   67.4394311   64.4905603   64.5681726   68.5235283   64.3640003
  324.4104684  327.8258836   77.2640291   57.6941249   40.6508168    0.0000000    0.0000000   69.2648110   66.0564499   63.0707708   63.1476677   67.0985054   62.9264436
  325.8138290  327.8258836   75.8862773   57.6941249   40.6508168    0.0000000    0.0000000   67.8760292   64.6715420   61.6489867   61.7251682   65.6714874   61.4868901
  327.2192073  327.8258836   74.5065435   57.6941249   40.6508168    0.0000000    0.0000000   66.4852764   63.2847099   60.2252109   60.3006769   64.2424770   60.0453428
  328.6266006  327.8258836   73.1248307   57.6941249   40.6508168    0.0000000    0.0000000   65.0925556   61.8959566   58.7994463   58.8741967   62.8114772   58.6018045
  330.0360058  327.8258836   71.7411416   57.6941249   40.6508168    0.0000000    0.0000000   63.6978695   60.5052847   57.3716957   57.4457304   61.3784907   57.1562780
  331.4474202  327.8258836   70.3554791   57.6941249   40.6508168    0.0000000    0.0000000   62.3012209   59.1126971   55.9419620   56.0152809   59.9435205   55.7087662
  332.8608408  327.8258836   68.9678461   57.6941249   40.6508168    0.0000000    0.0000000   60.9026127   57.7181963   54.5102480   54.5828510   58.5065694   54.2592720
  334.2762649  327.8258836   67.5782453   57.6941249   40.6508168    0.0000000    0.0000000   59.5020475   56.3217852   53.0765565   53.1484435   57.0676401   52.8077982
  335.6936896  327.8258836   66.1866797   57.6941249   40.6508168    0.0000000    0.0000000   58.0995282   54.9234664   51.6408902   51.7120612   55.6267354   51.3543475
  337.1131120  327.8258836   64.7931520   57.6941249   40.6508168    0.0000000    0.0000000   56.6950576   53.5232427   50.2032521   50.2737069   54.1838583   49.8989227
  338.5345295  327.8258836   63.3976650   57.6941249   40.6508168    0.0000000    0.0000000   55.2886383   52.1211168   48.7636448   48.8333834   52.7390114   48.4415267
  339.9579391  327.8258836   62.0002214   57.6941249   40.6508168    0.0000000    0.0000000   53.8802731   50.7170912   47.3220712   47.3910935   51.2921975   46.9821623
  341.3833381  327.8258836   60.6008241   57.6941249   40.6508168    0.0000000    0.0000000   52.4699648   49.3111687   45.8785339   45.9468399   49.8434193   45.5208320
  342.8107237  327.8258836   59.1994758   56.2845043   40.6508168    0.0000000    0.0000000   51.0577160   47.9033519   44.4589288   44.5006253   48.3926797   44.0575389
  344.2400932  327.8258836   57.7961792   54.8729374   40.6508168    0.0000000    0.0000000   49.6435294   46.4936435   43.0374309   43.0524524   46.9399813   42.5922855
  345.6714438  327.8258836   56.3909372   53.4594269   40.6508168    0.0000000    0.0000000   48.2274078   45.0820461   41.6140429   41.6023241   45.4853269   41.1250745
  347.1047728  327.8258836   54.9837523   52.0439756   40.6508168    0.0000000    0.0000000   46.8093537   43.6685623   40.1887673   40.1502430   44.0287192   39.6559088
  348.5400774  327.8258836   53.5746273   50.6265862   40.6508168    0.0000000    0.0000000   45.3893700   42.2531947   38.7616069   38.6962118   42.5701608   38.1847910
  349.9773549  327.8258836   52.1635650   49.2072613   40.6508168    0.0000000    0.0000000   43.9674592   40.8359458   37.3325641   37.2402332   41.1096545   36.7117237
  351.4166027  327.8258836   50.7505679   47.7860036   40.6508168    0.0000000    0.0000000   42.5436239   39.4168184   35.9016416   35.7823099   39.6472029   35.2367098
  352.8578180  327.8258836   49.3356388   46.3628159   40.6508168    0.0000000    0.0000000   41.1178669   37.9958150   34.4688420   34.3224445   38.1828088   33.7597517
  354.3009981  327.8258836   47.9187804   44.9377007   40.6508168    0.0000000    0.0000000   39.6901907   36.5729381   33.0341678   32.8606396   36.7164747   32.2808523
  355.7461404  327.8258836   46.4999953   43.5106607   40.6508168    0.0000000    0.0000000   38.2605979   35.1481903   31.5976216   31.3968981   35.2482033   30.8000142
  357.1932423  327.8258836   45.0792860   42.0816985   40.6508168    0.0000000    0.0000000   36.8290912   33.7215741   30.1592059   29.9312223   33.7779972   29.3172399
  358.6423010  327.8258836   45.0792860   40.6508168   40.6508168    0.0000000    0.0000000   35.3956731   32.2735447   28.7189233   28.4636151   32.3058591   27.8325322
  360.0933139  327.8258836   45.0792860   39.2180182   39.2180182    0.0000000    0.0000000   33.9603462   30.8236048   27.2767762   27.0207506   30.8317916   26.3458935
  361.5462784  327.8258836   45.0792860   37.7833052   37.7833052    0.0000000    0.0000000   32.5231131   29.3717571   25.8327673   25.5760241   29.3557973   24.8573267
  363.0011920  327.8258836   45.0792860   36.3466805   36.3466805    0.0000000    0.0000000   31.0839764   27.9180040   24.3868990   24.1294381   27.8778787   23.3668341
  364.4580518  327.8258836   45.0792860   34.9081467   34.9081467    0.0000000    0.0000000   29.6429385   26.4623482   22.9391738   22.6809952   26.3980385   21.8744185
  365.9168555  327.8258836   45.0792860   33.4677062   33.4677062    0.0000000    0.0000000   28.2000021   25.0047922   21.4895942   21.2306978   24.9162791   20.3800823
  367.3776004  327.8258836   45.0792860   33.4677062   32.0253618    0.0000000    0.0000000   26.7551697   23.5453384   20.0129385   19.7785484   23.4326033   18.8838282
  368.8402838  327.8258836   45.0792860   32.0253618   30.5811159    0.0000000    0.0000000   25.3084437   22.0839895   18.5594585   18.3245494   21.9470135   17.3856587
  370.3049034  327.8258836   45.0792860   30.5811159   29.1349710    0.0000000    0.0000000   23.8598267   20.6207479   17.1041312   16.8687034   20.4595122   15.8855764
  371.7714564  327.8258836   45.0792860   29.1349710   27.6869298    0.0000000    0.0000000   22.4093212   19.1556162   15.6469590   15.4110127   18.9701021   14.3835837
  373.2399403  327.8258836   45.0792860   27.6869298   26.2369946    0.0000000    0.0000000   20.9569297   17.6885968   14.1879444   13.9514798   17.4787855   12.8796833
  374.7103527  327.8258836   45.0792860   26.2369946   26.2369946    0.0000000    0.0000000   19.5026547   16.2196923   12.7270899   12.4638850   15.9855651   11.3738775
  376.1826909  327.8258836   45.0792860   24.7851681   24.7851681    0.0000000    0.0000000   18.0464985   14.7489050   11.2643977   11.0004745   14.4904433    9.8661690
  377.6569526  327.8258836   45.0792860   23.3314528   23.3314528    0.0000000    0.0000000   16.5884638   13.2762376    9.7998704    9.5352287   12.9934226    8.3565602
  379.1331350  327.8258836   45.0792860   21.8758510   21.8758510    0.0000000    0.0000000   15.1285529   11.8016923    8.3335104    8.0681502   11.4945055    6.8450536
  380.6112359  327.8258836   45.0792860   20.4183654   20.4183654    0.0000000    0.0000000   13.6667683   10.3252717    6.8653200    6.5992411    9.9936945    5.3316517
  382.0912526  327.8258836   45.0792860   18.9589983   18.9589983    0.0000000    0.0000000   12.2031124    8.8469782    5.3953016    5.1285041    8.4909920    3.8163569
  383.5731828  327.8258836   45.0792860   17.4977523   17.4977523    0.0000000    0.0000000   10.7375876    7.3668142    3.9234576    3.6559413    6.9864004    2.2991717
  385.0570238  327.8258836   45.0792860   16.0346297   16.0346297    0.0000000    0.0000000    9.2701964    5.8847821    2.4497903    2.1815552    5.4799223    0.7800986
  386.5427734  327.8258836   45.0792860   14.5696331   14.5696331    0.0000000    0.0000000    7.8009411    4.4008844    0.9743189    0.7053648    3.9715601   -0.7408601
  388.0304290  327.8258836   45.0792860   13.1027648   13.1027648    0.0000000    0.0000000    6.3298242    2.9151235   -0.5028480   -0.7725211    2.4613161   -2.2637019
  389.5199882  327.8258836   45.0792860   11.6340273   11.6340273    0.0000000    0.0000000    4.8568480    1.4275017   -1.9818308   -2.2522229    0.9491928   -3.7884244
  391.0114485  327.8258836   45.0792860   10.1634230   10.1634230    0.0000000    0.0000000    3.3820148   -0.0619786   -3.4626271   -3.7337384   -0.5648074   -5.3150251
  392.5048076  327.8258836   45.0792860    8.6909542    8.6909542    0.0000000    0.0000000    1.9053272   -1.5533151   -4.9452346   -5.2170651   -2.0806822   -6.8435018
  394.0000630  327.8258836   45.0792860    7.2166235    7.2166235    0.0000000    0.0000000    0.4267874   -3.0465052   -6.4296510   -6.7022009   -3.5984290   -8.3738519
  395.4972123  327.8258836   45.0792860    5.7404332    5.7404332    0.0000000    0.0000000   -1.0536022   -4.5415468   -7.9158741   -8.1891433   -5.1180456   -9.9060731
  396.9962532  327.8258836   45.0792860    4.2623856    4.2623856    0.0000000    0.0000000   -2.5358394   -6.0384375   -9.4039015   -9.6778902   -6.6395296  -11.4401631
  398.4971832  327.8258836   45.0792860    2.7824831    2.7824831    0.0000000    0.0000000   -4.0199217   -7.5371748  -10.8937309  -11.1684391   -8.1628786  -12.9761194
  400.0000000  327.8258836   45.0792860    1.3007281    1.3007281    0.0000000    0.0000000   -5.5058468   -9.0377566  -12.3853601  -12.6607880   -9.6880903  -14.5139397
