   0.0000000  40.7267286 212.8396739 337.1131120 354.3009981 400.0000000 400.0000000
   0.0501881  40.7267286 212.8396739 337.1131120 354.3009981 400.0000000 400.0000000
   0.1419533  40.7267286 212.8396739 337.1131120 354.3009981 400.0000000 400.0000000
   0.2607850  40.7267286 212.8396739 337.1131120 354.3009981 400.0000000 400.0000000
   0.4015047  40.7267286 212.8396739 337.1131120 354.3009981 400.0000000 400.0000000
   0.5611199  40.7267286 212.8396739 337.1131120 354.3009981 400.0000000 400.0000000
   0.7376112  40.7267286 212.8396739 337.1131120 354.3009981 400.0000000 400.0000000
   0.9294964  40.7267286 212.8396739 337.1131120 354.3009981 400.0000000 400.0000000
   1.1356268  40.7267286 212.8396739 337.1131120 354.3009981 400.0000000 400.0000000
   1.3550784  40.7267286 212.8396739 337.1131120 354.3009981 400.0000000 400.0000000
   1.5870867  40.7267286 212.8396739 337.1131120 354.3009981 400.0000000 400.0000000
   1.8310056  40.7267286 212.8396739 337.1131120 354.3009981 400.0000000 400.0000000
   2.0862796  40.7267286 212.8396739 337.1131120 354.3009981 400.0000000 400.0000000
   2.3524244  40.7267286 212.8396739 337.1131120 354.3009981 400.0000000 400.0000000
   2.6290128  40.7267286 212.8396739 337.1131120 354.3009981 400.0000000 400.0000000
   2.9156644  40.7267286 212.8396739 337.1131120 354.3009981 400.0000000 400.0000000
   3.2120376  40.7267286 212.8396739 337.1131120 354.3009981 400.0000000 400.0000000
   3.5178234  40.7267286 212.8396739 337.1131120 354.3009981 400.0000000 400.0000000
   3.8327404  40.7267286 212.8396739 337.1131120 354.3009981 400.0000000 400.0000000
   4.1565312  40.7267286 212.8396739 337.1131120 354.3009981 400.0000000 400.0000000
   4.4889590  40.7267286 212.8396739 337.1131120 354.3009981 400.0000000 400.0000000
   4.8298049  40.7267286 212.8396739 337.1131120 354.3009981 400.0000000 400.0000000
   5.1788659  40.7267286 212.8396739 337.1131120 354.3009981 400.0000000 400.0000000
   5.5359531  40.7267286 212.8396739 337.1131120 354.3009981 400.0000000 400.0000000
   5.9008899  40.7267286 212.8396739 337.1131120 354.3009981 400.0000000 400.0000000
   6.2735110  40.7267286 212.8396739 337.1131120 354.3009981 400.0000000 400.0000000
   6.6536610  40.7267286 212.8396739 337.1131120 354.3009981 400.0000000 400.0000000
   7.0411937  40.7267286 212.8396739 337.1131120 354.3009981 400.0000000 400.0000000
   7.4359711  40.7267286 212.8396739 337.1131120 354.3009981 400.0000000 400.0000000
   7.8378626  40.7267286 212.8396739 337.1131120 354.3009981 400.0000000 400.0000000
   8.2467443  40.7267286 212.8396739 337.1131120 354.3009981 400.0000000 400.0000000
   8.6624988  40.7267286 212.8396739 337.1131120 354.3009981 400.0000000 400.0000000
   9.0850143  40.7267286 212.8396739 337.1131120 354.3009981 400.0000000 400.0000000
   9.5141842  40.7267286 212.8396739 337.1131120 354.3009981 400.0000000 400.0000000
   9.9499070  40.7267286 212.8396739 337.1131120 354.3009981 400.0000000 400.0000000
  10.3920856  40.7267286 212.8396739 337.1131120 354.3009981 400.0000000 400.0000000
  10.8406269  40.7267286 212.8396739 337.1131120 354.3009981 400.0000000 400.0000000
  11.2954421  40.7267286 212.8396739 337.1131120 354.3009981 400.0000000 400.0000000
  11.7564457  40.7267286 212.8396739 337.1131120 354.3009981 400.0000000 400.0000000
  12.2235558  40.7267286 212.8396739 337.1131120 354.3009981 400.0000000 400.0000000
  12.6966935  40.7267286 212.8396739 337.1131120 354.3009981 400.0000000 400.0000000
  13.1757830  40.7267286 212.8396739 337.1131120 354.3009981 400.0000000 400.0000000
  13.4831040  40.7267286 212.8396739 337.1131120 354.3009981 400.0000000 400.0000000
  14.1515279  40.7267286 212.8396739 337.1131120 354.3009981 400.0000000 400.0000000
  14.6480449  40.7267286 212.8396739 337.1131120 354.3009981 400.0000000 400.0000000
  15.1502367  40.7267286 212.8396739 337.1131120 354.3009981 400.0000000 400.0000000
  15.6580399  40.7267286 212.8396739 337.1131120 354.3009981 400.0000000 400.0000000
  16.1713931  40.7267286 212.8396739 337.1131120 354.3009981 400.0000000 400.0000000
  16.6902370  40.7267286 212.8396739 337.1131120 354.3009981 400.0000000 400.0000000
  17.2145141  40.7267286 212.8396739 337.1131120 354.3009981 400.0000000 400.0000000
  17.7441686  40.7267286 212.8396739 337.1131120 354.3009981 400.0000000 400.0000000
  18.2791464  40.7267286 212.8396739 337.1131120 354.3009981 400.0000000 400.0000000
  18.8193952  40.7267286 212.8396739 337.1131120 354.3009981 400.0000000 400.0000000
  19.3648640  40.7267286 212.8396739 337.1131120 354.3009981 400.0000000 400.0000000
  19.9155034  40.7267286 212.8396739 337.1131120 354.3009981 400.0000000 400.0000000
  20.4712651  40.7267286 212.8396739 337.1131120 354.3009981 400.0000000 400.0000000
  21.0321024  40.7267286 212.8396739 337.1131120 354.3009981 400.0000000 400.0000000
  21.5979699  40.7267286 212.8396739 337.1131120 354.3009981 400.0000000 400.0000000
  22.1688231  40.7267286 212.8396739 337.1131120 354.3009981 400.0000000 400.0000000
  22.7446189  40.7267286 212.8396739 337.1131120 354.3009981 400.0000000 400.0000000
  23.3253153  40.7267286 212.8396739 337.1131120 354.3009981 400.0000000 400.0000000
  23.9108712  40.7267286 212.8396739 337.1131120 354.3009981 400.0000000 400.0000000
  24.5012466  40.7267286 212.8396739 337.1131120 354.3009981 400.0000000 400.0000000
  25.0964026  40.7267286 212.8396739 337.1131120 354.3009981 400.0000000 400.0000000
  25.6963009  40.7267286 212.8396739 337.1131120 354.3009981 400.0000000 400.0000000
  26.3009044  40.7267286 212.8396739 337.1131120 354.3009981 400.0000000 400.0000000
  26.9101768  40.7267286 212.8396739 337.1131120 354.3009981 400.0000000 400.0000000
  27.5240826  40.7267286 212.8396739 337.1131120 354.3009981 400.0000000 400.0000000
  28.1425870  40.7267286 212.8396739 337.1131120 354.3009981 400.0000000 400.0000000
  28.7656561  40.7267286 212.8396739 337.1131120 354.3009981 400.0000000 400.0000000
  29.3932567  40.7267286 212.8396739 337.1131120 354.3009981 400.0000000 400.0000000
  30.0253564  40.7267286 212.8396739 337.1131120 354.3009981 400.0000000 400.0000000
  30.6619233  40.7267286 212.8396739 337.1131120 354.3009981 400.0000000 400.0000000
  31.3029262  40.7267286 212.8396739 337.1131120 354.3009981 400.0000000 400.0000000
  31.9483348  40.7267286 212.8396739 337.1131120 354.3009981 400.0000000 400.0000000
  32.5981192  40.7267286 212.8396739 337.1131120 354.3009981 400.0000000 400.0000000
  33.2522499  40.7267286 212.8396739 337.1131120 354.3009981 400.0000000 400.0000000
  33.9106985  40.7267286 212.8396739 337.1131120 354.3009981 400.0000000 400.0000000
  34.5734367  40.7267286 212.8396739 337.1131120 354.3009981 400.0000000 400.0000000
  35.2404370  40.7267286 212.8396739 337.1131120 354.3009981 400.0000000 400.0000000
  35.9116722  40.7267286 212.8396739 337.1131120 354.3009981 400.0000000 400.0000000
  36.5871159  40.7267286 212.8396739 337.1131120 354.3009981 400.0000000 400.0000000
  37.2667420  40.7267286 212.8396739 337.1131120 354.3009981 400.0000000 400.0000000
  37.9505248  40.7267286 212.8396739 337.1131120 354.3009981 400.0000000 400.0000000
  38.6384394  40.7267286 212.8396739 337.1131120 354.3009981 400.0000000 400.0000000
  39.3304610  40.7267286 212.8396739 337.1131120 354.3009981 400.0000000 400.0000000
  40.0265653  40.7267286 212.8396739 337.1131120 354.3009981 400.0000000 400.0000000
  40.7267286  40.7267286 212.8396739 337.1131120 354.3009981 400.0000000 400.0000000
  41.4309275  41.4309275 212.8396739 337.1131120 354.3009981 400.0000000 400.0000000
  42.1391390  42.1391390 212.8396739 337.1131120 354.3009981 400.0000000 400.0000000
  42.8513405  42.1391390 212.8396739 337.1131120 354.3009981 400.0000000 400.0000000
  43.5675097  42.8513405 212.8396739 337.1131120 354.3009981 400.0000000 400.0000000
  44.2876248  43.5675097 212.8396739 337.1131120 354.3009981 400.0000000 400.0000000
  45.0116642  44.2876248 212.8396739 337.1131120 354.3009981 400.0000000 400.0000000
  45.7396069  45.0116642 212.8396739 337.1131120 354.3009981 400.0000000 400.0000000
  46.4714320  45.7396069 212.8396739 337.1131120 354.3009981 400.0000000 400.0000000
  47.2071191  46.4714320 212.8396739 337.1131120 354.3009981 400.0000000 400.0000000
  47.9466478  47.2071191 212.8396739 337.1131120 354.3009981 400.0000000 400.0000000
  48.6899985  47.9466478 212.8396739 337.1131120 354.3009981 400.0000000 400.0000000
  49.4371515  48.6899985 212.8396739 337.1131120 354.3009981 400.0000000 400.0000000
  50.1880877  49.4371515 212.8396739 337.1131120 354.3009981 400.0000000 400.0000000
  50.9427879  50.1880877 212.8396739 337.1131120 354.3009981 400.0000000 400.0000000
  51.7012336  50.9427879 212.8396739 337.1131120 354.3009981 400.0000000 400.0000000
  52.4634063  51.7012336 212.8396739 337.1131120 354.3009981 400.0000000 400.0000000
  53.2292880  52.4634063 212.8396739 337.1131120 354.3009981 400.0000000 400.0000000
  53.9988606  53.2292880 212.8396739 337.1131120 354.3009981 400.0000000 400.0000000
  54.7721067  53.9988606 212.8396739 337.1131120 354.3009981 400.0000000 400.0000000
  55.5490089  54.7721067 212.8396739 337.1131120 354.3009981 400.0000000 400.0000000
  56.3295499  55.5490089 212.8396739 337.1131120 354.3009981 400.0000000 400.0000000
  57.1137130  56.3295499 212.8396739 337.1131120 354.3009981 400.0000000 400.0000000
  57.9014814  57.1137130 212.8396739 337.1131120 354.3009981 400.0000000 400.0000000
  58.6928389  57.9014814 212.8396739 337.1131120 354.3009981 400.0000000 400.0000000
  59.4877690  58.6928389 212.8396739 337.1131120 354.3009981 400.0000000 400.0000000
  60.2862559  59.4877690 212.8396739 337.1131120 354.3009981 400.0000000 400.0000000
  61.0882839  60.2862559 212.8396739 337.1131120 354.3009981 400.0000000 400.0000000
  61.8938372  60.2862559 212.8396739 337.1131120 354.3009981 400.0000000 400.0000000
  62.7029006  61.0882839 212.8396739 337.1131120 354.3009981 400.0000000 400.0000000
  63.5154589  61.8938372 212.8396739 337.1131120 354.3009981 400.0000000 400.0000000
  64.3314972  62.7029006 212.8396739 337.1131120 354.3009981 400.0000000 400.0000000
  65.1510006  63.5154589 212.8396739 337.1131120 354.3009981 400.0000000 400.0000000
  65.9739545  64.3314972 212.8396739 337.1131120 354.3009981 400.0000000 400.0000000
  66.8003447  65.1510006 212.8396739 337.1131120 354.3009981 400.0000000 400.0000000
  67.6301567  65.9739545 212.8396739 337.1131120 354.3009981 400.0000000 400.0000000
  68.4633766  66.8003447 212.8396739 337.1131120 354.3009981 400.0000000 400.0000000
  69.2999906  66.8003447 212.8396739 337.1131120 354.3009981 400.0000000 400.0000000
  70.1399848  66.8003447 212.8396739 337.1131120 354.3009981 400.0000000 400.0000000
  70.9833457  66.8003447 212.8396739 337.1131120 354.3009981 400.0000000 400.0000000
  71.8300600  66.8003447 212.8396739 337.1131120 354.3009981 400.0000000 400.0000000
  72.6801144  66.8003447 212.8396739 337.1131120 354.3009981 400.0000000 400.0000000
  73.5334959  66.8003447 212.8396739 337.1131120 354.3009981 400.0000000 400.0000000
  74.3901914  66.8003447 212.8396739 337.1131120 354.3009981 400.0000000 400.0000000
  75.2501883  66.8003447 212.8396739 337.1131120 354.3009981 400.0000000 400.0000000
  76.1134740  66.8003447 212.8396739 337.1131120 354.3009981 400.0000000 400.0000000
  76.9800359  66.8003447 212.8396739 337.1131120 354.3009981 400.0000000 400.0000000
  77.8498617  66.8003447 212.8396739 337.1131120 354.3009981 400.0000000 400.0000000
  78.7229392  66.8003447 212.8396739 337.1131120 354.3009981 400.0000000 400.0000000
  79.5992563  66.8003447 212.8396739 337.1131120 354.3009981 400.0000000 400.0000000
  80.4788012  66.8003447 212.8396739 337.1131120 354.3009981 400.0000000 400.0000000
  81.3615619  66.8003447 212.8396739 337.1131120 354.3009981 400.0000000 400.0000000
  82.2475269  66.8003447 212.8396739 337.1131120 354.3009981 400.0000000 400.0000000
  83.1366846  66.8003447 212.8396739 337.1131120 354.3009981 400.0000000 400.0000000
  84.0290235  66.8003447 212.8396739 337.1131120 354.3009981 400.0000000 400.0000000
  84.9245324  66.8003447 212.8396739 337.1131120 354.3009981 400.0000000 400.0000000
  85.8232001  66.8003447 212.8396739 337.1131120 354.3009981 400.0000000 400.0000000
  86.7250155  66.8003447 212.8396739 337.1131120 354.3009981 400.0000000 400.0000000
  87.6299676  66.8003447 212.8396739 337.1131120 354.3009981 400.0000000 400.0000000
  88.5380457  66.8003447 212.8396739 337.1131120 354.3009981 400.0000000 400.0000000
  89.4492390  66.8003447 212.8396739 337.1131120 354.3009981 400.0000000 400.0000000
  90.3635368  66.8003447 212.8396739 337.1131120 354.3009981 400.0000000 400.0000000
  91.2809288  66.8003447 212.8396739 337.1131120 354.3009981 400.0000000 400.0000000
  92.2014044  66.8003447 212.8396739 337.1131120 354.3009981 400.0000000 400.0000000
  93.1249535  66.8003447 212.8396739 337.1131120 354.3009981 400.0000000 400.0000000
  94.0515657  66.8003447 212.8396739 337.1131120 354.3009981 400.0000000 400.0000000
  94.9812310  66.8003447 212.8396739 337.1131120 354.3009981 400.0000000 400.0000000
  95.9139395  66.8003447 212.8396739 337.1131120 354.3009981 400.0000000 400.0000000
  96.8496811  66.8003447 212.8396739 337.1131120 354.3009981 400.0000000 400.0000000
  97.7884462  66.8003447 212.8396739 337.1131120 354.3009981 400.0000000 400.0000000
  98.7302249  66.8003447 212.8396739 337.1131120 354.3009981 400.0000000 400.0000000
  99.6750078  66.8003447 212.8396739 337.1131120 354.3009981 400.0000000 400.0000000
 100.6227852  66.8003447 212.8396739 337.1131120 354.3009981 400.0000000 400.0000000
 101.5735478  66.8003447 212.8396739 337.1131120 354.3009981 400.0000000 400.0000000
 102.5272861  66.8003447 212.8396739 337.1131120 354.3009981 400.0000000 400.0000000
 103.4839910  66.8003447 212.8396739 337.1131120 354.3009981 400.0000000 400.0000000
 104.4436533  66.8003447 212.8396739 337.1131120 354.3009981 400.0000000 400.0000000
 105.4062638  66.8003447 212.8396739 337.1131120 354.3009981 400.0000000 400.0000000
 106.3718137  66.8003447 212.8396739 337.1131120 354.3009981 400.0000000 400.0000000
 107.3402939  66.8003447 212.8396739 337.1131120 354.3009981 400.0000000 400.0000000
 108.3116956  66.8003447 212.8396739 337.1131120 354.3009981 400.0000000 400.0000000
 109.2860100  66.8003447 212.8396739 337.1131120 354.3009981 400.0000000 400.0000000
 110.2632286  66.8003447 212.8396739 337.1131120 354.3009981 400.0000000 400.0000000
 111.2433426  66.8003447 212.8396739 337.1131120 354.3009981 400.0000000 400.0000000
 112.2263435  66.8003447 212.8396739 337.1131120 354.3009981 400.0000000 400.0000000
 113.2122230  66.8003447 212.8396739 337.1131120 354.3009981 400.0000000 400.0000000
 114.2009726  66.8003447 212.8396739 337.1131120 354.3009981 400.0000000 400.0000000
 115.1925839  66.8003447 212.8396739 337.1131120 354.3009981 400.0000000 400.0000000
 116.1870489  66.8003447 212.8396739 337.1131120 354.3009981 400.0000000 400.0000000
 117.1843592  66.8003447 212.8396739 337.1131120 354.3009981 400.0000000 400.0000000
 118.1845068  66.8003447 212.8396739 337.1131120 354.3009981 400.0000000 400.0000000
 119.1874838  66.8003447 212.8396739 337.1131120 354.3009981 400.0000000 400.0000000
 120.1932820  66.8003447 212.8396739 337.1131120 354.3009981 400.0000000 400.0000000
 121.2018937  66.8003447 212.8396739 337.1131120 354.3009981 400.0000000 400.0000000
 122.2133110  66.8003447 212.8396739 337.1131120 354.3009981 400.0000000 400.0000000
 123.2275261  66.8003447 212.8396739 337.1131120 354.3009981 400.0000000 400.0000000
 124.2445314  66.8003447 212.8396739 337.1131120 354.3009981 400.0000000 400.0000000
 125.2643192  66.8003447 212.8396739 337.1131120 354.3009981 400.0000000 400.0000000
 126.2868819  66.8003447 212.8396739 337.1131120 354.3009981 400.0000000 400.0000000
 127.3122121  66.8003447 212.8396739 337.1131120 354.3009981 400.0000000 400.0000000
 128.3403022  66.8003447 212.8396739 337.1131120 354.3009981 400.0000000 400.0000000
 129.3711449  66.8003447 212.8396739 337.1131120 354.3009981 400.0000000 400.0000000
 130.4047329  66.8003447 212.8396739 337.1131120 354.3009981 400.0000000 400.0000000
 131.4410589  66.8003447 212.8396739 337.1131120 354.3009981 400.0000000 400.0000000
 132.4801157  66.8003447 212.8396739 337.1131120 354.3009981 400.0000000 400.0000000
 133.5218961  66.8003447 212.8396739 337.1131120 354.3009981 400.0000000 400.0000000
 134.5663930  66.8003447 212.8396739 337.1131120 354.3009981 400.0000000 400.0000000
 135.6135993  66.8003447 212.8396739 337.1131120 354.3009981 400.0000000 400.0000000
 136.6635081  66.8003447 212.8396739 337.1131120 354.3009981 400.0000000 400.0000000
 137.7161125  66.8003447 212.8396739 337.1131120 354.3009981 400.0000000 400.0000000
 138.7714055  66.8003447 212.8396739 337.1131120 354.3009981 400.0000000 400.0000000
 139.8293804  66.8003447 212.8396739 337.1131120 354.3009981 400.0000000 400.0000000
 140.8900303  66.8003447 212.8396739 337.1131120 354.3009981 400.0000000 400.0000000
 141.9533485  66.8003447 212.8396739 337.1131120 354.3009981 400.0000000 400.0000000
 143.0193283  66.8003447 212.8396739 337.1131120 354.3009981 400.0000000 400.0000000
 144.0879631  66.8003447 212.8396739 337.1131120 354.3009981 400.0000000 400.0000000
 145.1592463  66.8003447 212.8396739 337.1131120 354.3009981 400.0000000 400.0000000
 146.2331715  66.8003447 212.8396739 337.1131120 354.3009981 400.0000000 400.0000000
 147.3097320  66.8003447 212.8396739 337.1131120 354.3009981 400.0000000 400.0000000
 148.3889215  66.8003447 212.8396739 337.1131120 354.3009981 400.0000000 400.0000000
 149.4707336  66.8003447 212.8396739 337.1131120 354.3009981 400.0000000 400.0000000
 150.5551619  66.8003447 212.8396739 337.1131120 354.3009981 400.0000000 400.0000000
 151.6422002  66.8003447 212.8396739 337.1131120 354.3009981 400.0000000 400.0000000
 152.7318421  66.8003447 212.8396739 337.1131120 354.3009981 400.0000000 400.0000000
 153.8240816  66.8003447 212.8396739 337.1131120 354.3009981 400.0000000 400.0000000
 154.9189123  66.8003447 212.8396739 337.1131120 354.3009981 400.0000000 400.0000000
 156.0163283  66.8003447 212.8396739 337.1131120 354.3009981 400.0000000 400.0000000
 157.1163234  66.8003447 212.8396739 337.1131120 354.3009981 400.0000000 400.0000000
 158.2188916  66.8003447 212.8396739 337.1131120 354.3009981 400.0000000 400.0000000
 159.3240269  66.8003447 212.8396739 337.1131120 354.3009981 400.0000000 400.0000000
 160.4317233  66.8003447 212.8396739 337.1131120 354.3009981 400.0000000 400.0000000
 161.5419750  66.8003447 212.8396739 337.1131120 354.3009981 400.0000000 400.0000000
 162.6547761  66.8003447 212.8396739 337.1131120 354.3009981 400.0000000 400.0000000
 163.7701207  66.8003447 212.8396739 337.1131120 354.3009981 400.0000000 400.0000000
 164.8880031  66.8003447 212.8396739 337.1131120 354.3009981 400.0000000 400.0000000
 166.0084174  66.8003447 212.8396739 337.1131120 354.3009981 400.0000000 400.0000000
 167.1313581  66.8003447 212.8396739 337.1131120 354.3009981 400.0000000 400.0000000
 168.2568195  66.8003447 212.8396739 337.1131120 354.3009981 400.0000000 400.0000000
 169.3847958  66.8003447 212.8396739 337.1131120 354.3009981 400.0000000 400.0000000
 170.5152816  66.8003447 212.8396739 337.1131120 354.3009981 400.0000000 400.0000000
 171.6482712  66.8003447 212.8396739 337.1131120 354.3009981 400.0000000 400.0000000
 172.7837591  66.8003447 212.8396739 337.1131120 354.3009981 400.0000000 400.0000000
 173.9217399  66.8003447 212.8396739 337.1131120 354.3009981 400.0000000 400.0000000
 175.0622080  66.8003447 212.8396739 337.1131120 354.3009981 400.0000000 400.0000000
 176.2051582  66.8003447 212.8396739 337.1131120 354.3009981 400.0000000 400.0000000
 177.3505849  66.8003447 212.8396739 337.1131120 354.3009981 400.0000000 400.0000000
 178.4984829  66.8003447 212.8396739 337.1131120 354.3009981 400.0000000 400.0000000
 179.6488469  66.8003447 212.8396739 337.1131120 354.3009981 400.0000000 400.0000000
 180.8016715  66.8003447 212.8396739 337.1131120 354.3009981 400.0000000 400.0000000
 181.9569516  66.8003447 212.8396739 337.1131120 354.3009981 400.0000000 400.0000000
 183.1146819  66.8003447 212.8396739 337.1131120 354.3009981 400.0000000 400.0000000
 184.2748572  66.8003447 212.8396739 337.1131120 354.3009981 400.0000000 400.0000000
 185.4374725  66.8003447 212.8396739 337.1131120 354.3009981 400.0000000 400.0000000
 186.6025225  66.8003447 212.8396739 337.1131120 354.3009981 400.0000000 400.0000000
 187.7700023  66.8003447 212.8396739 337.1131120 354.3009981 400.0000000 400.0000000
 188.9399068  66.8003447 212.8396739 337.1131120 354.3009981 400.0000000 400.0000000
 190.1122309  66.8003447 212.8396739 337.1131120 354.3009981 400.0000000 400.0000000
 191.2869697  66.8003447 212.8396739 337.1131120 354.3009981 400.0000000 400.0000000
 192.4641182  66.8003447 212.8396739 337.1131120 354.3009981 400.0000000 400.0000000
 193.6436716  66.8003447 212.8396739 337.1131120 354.3009981 400.0000000 400.0000000
 194.8256248  66.8003447 212.8396739 337.1131120 354.3009981 400.0000000 400.0000000
 196.0099731  66.8003447 212.8396739 337.1131120 354.3009981 400.0000000 400.0000000
 197.1967116  66.8003447 212.8396739 337.1131120 354.3009981 400.0000000 400.0000000
 198.3858355  66.8003447 212.8396739 337.1131120 354.3009981 400.0000000 400.0000000
 199.5773400  66.8003447 212.8396739 337.1131120 354.3009981 400.0000000 400.0000000
 200.7712204  66.8003447 212.8396739 337.1131120 354.3009981 400.0000000 400.0000000
 201.9674720  66.8003447 212.8396739 337.1131120 354.3009981 400.0000000 400.0000000
 203.1660901  66.8003447 212.8396739 337.1131120 354.3009981 400.0000000 400.0000000
 204.3670700  66.8003447 212.8396739 337.1131120 354.3009981 400.0000000 400.0000000
 205.5704070  66.8003447 212.8396739 337.1131120 354.3009981 400.0000000 400.0000000
 206.7760966  66.8003447 212.8396739 337.1131120 354.3009981 400.0000000 400.0000000
 207.9841343  66.8003447 212.8396739 337.1131120 354.3009981 400.0000000 400.0000000
 209.1945153  66.8003447 212.8396739 337.1131120 354.3009981 400.0000000 400.0000000
 210.4072352  66.8003447 212.8396739 337.1131120 354.3009981 400.0000000 400.0000000
 211.6222896  66.8003447 212.8396739 337.1131120 354.3009981 400.0000000 400.0000000
 212.8396739  66.8003447 212.8396739 337.1131120 354.3009981 400.0000000 400.0000000
 214.0593836  66.8003447 212.8396739 337.1131120 354.3009981 400.0000000 400.0000000
 215.2814144  66.8003447 212.8396739 337.1131120 354.3009981 400.0000000 400.0000000
 216.5057619  66.8003447 214.0593836 337.1131120 354.3009981 400.0000000 400.0000000
 217.7324216  66.8003447 215.2814144 337.1131120 354.3009981 400.0000000 400.0000000
 218.9613892  66.8003447 216.5057619 337.1131120 354.3009981 400.0000000 400.0000000
 220.1926605  66.8003447 217.7324216 337.1131120 354.3009981 400.0000000 400.0000000
 221.4262310  66.8003447 218.9613892 337.1131120 354.3009981 400.0000000 400.0000000
 222.6620966  66.8003447 220.1926605 337.1131120 354.3009981 400.0000000 400.0000000
 223.9002529  66.8003447 221.4262310 337.1131120 354.3009981 400.0000000 400.0000000
 225.1406957  66.8003447 222.6620966 337.1131120 354.3009981 400.0000000 400.0000000
 226.3834209  66.8003447 223.9002529 337.1131120 354.3009981 400.0000000 400.0000000
 227.6284243  66.8003447 225.1406957 337.1131120 354.3009981 400.0000000 400.0000000
 228.8757016  66.8003447 226.3834209 337.1131120 354.3009981 400.0000000 400.0000000
 230.1252487  66.8003447 227.6284243 337.1131120 354.3009981 400.0000000 400.0000000
 231.3770616  66.8003447 228.8757016 337.1131120 354.3009981 400.0000000 400.0000000
 232.6311361  66.8003447 228.8757016 337.1131120 354.3009981 400.0000000 400.0000000
 233.8874682  66.8003447 230.1252487 337.1131120 354.3009981 400.0000000 400.0000000
 235.1460538  66.8003447 231.3770616 337.1131120 354.3009981 400.0000000 400.0000000
 236.4068889  66.8003447 232.6311361 337.1131120 354.3009981 400.0000000 400.0000000
 237.6699694  66.8003447 233.8874682 337.1131120 354.3009981 400.0000000 400.0000000
 238.9352915  66.8003447 235.1460538 337.1131120 354.3009981 400.0000000 400.0000000
 240.2028510  66.8003447 236.4068889 337.1131120 354.3009981 400.0000000 400.0000000
 241.4726442  66.8003447 237.6699694 337.1131120 354.3009981 400.0000000 400.0000000
 242.7446670  66.8003447 238.9352915 337.1131120 354.3009981 400.0000000 400.0000000
 244.0189156  66.8003447 240.2028510 337.1131120 354.3009981 400.0000000 400.0000000
 245.2953861  66.8003447 241.4726442 337.1131120 354.3009981 400.0000000 400.0000000
 246.5740746  66.8003447 242.7446670 337.1131120 354.3009981 400.0000000 400.0000000
 247.8549773  66.8003447 244.0189156 337.1131120 354.3009981 400.0000000 400.0000000
 249.1380904  66.8003447 245.2953861 337.1131120 354.3009981 400.0000000 400.0000000
 250.4234100  66.8003447 246.5740746 337.1131120 354.3009981 400.0000000 400.0000000
 251.7109324  66.8003447 247.8549773 337.1131120 354.3009981 400.0000000 400.0000000
 253.0006538  66.8003447 249.1380904 337.1131120 354.3009981 400.0000000 400.0000000
 254.2925704  66.8003447 250.4234100 337.1131120 354.3009981 400.0000000 400.0000000
 255.5866787  66.8003447 251.7109324 337.1131120 354.3009981 400.0000000 400.0000000
 256.8829747  66.8003447 253.0006538 337.1131120 354.3009981 400.0000000 400.0000000
 258.1814550  66.8003447 254.2925704 337.1131120 354.3009981 400.0000000 400.0000000
 259.4821157  66.8003447 255.5866787 337.1131120 354.3009981 400.0000000 400.0000000
 260.7849532  66.8003447 256.8829747 337.1131120 354.3009981 400.0000000 400.0000000
 262.0899640  66.8003447 258.1814550 337.1131120 354.3009981 400.0000000 400.0000000
 263.3971444  66.8003447 259.4821157 337.1131120 354.3009981 400.0000000 400.0000000
 264.7064907  66.8003447 260.7849532 337.1131120 354.3009981 400.0000000 400.0000000
 266.0179995  66.8003447 262.0899640 337.1131120 354.3009981 400.0000000 400.0000000
 267.3316672  66.8003447 263.3971444 337.1131120 354.3009981 400.0000000 400.0000000
 268.6474902  66.8003447 264.7064907 337.1131120 354.3009981 400.0000000 400.0000000
 269.9654649  66.8003447 266.0179995 337.1131120 354.3009981 400.0000000 400.0000000
 271.2855880  66.8003447 267.3316672 337.1131120 354.3009981 400.0000000 400.0000000
 272.6078559  66.8003447 268.6474902 337.1131120 354.3009981 400.0000000 400.0000000
 273.9322651  66.8003447 269.9654649 337.1131120 354.3009981 400.0000000 400.0000000
 275.2588121  66.8003447 271.2855880 337.1131120 354.3009981 400.0000000 400.0000000
 276.5874936  66.8003447 272.6078559 337.1131120 354.3009981 400.0000000 400.0000000
 277.9183061  66.8003447 273.9322651 337.1131120 354.3009981 400.0000000 400.0000000
 279.2512462  66.8003447 275.2588121 337.1131120 354.3009981 400.0000000 400.0000000
 280.5863105  66.8003447 276.5874936 337.1131120 354.3009981 400.0000000 400.0000000
 281.9234957  66.8003447 277.9183061 337.1131120 354.3009981 400.0000000 400.0000000
 283.2627983  66.8003447 279.2512462 337.1131120 354.3009981 400.0000000 400.0000000
 284.6042150  66.8003447 280.5863105 337.1131120 354.3009981 400.0000000 400.0000000
 285.9477426  66.8003447 281.9234957 337.1131120 354.3009981 400.0000000 400.0000000
 287.2933777  66.8003447 283.2627983 337.1131120 354.3009981 400.0000000 400.0000000
 288.6411169  66.8003447 284.6042150 337.1131120 354.3009981 400.0000000 400.0000000
 289.9909571  66.8003447 285.9477426 337.1131120 354.3009981 400.0000000 400.0000000
 291.3428949  66.8003447 287.2933777 337.1131120 354.3009981 400.0000000 400.0000000
 292.6969272  66.8003447 288.6411169 337.1131120 354.3009981 400.0000000 400.0000000
 294.0530506  66.8003447 289.9909571 337.1131120 354.3009981 400.0000000 400.0000000
 295.4112620  66.8003447 289.9909571 337.1131120 354.3009981 400.0000000 400.0000000
 296.7715581  66.8003447 291.3428949 337.1131120 354.3009981 400.0000000 400.0000000
 298.1339357  66.8003447 292.6969272 337.1131120 354.3009981 400.0000000 400.0000000
 299.4983918  66.8003447 294.0530506 337.1131120 354.3009981 400.0000000 400.0000000
 300.8649231  66.8003447 295.4112620 337.1131120 354.3009981 400.0000000 400.0000000
 302.2335264  66.8003447 296.7715581 337.1131120 354.3009981 400.0000000 400.0000000
 303.6041987  66.8003447 298.1339357 337.1131120 354.3009981 400.0000000 400.0000000
 304.9769368  66.8003447 299.4983918 337.1131120 354.3009981 400.0000000 400.0000000
 306.3517376  66.8003447 300.8649231 337.1131120 354.3009981 400.0000000 400.0000000
 307.7285981  66.8003447 302.2335264 337.1131120 354.3009981 400.0000000 400.0000000
 309.1075151  66.8003447 303.6041987 337.1131120 354.3009981 400.0000000 400.0000000
 310.4884856  66.8003447 304.9769368 337.1131120 354.3009981 400.0000000 400.0000000
 311.8715065  66.8003447 306.3517376 337.1131120 354.3009981 400.0000000 400.0000000
 313.2565749  66.8003447 307.7285981 337.1131120 354.3009981 400.0000000 400.0000000
 314.6436876  66.8003447 309.1075151 337.1131120 354.3009981 400.0000000 400.0000000
 316.0328417  66.8003447 310.4884856 337.1131120 354.3009981 400.0000000 400.0000000
 317.4240342  66.8003447 311.8715065 337.1131120 354.3009981 400.0000000 400.0000000
 318.8172621  66.8003447 313.2565749 337.1131120 354.3009981 400.0000000 400.0000000
 320.2125224  66.8003447 314.6436876 337.1131120 354.3009981 400.0000000 400.0000000
 321.6098122  66.8003447 316.0328417 337.1131120 354.3009981 400.0000000 400.0000000
 323.0091285  66.8003447 317.4240342 337.1131120 354.3009981 400.0000000 400.0000000
 324.4104684  66.8003447 318.8172621 337.1131120 354.3009981 400.0000000 400.0000000
 325.8138290  66.8003447 320.2125224 337.1131120 354.3009981 400.0000000 400.0000000
 327.2192073  66.8003447 321.6098122 337.1131120 354.3009981 400.0000000 400.0000000
 328.6266006  66.8003447 323.0091285 337.1131120 354.3009981 400.0000000 400.0000000
 330.0360058  66.8003447 324.4104684 337.1131120 354.3009981 400.0000000 400.0000000
 331.4474202  66.8003447 325.8138290 337.1131120 354.3009981 400.0000000 400.0000000
 332.8608408  66.8003447 327.2192073 337.1131120 354.3009981 400.0000000 400.0000000
 334.2762649  66.8003447 328.6266006 337.1131120 354.3009981 400.0000000 400.0000000
 335.6936896  66.8003447 330.0360058 337.1131120 354.3009981 400.0000000 400.0000000
 337.1131120  66.8003447 331.4474202 337.1131120 354.3009981 400.0000000 400.0000000
 338.5345295  66.8003447 332.8608408 337.1131120 354.3009981 400.0000000 400.0000000
 339.9579391  66.8003447 334.2762649 337.1131120 354.3009981 400.0000000 400.0000000
 341.3833381  66.8003447 335.6936896 337.1131120 354.3009981 400.0000000 400.0000000
 342.8107237  66.8003447 337.1131120 338.5345295 354.3009981 400.0000000 400.0000000
 344.2400932  66.8003447 338.5345295 339.9579391 354.3009981 400.0000000 400.0000000
 345.6714438  66.8003447 339.9579391 341.3833381 354.3009981 400.0000000 400.0000000
 347.1047728  66.8003447 341.3833381 342.8107237 354.3009981 400.0000000 400.0000000
 348.5400774  66.8003447 342.8107237 344.2400932 354.3009981 400.0000000 400.0000000
 349.9773549  66.8003447 344.2400932 345.6714438 354.3009981 400.0000000 400.0000000
 351.4166027  66.8003447 345.6714438 347.1047728 354.3009981 400.0000000 400.0000000
 352.8578180  66.8003447 347.1047728 348.5400774 354.3009981 400.0000000 400.0000000
 354.3009981  66.8003447 348.5400774 349.9773549 354.3009981 400.0000000 400.0000000
 355.7461404  66.8003447 349.9773549 351.4166027 354.3009981 400.0000000 400.0000000
 357.1932423  66.8003447 351.4166027 352.8578180 354.3009981 400.0000000 400.0000000
 358.6423010  66.8003447 351.4166027 354.3009981 354.3009981 400.0000000 400.0000000
 360.0933139  66.8003447 351.4166027 355.7461404 355.7461404 400.0000000 400.0000000
 361.5462784  66.8003447 351.4166027 357.1932423 357.1932423 400.0000000 400.0000000
 363.0011920  66.8003447 351.4166027 358.6423010 358.6423010 400.0000000 400.0000000
 364.4580518  66.8003447 351.4166027 360.0933139 360.0933139 400.0000000 400.0000000
 365.9168555  66.8003447 351.4166027 361.5462784 361.5462784 400.0000000 400.0000000
 367.3776004  66.8003447 351.4166027 361.5462784 363.0011920 400.0000000 400.0000000
 368.8402838  66.8003447 351.4166027 363.0011920 364.4580518 400.0000000 400.0000000
 370.3049034  66.8003447 351.4166027 364.4580518 365.9168555 400.0000000 400.0000000
 371.7714564  66.8003447 351.4166027 365.9168555 367.3776004 400.0000000 400.0000000
 373.2399403  66.8003447 351.4166027 367.3776004 368.8402838 400.0000000 400.0000000
 374.7103527  66.8003447 351.4166027 368.8402838 368.8402838 400.0000000 400.0000000
 376.1826909  66.8003447 351.4166027 370.3049034 370.3049034 400.0000000 400.0000000
 377.6569526  66.8003447 351.4166027 371.7714564 371.7714564 400.0000000 400.0000000
 379.1331350  66.8003447 351.4166027 373.2399403 373.2399403 400.0000000 400.0000000
 380.6112359  66.8003447 351.4166027 374.7103527 374.7103527 400.0000000 400.0000000
 382.0912526  66.8003447 351.4166027 376.1826909 376.1826909 400.0000000 400.0000000
 383.5731828  66.8003447 351.4166027 377.6569526 377.6569526 400.0000000 400.0000000
 385.0570238  66.8003447 351.4166027 379.1331350 379.1331350 400.0000000 400.0000000
 386.5427734  66.8003447 351.4166027 380.6112359 380.6112359 400.0000000 400.0000000
 388.0304290  66.8003447 351.4166027 382.0912526 382.0912526 400.0000000 400.0000000
 389.5199882  66.8003447 351.4166027 383.5731828 383.5731828 400.0000000 400.0000000
 391.0114485  66.8003447 351.4166027 385.0570238 385.0570238 400.0000000 400.0000000
 392.5048076  66.8003447 351.4166027 386.5427734 386.5427734 400.0000000 400.0000000
 394.0000630  66.8003447 351.4166027 388.0304290 388.0304290 400.0000000 400.0000000
 395.4972123  66.8003447 351.4166027 389.5199882 389.5199882 400.0000000 400.0000000
 396.9962532  66.8003447 351.4166027 391.0114485 391.0114485 400.0000000 400.0000000
 398.4971832  66.8003447 351.4166027 392.5048076 392.5048076 400.0000000 400.0000000
 400.0000000  66.8003447 351.4166027 394.0000630 394.0000630 400.0000000 400.0000000
