  9.161498399569255E-003
  9.249638680281100E-003
  9.378270309141262E-003
  9.528436413488569E-003
  9.612177114004288E-003
  9.671974354859612E-003
  9.773037254795648E-003
  9.820056137734923E-003
  9.870910438999497E-003
  9.925292311974582E-003
  9.899770543642199E-003
  9.978464992656304E-003
  1.002297203760553E-002
  1.005770278177213E-002
  1.008221402463469E-002
  1.009099174048234E-002
  1.011320996892936E-002
  1.012840275679352E-002
  1.013744150044288E-002
  1.014881816651347E-002
  1.015557879087384E-002
  1.016030814519219E-002
  1.016711443173103E-002
  1.016835920602512E-002
  1.017100015386270E-002
  1.017240500160664E-002
  1.017626348662357E-002
  1.017442084598894E-002
  1.017371859186279E-002
  1.017231306247437E-002
  1.017079181817063E-002
  1.017023521040421E-002
  1.016847873260185E-002
  1.016650099742576E-002
  1.016510796278185E-002
  1.016296300484606E-002
  1.016081123593279E-002
  1.015895755294149E-002
  1.015814554722417E-002
  1.015343908353886E-002
  1.015170578604931E-002
  1.015115096932608E-002
  1.014729438400659E-002
  1.014588359372319E-002
  1.014705289688570E-002
  1.014205941045654E-002
  1.014066684866277E-002
  1.013884117278244E-002
  1.013816292331022E-002
  1.013583999270895E-002
  1.013594746936649E-002
  1.013257176580046E-002
  1.013148659917740E-002
  1.013037785133631E-002
  1.012983266261834E-002
  1.012739281231849E-002
  1.012639847156474E-002
  1.012698442093327E-002
  1.012370100691667E-002
  1.012624032146078E-002
  1.012072636329147E-002
  1.012253259524480E-002
  1.012109847704030E-002
  1.012135964246177E-002
  1.012000294289635E-002
  1.012020875040450E-002
  1.012022196260189E-002
  1.011949610392579E-002
  1.011953752867599E-002
  1.011937610281760E-002
  1.011827652709222E-002
  1.011830167914820E-002
  1.011762822598618E-002
  1.011760288672628E-002
  1.011736200247090E-002
  1.011691148676910E-002
  1.011644337715398E-002
  1.011638047174997E-002
  1.011622234863748E-002
  1.011622276132598E-002
  1.011922654635476E-002
  1.011387491384813E-002
  1.011367901726988E-002
  1.011410462127640E-002
  1.011413885419155E-002
  1.011380561581135E-002
  1.011398635137876E-002
  1.011311271363689E-002
  1.011349075377148E-002
  1.011249598095779E-002
  1.011242238167810E-002
  1.011239968607562E-002
  1.011192954909564E-002
  1.011157758451850E-002
  1.011130666036286E-002
  1.011096795676568E-002
  1.011055482165418E-002
  1.011029237411194E-002
  1.010998928970359E-002
  1.010958569611356E-002
  1.010905302541797E-002
  1.010801698509459E-002
  1.010750169564882E-002
  1.010693494405642E-002
  1.010666461812593E-002
  1.010619657756706E-002
  1.010545954770435E-002
  1.010504036745089E-002
  1.010383318710087E-002
  1.010332175169483E-002
  1.010227632793707E-002
  1.010118581380674E-002
  1.009999809744451E-002
  1.009943200299988E-002
  1.009823001611058E-002
  1.009584063911688E-002
  1.008010124254789E-002
