    0.0000000    0.0000000    0.0000000    0.0000000    0.0000000    0.0000000    0.0000000    0.0000000    0.0000000    0.0000000    0.0000000    0.0000000    0.0000000
    0.0613510    0.0000000    0.0000000  379.3014390  379.3014390  379.3014390  379.3014390    0.0000000    0.0000000  387.6657572  387.6649436  387.6597683  387.6450681
    0.1735269    0.0000000  379.2552931  379.2552931  379.2552931  379.2552931  379.2552931    0.0000000  379.2959696  379.2828560  379.2812106  379.2707446  379.2410160
    0.3187893    0.0000000  380.4043711  380.4043711  380.4043711  380.4043711  377.0750914    0.0000000  379.1365153  379.1167167  379.1142325  379.0984313  379.2163490
    0.4908082    0.0000000  378.9251319  378.9251319  378.9251319  378.9251319  378.9251319    0.0000000  379.1701385  379.1436185  379.1402910  379.1191254  379.0590049
    0.6859254    0.0000000  376.7918964  376.7918964  376.7918964  374.5648628  374.5648628    0.0000000  376.2151732  376.1819046  376.1777304  376.1446210  376.0692015
    0.9016723    0.0000000  374.5648628  376.9236191  376.9236191  376.9236191  376.2597700    0.0000000  373.5740299  377.4288227  377.4237990  377.3918439  378.8997477
    1.1362370    0.0000000  376.2597700  376.2597700  376.2597700  374.2056691  374.2056691    0.0000000  376.1977671  376.1509395  376.1450640  375.7601089  375.6539513
    1.3882153    0.0000000  374.2056691  373.1390363  373.1390363  373.1390363  372.0533511    0.0000000  373.7831363  374.0128459  374.0061167  373.9633133  374.5025085
    1.6564778    0.0000000  373.1390363  372.0533511  372.0533511  374.4951758  373.5283964    0.0000000  372.4756166  372.4555856  372.4480009  376.2339209  376.8852949
    1.9400899    0.0000000  374.4951758  373.5283964  373.5283964  373.5283964  372.7514039    0.0000000  374.6078595  374.7844251  374.7759835  374.7222878  375.2585161
    2.2382618    0.0000000  373.5283964  372.7514039  372.7514039  372.0621383  370.7675194    0.0000000  373.4196574  373.6258389  373.6165389  374.1310295  374.1586778
    2.5503144    0.0000000  372.0621383  370.7675194  370.7675194  370.7675194  368.8848882    0.0000000  372.7394673  372.4867388  372.4765793  372.4119561  373.1390363
    2.8756556    0.0000000  370.7675194  369.8443643  369.8443643  368.8848882  367.8763050    0.0000000  371.2508946  371.2508433  371.2398230  371.3725522  371.4875852
    3.2137634    0.0000000  369.8443643  368.8848882  367.8763050  367.8763050  370.0213708    0.0000000  370.1801711  370.0556354  370.0932814  370.0177014  374.4351374
    3.5641727    0.0000000  367.8763050  367.0187588  367.0187588  370.0213708  368.2780787    0.0000000  368.9686663  368.9856122  368.9728674  372.9476432  373.5283964
    3.9264659    0.0000000  367.0187588  370.0213708  370.0213708  368.7741290  367.6777027    0.0000000  367.9772987  371.7461561  371.7325475  371.4163578  372.4154867
    4.3002651    0.0000000  370.0213708  368.2780787  368.2780787  367.6777027  366.0000670    0.0000000  370.8381404  370.7955915  370.7811184  371.1299989  371.5699050
    4.6852267    0.0000000  368.2780787  367.6777027  367.6777027  366.7520000  364.3634794    0.0000000  369.8400649  370.0174541  370.0021156  369.9633275  370.7675194
    5.0810358    0.0000000  367.6777027  366.0000670  366.0000670  365.2375318  363.4121691    0.0000000  369.1442441  369.1352385  369.1190338  369.2628448  369.4031046
    5.4874028    0.0000000  366.0000670  365.2375318  365.2375318  364.3634794  361.9281011    0.0000000  368.2246937  368.2209006  368.2038290  368.1844051  368.7560240
    5.9040604    0.0000000  365.2375318  363.4121691  363.4121691  362.7005211  360.2024889    0.0000000  367.3790935  367.1995139  367.1815748  367.3413021  367.8763050
    6.3307603    0.0000000  364.3634794  362.7005211  362.7005211  361.9281011  359.0535714    0.0000000  366.4410360  366.3567636  366.3379562  366.3940418  366.8760815
    6.7672716    0.0000000  362.7005211  361.9281011  360.9025798  360.2024889  360.9549446    0.0000000  365.5431735  365.4786290  365.3525122  365.4964912  369.1084732
    7.2133784    0.0000000  361.9281011  360.2024889  360.2024889  359.0535714  359.7625982    0.0000000  364.7142836  364.5595744  364.5390286  364.6060148  368.7741290
    7.6688786    0.0000000  360.9025798  359.0535714  359.0535714  360.9549446  359.2366779    0.0000000  363.6478160  363.6962595  363.6748437  366.9052326  367.9604654
    8.1335824    0.0000000  359.5939585  360.9549446  360.9549446  360.7941045  357.6568349    0.0000000  363.1133358  366.0085010  365.9862146  366.6112670  367.2537574
    8.6073110    0.0000000  359.0535714  360.7941045  360.7941045  359.2366779  356.2739114    0.0000000  362.0704506  365.7644543  365.7412968  365.9014686  366.7520000
    9.0898957    0.0000000  360.9549446  359.7625982  359.2366779  358.5289347  355.5897596    0.0000000  364.3825318  364.6736541  365.0151240  365.0853049  365.8281870
    9.5811767    0.0000000  359.7625982  358.5289347  358.5289347  357.0549806  353.8420362    0.0000000  363.9790113  364.2662164  364.2413150  364.4707209  364.9780159
   10.0810027    0.0000000  359.2366779  357.6568349  357.0549806  356.2739114  352.3214641    0.0000000  363.4305072  363.3438850  363.6124942  363.5989355  364.3634794
   10.5892303    0.0000000  358.5289347  356.2739114  356.2739114  354.7751280  351.4137159    0.0000000  362.7095540  362.8043079  362.7776607  362.9731799  363.2571277
   11.1057225    0.0000000  357.6568349  355.5897596  355.5897596  353.8420362  349.7277990    0.0000000  361.8323631  362.0780378  362.0505171  361.9660308  362.4925073
   11.6303494    0.0000000  356.2739114  353.8420362  353.8420362  352.3214641  348.2328208    0.0000000  361.2573003  361.1931994  361.1648046  361.3327149  361.9281011
   12.1629865    0.0000000  355.5897596  353.1137105  353.1137105  351.4137159  347.3682014    0.0000000  360.5714393  360.4325873  360.4033181  360.3642893  360.8975309
   12.7035154    0.0000000  354.7751280  352.3214641  351.4137159  349.7277990  345.7270225    0.0000000  359.7615843  359.6177483  359.5809127  359.5817226  360.2024889
   13.2518223    0.0000000  353.1137105  350.6128890  350.6128890  348.9778545  344.0518707    0.0000000  358.9307325  358.7875132  358.7564940  358.7819027  359.4852255
   13.4831040    0.0000000  353.1137105  350.6128890  349.7277990  348.2328208  344.0518707    0.0000000  358.5892544  358.4063634  358.3934756  358.5760143  358.9664502
   14.3713394    0.0000000  351.4137159  348.9778545  348.2328208  346.4398923  344.7186801    0.0000000  357.2551023  357.1307699  357.2537135  357.1245030  360.9549446
   14.9423451    0.0000000  350.6128890  347.3682014  347.3682014  344.7396344  343.5227850    0.0000000  356.4717628  356.4154623  356.3818150  356.3574282  359.6474526
   15.5207191  353.6502143  348.9778545  346.4398923  345.7270225  344.0518707  342.6594457  352.9595138  355.6884681  355.4878546  355.6505471  355.6409177  359.7625982
   16.1063687  353.1053483  348.2328208  344.7396344  344.7396344  342.4026956  341.1098335  352.4291525  354.9648307  354.6997135  354.6643124  354.9394933  359.2099574
   16.6992046  354.8168608  347.3682014  344.0518707  344.0518707  344.7186801  340.2347931  354.1326051  354.1258635  354.0168630  353.9805844  357.2063474  358.2424923
   17.2991408  354.2066278  345.7270225  343.2229393  342.4026956  343.2375300  338.5141262  353.5375224  353.3576069  353.1994841  353.2588784  356.6864204  357.5349208
   17.9060942  353.6528894  344.7396344  344.7186801  344.7186801  342.6594457  337.0116935  352.9983571  352.4014024  355.5932630  355.5552286  356.0971315  357.0549806
   18.5199846  352.7809929  344.0518707  343.5227850  343.2375300  341.6909226  336.0071120  352.1441990  351.7443859  354.4185166  355.0164721  355.1283062  355.9794115
   19.1407345  352.2321803  343.2229393  343.2375300  342.6594457  340.2347931  334.3252321  351.6098742  350.9498890  354.1495848  354.4538262  354.6497357  355.3362090
   19.7682688  351.4740876  344.7186801  341.6909226  341.6909226  339.4640626  333.7051595  350.8683398  353.3101832  353.5497074  353.5090369  353.8844561  354.6567726
   20.4025151  350.7365233  343.5227850  341.1098335  340.2347931  337.7507572  331.8355562  350.1471041  352.1564332  352.9932992  353.0130321  353.1666173  353.8420362
   21.0434029  350.0306889  343.2375300  339.4640626  339.4640626  337.0116935  329.9924569  349.4572548  351.9061432  352.3120432  352.2696137  352.4399895  353.0650335
   21.6908643  349.2395076  342.6594457  338.5141262  338.5141262  335.4315698  329.1740764  348.6828849  351.3676731  351.3957272  351.3524178  351.8692816  352.2059851
   22.3448331  348.5373738  341.1098335  337.7507572  337.0116935  334.3252321  327.3011963  347.9966438  350.7365233  350.6673921  350.8287791  350.7859705  351.4137159
   23.0052452  347.8019169  340.2347931  336.0071120  336.0071120  332.5944621  326.3885308  347.2773841  349.9079175  349.9076616  349.8625915  350.0813320  350.4739699
   23.6720383  346.9884561  339.4640626  335.4315698  335.4315698  331.8355562  324.5479479  346.4808714  349.1840475  349.3701414  349.3241906  349.3485527  349.7277990
   24.3451520  346.2484349  338.5141262  334.3252321  333.7051595  330.8680711  323.5941275  345.7570349  348.2840802  348.3098834  348.5971406  348.4136127  348.7588814
   25.0245274  346.2484349  337.7507572  332.5944621  332.5944621  329.1740764  321.8409731  345.0558372  347.5699941  347.5813975  347.5336844  347.7624375  348.1132984
   25.7101074  345.3660242  336.0071120  331.8355562  331.8355562  328.2195968  319.9759013  344.1853716  346.7729171  346.8696532  346.8210586  346.8462789  347.3682014
   26.4018363  344.7396344  335.4315698  330.8680711  329.9924569  326.3885308  318.9212491  343.5683664  346.2484349  345.9537367  345.9968555  346.0745106  346.3127652
   27.0996599  343.9607685  334.3252321  329.1740764  329.1740764  325.4217329  317.0686433  342.8004106  345.1994794  345.2801651  345.2298066  345.1518196  345.5938989
   27.8035255  343.1239408  333.7051595  328.2195968  328.2195968  323.5941275  316.0925058  341.9750740  344.6328366  344.3814253  344.3301846  344.3984706  344.6259976
   28.5133816  342.3207201  331.8355562  327.3011963  326.3885308  322.6876810  314.2219957  341.1830105  343.7348609  343.5203741  343.5362480  343.5409676  343.9031979
   29.2291781  341.4258438  330.8680711  326.3885308  325.4217329  321.8409731  312.3832806  340.3002110  342.8278298  342.6667937  342.6286469  342.7456868  343.2229393
   29.9508661  340.6346501  329.9924569  324.5479479  324.5479479  319.9759013  311.2969645  339.5200610  342.0125348  341.8688594  341.8149705  341.9722763  342.1577020
   30.6783978  340.6346501  329.1740764  323.5941275  322.6876810  318.9212491  309.5576361  338.7786555  341.2546039  340.9785106  341.0104200  340.9761333  341.5894669
   31.4117268  339.9124724  328.2195968  322.6876810  321.8409731  317.0686433  310.2522506  338.0613048  340.3625639  340.1365934  340.2275637  340.2298642  342.2958167
   32.1508076  339.2258076  327.3011963  320.8088566  320.8088566  316.0925058  309.5058502  337.3791535  339.5068041  339.3192654  339.2627262  339.3162864  342.7241113
   32.8955956  338.1444481  325.4217329  319.9759013  318.9212491  315.2109042  308.0278142  336.3062963  338.6284203  338.5539181  338.4493131  338.4987223  342.4389185
   33.6460476  337.5799749  324.5479479  318.9212491  318.0244707  313.4204717  306.8145058  335.7451986  337.8202448  337.5704025  337.6223019  337.8309334  341.2669542
   34.4021211  336.5150324  323.5941275  317.0686433  317.0686433  312.3832806  305.2462877  334.6886786  336.9333168  336.7973716  336.7381801  336.8638429  340.9058437
   35.1637746  335.7775700  322.6876810  316.0925058  315.2109042  311.2969645  304.5314536  333.9564065  336.0937181  335.8952593  335.9724269  335.8501894  340.2347931
   35.9309675  335.7775700  321.8409731  315.2109042  314.2219957  309.5576361  302.2362720  333.1801142  335.3136408  335.0878633  335.0592479  335.2498719  339.1672519
   36.7036601  334.8753930  319.9759013  314.2219957  313.4204717  310.2522506  301.5324723  332.2794402  334.4760266  334.1752613  334.3327368  336.0035731  338.5141262
   37.4818135  334.1485277  318.9212491  312.3832806  311.2969645  309.5058502  299.3129323  331.5524045  333.4934152  333.4367042  333.3218317  336.4007153  337.5346355
   38.2653897  333.2548091  318.0244707  311.2969645  310.5667698  308.9418785  298.7339434  330.6602628  332.6674215  332.4311594  332.6695003  335.9125397  337.0116935
   39.0543515  332.4158399  317.0686433  310.5667698  309.5576361  308.0278142  296.4515793  329.8224014  331.7832528  331.7790579  331.7420138  335.0794282  335.9830758
   39.8486622  331.6153565  316.0925058  309.5576361  310.2522506  306.2432880  295.6754819  329.0227190  330.8792240  330.8516123  332.5021476  334.4655152  335.2712753
   40.6482862  331.6153565  315.2109042  310.7207474  309.5058502  305.2462877  293.4462931  328.2193147  330.0689996  333.1055289  332.8749323  333.5542056  334.3082750
   41.4531882  330.9571713  314.2219957  309.5058502  308.9418785  304.5314536  292.6197766  327.5552665  329.1527243  331.9777215  332.3924609  332.9236663  333.5525292
   42.2633341  332.2446964  312.3832806  308.9418785  308.0278142  302.2362720  290.3825610  328.8175823  328.3736252  331.4950216  331.5641796  331.8208026  332.5944621
   43.0786900  331.1168227  311.2969645  306.8145058  306.8145058  301.5324723  289.5471059  327.6887627  327.3641576  330.5092918  330.4403600  331.2049122  331.8355562
   43.8992228  330.6339148  310.5667698  306.2432880  305.2462877  300.5284681  287.2874608  327.1985675  326.7073979  330.0226791  330.0198202  330.2930494  330.8680711
   44.7249001  329.8049123  309.5576361  305.2462877  304.5314536  298.7339434  286.2016197  326.3658461  325.7746110  329.1151338  329.3927489  329.7023325  329.8667170
   45.5556901  329.1552198  310.2522506  304.5314536  303.4452736  297.5224090  284.2067713  325.7107475  326.5286339  328.4874709  328.3986568  328.5885809  329.1740764
   46.3915614  328.2472795  310.7207474  302.2362720  302.2362720  296.4515793  283.0815379  324.8000887  327.0588781  327.3560072  327.2835280  327.6151890  328.1389247
   47.2324833  327.6191060  309.5058502  301.5324723  300.5284681  294.4652324  280.8201589  324.1665031  325.9226198  326.7424210  326.7449594  326.8509549  327.1950240
   48.0784258  326.7659102  308.9418785  300.5284681  299.3129323  293.4462931  279.8346479  323.3102486  325.4308172  325.8320901  325.6265075  325.9323625  326.3031853
   48.9293592  325.7697210  306.8145058  299.3129323  298.7339434  292.6197766  277.6237053  322.3125326  324.4013752  324.7127568  325.1387114  325.2051858  325.4217329
   49.7852543  325.0044860  306.2432880  298.7339434  297.5224090  290.3825610  276.6515899  321.5435625  323.9055651  324.2239772  324.0251247  324.2088625  324.5479479
   50.6460826  324.0350329  305.2462877  296.4515793  295.6754819  289.5471059  274.3549946  320.5725167  322.9882487  323.1281409  323.3688462  323.4761433  323.5941275
   51.5118160  323.3470409  304.5314536  295.6754819  294.4652324  288.3295293  273.2081354  319.8802165  322.3502800  322.4472612  322.2595822  322.3659151  322.5519581
   52.3824268  322.4849172  303.4452736  294.4652324  293.4462931  286.2016197  271.1443624  319.0156246  321.3446678  321.3368833  321.3400781  321.4939551  321.8409731
   53.2578879  321.5640332  302.2362720  293.4462931  292.6197766  285.2210272  269.9005280  318.0929574  320.2174383  320.4161809  320.6113981  320.6215406  320.7072442
   54.1381725  321.5640332  301.5324723  291.4017436  290.3825610  284.2067713  267.7156727  317.2196783  319.5903224  319.5758790  319.5885980  319.7164812  319.8886435
   55.0232544  320.4527101  300.5284681  290.3825610  289.5471059  282.0443052  266.6355172  316.1038512  318.6659566  318.6578984  318.8540379  318.8263368  318.9212491
   55.9131077  319.7227795  299.3129323  289.5471059  288.3295293  280.8201589  264.3268067  315.3657254  317.5321168  317.9220370  317.7414482  317.7165898  317.9922030
   56.8077069  318.8081681  298.7339434  288.3295293  287.2874608  279.8346479  263.2867366  314.4448871  317.0283910  316.8080760  316.8028517  316.8436776  317.0686433
   57.7070270  318.8081681  297.5224090  287.2874608  285.2210272  277.6237053  260.9182490  313.5543223  315.8983689  315.8680423  315.9688187  315.9214417  316.0925058
   58.6110433  317.9094794  296.4515793  285.2210272  284.2067713  276.6515899  259.8240107  312.6447217  314.9075601  315.0287091  315.0606546  315.0648096  315.1193376
   59.5197316  317.0283910  295.6754819  284.2067713  283.0815379  275.5927869  257.5229877  311.7526902  314.2084441  314.1190924  314.0428174  314.1228581  314.2219957
   60.4330680  316.0156469  293.4462931  283.0815379  282.0443052  273.2081354  256.3302650  310.7304628  313.1292212  313.0997441  313.1122701  313.0444231  313.1552231
   61.3510289  316.0156469  292.6197766  282.0443052  280.8201589  272.1904520  254.0668012  309.8227519  312.3832806  312.1676306  311.9968236  312.1461211  312.3069896
   62.2735912  315.1450329  291.4017436  280.8201589  278.7495791  271.1443624  252.9020615  308.9368058  311.2496374  311.0505661  311.1808879  311.2201240  311.2717007
   63.2007320  313.4204717  290.3825610  279.8346479  277.6237053  269.9005280  250.5697680  308.1032512  310.3127484  310.1698249  310.1655522  310.0987490  310.3671707
   64.1324288  312.3832806  289.5471059  277.6237053  276.6515899  267.7156727  249.4125678  307.0573789  309.5576361  309.2126192  309.3025474  309.2362381  309.3430194
   65.0686595  311.2771851  288.3295293  276.6515899  275.5927869  266.6355172  247.0659000  305.9434270  308.4241046  308.3479440  308.3538115  308.2797479  308.4360250
   66.0094022  310.5667698  287.2874608  275.5927869  274.3549946  265.5040982  245.8637181  305.2213327  307.4642020  307.3974942  307.2279472  307.2728345  307.3709153
   66.9546353  309.5576361  286.2016197  274.3549946  272.1904520  263.2867366  245.5020511  304.2036403  306.4608358  306.2698750  306.3410091  306.3936560  308.4407604
   67.9043377  308.4752926  285.2210272  273.2081354  271.1443624  262.0825637  245.8784029  303.1136017  305.5615329  305.2322944  305.4076868  305.3174982  308.9418785
   68.8584883  307.9014149  284.2067713  272.1904520  269.9005280  260.9182490  243.1662973  302.5270746  304.6287664  304.3225981  304.2786402  304.2810727  307.6964015
   69.8170666  307.9014149  283.0815379  269.9005280  268.8729388  259.8240107  241.8109024  301.5790994  303.5859917  303.3121965  303.3637037  303.3142674  306.4864816
   70.7800522  306.7403532  282.0443052  268.8729388  267.7156727  257.5229877  241.4309599  300.4070288  302.6301940  302.3954342  302.3203991  302.3701294  306.2432880
   71.7474250  305.6142444  280.8201589  267.7156727  266.6355172  256.3302650  238.7193944  299.2697108  301.4892050  301.3502714  301.3534323  301.3085298  305.0121630
   72.7191652  304.9882409  279.8346479  266.6355172  264.3268067  255.1826741  237.7824087  298.6276448  300.5843156  300.3814157  300.3482922  300.2918091  304.2207371
   73.6952533  304.9882409  278.7495791  265.5040982  263.2867366  254.0668012  235.5195390  297.6633403  299.5807120  299.3617653  299.4237022  299.3066639  303.4452736
   74.6756700  303.9956458  277.6237053  264.3268067  262.0825637  251.7244549  234.1575608  296.6542020  298.5365571  298.2966466  298.3366278  298.3393464  302.2362720
   75.6603962  302.8315058  276.6515899  262.0825637  260.9182490  250.5697680  233.3050375  295.4753994  297.6444668  297.3562341  297.2889786  297.3184137  301.5324723
   76.6494133  302.8315058  275.5927869  260.9182490  259.8240107  249.4125678  230.5749362  294.4991848  296.6663976  296.3066492  296.3106592  296.2951285  300.3080847
   77.6427025  301.8566509  274.3549946  259.8240107  258.6552855  248.1963355  229.2065838  293.5036916  295.5109691  295.3263698  295.2585416  295.2135173  299.0966553
   78.6402457  301.0721833  273.2081354  258.6552855  257.5229877  245.8637181  227.3354498  292.6968636  294.4454032  294.2722692  294.2424207  294.2734235  298.7339434
   79.6420248  301.0721833  272.1904520  257.5229877  255.1826741  245.1254439  225.9639826  291.7088067  293.5075587  293.2541439  293.2330049  293.6675701  297.5224090
   80.6480220  299.9000041  271.1443624  256.3302650  254.0668012  245.5020511  224.5902767  290.5141241  292.5414282  292.1761021  292.2357775  294.1655320  296.3093444
   81.6582195  298.9245775  269.9005280  255.1826741  252.9020615  245.8784029  222.1694157  289.5144236  291.3793656  291.1426376  291.1900910  294.6633064  295.4158634
   82.6726001  298.9245775  268.8729388  254.0668012  251.7244549  244.5196839  220.7898335  288.5145992  290.4312201  290.1404633  290.1315769  293.4434098  294.1998538
   83.6911466  298.1309328  267.7156727  252.9020615  250.5697680  241.8109024  219.8767678  287.6909041  289.3545278  289.0897937  289.0956559  292.1508426  293.4462931
   84.7138420  297.1121329  266.6355172  250.5697680  249.4125678  241.4309599  217.5100431  286.6445170  288.3540081  288.0949597  288.0571416  291.9024499  292.6197766
   85.7406695  297.1121329  265.5040982  249.4125678  248.1963355  240.0762030  216.1250080  285.6330051  287.3025698  287.0543819  286.9600738  290.6890136  291.4017436
   86.7716126  295.9361360  264.3268067  248.1963355  247.0659000  238.7193944  214.7376285  284.4270942  286.2055497  285.9552355  285.9478261  289.4735548  290.1819083
   87.8066549  295.9361360  263.2867366  247.0659000  245.1254439  236.4220619  212.2837137  283.4080598  285.2442104  284.9408951  285.3637301  288.6056243  289.2823542
   88.8457802  295.1006728  262.0825637  245.8637181  245.5020511  235.5195390  210.8878943  282.5354216  284.1202406  283.8553879  285.8460340  287.8423782  288.0568547
   89.8889725  295.1006728  262.0825637  245.1254439  245.8784029  234.1575608  209.9523354  281.5088795  283.0290411  283.2290062  286.3279565  286.6242573  287.2874608
   90.9362162  293.8880273  260.9182490  245.5020511  244.5196839  233.3050375  207.1565730  280.2590177  281.9408425  283.7062096  285.0920245  285.9104708  286.0626712
   91.9874954  292.9463605  259.8240107  245.8784029  243.1662973  231.9410820  205.7551312  279.2776805  280.9218537  284.1830081  283.8612319  284.6903289  284.8346670
   93.0427949  292.9463605  258.6552855  244.5196839  241.8109024  229.2065838  204.6080758  278.2396223  279.8289576  282.9419303  282.6283066  283.4092280  283.8588891
   94.1020994  291.9712743  257.5229877  243.1662973  241.4309599  228.1477902  202.2510311  277.2214434  278.7719594  281.7059716  282.3609300  282.4936171  283.0815379
   95.1653937  291.9712743  256.3302650  241.8109024  240.0762030  227.3354498  200.8414817  276.1759435  277.6549759  280.4678612  281.1283333  281.8219389  281.8484343
   96.2326629  290.9822088  255.1826741  240.0762030  238.7193944  225.9639826  199.4295568  275.1402098  276.5825085  280.1025362  279.8935477  280.5966596  280.6133053
   97.3038924  289.9509064  254.0668012  238.7193944  237.7824087  224.5902767  196.9328471  274.0629419  275.5412779  278.8656006  279.0742250  279.3690892  279.7107097
   98.3790675  289.9509064  252.9020615  237.7824087  235.5195390  223.5466891  195.5158811  273.0060680  274.4515057  278.0441202  278.2054816  278.4682522  278.4730692
   99.4581738  289.0295172  251.7244549  236.4220619  234.1575608  220.7898335  194.0964720  272.0339529  273.3488324  276.8033401  276.9679453  277.1869413  277.2332844
  100.5411970  289.0295172  250.5697680  235.5195390  233.3050375  219.8767678  191.5790153  270.9697116  272.2686872  276.0156304  276.2346014  276.4176920  276.3230904
  101.6281230  287.8215767  250.5697680  234.1575608  231.9410820  218.4937827  190.1505472  269.7102887  271.1401732  274.7728822  274.9947685  275.1831245  275.0767577
  102.7189378  287.8215767  249.4125678  233.3050375  230.5749362  217.5100431  188.7197015  268.6387063  270.0538840  274.0343140  273.7525929  274.3437046  273.8282989
  103.8136277  286.9301502  248.1963355  231.9410820  229.2065838  216.1250080  186.2501781  267.6890494  268.9089976  272.7892454  272.5080557  273.1068893  272.9784184
  104.9121789  286.9301502  247.0659000  230.5749362  228.1477902  213.3478945  184.8151724  266.6101536  267.8488952  271.5418238  271.5698020  271.8248120  271.7282079
  106.0145780  285.8909161  245.8637181  229.2065838  227.3354498  212.2837137  183.5946364  265.5106226  266.7176099  270.2920311  270.8753545  270.9079764  270.6905075
  107.1208115  285.8909161  245.1254439  228.1477902  225.9639826  210.8878943  182.1511837  264.4244421  266.0454400  269.3485133  269.6271870  269.6626940  269.4322852
  108.2308663  284.8755865  245.5020511  227.3354498  224.5902767  209.9523354  179.2572102  263.3450694  266.4768503  268.6487940  268.3766165  268.8729388  268.1771300
  109.3447291  284.8755865  245.8784029  225.9639826  223.5466891  208.5556381  178.2597699  262.2516343  266.9078562  267.3953478  267.4526742  267.6265199  267.3627582
  110.4623871  283.8218717  245.8784029  224.5902767  222.1694157  207.1565730  176.8106950  261.1307901  265.7525775  266.1394923  266.1981925  266.3776148  266.1013970
  111.5838273  283.8218717  244.5196839  223.5466891  220.7898335  205.7551312  174.0173013  260.0301309  264.4622499  265.2102597  264.9412327  265.1262093  264.9585072
  112.7090371  282.8484807  243.1662973  222.1694157  219.8767678  203.2029498  172.5558967  258.9853733  263.1770582  263.9504828  264.1459304  264.0908222  263.6871939
  113.8380039  282.8484807  241.8109024  220.7898335  218.4937827  202.2510311  171.0921621  257.8775214  261.8897360  262.6882238  262.8852125  263.2867366  262.4136694
  114.9707152  281.6709594  241.4309599  219.8767678  217.5100431  200.8414817  168.6632895  256.6272764  261.5679703  261.8876187  262.0195510  262.0294404  261.6442688
  116.1071586  281.6709594  240.0762030  218.4937827  216.1250080  199.4295568  167.1970129  255.5122639  260.2809978  260.6215953  260.7564090  260.7696317  260.3704414
  117.2473221  281.6155027  240.0762030  217.5100431  214.7376285  198.0152485  165.7283272  255.3694994  259.1059590  259.7506260  259.4907472  259.5072983  259.0942938
  118.3911933  281.6155027  238.7193944  216.1250080  213.3478945  196.9328471  164.2753641  254.2473587  257.8133800  258.4821746  258.2225544  258.5733835  257.8337624
  119.5387605  281.6155027  237.7824087  214.7376285  212.2837137  195.5158811  161.3252094  253.1218200  256.9362943  257.2112021  257.2764584  257.3080767  256.5629544
  120.6900117  282.0873795  236.4220619  213.3478945  210.8878943  194.0964720  159.8465057  253.4940888  255.6399506  255.9376978  256.0018385  256.0401745  255.2791022
  121.8449352  282.0873795  235.5195390  212.2837137  209.9523354  191.5790153  158.6801226  252.3614637  254.7967231  254.9862903  255.1826741  255.0653913  254.3044714
  123.0035193  280.8413651  235.5195390  210.8878943  208.5556381  190.1505472  155.9446370  251.0297484  253.6054105  253.7063590  253.9067796  253.7907742  253.2586380
  124.1657525  280.8413651  234.1575608  209.9523354  207.1565730  188.7197015  154.4554757  249.8900706  252.3037818  252.8818840  252.6283374  252.5136205  251.9665851
  125.3316234  279.6004562  233.3050375  208.5556381  205.7551312  187.6827417  152.9857558  248.5601705  251.5063932  251.6006799  251.3473383  251.6262277  250.6937792
  126.5011206  279.6004562  231.9410820  207.1565730  204.6080758  186.2501781  149.9947227  247.4134737  250.2025675  250.3169297  250.3179771  250.3469980  249.4073311
  127.6742330  279.6004562  230.5749362  205.7551312  203.2029498  184.8151724  148.6962862  246.2634074  248.8964552  249.0306244  249.0329213  249.0651588  248.3061924
  128.8509494  278.8720525  230.5749362  204.6080758  202.2510311  183.5946364  147.4729148  245.4340645  247.6889202  247.9959593  248.1963355  247.9954501  247.2793457
  130.0312589  278.8720525  229.2065838  203.2029498  200.8414817  182.1511837  144.4858209  244.2770240  246.3771209  246.7056022  246.9064901  246.7048569  246.0091012
  131.2151505  278.0798295  228.1477902  202.2510311  199.4295568  180.7053773  142.9758083  243.3813466  245.3716762  245.8637181  245.6140876  245.4117342  244.7005465
  132.4026135  278.0798295  227.3354498  200.8414817  198.0152485  179.2572102  141.4884019  242.2173664  244.6101122  244.5685776  244.3191199  244.1160729  243.4143293
  133.5936370  278.0798295  225.9639826  199.4295568  196.9328471  178.2597699  139.9732636  241.0500397  243.2949059  243.2708835  243.3525345  243.2664276  242.1006053
  134.7882106  276.8370293  225.9639826  198.0152485  195.5158811  175.3591904  137.1120600  239.7016084  242.0712210  241.9706281  242.0545245  241.9455899  240.9693142
  135.9863237  276.8370293  224.5902767  196.9328471  194.0964720  174.0173013  135.8459909  238.5273881  240.7503361  240.9987591  240.7538903  240.7571549  239.9041985
  137.1879658  276.8370293  223.5466891  195.5158811  193.0051134  172.5558967  134.7200069  237.3498350  239.7561709  239.6954699  239.7778208  239.4501920  238.9776967
  138.3931267  275.5920156  223.5466891  194.0964720  191.5790153  171.0921621  135.0903542  235.9926143  238.5231004  238.3895611  238.4701538  238.1407134  241.0577919
  139.6017960  275.5920156  222.1694157  193.0051134  190.1505472  169.6260908  135.2751435  234.8082143  237.1951481  237.4082220  237.1599354  236.8287106  241.4309599
  140.8139637  274.8316133  220.7898335  193.0051134  188.7197015  168.6632895  133.7146415  233.9277376  235.8648223  236.1446185  235.8471585  236.0147328  240.0762030
  142.0296196  274.8316133  219.8767678  191.5790153  187.6827417  167.1970129  132.1521623  232.7365251  234.9962608  234.8285903  234.9241239  234.7021008  238.7193944
  143.2487538  274.8316133  219.8767678  190.1505472  186.2501781  165.7283272  129.0212170  231.5420074  233.7504864  233.5100192  233.6092373  233.3868687  237.3473641
  144.4713565  273.5805716  218.4937827  188.7197015  184.8151724  164.2753641  127.4527244  230.1693308  232.4133002  232.1888984  232.2917291  232.0869857  235.9865748
  145.6974176  273.5805716  217.5100431  187.6827417  183.5946364  162.8014941  125.8822013  228.9680476  231.4712896  231.2575290  231.1863423  230.7661876  234.6236667
  146.9269277  273.5805716  216.1250080  186.2501781  182.1511837  161.3252094  124.3096357  227.7634753  230.1319196  229.9343169  229.8600647  229.4427804  233.2586208
  148.1598769  272.7177286  216.1250080  184.8151724  180.7053773  159.8465057  124.1629132  226.7687273  228.8734949  228.6084929  228.5312542  228.1167591  233.3050375
  149.3962558  272.7177286  214.7376285  183.5946364  179.2572102  158.6801226  122.5917021  225.5574367  227.5284338  227.4948000  227.1999042  227.0997149  231.9410820
  150.6360548  272.7177286  214.7376285  182.1511837  178.2597699  157.4314189  121.0184143  224.3428736  226.2639810  226.1602265  226.3145720  226.0009521  230.5749362
  151.8792646  272.7177286  213.3478945  180.7053773  178.2597699  155.9446370  119.4430394  223.1250416  224.9132361  224.8231304  225.0207400  224.6662702  229.2065838
  153.1258757  271.4894870  212.2837137  179.2572102  176.8106950  154.4554757  116.2859870  221.7588359  223.8847301  223.4835052  223.6850444  223.3290101  227.8310400
  154.3758790  271.4894870  212.2837137  179.2572102  175.3591904  152.9857558  114.7042900  220.5343465  222.6109694  222.1867815  222.3467460  222.0107740  226.4583493
  155.6292653  271.4894870  210.8878943  178.2597699  174.0173013  151.4914313  113.1204665  219.3066057  221.2508149  221.2901172  221.1167701  220.6679558  225.0834025
  156.8860254  270.7201452  209.9523354  176.8106950  172.5558967  149.9947227  111.5345076  218.3885042  220.3462686  219.9461483  219.7682775  219.3225531  223.7061855
  158.1461504  270.7201452  209.9523354  175.3591904  171.0921621  148.6962862  111.1787323  217.1541532  219.0632251  218.5995884  218.4172828  218.1732155  223.5466891
  159.4096312  270.7201452  208.5556381  174.0173013  169.6260908  147.4729148  109.5930466  215.9165687  217.6988522  217.3613630  217.0637797  217.0979674  222.1694157
  160.6764591  270.7201452  208.5556381  172.5558967  168.6632895  145.9934882  108.0052008  214.6757551  216.4097942  216.0046330  216.2083197  215.7689994  220.7898335
  161.9466250  269.4669301  207.1565730  171.0921621  167.1970129  144.4858209  106.4151870  213.2691506  215.0397964  214.6454132  214.8542256  214.4118478  219.4079305
  163.2201204  269.4669301  205.7551312  171.0921621  167.1970129  142.9758083  104.8229977  212.0217876  213.6674131  213.3279833  213.5338331  213.0521488  218.0236950
  164.4969365  269.4669301  205.7551312  169.6260908  165.7283272  141.4884019  103.2286256  210.7712139  212.3691129  211.9632209  212.1741408  211.7146042  216.6371159
  165.7770648  269.4669301  204.6080758  168.6632895  164.2753641  139.9732636  101.6320639  209.5174340  211.2453182  211.0965186  210.8298259  210.3493792  215.2481826
  167.0604966  268.2113549  204.6080758  167.1970129  162.8014941  138.4557757  100.0333057  208.0991606  209.9410195  209.7311994  209.4646258  208.9816020  213.8568847
  168.3472234  268.2113549  203.2029498  165.7283272  161.3252094  137.1120600   98.4323447  206.8388919  208.5584998  208.3633195  208.0968485  207.7856335  212.4632124
  169.6372370  268.2113549  202.2510311  164.2753641  159.8465057  135.8459909   96.8291745  205.5754360  207.6246395  207.0108303  206.7264906  206.6663091  211.0671562
  170.9305288  268.2113549  202.2510311  162.8014941  158.6801226  134.7200069   96.2894901  204.3087976  206.3111470  205.6374694  205.6651450  205.6854430  210.7237508
  172.2270907  268.2113549  200.8414817  162.8014941  157.4314189  134.9053087   94.6856966  203.0389817  204.9210243  204.2994232  204.5221177  206.0025242  209.3266743
  173.5269144  267.4141624  200.8414817  161.3252094  157.4314189  135.0903542   93.0796768  202.0620552  203.6015553  202.9204768  203.1783084  206.3191259  207.9271878
  174.8299917  267.4141624  199.4295568  159.8465057  155.9446370  135.2751435   91.4714255  200.7858245  202.2058919  201.5389682  201.7964056  206.6352484  206.5252832
  176.1363146  267.4141624  199.4295568  158.6801226  154.4554757  133.7146415   89.8609375  199.5064355  200.8804539  200.4664903  200.4119690  205.2233072  205.1209529
  177.4458749  267.4141624  198.0152485  157.4314189  152.9857558  132.1521623   88.2482079  198.2238934  199.4792609  199.3123493  199.0466019  203.8091835  203.7141894
  178.7586648  267.4141624  196.9328471  157.4314189  151.4914313  130.5876920   86.6332320  196.9382032  198.4066640  197.9598124  197.6566996  202.3928637  202.3049856
  180.0746762  267.4141624  196.9328471  155.9446370  149.9947227  129.0212170   85.0160052  195.6493704  197.0721061  196.5668047  196.2642612  200.9743347  200.8933347
  181.3939013  266.1526892  195.5158811  154.4554757  149.9947227  127.4527244   83.3965231  194.1973615  195.6651470  195.1712823  194.9031288  199.5535838  199.4792303
  182.7163323  266.1526892  195.5158811  152.9857558  148.6962862  125.8822013   81.7747817  192.9022011  194.3246489  193.7948488  193.7038303  198.1305988  198.0626660
  184.0419615  266.1526892  194.0964720  151.4914313  147.4729148  124.3096357   80.1507769  191.6039173  192.9121469  192.3938993  192.5786767  196.7053681  196.6436360
  185.3707812  266.1526892  194.0964720  151.4914313  145.9934882  124.1629132   78.5245049  190.3025155  191.5657188  191.0269211  191.1998597  196.6914989  195.2221346
  186.7027836  266.1526892  193.0051134  149.9947227  144.4858209  122.5917021   78.5245049  188.9980012  190.4748818  189.6204692  189.7929167  195.2671630  193.7927127
  188.0379613  266.1526892  193.0051134  148.6962862  144.4858209  121.0184143   76.8959621  187.6903798  189.1225344  188.4101562  188.4174959  193.8405488  192.3662058
  189.3763066  265.2938315  191.5790153  147.4729148  142.9758083  119.4430394   76.1931508  186.6218070  187.6972188  187.2740078  187.0051065  192.4116463  191.8559397
  190.7178122  265.2938315  190.1505472  147.4729148  141.4884019  117.8655670   74.5632306  185.3079438  186.2695952  185.8956186  185.6149359  190.9804457  190.4276010
  192.0624705  265.2938315  190.1505472  145.9934882  139.9732636  116.2859870   72.9310298  183.9909928  184.9082343  184.5028558  184.1971502  189.5469375  188.9967682
  193.4102743  265.2938315  190.1505472  144.4858209  139.9732636  116.2859870   71.2965452  182.6709596  183.5440833  183.0819919  182.8104360  188.1431513  187.5634370
  194.7612161  265.2938315  188.7197015  142.9758083  138.4557757  114.7042900   69.6597740  181.3478497  182.1079517  181.6586641  181.3872203  186.7045136  186.1276034
  196.1152887  265.2938315  187.6827417  142.9758083  137.1120600  113.1204665   68.0207135  180.0216687  181.0618197  180.2688954  180.1358852  185.2635533  184.6892634
  197.4724850  265.2938315  187.6827417  141.4884019  135.8459909  111.5345076   66.3793610  178.6924223  179.6887030  178.8648510  178.9612672  183.8202622  183.2484134
  198.8327976  264.0322131  186.2501781  139.9732636  134.7200069  111.1787323   64.7357141  177.2071488  178.2479003  177.4332168  177.9251809  183.5946364  181.8050499
  200.1962195  264.0322131  184.8151724  138.4557757  134.7200069  109.5930466   63.0897704  175.8717581  176.8047393  175.9991221  176.5242697  182.1511837  180.3591697
  201.5627437  264.0322131  183.5946364  138.4557757  134.9053087  108.0052008   61.4415277  174.5333210  175.5739625  174.5980103  176.7832801  180.7053773  178.9107696
  202.9323631  264.0322131  182.1511837  137.1120600  135.0903542  106.4151870   59.7909839  173.1918432  174.1225571  173.3328770  177.0418910  179.2572102  177.4598468
  204.3050706  264.0322131  180.7053773  135.8459909  135.2751435  104.8229977   58.1381370  171.8473303  172.6688804  172.1444863  177.3001033  177.8066754  176.0063984
  205.6808595  264.0322131  179.2572102  135.8459909  135.2751435  103.2286256   56.4829852  170.4997880  171.2129251  170.7350001  175.8879713  176.3537665  174.5504221
  207.0597227  264.0322131  178.2597699  134.7200069  133.7146415  103.2286256   54.8255268  169.1492218  170.2032479  169.6822384  174.4152911  174.9225343  173.0919152
  208.4416535  264.0322131  176.8106950  134.9053087  132.1521623  101.6320639   53.1657600  167.7956375  168.7465106  169.9275291  172.9405153  173.4644542  171.6308756
  209.8266450  264.0322131  175.3591904  135.0903542  132.1521623  100.0333057   51.5036834  166.4390408  167.2874260  170.1724460  171.5200983  172.0039909  170.1673012
  211.2146906  264.0322131  174.0173013  135.0903542  130.5876920   98.4323447   50.6503517  165.0794373  165.9369186  168.7516839  170.0403141  170.5411387  169.5041358
  212.6057835  264.0322131  172.5558967  135.2751435  129.0212170   96.8291745   48.9862840  163.7168327  164.4681484  168.9933163  168.5584136  169.0758920  168.0380926
  213.9999170  264.0322131  171.0921621  133.7146415  127.4527244   96.2894901   47.3199026  162.3512326  162.9971291  167.5069972  167.0743847  168.6632895  166.5695093
  215.3970846  264.0322131  169.6260908  133.7146415  127.4527244   94.6856966   45.6512064  160.9826429  161.5238538  166.0779052  165.6428071  167.1970129  165.0983845
  216.7972796  264.0322131  168.6632895  132.1521623  125.8822013   93.0796768   43.9801943  159.6110692  160.5488729  164.5866165  164.1537542  165.7283272  163.6247167
  218.2004955  264.0322131  167.1970129  130.5876920  124.3096357   93.0796768   42.3068654  158.2365171  159.0755085  163.0932500  162.6625547  164.2753641  162.1485047
  219.6067258  264.0322131  165.7283272  130.5876920  124.1629132   91.4714255   40.6312189  156.8589924  157.5998157  161.6558476  162.5828164  162.8014941  160.6697475
  221.0159642  264.0322131  164.2753641  129.0212170  124.1629132   89.8609375   38.9532540  155.4785007  156.1397450  160.1575030  161.1401209  161.3252094  159.1884438
  222.4282041  264.0322131  162.8014941  127.4527244  122.5917021   88.2482079   37.2729699  154.0950478  154.6590329  158.6570609  159.6471482  159.8465057  157.7045930
  223.8434392  264.0322131  161.3252094  127.4527244  121.0184143   86.6332320   35.5903662  152.7086393  153.1759866  157.2113691  158.1520025  158.3653793  156.2181942
  225.2616633  264.0322131  159.8465057  125.8822013  121.0184143   85.0160052   33.9054421  151.3192808  151.6906016  155.7059423  156.7010906  156.8818263  154.7292468
  226.6828699  264.0322131  158.6801226  124.3096357  119.4430394   85.0160052   32.2181974  149.9269781  150.5144699  154.1984000  155.2009060  155.4127618  153.2377502
  228.1070529  264.0322131  157.4314189  124.3096357  117.8655670   83.3965231   30.5286316  148.5317368  149.2568965  152.7444411  153.6985341  153.9240241  151.7437039
  229.5342060  264.0322131  155.9446370  124.1629132  117.8655670   81.7747817   28.8367444  147.1335625  147.7636814  152.6455279  152.2394249  152.4328564  150.2471077
  230.9643231  264.0322131  154.4554757  122.5917021  116.2859870   80.1507769   27.1425357  145.7324609  146.2681660  151.1362839  150.7320119  150.9392556  148.7479612
  232.3973980  264.0322131  152.9857558  122.5917021  114.7042900   78.5245049   25.4460051  144.3284376  144.7919530  149.6740816  149.2223987  149.4432187  147.2462644
  233.8334247  264.0322131  151.4914313  121.0184143  114.7042900   78.5245049   23.7471527  142.9214982  143.2914366  148.1598450  147.7551130  147.9608582  145.7420172
  235.2723971  264.0322131  149.9947227  119.4430394  113.1204665   76.8959621   23.7471527  141.5116483  141.7886148  146.6434617  146.2404581  146.4596411  144.2238464
  236.7143092  264.0322131  148.6962862  119.4430394  111.5345076   76.1931508   22.0459784  140.0988935  140.4821373  145.1730404  144.7235912  145.8747120  142.7144877
  238.1591550  264.0322131  148.6962862  117.8655670  111.5345076   74.5632306   20.3424822  138.6832394  139.0308796  143.6516627  143.2481507  144.3717594  141.2025798
  239.6069286  264.0322131  147.4729148  117.8655670  111.1787323   74.5632306   18.6366642  137.2646916  137.7957189  142.1758785  142.9462471  142.8788757  139.6881229
  241.0576240  264.0322131  145.9934882  116.2859870  111.1787323   72.9310298   16.9285247  135.8432556  136.3071231  140.6495098  141.4654889  141.3707498  138.1711173
  242.5112353  264.0322131  144.4858209  116.2859870  109.5930466   71.2965452   15.2180637  134.4189370  134.7906285  139.1683685  139.9430684  139.8601826  136.6515634
  243.9677568  264.0322131  142.9758083  114.7042900  108.0052008   69.6597740   14.2204758  132.9917411  133.2718713  137.6370127  138.4184231  138.3471722  135.8375041
  245.4271827  264.0322131  141.4884019  113.1204665  108.0052008   69.6597740   12.5075420  131.5616737  131.7755534  136.1034889  136.9295450  136.8437877  134.3150029
  246.8895071  264.0322131  139.9732636  113.1204665  106.4151870   68.0207135   10.7922879  130.1287401  130.2518397  134.6141821  135.3998659  135.3256125  132.7899552
  248.3547244  264.0322131  138.4557757  111.5345076  106.4151870   66.3793610    9.0747139  128.6929459  128.7258585  133.0756721  133.9056872  133.8049941  131.2623618
  249.8228287  264.0322131  137.1120600  111.5345076  104.8229977   64.7357141    7.3548206  127.2542964  127.3719704  131.5810295  132.3709797  132.2819308  129.7322236
  251.2938146  264.0322131  135.8459909  111.1787323  103.2286256   64.7357141    5.6326083  125.8127972  126.0950108  131.2575422  130.8340368  130.7680713  128.1995413
  252.7676762  264.0322131  134.7200069  111.1787323  103.2286256   63.0897704    3.9080778  124.3684536  124.9567936  129.7575714  129.3317761  129.2398537  126.6643158
  254.2444082  264.0322131  134.9053087  109.5930466  101.6320639   61.4415277    2.1812296  122.9212710  125.1168073  128.2136274  127.7898089  127.7091920  125.1265482
  255.7240047  264.0322131  135.0903542  109.5930466  101.6320639   61.4415277    0.4520644  121.4712549  125.2766251  126.7083362  126.2822673  126.1875862  123.5862395
  257.2064604  264.0322131  135.2751435  108.0052008  100.0333057   59.7909839    0.0000000  120.0184106  125.4362468  125.1594214  124.7352821  124.6517794  123.3100135
  258.6917697  265.2938315  133.7146415  106.4151870   98.4323447   58.1381370    0.0000000  118.7156903  123.8680876  123.6083200  123.1860528  123.1135300  123.4810849
  260.1799272  265.2938315  132.1521623  106.4151870   98.4323447   56.4829852    0.0000000  117.2571844  122.2980284  122.0949384  121.6704697  121.5728368  123.6519101
  261.6709274  265.2938315  130.5876920  104.8229977   96.8291745   56.4829852    0.0000000  115.7958657  120.7260550  120.5388698  120.1162280  120.0408041  123.8224896
  263.1647649  265.2938315  129.0212170  104.8229977   96.8291745   54.8255268    0.0000000  114.3317395  119.1521540  119.0201929  118.5953858  118.4949788  123.9928238
  264.6614343    0.0000000  127.4527244  103.2286256   96.2894901   53.1657600    0.0000000 -257.9114292  117.5763122  117.4591633  118.0911824  116.9467118  124.1629132
  266.1609303    0.0000000  125.8822013  103.2286256   96.2894901   53.1657600    0.0000000 -259.3898352  115.9985170  115.9351999  116.5650887  115.4069645  122.5917021
  267.6632475    0.0000000  124.3096357  101.6320639   94.6856966   51.5036834    0.0000000 -260.8709867  114.4187561  114.3692157  115.0046176  113.8535763  121.0184143
  269.1683808    0.0000000  124.1629132  101.6320639   94.6856966   50.6503517    0.0000000 -262.3548786  114.2506363  112.8399754  113.4732807  113.1006945  119.4430394
  270.6763247    0.0000000  122.5917021  100.0333057   93.0796768   50.6503517    0.0000000 -263.8415058  112.6723288  111.2690431  111.9078187  111.5532466  117.8655670
  272.1870741    0.0000000  121.0184143  100.0333057   93.0796768   48.9862840    0.0000000 -265.3308631  111.0920214  109.7345353  110.3712469  109.9949159  116.2859870
  273.7006238    0.0000000  119.4430394   98.4323447   91.4714255   47.3199026    0.0000000 -266.8229455  109.5097036  108.1586618  108.8008016  108.4341491  114.7042900
  275.2169686    0.0000000  117.8655670   98.4323447   91.4714255   47.3199026    0.0000000 -268.3177480  107.9253648  106.6188964  107.2590037  106.8790157  113.1204665
  276.7361033    0.0000000  116.2859870   96.8291745   89.8609375   45.6512064    0.0000000 -269.8152656  106.3389952  105.0380886  105.6835828  105.3131514  111.5345076
  278.2580230    0.0000000  114.7042900   96.8291745   89.8609375   43.9801943    0.0000000 -271.3154932  104.7505849  103.4930758  104.1365677  103.7448541  109.9464047
  279.7827223    0.0000000  113.1204665   96.2894901   88.2482079   43.9801943    0.0000000 -272.8184260  103.1601247  102.9623848  102.5561792  102.1820513  108.3561494
  281.3101964    0.0000000  111.5345076   96.2894901   88.2482079   42.3068654    0.0000000 -274.3240589  101.5676055  101.4121348  101.0039563  100.6086692  106.7637337
  282.8404402    0.0000000  111.1787323   94.6856966   86.6332320   40.6312189    0.0000000 -275.8323872  101.1930229   99.8252548   99.4186082   99.0328576  105.1691496
  284.3734486    0.0000000  109.5930466   94.6856966   86.6332320   40.6312189    0.0000000 -277.3434059   99.6008838   98.2697780   97.8611869   97.4624026  103.5723898
  285.9092168    0.0000000  108.0052008   93.0796768   85.0160052   38.9532540    0.0000000 -278.8571102   98.0066608   96.6779860   96.2708874   95.8815193  101.9734471
  287.4477396    0.0000000  106.4151870   93.0796768   85.0160052   38.9532540    0.0000000 -280.3734953   96.4103458   95.1172933   94.7082776   94.3060669  100.3723143
  288.9890123    0.0000000  104.8229977   93.0796768   83.3965231   37.2729699    0.0000000 -281.8925563   94.8119315   93.5540933   93.1130350   92.7201212   98.7689849
  290.5330300    0.0000000  103.2286256   91.4714255   83.3965231   35.5903662    0.0000000 -283.4142886   93.2114103   91.9546990   91.5452465   91.1317540   97.1634524
  292.0797876    0.0000000  101.6320639   91.4714255   81.7747817   35.5903662    0.0000000 -284.9386873   91.6087754   90.3862969   89.9450694   89.5486766   95.5557104
  293.6292805    0.0000000  100.0333057   89.8609375   81.7747817   33.9054421    0.0000000 -286.4657478   90.0040199   88.7820141   88.3721124   87.9552608   93.9457531
  295.1815038    0.0000000   98.4323447   89.8609375   80.1507769   32.2181974    0.0000000 -287.9954653   88.3971372   87.2084209   86.7670094   86.3594276   92.3335747
  296.7364526    0.0000000   96.8291745   88.2482079   80.1507769   32.2181974    0.0000000 -289.5278352   86.7881211   85.5992576   85.1888942   84.7687447   90.7191695
  298.2941223    0.0000000   96.2894901   88.2482079   80.1507769   30.5286316    0.0000000 -291.0628529   86.2320093   84.0204846   83.6082985   83.1678770   89.1025324
  299.8545081    0.0000000   94.6856966   88.2482079   78.5245049   30.5286316    0.0000000 -292.6005137   84.6224828   82.4392137   81.9956110   81.5722203   87.4836580
  301.4176052    0.0000000   93.0796768   86.6332320   78.5245049   28.8367444    0.0000000 -294.1408130   83.0108055   80.8225075   80.4098704   79.9663281   85.8625416
  302.9834090    0.0000000   91.4714255   86.6332320   76.8959621   28.8367444    0.0000000 -295.6837463   81.3969719   79.2360716   78.7922822   78.3657028   84.2391784
  304.5519148    0.0000000   89.8609375   85.0160052   76.8959621   27.1425357    0.0000000 -297.2293090   79.7809770   77.6145091   77.2014076   76.7547961   82.6135639
  306.1231179    0.0000000   89.8609375   85.0160052   76.1931508   25.4460051    0.0000000 -298.7774966   78.2158141   76.0229201   76.4976535   75.1414853   80.9856937
  307.6970138    0.0000000   88.2482079   85.0160052   76.1931508   25.4460051    0.0000000 -300.3283046   76.5950275   74.4288404   74.9016556   73.5332967   79.3555636
  309.2735978    0.0000000   88.2482079   83.3965231   76.1931508   23.7471527    0.0000000 -301.8817285   75.0247756   72.7997788   73.3031863   71.9149861   77.7231697
  310.8528653    0.0000000   88.2482079   83.3965231   74.5632306   23.7471527    0.0000000 -303.4377639   73.4520605   71.2005615   71.6763258   70.3018459   76.0885081
  312.4348118    0.0000000   86.6332320   81.7747817   74.5632306   22.0459784    0.0000000 -304.9964063   71.8238761   69.5666681   70.0727476   68.6785461   74.4515753
  314.0194328    0.0000000   86.6332320   80.1507769   72.9310298   22.0459784    0.0000000 -306.5576513   70.2460881   67.9305863   68.4410213   67.0604603   72.8123676
  315.6067238    0.0000000   85.0160052   78.5245049   72.9310298   20.3424822    0.0000000 -308.1214946   68.6131354   66.2923121   66.8323454   65.4321816   71.1708818
  317.1966802    0.0000000   85.0160052   76.8959621   72.9310298   18.6366642    0.0000000 -309.6879317   67.0302865   64.6518419   65.2212053   63.8015127   69.5271147
  318.7892977    0.0000000   83.3965231   76.1931508   71.2965452   18.6366642    0.0000000 -311.2569584   65.3925734   63.9278980   63.5820003   62.1759097   67.8810633
  320.3845717    0.0000000   83.3965231   74.5632306   71.2965452   16.9285247    0.0000000 -312.8285702   63.8046758   62.2861680   61.9657775   60.5402771   66.2327246
  321.9824979    0.0000000   83.3965231   72.9310298   69.6597740   16.9285247    0.0000000 -314.4027630   62.2143282   60.6422319   60.3217328   58.9097476   64.5820960
  323.5830719    0.0000000   81.7747817   71.2965452   69.6597740   15.2180637    0.0000000 -315.9795323   60.5692761   58.9960865   58.7004388   57.2691620   62.9291748
  325.1862893    0.0000000   81.7747817   69.6597740   69.6597740   15.2180637    0.0000000 -317.5588741   58.9738964   57.3477287   57.0766886   55.6337128   61.2739585
  326.7921457    0.0000000   80.1507769   68.0207135   68.0207135   14.2204758    0.0000000 -319.1407840   57.3241076   55.6971559   55.4252099   54.6962273   59.6164449
  328.4006368    0.0000000   80.1507769   66.3793610   66.3793610   14.2204758    0.0000000 -320.7252578   55.7237080   54.0443651   53.7715132   53.0558655   57.9566317
  330.0117583    0.0000000   80.1507769   64.7357141   64.7357141   12.5075420    0.0000000 -322.3122913   54.1208684   52.3893540   52.1155961   51.4075538   56.2945167
  331.6255060    0.0000000   78.5245049   63.0897704   63.0897704   12.5075420    0.0000000 -323.9018804   52.4637835   50.7321200   50.4574561   49.7622868   54.6300981
  333.2418755    0.0000000   78.5245049   61.4415277   61.4415277   10.7922879    0.0000000 -325.4940208   50.8559409   49.0726609   48.7970909   48.1090546   52.9633740
  334.8608626    0.0000000   76.8959621   59.7909839   59.7909839   10.7922879    0.0000000 -327.0887086   49.1941432   47.4109744   47.1344983   46.4588900   51.2943426
  336.4824631    0.0000000   76.8959621   58.1381370   58.1381370    9.0747139    0.0000000 -328.6859394   47.5813100   45.7470584   45.4696761   44.8007481   49.6230022
  338.1066727    0.0000000   76.1931508   56.4829852   56.4829852    9.0747139    0.0000000 -330.2857094   46.8335334   44.0809110   43.8026225   43.1456936   47.9493515
  339.7334874    0.0000000   76.1931508   54.8255268   54.8255268    7.3548206    0.0000000 -331.8880143   45.2157220   42.4125303   42.1333356   41.4826531   46.2733889
  341.3629029    0.0000000   76.1931508   53.1657600   53.1657600    7.3548206    0.0000000 -333.4928501   43.5954856   40.7419147   40.4618137   39.8227165   44.5951130
  342.9949150    0.0000000   74.5632306   51.5036834   51.5036834    5.6326083    0.0000000 -335.1002128   41.9248887   39.0690624   38.7880551   38.1547883   42.9145228
  344.6295197    0.0000000   74.5632306   50.6503517   50.6503517    5.6326083    0.0000000 -336.7100985   40.2996912   38.1969176   37.9150039   36.4899777   41.2316171
  346.2667129    0.0000000   72.9310298   48.9862840   48.9862840    3.9080778    0.0000000 -338.3225029   38.6244138   36.5221941   36.2393739   34.8171727   39.5463947
  347.9064904    0.0000000   72.9310298   47.3199026   47.3199026    3.9080778    0.0000000 -339.9374223   36.9942676   34.8452297   34.5615031   33.1474964   37.8588549
  349.5488482    0.0000000   72.9310298   45.6512064   45.6512064    2.1812296    0.0000000 -341.5548527   35.3617074   33.1660234   32.8813902   31.4698256   36.1689967
  351.1937823    0.0000000   71.2965452   43.9801943   43.9801943    2.1812296    0.0000000 -343.1747900   33.6792354   31.4845739   31.1990341   29.7952919   34.4768193
  352.8412886    0.0000000   71.2965452   42.3068654   42.3068654    0.4520644    0.0000000 -344.7972304   32.0417438   29.8008802   29.5144338   28.1127664   32.7823221
  354.4913631    0.0000000   71.2965452   40.6312189   40.6312189    0.4520644    0.0000000 -346.4221700   30.4018444   28.1149413   27.8275883   26.4333837   31.0855045
  356.1440018    0.0000000   69.6597740   38.9532540   38.9532540    0.0000000    0.0000000 -348.0496049   28.7122046   26.4267564   26.1384967   26.0126374   29.3863660
  357.7992008    0.0000000   69.6597740   37.2729699   37.2729699    0.0000000    0.0000000 -349.6795312   27.0673912   24.7363246   24.4471582   24.3284144   27.6849060
  359.4569561    0.0000000   69.6597740   35.5903662   35.5903662    0.0000000    0.0000000 -351.3119451   25.4201767   23.0436454   22.7535721   22.6418567   25.9811243
  361.1172637    0.0000000   68.0207135   33.9054421   33.9054421    0.0000000    0.0000000 -352.9468427   23.7233955   21.3487179   21.0577378   22.6636168   24.2750204
  362.7801198    0.0000000   68.0207135   32.2181974   32.2181974    0.0000000    0.0000000 -354.5842203   22.0712843   19.6515417   19.3596547   20.9722300   22.5665943
  364.4455204    0.0000000   66.3793610   30.5286316   30.5286316    0.0000000    0.0000000 -356.2240740   20.3698779   17.9521164   17.6593224   20.9914663   20.8558457
  366.1134617    0.0000000   66.3793610   28.8367444   28.8367444    0.0000000    0.0000000 -357.8664000   18.7128824   16.2504414   15.9567405   19.2952594   19.1427745
  367.7839397    0.0000000   66.3793610   27.1425357   27.1425357    0.0000000    0.0000000 -359.5111947   17.0534975   14.5465164   14.2519085   19.3119821   17.4273808
  369.4569508    0.0000000   64.7357141   25.4460051   25.4460051    0.0000000    0.0000000 -361.1584542   15.3449917   12.8403413   12.5448263   17.6109640   15.7096645
  371.1324909    0.0000000   64.7357141   23.7471527   23.7471527    0.0000000    0.0000000 -362.8081748   13.6807400   11.1319157   10.8354936   15.9076193   13.9896257
  372.8105563    0.0000000   64.7357141   22.0459784   22.0459784    0.0000000    0.0000000 -364.4603528   12.0141055    9.4212396    9.1239103   15.9193630   12.2672647
  374.4911433    0.0000000   63.0897704   20.3424822   20.3424822    0.0000000    0.0000000 -366.1149846   10.2985265    7.7083128    7.4100764   14.2112192   10.5425815
  376.1742480    0.0000000   63.0897704   18.6366642   18.6366642    0.0000000    0.0000000 -367.7720664    8.6270427    5.9931354    5.6939918   14.2204758    8.8155766
  377.8598667    0.0000000   63.0897704   16.9285247   16.9285247    0.0000000    0.0000000 -369.4315945    6.9531831    4.2757075    3.9756565   12.5075420    7.0862502
  379.5479956    0.0000000   61.4415277   15.2180637   15.2180637    0.0000000    0.0000000 -371.0935654    5.2305568    2.5560291    2.2550708   10.7922879    5.3546026
  381.2386310    0.0000000   61.4415277   14.2204758   14.2204758    0.0000000    0.0000000 -372.7579754    3.5518653    1.5421425    1.2402769    9.0747139    3.6206344
  382.9317691    0.0000000   61.4415277   12.5075420   12.5075420    0.0000000    0.0000000 -374.4248209    1.8708048   -0.1798888   -0.4826619    7.3548206    1.8843461
  384.6274064    0.0000000   59.7909839   12.5075420   10.7922879    0.0000000    0.0000000 -376.0940983    0.1411571   -1.8833201   -2.2078504    5.6326083    0.1457380
  386.3255392    0.0000000   59.7909839   10.7922879    9.0747139    0.0000000    0.0000000 -377.7658040   -1.5447177   -3.6102572   -3.9352884    3.9080778   -1.5951890
  388.0261636    0.0000000   59.7909839    9.0747139    7.3548206    0.0000000    0.0000000 -379.4399345   -3.2329545   -5.3394408   -5.6649754    2.1812296   -3.3384345
  389.7292762    0.0000000   58.1381370    7.3548206    5.6326083    0.0000000    0.0000000 -381.1164861   -4.9695980   -7.0708703   -7.3969110    0.4520644   -5.0839978
  391.4348733    0.0000000   58.1381370    5.6326083    3.9080778    0.0000000    0.0000000 -382.7954555   -6.6626318   -8.8045455   -9.1310947   -1.2794170   -6.8318781
  393.1429512    0.0000000   58.1381370    3.9080778    2.1812296    0.0000000    0.0000000 -384.4768390   -8.3580203  -10.5404658  -10.8675261   -3.0132140   -8.5820747
  394.8535065    0.0000000   56.4829852    2.1812296    2.1812296    0.0000000    0.0000000 -386.1606331  -10.1016342  -12.2786307  -12.5877568   -4.7493257  -10.3345867
  396.5665354    0.0000000   56.4829852    0.4520644    0.4520644    0.0000000    0.0000000 -387.8468344  -11.8018024  -14.0190397  -14.3290736   -6.4877512  -12.0894134
  398.2820344    0.0000000   56.4829852    0.0000000    0.0000000    0.0000000    0.0000000 -389.5354394  -13.5043183  -14.4950693  -14.8060110   -8.2284897  -13.8465538
  400.0000000    0.0000000   54.8255268    0.0000000    0.0000000    0.0000000    0.0000000 -391.2264446  -15.2548772  -14.5235056  -14.8353551   -9.9715402  -15.6060070
