 t z psi theta tau_a f_e f_o tau_x tau_l C H B r w div entry mass rgdp rinv firm
 s_constrained exit exit_b
 avg_firm_size labor_share std_dev_growth_emp std_dev_growth_sales debt capital 
 ngdp ninv exdem psi_c collat_binding
   1.0000000   1.0000000   0.7676643   0.3592106   0.0032343   1.0000000   0.0000000   0.0000000   0.0000000   2.1623649   0.9913317  -8.1356509   0.0101010   1.6527601   0.5894863   0.0104796   0.3755343   2.7131053   0.5668231  -1.0000000   0.0104795   0.0000000   2.5681243   0.6038960   0.0000000   0.0000000  -4.8856803  32.5652388   2.7131053   0.5668231   0.0160827   1.0000000   0.0000000
   2.0000000   0.9593483   0.7676643   0.3592106   0.0032343   1.0000000   0.0000000   0.0000000   0.0000000   2.1165557   0.9587384  -8.1356509   0.0101010   1.6317728   0.5920235   0.0088999   0.3755343   2.5682394   0.4714265  -1.0000000   0.0127883   0.0000000   2.4937459   0.6091580   0.0000000   0.0000000  -4.8856803  32.5439390   2.5680526   0.4712397   0.0197427   1.0000000   0.0000000
   3.0000000   0.9635461   0.7676643   0.3592106   0.0032343   1.0000000   0.0000000   0.0000000   0.0000000   2.1150855   0.9607501  -8.1540181   0.0091615   1.6319741   0.6058574   0.0088999   0.3716459   2.5812967   0.4832568  -1.0000000   0.0110413   0.0000000   2.5245123   0.6074224   0.0000000   0.0000000  -4.8686756  32.4459034   2.5811117   0.4830718   0.0170456   1.0000000   0.0000000
   4.0000000   0.9673104   0.7676643   0.3592106   0.0032343   1.0000000   0.0000000   0.0000000   0.0000000   2.1139277   0.9632703  -8.1543803   0.0092496   1.6327070   0.5905014   0.0097952   0.3695045   2.5915033   0.4940824  -1.0000000   0.0106922   0.0000000   2.5394519   0.6068927   0.0000000   0.0000000  -4.8482499  32.3783151   2.5913069   0.4938860   0.0165068   1.0000000   0.0000000
   5.0000000   0.9706860   0.7676643   0.3592106   0.0032343   1.0000000   0.0000000   0.0000000   0.0000000   2.1128579   0.9650111  -8.1653179   0.0093783   1.6329825   0.5898400   0.0097952   0.3686075   2.5991931   0.5027536  -1.0000000   0.0106349   0.0000000   2.5500753   0.6062931   0.0000000   0.0000000  -4.8281294  32.3089470   2.5989994   0.5025599   0.0164184   1.0000000   0.0000000
   6.0000000   0.9737130   0.7676643   0.3592106   0.0032343   1.0000000   0.0000000   0.0000000   0.0000000   2.1127484   0.9665633  -8.1740731   0.0095284   1.6333225   0.5887905   0.0097952   0.3677678   2.6062967   0.5096966  -1.0000000   0.0104600   0.0000000   2.5598555   0.6057378   0.0000000   0.0000000  -4.8133254  32.2504919   2.6061063   0.5095062   0.0161482   1.0000000   0.0000000
   7.0000000   0.9764275   0.7676643   0.3592106   0.0032343   1.0000000   0.0000000   0.0000000   0.0000000   2.1124511   0.9679598  -8.1816913   0.0096122   1.6336857   0.5892698   0.0097952   0.3671030   2.6126608   0.5161959  -1.0000000   0.0103550   0.0000000   2.5680699   0.6052677   0.0000000   0.0000000  -4.8002458  32.1999465   2.6124740   0.5160091   0.0159862   1.0000000   0.0000000
   8.0000000   0.9788616   0.7676643   0.3592106   0.0032343   1.0000000   0.0000000   0.0000000   0.0000000   2.1121218   0.9695320  -8.1864603   0.0096720   1.6341989   0.5828199   0.0097952   0.3665432   2.6197403   0.5227070  -1.0000000   0.0097735   0.0000000   2.5760766   0.6048034   0.0000000   0.0000000  -4.7896320  32.1568877   2.6195585   0.5225251   0.0150885   1.0000000   0.0000000
   9.0000000   0.9810444   0.7676643   0.3592106   0.0032343   1.0000000   0.0000000   0.0000000   0.0000000   2.1120871   0.9706453  -8.1952046   0.0097730   1.6346539   0.5876625   0.0097952   0.3665649   2.6242885   0.5277862  -1.0000000   0.0100950   0.0000000   2.5788857   0.6046156   0.0000000   0.0000000  -4.7820241  32.1222227   2.6241111   0.5276089   0.0155848   1.0000000   0.0000000
  10.0000000   0.9830018   0.7676643   0.3592106   0.0032343   1.0000000   0.0000000   0.0000000   0.0000000   2.1125104   0.9717257  -8.1972303   0.0098201   1.6350451   0.5867721   0.0097952   0.3662652   2.6291012   0.5321576  -1.0000000   0.0100834   0.0000000   2.5838143   0.6043242   0.0000000   0.0000000  -4.7751575  32.0926140   2.6289276   0.5319840   0.0155668   1.0000000   0.0000000
  11.0000000   0.9847571   0.7676643   0.3592106   0.0032343   1.0000000   0.0000000   0.0000000   0.0000000   2.1127335   0.9726622  -8.1988669   0.0098709   1.6354321   0.5874882   0.0097952   0.3659770   2.6334118   0.5362410  -1.0000000   0.0100807   0.0000000   2.5882955   0.6040603   0.0000000   0.0000000  -4.7694716  32.0680075   2.6332421   0.5360712   0.0155626   1.0000000   0.0000000
  12.0000000   0.9863311   0.7676643   0.3592106   0.0032343   1.0000000   0.0000000   0.0000000   0.0000000   2.1133291   0.9735118  -8.1985509   0.0099253   1.6358120   0.5892270   0.0097952   0.3656916   2.6374170   0.5396119  -1.0000000   0.0100556   0.0000000   2.5925303   0.6038102   0.0000000   0.0000000  -4.7651173  32.0479989   2.6372510   0.5394458   0.0155240   1.0000000   0.0000000
  13.0000000   0.9877426   0.7676643   0.3592106   0.0032343   1.0000000   0.0000000   0.0000000   0.0000000   2.1137143   0.9750415  -8.1951088   0.0098998   1.6366445   0.5789199   0.0104796   0.3654312   2.6423318   0.5441183  -1.0000000   0.0100407   0.0000000   2.5936841   0.6039440   0.0000000   0.0000000  -4.7603651  32.0407925   2.6421629   0.5439495   0.0155009   1.0000000   0.0000000
  14.0000000   0.9890083   0.7676643   0.3592106   0.0032343   1.0000000   0.0000000   0.0000000   0.0000000   2.1142582   0.9759463  -8.1997363   0.0099785   1.6372429   0.5787477   0.0104796   0.3658702   2.6458339   0.5471063  -1.0000000   0.0100599   0.0000000   2.5930604   0.6039230   0.0000000   0.0000000  -4.7562678  32.0277683   2.6456713   0.5469437   0.0155306   1.0000000   0.0000000
  15.0000000   0.9901434   0.7676643   0.3592106   0.0032343   1.0000000   0.0000000   0.0000000   0.0000000   2.1144817   0.9768061  -8.2034145   0.0100230   1.6378054   0.5794710   0.0104796   0.3662899   2.6491476   0.5502727  -1.0000000   0.0101092   0.0000000   2.5924634   0.6039072   0.0000000   0.0000000  -4.7546264  32.0177948   2.6489909   0.5501159   0.0156068   1.0000000   0.0000000
  16.0000000   0.9911612   0.7676643   0.3592106   0.0032343   1.0000000   0.0000000   0.0000000   0.0000000   2.1154236   0.9775985  -8.2049317   0.0100577   1.6383546   0.5799780   0.0104796   0.3666603   2.6522895   0.5524923  -1.0000000   0.0101219   0.0000000   2.5920186   0.6038823   0.0000000   0.0000000  -4.7541890  32.0111094   2.6521385   0.5523413   0.0156264   1.0000000   0.0000000
  17.0000000   0.9920739   0.7676643   0.3592106   0.0032343   1.0000000   0.0000000   0.0000000   0.0000000   2.1161272   0.9782939  -8.2052504   0.0100822   1.6388751   0.5806754   0.0104796   0.3670180   2.6550736   0.5546612  -1.0000000   0.0101792   0.0000000   2.5914063   0.6038691   0.0000000   0.0000000  -4.7538459  32.0065590   2.6549281   0.5545157   0.0157148   1.0000000   0.0000000
  18.0000000   0.9928924   0.7676643   0.3592106   0.0032343   1.0000000   0.0000000   0.0000000   0.0000000   2.1168618   0.9790635  -8.2039865   0.0100910   1.6394061   0.5786206   0.0104796   0.3673183   2.6582150   0.5567734  -1.0000000   0.0099884   0.0000000   2.5913865   0.6038250   0.0000000   0.0000000  -4.7533078  32.0042031   2.6580751   0.5566335   0.0154203   1.0000000   0.0000000
  19.0000000   0.9936263   0.7676643   0.3592106   0.0032343   1.0000000   0.0000000   0.0000000   0.0000000   2.1179046   0.9796271  -8.2039066   0.0101132   1.6399103   0.5812350   0.0104796   0.3678095   2.6603252   0.5581671  -1.0000000   0.0101998   0.0000000   2.5895085   0.6038771   0.0000000   0.0000000  -4.7539853  32.0041403   2.6601905   0.5580325   0.0157466   1.0000000   0.0000000
  20.0000000   0.9942845   0.7676643   0.3592106   0.0032343   1.0000000   0.0000000   0.0000000   0.0000000   2.1186298   0.9801706  -8.2009257   0.0101284   1.6403777   0.5811827   0.0104796   0.3680893   2.6626231   0.5597663  -1.0000000   0.0102170   0.0000000   2.5890336   0.6038624   0.0000000   0.0000000  -4.7551255  32.0052723   2.6624933   0.5596365   0.0157731   1.0000000   0.0000000
  21.0000000   0.9948747   0.7676643   0.3592106   0.0032343   1.0000000   0.0000000   0.0000000   0.0000000   2.1205920   0.9808322  -8.1974064   0.0101374   1.6408898   0.5788659   0.0104796   0.3683520   2.6654302   0.5602285  -1.0000000   0.0099691   0.0000000   2.5889879   0.6038215   0.0000000   0.0000000  -4.7563078  32.0079000   2.6653058   0.5601041   0.0153904   1.0000000   0.0000000
  22.0000000   0.9954039   0.7676643   0.3592106   0.0032343   1.0000000   0.0000000   0.0000000   0.0000000   2.1200912   0.9812416  -8.1966590   0.0101488   1.6413461   0.5814285   0.0104796   0.3688625   2.6669053   0.5626395  -1.0000000   0.0102509   0.0000000   2.5866489   0.6039217   0.0000000   0.0000000  -4.7573438  32.0108721   2.6667857   0.5625199   0.0158254   1.0000000   0.0000000
  23.0000000   0.9958785   0.7676643   0.3592106   0.0032343   1.0000000   0.0000000   0.0000000   0.0000000   2.1214342   0.9816829  -8.1917271   0.0101556   1.6417690   0.5809993   0.0104796   0.3690913   2.6688567   0.5632204  -1.0000000   0.0102330   0.0000000   2.5862228   0.6038990   0.0000000   0.0000000  -4.7593070  32.0162106   2.6687416   0.5631052   0.0157979   1.0000000   0.0000000
  24.0000000   0.9963041   0.7676643   0.3592106   0.0032343   1.0000000   0.0000000   0.0000000   0.0000000   2.1222383   0.9822218  -8.1874164   0.0101603   1.6421957   0.5795666   0.0104796   0.3693378   2.6711143   0.5644265  -1.0000000   0.0100728   0.0000000   2.5859606   0.6038753   0.0000000   0.0000000  -4.7611934  32.0219763   2.6710036   0.5643158   0.0155504   1.0000000   0.0000000
  25.0000000   0.9966858   0.7676643   0.3592106   0.0032343   1.0000000   0.0000000   0.0000000   0.0000000   2.1232522   0.9825776  -8.1840521   0.0101671   1.6426089   0.5815928   0.0104796   0.3697447   2.6724883   0.5650666  -1.0000000   0.0102541   0.0000000   2.5841261   0.6039337   0.0000000   0.0000000  -4.7634900  32.0288818   2.6723820   0.5649602   0.0158304   1.0000000   0.0000000
  26.0000000   0.9970280   0.7676643   0.3592106   0.0032343   1.0000000   0.0000000   0.0000000   0.0000000   2.1240015   0.9829196  -8.1786330   0.0101684   1.6429926   0.5816156   0.0104796   0.3699702   2.6740383   0.5658894  -1.0000000   0.0102685   0.0000000   2.5834976   0.6039348   0.0000000   0.0000000  -4.7657997  32.0362542   2.6739359   0.5657870   0.0158526   1.0000000   0.0000000
  27.0000000   0.9973349   0.7676643   0.3592106   0.0032343   1.0000000   0.0000000   0.0000000   0.0000000   2.1249256   0.9832576  -8.1729568   0.0101710   1.6433557   0.5817336   0.0104796   0.3701814   2.6755574   0.5664971  -1.0000000   0.0102767   0.0000000   2.5829496   0.6039314   0.0000000   0.0000000  -4.7685246  32.0442976   2.6754588   0.5663986   0.0158653   1.0000000   0.0000000
  28.0000000   0.9976101   0.7676643   0.3592106   0.0032343   1.0000000   0.0000000   0.0000000   0.0000000   2.1258943   0.9835803  -8.1671172   0.0101724   1.6437048   0.5819565   0.0104796   0.3703843   2.6770106   0.5670072  -1.0000000   0.0102933   0.0000000   2.5824251   0.6039300   0.0000000   0.0000000  -4.7714730  32.0527533   2.6769157   0.5669123   0.0158909   1.0000000   0.0000000
  29.0000000   0.9978569   0.7676643   0.3592106   0.0032343   1.0000000   0.0000000   0.0000000   0.0000000   2.1269774   0.9838830  -8.1611105   0.0101763   1.6440422   0.5819117   0.0104796   0.3705706   2.6783999   0.5672952  -1.0000000   0.0102815   0.0000000   2.5819563   0.6039256   0.0000000   0.0000000  -4.7744137  32.0616873   2.6783085   0.5672038   0.0158728   1.0000000   0.0000000
  30.0000000   0.9980782   0.7676643   0.3592106   0.0032343   1.0000000   0.0000000   0.0000000   0.0000000   2.1278556   0.9841670  -8.1553201   0.0101744   1.6443665   0.5820360   0.0104796   0.3707687   2.6796834   0.5677120  -1.0000000   0.0102890   0.0000000   2.5813602   0.6039290   0.0000000   0.0000000  -4.7772774  32.0706883   2.6795954   0.5676241   0.0158842   1.0000000   0.0000000
  31.0000000   0.9982766   0.7676643   0.3592106   0.0032343   1.0000000   0.0000000   0.0000000   0.0000000   2.1288181   0.9844522  -8.1494229   0.0101737   1.6446786   0.5817100   0.0104796   0.3709593   2.6809584   0.5680046  -1.0000000   0.0102761   0.0000000   2.5808148   0.6039299   0.0000000   0.0000000  -4.7802101  32.0799620   2.6808737   0.5679199   0.0158643   1.0000000   0.0000000
  32.0000000   0.9984546   0.7676643   0.3592106   0.0032343   1.0000000   0.0000000   0.0000000   0.0000000   2.1296921   0.9847072  -8.1439619   0.0101723   1.6449796   0.5821579   0.0104796   0.3711628   2.6820911   0.5683013  -1.0000000   0.0103007   0.0000000   2.5801058   0.6039408   0.0000000   0.0000000  -4.7832878  32.0893542   2.6820095   0.5682198   0.0159024   1.0000000   0.0000000
  33.0000000   0.9986142   0.7676643   0.3592106   0.0032343   1.0000000   0.0000000   0.0000000   0.0000000   2.1308949   0.9849598  -8.1381295   0.0101708   1.6452687   0.5822190   0.0104796   0.3713417   2.6832305   0.5682466  -1.0000000   0.0103063   0.0000000   2.5795585   0.6039446   0.0000000   0.0000000  -4.7866153  32.0988674   2.6831520   0.5681681   0.0159110   1.0000000   0.0000000
  34.0000000   0.9987573   0.7676643   0.3592106   0.0032343   1.0000000   0.0000000   0.0000000   0.0000000   2.1317163   0.9851917  -8.1326690   0.0101702   1.6455473   0.5824198   0.0104796   0.3715150   2.6842893   0.5684930  -1.0000000   0.0103122   0.0000000   2.5789973   0.6039506   0.0000000   0.0000000  -4.7897818  32.1081587   2.6842137   0.5684174   0.0159200   1.0000000   0.0000000
  35.0000000   0.9988856   0.7676643   0.3592106   0.0032343   1.0000000   0.0000000   0.0000000   0.0000000   2.1325780   0.9854125  -8.1270926   0.0101685   1.6458154   0.5824182   0.0104796   0.3716824   2.6852991   0.5686474  -1.0000000   0.0103162   0.0000000   2.5784472   0.6039570   0.0000000   0.0000000  -4.7929617  32.1175362   2.6852263   0.5685746   0.0159263   1.0000000   0.0000000
  36.0000000   0.9990007   0.7676643   0.3592106   0.0032343   1.0000000   0.0000000   0.0000000   0.0000000   2.1331415   0.9856242  -8.1216712   0.0101665   1.6460727   0.5824718   0.0104796   0.3718459   2.6862638   0.5690564  -1.0000000   0.0103213   0.0000000   2.5778979   0.6039634   0.0000000   0.0000000  -4.7961816  32.1269053   2.6861938   0.5689863   0.0159341   1.0000000   0.0000000
  37.0000000   0.9991039   0.7676643   0.3592106   0.0032343   1.0000000   0.0000000   0.0000000   0.0000000   2.1339487   0.9858312  -8.1160795   0.0101651   1.6463202   0.5825160   0.0104796   0.3720042   2.6872014   0.5691943  -1.0000000   0.0103261   0.0000000   2.5773761   0.6039707   0.0000000   0.0000000  -4.7995158  32.1365271   2.6871339   0.5691268   0.0159415   1.0000000   0.0000000
  38.0000000   0.9991964   0.7676643   0.3592106   0.0032343   1.0000000   0.0000000   0.0000000   0.0000000   2.1346309   0.9860328  -8.1105828   0.0101630   1.6465577   0.5825801   0.0104796   0.3721577   2.6881089   0.5694249  -1.0000000   0.0103296   0.0000000   2.5768726   0.6039777   0.0000000   0.0000000  -4.8029078  32.1461188   2.6880439   0.5693599   0.0159469   1.0000000   0.0000000
  39.0000000   0.9992794   0.7676643   0.3592106   0.0032343   1.0000000   0.0000000   0.0000000   0.0000000   2.1355880   0.9862285  -8.1050541   0.0101608   1.6467862   0.5826551   0.0104796   0.3723078   2.6889841   0.5693506  -1.0000000   0.0103344   0.0000000   2.5763752   0.6039845   0.0000000   0.0000000  -4.8063834  32.1557838   2.6889215   0.5692880   0.0159544   1.0000000   0.0000000
  40.0000000   0.9993538   0.7676643   0.3592106   0.0032343   1.0000000   0.0000000   0.0000000   0.0000000   2.1363316   0.9864155  -8.0997809   0.0101590   1.6470058   0.5826511   0.0104796   0.3724530   2.6898201   0.5694492  -1.0000000   0.0103385   0.0000000   2.5758900   0.6039921   0.0000000   0.0000000  -4.8098429  32.1652073   2.6897598   0.5693889   0.0159607   1.0000000   0.0000000
  41.0000000   0.9994205   0.7676643   0.3592106   0.0032343   1.0000000   0.0000000   0.0000000   0.0000000   2.1369500   0.9865977  -8.0946614   0.0101581   1.6472164   0.5828061   0.0104796   0.3725941   2.6906292   0.5696476  -1.0000000   0.0103435   0.0000000   2.5754160   0.6039985   0.0000000   0.0000000  -4.8133953  32.1745674   2.6905711   0.5695895   0.0159684   1.0000000   0.0000000
  42.0000000   0.9994804   0.7676643   0.3592106   0.0032343   1.0000000   0.0000000   0.0000000   0.0000000   2.1381890   0.9867576  -8.0893958   0.0101534   1.6474174   0.5832216   0.0104796   0.3727302   2.6913522   0.5691792  -1.0000000   0.0103743   0.0000000   2.5748968   0.6040023   0.0000000   0.0000000  -4.8168994  32.1839192   2.6912962   0.5691232   0.0160160   1.0000000   0.0000000
  43.0000000   0.9995340   0.7676643   0.3592106   0.0032343   1.0000000   0.0000000   0.0000000   0.0000000   2.1390361   0.9869127  -8.0844179   0.0101517   1.6476111   0.5828967   0.0104796   0.3728355   2.6920926   0.5690467  -1.0000000   0.0103576   0.0000000   2.5746049   0.6040042   0.0000000   0.0000000  -4.8201281  32.1926704   2.6920386   0.5689927   0.0159902   1.0000000   0.0000000
  44.0000000   0.9995821   0.7676643   0.3592106   0.0032343   1.0000000   0.0000000   0.0000000   0.0000000   2.1392789   0.9870603  -8.0801070   0.0101512   1.6477983   0.5833189   0.0104796   0.3729575   2.6927691   0.5694952  -1.0000000   0.0103672   0.0000000   2.5741992   0.6040176   0.0000000   0.0000000  -4.8233863  32.2011198   2.6927171   0.5694432   0.0160050   1.0000000   0.0000000
  45.0000000   0.9996253   0.7676643   0.3592106   0.0032343   1.0000000   0.0000000   0.0000000   0.0000000   2.1400786   0.9872142  -8.0750969   0.0101473   1.6479781   0.5830910   0.0104796   0.3730699   2.6934672   0.5693907  -1.0000000   0.0103654   0.0000000   2.5738365   0.6040185   0.0000000   0.0000000  -4.8267630  32.2098962   2.6934171   0.5693406   0.0160022   1.0000000   0.0000000
  46.0000000   0.9996640   0.7676643   0.3592106   0.0032343   1.0000000   0.0000000   0.0000000   0.0000000   2.1408403   0.9873609  -8.0706165   0.0101459   1.6481517   0.5829545   0.0104796   0.3731842   2.6941259   0.5692912  -1.0000000   0.0103676   0.0000000   2.5734561   0.6040246   0.0000000   0.0000000  -4.8300517  32.2184276   2.6940776   0.5692429   0.0160056   1.0000000   0.0000000
  47.0000000   0.9996987   0.7676643   0.3592106   0.0032343   1.0000000   0.0000000   0.0000000   0.0000000   2.1415244   0.9875023  -8.0665790   0.0101471   1.6483192   0.5831486   0.0104796   0.3732962   2.6947585   0.5692451  -1.0000000   0.0103711   0.0000000   2.5730830   0.6040326   0.0000000   0.0000000  -4.8334103  32.2267103   2.6947119   0.5691985   0.0160110   1.0000000   0.0000000
  48.0000000   0.9997298   0.7676643   0.3592106   0.0032343   1.0000000   0.0000000   0.0000000   0.0000000   2.1419666   0.9876313  -8.0625429   0.0101421   1.6484796   0.5836671   0.0104796   0.3734048   2.6953408   0.5694177  -1.0000000   0.0103921   0.0000000   2.5726847   0.6040378   0.0000000   0.0000000  -4.8365231  32.2347494   2.6952960   0.5693729   0.0160435   1.0000000   0.0000000
  49.0000000   0.9997577   0.7676643   0.3592106   0.0032343   1.0000000   0.0000000   0.0000000   0.0000000   2.1424236   0.9877631  -8.0579926   0.0101407   1.6486339   0.5835437   0.0104796   0.3734922   2.6959531   0.5695640  -1.0000000   0.0103863   0.0000000   2.5724413   0.6040372   0.0000000   0.0000000  -4.8397054  32.2428537   2.6959098   0.5695208   0.0160345   1.0000000   0.0000000
  50.0000000   0.9997827   0.7676643   0.3592106   0.0032343   1.0000000   0.0000000   0.0000000   0.0000000   2.1429832   0.9878948  -8.0535841   0.0101388   1.6487821   0.5834490   0.0104796   0.3735855   2.6965440   0.5695961  -1.0000000   0.0103868   0.0000000   2.5721602   0.6040395   0.0000000   0.0000000  -4.8428847  32.2509794   2.6965023   0.5695544   0.0160353   1.0000000   0.0000000
  51.0000000   0.9998052   0.7676643   0.3592106   0.0032343   1.0000000   0.0000000   0.0000000   0.0000000   2.1436384   0.9880246  -8.0494089   0.0101382   1.6489244   0.5833963   0.0104796   0.3736783   2.6971179   0.5695167  -1.0000000   0.0103880   0.0000000   2.5718769   0.6040422   0.0000000   0.0000000  -4.8460202  32.2590051   2.6970777   0.5694765   0.0160371   1.0000000   0.0000000
  52.0000000   0.9998253   0.7676643   0.3592106   0.0032343   1.0000000   0.0000000   0.0000000   0.0000000   2.1442152   0.9881476  -8.0455198   0.0101358   1.6490606   0.5835660   0.0104796   0.3737699   2.6976586   0.5694918  -1.0000000   0.0103953   0.0000000   2.5715815   0.6040453   0.0000000   0.0000000  -4.8490159  32.2668018   2.6976198   0.5694531   0.0160484   1.0000000   0.0000000
  53.0000000   0.9998433   0.7676643   0.3592106   0.0032343   1.0000000   0.0000000   0.0000000   0.0000000   2.1450870   0.9882679  -8.0416530   0.0101359   1.6491910   0.5834231   0.0104796   0.3738542   2.6981901   0.5691499  -1.0000000   0.0103943   0.0000000   2.5713350   0.6040484   0.0000000   0.0000000  -4.8519654  32.2744567   2.6981527   0.5691125   0.0160468   1.0000000   0.0000000
  54.0000000   0.9998595   0.7676643   0.3592106   0.0032343   1.0000000   0.0000000   0.0000000   0.0000000   2.1453353   0.9883681  -8.0384066   0.0101326   1.6493144   0.5838061   0.0104796   0.3739396   2.6986389   0.5693667  -1.0000000   0.0104048   0.0000000   2.5710229   0.6040536   0.0000000   0.0000000  -4.8544216  32.2816386   2.6986028   0.5693306   0.0160631   1.0000000   0.0000000
  55.0000000   0.9998740   0.7676643   0.3592106   0.0032343   1.0000000   0.0000000   0.0000000   0.0000000   2.1458845   0.9884762  -8.0346836   0.0101315   1.6494349   0.5836541   0.0104796   0.3740144   2.6991246   0.5693022  -1.0000000   0.0104042   0.0000000   2.5708127   0.6040569   0.0000000   0.0000000  -4.8571243  32.2889213   2.6990897   0.5692674   0.0160621   1.0000000   0.0000000
  56.0000000   0.9998870   0.7676643   0.3592106   0.0032343   1.0000000   0.0000000   0.0000000   0.0000000   2.1463705   0.9885818  -8.0313135   0.0101304   1.6495511   0.5837176   0.0104796   0.3740898   2.6995926   0.5692919  -1.0000000   0.0104092   0.0000000   2.5705799   0.6040583   0.0000000   0.0000000  -4.8597460  32.2960081   2.6995590   0.5692583   0.0160698   1.0000000   0.0000000
  57.0000000   0.9998987   0.7676643   0.3592106   0.0032343   1.0000000   0.0000000   0.0000000   0.0000000   2.1469619   0.9886787  -8.0280315   0.0101298   1.6496625   0.5837838   0.0104796   0.3741602   2.7000299   0.5691486  -1.0000000   0.0104162   0.0000000   2.5703645   0.6040609   0.0000000   0.0000000  -4.8622694  32.3029792   2.6999974   0.5691161   0.0160806   1.0000000   0.0000000
  58.0000000   0.9999091   0.7676643   0.3592106   0.0032343   1.0000000   0.0000000   0.0000000   0.0000000   2.1471755   0.9887754  -8.0249469   0.0101274   1.6497708   0.5838877   0.0104796   0.3742237   2.7004710   0.5693757  -1.0000000   0.0104159   0.0000000   2.5701896   0.6040602   0.0000000   0.0000000  -4.8646293  32.3096619   2.7004397   0.5693444   0.0160802   1.0000000   0.0000000
  59.0000000   0.9999185   0.7676643   0.3592106   0.0032343   1.0000000   0.0000000   0.0000000   0.0000000   2.1477752   0.9888745  -8.0216567   0.0101264   1.6498746   0.5837743   0.0104796   0.3742874   2.7009107   0.5692147  -1.0000000   0.0104153   0.0000000   2.5700201   0.6040598   0.0000000   0.0000000  -4.8670199  32.3164812   2.7008805   0.5691845   0.0160792   1.0000000   0.0000000
  60.0000000   0.9999269   0.7676643   0.3592106   0.0032343   1.0000000   0.0000000   0.0000000   0.0000000   2.1482213   0.9889715  -8.0187819   0.0101270   1.6499743   0.5836704   0.0104796   0.3743517   2.7013344   0.5691922  -1.0000000   0.0104152   0.0000000   2.5698456   0.6040612   0.0000000   0.0000000  -4.8693484  32.3230292   2.7013052   0.5691630   0.0160791   1.0000000   0.0000000
  61.0000000   0.9999345   0.7676643   0.3592106   0.0032343   1.0000000   0.0000000   0.0000000   0.0000000   2.1486625   0.9890602  -8.0161400   0.0101237   1.6500687   0.5837988   0.0104796   0.3744161   2.7017196   0.5691401  -1.0000000   0.0104177   0.0000000   2.5696471   0.6040639   0.0000000   0.0000000  -4.8712579  32.3294458   2.7016914   0.5691119   0.0160830   1.0000000   0.0000000
  62.0000000   0.9999413   0.7676643   0.3592106   0.0032343   1.0000000   0.0000000   0.0000000   0.0000000   2.1491911   0.9891542  -8.0135586   0.0101262   1.6501597   0.5836446   0.0104796   0.3744780   2.7021198   0.5690079  -1.0000000   0.0104152   0.0000000   2.5694805   0.6040655   0.0000000   0.0000000  -4.8733140  32.3357096   2.7020926   0.5689806   0.0160791   1.0000000   0.0000000
  63.0000000   0.9999473   0.7676643   0.3592106   0.0032343   1.0000000   0.0000000   0.0000000   0.0000000   2.1496925   0.9892386  -8.0113435   0.0101207   1.6502438   0.5839609   0.0104796   0.3745425   2.7024703   0.5688948  -1.0000000   0.0104397   0.0000000   2.5692709   0.6040695   0.0000000   0.0000000  -4.8751024  32.3415851   2.7024440   0.5688685   0.0161170   1.0000000   0.0000000
  64.0000000   0.9999528   0.7676643   0.3592106   0.0032343   1.0000000   0.0000000   0.0000000   0.0000000   2.1500734   0.9893170  -8.0090764   0.0101225   1.6503242   0.5840198   0.0104796   0.3745823   2.7028314   0.5688722  -1.0000000   0.0104380   0.0000000   2.5692083   0.6040660   0.0000000   0.0000000  -4.8769915  32.3473543   2.7028058   0.5688467   0.0161143   1.0000000   0.0000000
  65.0000000   0.9999576   0.7676643   0.3592106   0.0032343   1.0000000   0.0000000   0.0000000   0.0000000   2.1504582   0.9894021  -8.0068834   0.0101211   1.6503974   0.5839470   0.0104796   0.3746239   2.7031978   0.5688516  -1.0000000   0.0104365   0.0000000   2.5691554   0.6040635   0.0000000   0.0000000  -4.8787747  32.3529862   2.7031731   0.5688268   0.0161119   1.0000000   0.0000000
  66.0000000   0.9999620   0.7676643   0.3592106   0.0032343   1.0000000   0.0000000   0.0000000   0.0000000   2.1507966   0.9894944  -8.0049119   0.0101214   1.6504595   0.5839592   0.0104796   0.3746671   2.7035637   0.5688782  -1.0000000   0.0104359   0.0000000   2.5691136   0.6040621   0.0000000   0.0000000  -4.8804696  32.3585305   2.7035396   0.5688541   0.0161111   1.0000000   0.0000000
  67.0000000   0.9999659   0.7676643   0.3592106   0.0032343   1.0000000   0.0000000   0.0000000   0.0000000   2.1510575   0.9894413  -8.0030181   0.0101200   1.6505009   0.5860555   0.0104796   0.3747108   2.7034007   0.5687396  -1.0000000   0.0106207   0.0000000   2.5686795   0.6040801   0.0000000   0.0000000  -4.8821034  32.3640033   2.7033771   0.5687159   0.0163964   1.0000000   0.0000000
  68.0000000   0.9999695   0.7676643   0.3592106   0.0032343   1.0000000   0.0000000   0.0000000   0.0000000   2.1516089   0.9895091  -7.9992950   0.0101202   1.6505754   0.5839433   0.0104796   0.3745697   2.7039938   0.5684982  -1.0000000   0.0104374   0.0000000   2.5697959   0.6040158   0.0000000   0.0000000  -4.8835991  32.3692569   2.7039709   0.5684753   0.0161134   1.0000000   0.0000000
  69.0000000   0.9999726   0.7676643   0.3592106   0.0032343   1.0000000   0.0000000   0.0000000   0.0000000   2.1517294   0.9895713  -7.9980328   0.0101202   1.6506481   0.5840899   0.0104796   0.3746119   2.7042817   0.5686694  -1.0000000   0.0104398   0.0000000   2.5696852   0.6040181   0.0000000   0.0000000  -4.8849857  32.3741751   2.7042595   0.5686472   0.0161171   1.0000000   0.0000000
  70.0000000   0.9999754   0.7676643   0.3592106   0.0032343   1.0000000   0.0000000   0.0000000   0.0000000   2.1521864   0.9896352  -7.9965448   0.0101195   1.6507188   0.5840434   0.0104796   0.3746517   2.7045750   0.5685055  -1.0000000   0.0104396   0.0000000   2.5695802   0.6040161   0.0000000   0.0000000  -4.8863363  32.3791901   2.7045536   0.5684841   0.0161168   1.0000000   0.0000000
  71.0000000   0.9999780   0.7676643   0.3592106   0.0032343   1.0000000   0.0000000   0.0000000   0.0000000   2.1525485   0.9896946  -7.9953694   0.0101195   1.6507877   0.5841187   0.0104796   0.3746917   2.7048490   0.5684201  -1.0000000   0.0104414   0.0000000   2.5694686   0.6040164   0.0000000   0.0000000  -4.8875979  32.3839566   2.7048284   0.5683994   0.0161196   1.0000000   0.0000000
  72.0000000   0.9999802   0.7676643   0.3592106   0.0032343   1.0000000   0.0000000   0.0000000   0.0000000   2.1528002   0.9897502  -7.9942991   0.0101194   1.6508545   0.5842278   0.0104796   0.3747299   2.7051095   0.5684332  -1.0000000   0.0104442   0.0000000   2.5693594   0.6040168   0.0000000   0.0000000  -4.8887560  32.3885550   2.7050896   0.5684133   0.0161239   1.0000000   0.0000000
  73.0000000   0.9999823   0.7676643   0.3592106   0.0032343   1.0000000   0.0000000   0.0000000   0.0000000   2.1532327   0.9898041  -7.9931903   0.0101183   1.6509180   0.5841529   0.0104796   0.3747653   2.7053619   0.5682527  -1.0000000   0.0104439   0.0000000   2.5692649   0.6040168   0.0000000   0.0000000  -4.8897632  32.3930959   2.7053426   0.5682333   0.0161234   1.0000000   0.0000000
  74.0000000   0.9999841   0.7676643   0.3592106   0.0032343   1.0000000   0.0000000   0.0000000   0.0000000   2.1533905   0.9898549  -7.9924264   0.0101183   1.6509796   0.5841704   0.0104796   0.3748010   2.7055995   0.5683340  -1.0000000   0.0104449   0.0000000   2.5691632   0.6040182   0.0000000   0.0000000  -4.8907303  32.3973828   2.7055808   0.5683153   0.0161249   1.0000000   0.0000000
  75.0000000   0.9999858   0.7676643   0.3592106   0.0032343   1.0000000   0.0000000   0.0000000   0.0000000   2.1537472   0.9899045  -7.9916419   0.0101176   1.6510391   0.5841448   0.0104796   0.3748357   2.7058305   0.5682110  -1.0000000   0.0104467   0.0000000   2.5690566   0.6040176   0.0000000   0.0000000  -4.8916316  32.4016826   2.7058124   0.5681930   0.0161277   1.0000000   0.0000000
  76.0000000   0.9999872   0.7676643   0.3592106   0.0032343   1.0000000   0.0000000   0.0000000   0.0000000   2.1539597   0.9899515  -7.9910905   0.0101176   1.6510975   0.5841948   0.0104796   0.3748686   2.7060533   0.5682233  -1.0000000   0.0104480   0.0000000   2.5689611   0.6040182   0.0000000   0.0000000  -4.8924820  32.4057861   2.7060358   0.5682059   0.0161297   1.0000000   0.0000000
  77.0000000   0.9999885   0.7676643   0.3592106   0.0032343   1.0000000   0.0000000   0.0000000   0.0000000   2.1541633   0.9899978  -7.9905564   0.0101174   1.6511545   0.5841517   0.0104796   0.3749003   2.7062731   0.5682393  -1.0000000   0.0104479   0.0000000   2.5688706   0.6040182   0.0000000   0.0000000  -4.8932835  32.4098371   2.7062563   0.5682225   0.0161295   1.0000000   0.0000000
  78.0000000   0.9999897   0.7676643   0.3592106   0.0032343   1.0000000   0.0000000   0.0000000   0.0000000   2.1543882   0.9900432  -7.9901259   0.0101169   1.6512097   0.5841852   0.0104796   0.3749320   2.7064861   0.5682289  -1.0000000   0.0104488   0.0000000   2.5687754   0.6040181   0.0000000   0.0000000  -4.8939976  32.4138375   2.7064698   0.5682127   0.0161310   1.0000000   0.0000000
  79.0000000   0.9999908   0.7676643   0.3592106   0.0032343   1.0000000   0.0000000   0.0000000   0.0000000   2.1546062   0.9900854  -7.9897476   0.0101164   1.6512636   0.5842814   0.0104796   0.3749628   2.7066874   0.5682178  -1.0000000   0.0104524   0.0000000   2.5686809   0.6040188   0.0000000   0.0000000  -4.8946875  32.4177574   2.7066717   0.5682022   0.0161366   1.0000000   0.0000000
  80.0000000   0.9999917   0.7676643   0.3592106   0.0032343   1.0000000   0.0000000   0.0000000   0.0000000   2.1549103   0.9901278  -7.9893614   0.0101164   1.6513163   0.5842895   0.0104796   0.3749899   2.7068922   0.5681163  -1.0000000   0.0104510   0.0000000   2.5686102   0.6040182   0.0000000   0.0000000  -4.8953358  32.4216025   2.7068771   0.5681012   0.0161345   1.0000000   0.0000000
  81.0000000   0.9999926   0.7676643   0.3592106   0.0032343   1.0000000   0.0000000   0.0000000   0.0000000   2.1551662   0.9901667  -7.9891439   0.0101162   1.6513677   0.5842556   0.0104796   0.3750185   2.7070809   0.5680511  -1.0000000   0.0104523   0.0000000   2.5685227   0.6040190   0.0000000   0.0000000  -4.8959139  32.4252831   2.7070663   0.5680365   0.0161364   1.0000000   0.0000000
  82.0000000   0.9999934   0.7676643   0.3592106   0.0032343   1.0000000   0.0000000   0.0000000   0.0000000   2.1554419   0.9902041  -7.9890989   0.0101162   1.6514177   0.5841500   0.0104796   0.3750458   2.7072636   0.5679591  -1.0000000   0.0104530   0.0000000   2.5684413   0.6040200   0.0000000   0.0000000  -4.8964550  32.4288353   2.7072495   0.5679450   0.0161374   1.0000000   0.0000000
  83.0000000   0.9999940   0.7676643   0.3592106   0.0032343   1.0000000   0.0000000   0.0000000   0.0000000   2.1555450   0.9901816  -7.9893485   0.0101192   1.6514589   0.5848619   0.0104796   0.3750725   2.7072288   0.5679374  -1.0000000   0.0105282   0.0000000   2.5682063   0.6040292   0.0000000   0.0000000  -4.8968893  32.4322375   2.7072151   0.5679237   0.0162536   1.0000000   0.0000000
  84.0000000   0.9999947   0.7676643   0.3592106   0.0032343   1.0000000   0.0000000   0.0000000   0.0000000   2.1555859   0.9902160  -7.9889390   0.0101139   1.6514927   0.5845337   0.0104796   0.3750239   2.7074864   0.5680888  -1.0000000   0.0104859   0.0000000   2.5686181   0.6040047   0.0000000   0.0000000  -4.8970976  32.4353187   2.7074731   0.5680755   0.0161883   1.0000000   0.0000000
  85.0000000   0.9999952   0.7676643   0.3592106   0.0032343   1.0000000   0.0000000   0.0000000   0.0000000   2.1558259   0.9902458  -7.9888047   0.0101137   1.6515293   0.5845442   0.0104796   0.3750175   2.7076689   0.5680180  -1.0000000   0.0104773   0.0000000   2.5687353   0.6039950   0.0000000   0.0000000  -4.8973468  32.4386428   2.7076560   0.5680051   0.0161750   1.0000000   0.0000000
  86.0000000   0.9999957   0.7676643   0.3592106   0.0032343   1.0000000   0.0000000   0.0000000   0.0000000   2.1560395   0.9902756  -7.9888171   0.0101141   1.6515667   0.5844252   0.0104796   0.3750198   2.7078399   0.5679647  -1.0000000   0.0104704   0.0000000   2.5687968   0.6039885   0.0000000   0.0000000  -4.8976003  32.4418853   2.7078274   0.5679522   0.0161644   1.0000000   0.0000000
  87.0000000   0.9999961   0.7676643   0.3592106   0.0032343   1.0000000   0.0000000   0.0000000   0.0000000   2.1561746   0.9903038  -7.9890779   0.0101141   1.6516043   0.5843741   0.0104796   0.3750290   2.7079951   0.5679817  -1.0000000   0.0104684   0.0000000   2.5688105   0.6039851   0.0000000   0.0000000  -4.8978422  32.4450345   2.7079829   0.5679696   0.0161612   1.0000000   0.0000000
  88.0000000   0.9999965   0.7676643   0.3592106   0.0032343   1.0000000   0.0000000   0.0000000   0.0000000   2.1563465   0.9903320  -7.9894413   0.0101138   1.6516418   0.5844348   0.0104796   0.3750402   2.7081468   0.5679597  -1.0000000   0.0104672   0.0000000   2.5688082   0.6039819   0.0000000   0.0000000  -4.8980662  32.4481569   2.7081351   0.5679480   0.0161593   1.0000000   0.0000000
  89.0000000   0.9999969   0.7676643   0.3592106   0.0032343   1.0000000   0.0000000   0.0000000   0.0000000   2.1564823   0.9903589  -7.9898370   0.0101140   1.6516793   0.5844400   0.0104796   0.3750527   2.7082926   0.5679685  -1.0000000   0.0104664   0.0000000   2.5687963   0.6039798   0.0000000   0.0000000  -4.8982729  32.4512112   2.7082813   0.5679571   0.0161582   1.0000000   0.0000000
  90.0000000   0.9999972   0.7676643   0.3592106   0.0032343   1.0000000   0.0000000   0.0000000   0.0000000   2.1566118   0.9903841  -7.9902789   0.0101131   1.6517157   0.5844449   0.0104796   0.3750659   2.7084293   0.5679749  -1.0000000   0.0104660   0.0000000   2.5687734   0.6039778   0.0000000   0.0000000  -4.8983733  32.4542308   2.7084183   0.5679640   0.0161575   1.0000000   0.0000000
  91.0000000   1.0000000   0.7676643   0.3592106   0.0032343   1.0000000   0.0000000   0.0000000   0.0000000   2.1567633   0.9904112  -7.9907752   0.0101135   1.6517533   0.5844436   0.0104796   0.3750795   2.7085738   0.5679673  -1.0000000   0.0104655   0.0000000   2.5687539   0.6039760   0.0000000   0.0000000  -4.8985072  32.4572110   2.7085632   0.5679568   0.0161568   1.0000000   0.0000000
  92.0000000   1.0000000   0.7676643   0.3592106   0.0032343   1.0000000   0.0000000   0.0000000   0.0000000   2.1568364   0.9904329  -7.9913400   0.0101125   1.6517883   0.5844481   0.0104796   0.3750936   2.7086943   0.5680152  -1.0000000   0.0104658   0.0000000   2.5687161   0.6039750   0.0000000   0.0000000  -4.8985497  32.4601408   2.7086841   0.5680050   0.0161573   1.0000000   0.0000000
  93.0000000   1.0000000   0.7676643   0.3592106   0.0032343   1.0000000   0.0000000   0.0000000   0.0000000   2.1571040   0.9904578  -7.9919077   0.0101124   1.6518225   0.5844451   0.0104796   0.3751074   2.7088248   0.5678774  -1.0000000   0.0104654   0.0000000   2.5686880   0.6039733   0.0000000   0.0000000  -4.8986403  32.4630708   2.7088150   0.5678676   0.0161567   1.0000000   0.0000000
  94.0000000   1.0000000   0.7676643   0.3592106   0.0032343   1.0000000   0.0000000   0.0000000   0.0000000   2.1571141   0.9904794  -7.9926784   0.0101124   1.6518566   0.5844747   0.0104796   0.3751215   2.7089431   0.5679875  -1.0000000   0.0104666   0.0000000   2.5686536   0.6039735   0.0000000   0.0000000  -4.8987111  32.4658099   2.7089336   0.5679780   0.0161585   1.0000000   0.0000000
  95.0000000   1.0000000   0.7676643   0.3592106   0.0032343   1.0000000   0.0000000   0.0000000   0.0000000   2.1572063   0.9905020  -7.9933631   0.0101119   1.6518902   0.5845000   0.0104796   0.3751345   2.7090658   0.5680180  -1.0000000   0.0104666   0.0000000   2.5686237   0.6039716   0.0000000   0.0000000  -4.8987807  32.4686184   2.7090567   0.5680089   0.0161584   1.0000000   0.0000000
  96.0000000   1.0000000   0.7676643   0.3592106   0.0032343   1.0000000   0.0000000   0.0000000   0.0000000   2.1573544   0.9905245  -7.9940479   0.0101116   1.6519231   0.5845087   0.0104796   0.3751476   2.7091867   0.5679906  -1.0000000   0.0104665   0.0000000   2.5685945   0.6039702   0.0000000   0.0000000  -4.8988411  32.4714143   2.7091779   0.5679818   0.0161584   1.0000000   0.0000000
  97.0000000   1.0000000   0.7676643   0.3592106   0.0032343   1.0000000   0.0000000   0.0000000   0.0000000   2.1574895   0.9905457  -7.9948077   0.0101113   1.6519554   0.5845371   0.0104796   0.3751606   2.7093017   0.5679712  -1.0000000   0.0104670   0.0000000   2.5685645   0.6039697   0.0000000   0.0000000  -4.8988860  32.4741388   2.7092932   0.5679628   0.0161590   1.0000000   0.0000000
  98.0000000   1.0000000   0.7676643   0.3592106   0.0032343   1.0000000   0.0000000   0.0000000   0.0000000   2.1575575   0.9905661  -7.9956126   0.0101110   1.6519871   0.5845392   0.0104796   0.3751733   2.7094138   0.5680153  -1.0000000   0.0104670   0.0000000   2.5685338   0.6039688   0.0000000   0.0000000  -4.8989115  32.4768002   2.7094057   0.5680072   0.0161591   1.0000000   0.0000000
  99.0000000   1.0000000   0.7676643   0.3592106   0.0032343   1.0000000   0.0000000   0.0000000   0.0000000   2.1576649   0.9905866  -7.9964231   0.0101106   1.6520181   0.5845630   0.0104796   0.3751859   2.7095247   0.5680193  -1.0000000   0.0104673   0.0000000   2.5685028   0.6039678   0.0000000   0.0000000  -4.8989259  32.4794634   2.7095169   0.5680116   0.0161596   1.0000000   0.0000000
 100.0000000   1.0000000   0.7676643   0.3592106   0.0032343   1.0000000   0.0000000   0.0000000   0.0000000   2.1577891   0.9906065  -7.9972590   0.0101103   1.6520485   0.5845827   0.0104796   0.3751982   2.7096329   0.5680039  -1.0000000   0.0104677   0.0000000   2.5684747   0.6039673   0.0000000   0.0000000  -4.8989221  32.4820880   2.7096254   0.5679964   0.0161601   1.0000000   0.0000000
 101.0000000   1.0000000   0.7676643   0.3592106   0.0032343   1.0000000   0.0000000   0.0000000   0.0000000   2.1577869   0.9906255  -7.9981430   0.0101100   1.6520781   0.5846597   0.0104796   0.3752101   2.7097372   0.5681120  -1.0000000   0.0104687   0.0000000   2.5684467   0.6039669   0.0000000   0.0000000  -4.8989114  32.4846524   2.7097301   0.5681048   0.0161616   1.0000000   0.0000000
 102.0000000   1.0000000   0.7676643   0.3592106   0.0032343   1.0000000   0.0000000   0.0000000   0.0000000   2.1578586   0.9906440  -7.9988914   0.0101096   1.6521072   0.5846816   0.0104796   0.3752210   2.7098404   0.5681437  -1.0000000   0.0104688   0.0000000   2.5684197   0.6039653   0.0000000   0.0000000  -4.8988554  32.4872862   2.7098336   0.5681369   0.0161619   1.0000000   0.0000000
 103.0000000   1.0000000   0.7676643   0.3592106   0.0032343   1.0000000   0.0000000   0.0000000   0.0000000   2.1579957   0.9906641  -7.9996335   0.0101091   1.6521352   0.5846761   0.0104796   0.3752318   2.7099468   0.5681136  -1.0000000   0.0104692   0.0000000   2.5683993   0.6039638   0.0000000   0.0000000  -4.8988259  32.4899083   2.7099403   0.5681071   0.0161624   1.0000000   0.0000000
 104.0000000   1.0000000   0.7676643   0.3592106   0.0032343   1.0000000   0.0000000   0.0000000   0.0000000   2.1580432   0.9906817  -8.0004578   0.0101080   1.6521624   0.5846635   0.0104796   0.3752423   2.7100440   0.5681637  -1.0000000   0.0104695   0.0000000   2.5683743   0.6039625   0.0000000   0.0000000  -4.8987253  32.4924588   2.7100377   0.5681574   0.0161629   1.0000000   0.0000000
 105.0000000   1.0000000   0.7676643   0.3592106   0.0032343   1.0000000   0.0000000   0.0000000   0.0000000   2.1581846   0.9907012  -8.0012906   0.0101075   1.6521887   0.5847242   0.0104796   0.3752524   2.7101461   0.5681249  -1.0000000   0.0104698   0.0000000   2.5683576   0.6039613   0.0000000   0.0000000  -4.8986653  32.4950181   2.7101401   0.5681189   0.0161634   1.0000000   0.0000000
 106.0000000   1.0000000   0.7676643   0.3592106   0.0032343   1.0000000   0.0000000   0.0000000   0.0000000   2.1581859   0.9907196  -8.0021501   0.0101069   1.6522148   0.5847937   0.0104796   0.3752622   2.7102442   0.5682228  -1.0000000   0.0104705   0.0000000   2.5683391   0.6039599   0.0000000   0.0000000  -4.8986094  32.4974952   2.7102385   0.5682171   0.0161645   1.0000000   0.0000000
 107.0000000   1.0000000   0.7676643   0.3592106   0.0032343   1.0000000   0.0000000   0.0000000   0.0000000   2.1581698   0.9907386  -8.0028909   0.0101067   1.6522404   0.5848234   0.0104796   0.3752713   2.7103452   0.5683401  -1.0000000   0.0104706   0.0000000   2.5683291   0.6039585   0.0000000   0.0000000  -4.8985452  32.5000327   2.7103398   0.5683346   0.0161646   1.0000000   0.0000000
 108.0000000   1.0000000   0.7676643   0.3592106   0.0032343   1.0000000   0.0000000   0.0000000   0.0000000   2.1582479   0.9907591  -8.0035319   0.0101062   1.6522654   0.5848585   0.0104796   0.3752803   2.7104498   0.5683670  -1.0000000   0.0104709   0.0000000   2.5683228   0.6039570   0.0000000   0.0000000  -4.8984911  32.5026474   2.7104446   0.5683618   0.0161651   1.0000000   0.0000000
 109.0000000   1.0000000   0.7676643   0.3592106   0.0032343   1.0000000   0.0000000   0.0000000   0.0000000   2.1582949   0.9907796  -8.0041579   0.0101055   1.6522898   0.5848746   0.0104796   0.3752890   2.7105535   0.5684242  -1.0000000   0.0104712   0.0000000   2.5683175   0.6039551   0.0000000   0.0000000  -4.8984447  32.5052475   2.7105486   0.5684192   0.0161655   1.0000000   0.0000000
 110.0000000   1.0000000   0.7676643   0.3592106   0.0032343   1.0000000   0.0000000   0.0000000   0.0000000   2.1583933   0.9908007  -8.0047597   0.0101050   1.6523135   0.5848740   0.0104796   0.3752975   2.7106585   0.5684313  -1.0000000   0.0104715   0.0000000   2.5683178   0.6039536   0.0000000   0.0000000  -4.8984012  32.5078633   2.7106539   0.5684266   0.0161660   1.0000000   0.0000000
 111.0000000   1.0000000   0.7676643   0.3592106   0.0032343   1.0000000   0.0000000   0.0000000   0.0000000   2.1584083   0.9908216  -8.0053991   0.0101038   1.6523365   0.5849179   0.0104796   0.3753056   2.7107621   0.5685214  -1.0000000   0.0104726   0.0000000   2.5683172   0.6039515   0.0000000   0.0000000  -4.8983850  32.5104410   2.7107576   0.5685170   0.0161676   1.0000000   0.0000000
 112.0000000   1.0000000   0.7676643   0.3592106   0.0032343   1.0000000   0.0000000   0.0000000   0.0000000   2.1584711   0.9908436  -8.0059537   0.0101033   1.6523589   0.5849267   0.0104796   0.3753127   2.7108694   0.5685654  -1.0000000   0.0104722   0.0000000   2.5683276   0.6039492   0.0000000   0.0000000  -4.8983639  32.5130709   2.7108652   0.5685612   0.0161671   1.0000000   0.0000000
 113.0000000   1.0000000   0.7676643   0.3592106   0.0032343   1.0000000   0.0000000   0.0000000   0.0000000   2.1584883   0.9908654  -8.0065013   0.0101023   1.6523804   0.5849116   0.0104796   0.3753201   2.7109740   0.5686536  -1.0000000   0.0104727   0.0000000   2.5683344   0.6039469   0.0000000   0.0000000  -4.8983371  32.5157023   2.7109700   0.5686496   0.0161679   1.0000000   0.0000000
 114.0000000   1.0000000   0.7676643   0.3592106   0.0032343   1.0000000   0.0000000   0.0000000   0.0000000   2.1585850   0.9908895  -8.0070205   0.0101012   1.6524010   0.5848713   0.0104796   0.3753270   2.7110852   0.5686680  -1.0000000   0.0104726   0.0000000   2.5683523   0.6039446   0.0000000   0.0000000  -4.8983412  32.5183801   2.7110815   0.5686642   0.0161677   1.0000000   0.0000000
 115.0000000   1.0000000   0.7676643   0.3592106   0.0032343   1.0000000   0.0000000   0.0000000   0.0000000   2.1586470   0.9909137  -8.0076129   0.0101000   1.6524209   0.5849800   0.0104796   0.3753340   2.7111952   0.5687164  -1.0000000   0.0104729   0.0000000   2.5683694   0.6039424   0.0000000   0.0000000  -4.8983611  32.5210299   2.7111916   0.5687128   0.0161681   1.0000000   0.0000000
 116.0000000   1.0000000   0.7676643   0.3592106   0.0032343   1.0000000   0.0000000   0.0000000   0.0000000   2.1586043   0.9909378  -8.0080993   0.0100994   1.6524405   0.5850194   0.0104796   0.3753407   2.7113047   0.5688691  -1.0000000   0.0104733   0.0000000   2.5683895   0.6039404   0.0000000   0.0000000  -4.8983764  32.5236862   2.7113013   0.5688657   0.0161687   1.0000000   0.0000000
 117.0000000   1.0000000   0.7676643   0.3592106   0.0032343   1.0000000   0.0000000   0.0000000   0.0000000   2.1585857   0.9909644  -8.0084381   0.0100982   1.6524593   0.5850647   0.0104796   0.3753471   2.7114213   0.5690046  -1.0000000   0.0104735   0.0000000   2.5684159   0.6039374   0.0000000   0.0000000  -4.8984592  32.5264540   2.7114182   0.5690015   0.0161691   1.0000000   0.0000000
 118.0000000   1.0000000   0.7676643   0.3592106   0.0032343   1.0000000   0.0000000   0.0000000   0.0000000   2.1586960   0.9909950  -8.0086331   0.0100958   1.6524761   0.5851533   0.0104796   0.3753532   2.7115482   0.5690208  -1.0000000   0.0104732   0.0000000   2.5684529   0.6039335   0.0000000   0.0000000  -4.8986447  32.5293150   2.7115452   0.5690179   0.0161686   1.0000000   0.0000000
 119.0000000   1.0000000   0.7676643   0.3592106   0.0032343   1.0000000   0.0000000   0.0000000   0.0000000   2.1587816   0.9910427  -8.0086584   0.0100801   1.6524790   0.5852252   0.0104796   0.3753596   2.7117041   0.5652382  -1.0000000   0.0104729   0.0000000   2.5685346   0.6039291   0.0000000   0.0000000  -4.8988591  32.5321470   2.7117011   0.5652353   0.0123158   1.0000000   0.0000000
 120.0000000   1.0000000   0.7676643   0.3592106   0.0032343   1.0000000   0.0000000   0.0000000   0.0000000   2.1623649   0.9913317  -8.1356509   0.0101010   1.6527601   0.5894863   0.0104796   0.3755343   2.7131053   0.5668231  -1.0000000   0.0104795   0.0000000   2.5681243   0.6038960   0.0000000   0.0000000  -4.8856803  32.5652388   2.7131053   0.5668231   0.0160827   1.0000000   0.0000000
