 t output_loss_entry employment_loss_entry investment_loss_entry debt_loss_entry
 output_gain_entry employment_gain_entry investment_gain_entry debt_gain_entry
 output_loss_incumbent employment_loss_incumbent investment_loss_incumbent debt_
 loss_incumbent
 output_gain_incumbent employment_gain_incumbent investment_gain_incumbent debt_
 gain_incumbent
 gdp1 h1 inv1 firm_debt2
 gdp_t h_t inv_t firm_debt_t
   1.0000000   0.0000000   0.0000000   0.0000000   0.0000000   0.0000000   0.0000000   0.0000000   0.0000000   0.0000000   0.0000000   0.0000000   0.0000000   0.0000000   0.0000000   0.0000000   0.0000000   2.7131053   0.9913739   0.5668231   4.8856803   2.7131053   0.9913739   0.5668231   4.8856803
   2.0000000   0.0051195   0.0030540   0.0296016   0.0056943   0.0000000   0.0000000   0.0000000   0.0000000   2.7043785   0.9861828   0.5743513   4.8758807   2.5718038   0.9587384   0.5186093   4.8686756   2.7131053   0.9913739   0.5668231   4.8856803   2.5682394   0.9587384   0.4714265   4.8686756
   3.0000000   0.0081619   0.0046873   0.0324731   0.0143630   0.0000000   0.0000000   0.0000000   0.0000000   2.7156581   0.9836006   0.6701295   4.8624080   2.5979261   0.9604855   0.6019250   4.8465748   2.7131053   0.9913739   0.5668231   4.8856803   2.5812967   0.9607501   0.4832568   4.8482499
   4.0000000   0.0083623   0.0045867   0.0155789   0.0202014   0.0000000   0.0000000   0.0000000   0.0000000   2.7066335   0.9790271   0.6924903   4.8250121   2.6002837   0.9588511   0.6240199   4.8016520   2.7131053   0.9913739   0.5668231   4.8856803   2.5915033   0.9632703   0.4940824   4.8281294
   5.0000000   0.0096228   0.0052061   0.0126209   0.0238045   0.0000000   0.0000000   0.0000000   0.0000000   2.6919806   0.9714738   0.7026725   4.7732867   2.5962377   0.9542451   0.6426074   4.7456439   2.7131053   0.9913739   0.5668231   4.8856803   2.5991931   0.9650111   0.5027536   4.8133254
   6.0000000   0.0105948   0.0056982   0.0113985   0.0265273   0.0000000   0.0000000   0.0000000   0.0000000   2.6903358   0.9754898   0.6129382   4.7950640   2.5981015   0.9591704   0.5576914   4.7530506   2.7131053   0.9913739   0.5668231   4.8856803   2.6062967   0.9665633   0.5096966   4.8002458
   7.0000000   0.0114476   0.0061202   0.0108653   0.0288618   0.0000000   0.0000000   0.0000000   0.0000000   2.6891067   0.9771725   0.5870414   4.8063950   2.6040584   0.9621538   0.5403353   4.7530419   2.7131053   0.9913739   0.5668231   4.8856803   2.6126608   0.9679598   0.5161959   4.7896320
   8.0000000   0.0122705   0.0065073   0.0106575   0.0310214   0.0000000   0.0000000   0.0000000   0.0000000   2.6893824   0.9781243   0.5753195   4.8129592   2.6116065   0.9646523   0.5365860   4.7517292   2.7131053   0.9913739   0.5668231   4.8856803   2.6197403   0.9695320   0.5227070   4.7820241
   9.0000000   0.0130683   0.0068726   0.0105957   0.0330939   0.0000000   0.0000000   0.0000000   0.0000000   2.6895595   0.9786844   0.5688400   4.8168196   2.6168736   0.9664313   0.5371932   4.7492801   2.7131053   0.9913739   0.5668231   4.8856803   2.6242885   0.9706453   0.5277862   4.7751575
  10.0000000   0.0138459   0.0072220   0.0105759   0.0351046   0.0000000   0.0000000   0.0000000   0.0000000   2.6895780   0.9790078   0.5649774   4.8190699   2.6222430   0.9680000   0.5387072   4.7467905   2.7131053   0.9913739   0.5668231   4.8856803   2.6291012   0.9717257   0.5321576   4.7694716
  11.0000000   0.0146048   0.0075581   0.0106088   0.0370791   0.0000000   0.0000000   0.0000000   0.0000000   2.6894688   0.9791810   0.5624095   4.8202597   2.6270178   0.9693103   0.5408771   4.7447852   2.7131053   0.9913739   0.5668231   4.8856803   2.6334118   0.9726622   0.5362410   4.7651173
  12.0000000   0.0153493   0.0078833   0.0106559   0.0390244   0.0000000   0.0000000   0.0000000   0.0000000   2.6892596   0.9792544   0.5606482   4.8207148   2.6314002   0.9704520   0.5430310   4.7418453   2.7131053   0.9913739   0.5668231   4.8856803   2.6374170   0.9735118   0.5396119   4.7603651
  13.0000000   0.0138789   0.0068806  -0.0020959   0.0384769   0.0000000   0.0000000   0.0000000   0.0000000   2.6911716   0.9805763   0.5721696   4.8231025   2.6366349   0.9722188   0.5466323   4.7391597   2.7131053   0.9913739   0.5668231   4.8856803   2.6423318   0.9750415   0.5441183   4.7562678
  14.0000000   0.0133089   0.0064885  -0.0031856   0.0366582   0.0000000   0.0000000   0.0000000   0.0000000   2.6921092   0.9812291   0.5723505   4.8263482   2.6404048   0.9733176   0.5489418   4.7386267   2.7131053   0.9913739   0.5668231   4.8856803   2.6458339   0.9759463   0.5471063   4.7546264
  15.0000000   0.0127041   0.0060921  -0.0029617   0.0346969   0.0000000   0.0000000   0.0000000   0.0000000   2.6930207   0.9818412   0.5714355   4.8294242   2.6439427   0.9743384   0.5515746   4.7390557   2.7131053   0.9913739   0.5668231   4.8856803   2.6491476   0.9768061   0.5502727   4.7541890
  16.0000000   0.0121376   0.0057264  -0.0022521   0.0329814   0.0000000   0.0000000   0.0000000   0.0000000   2.6938450   0.9823875   0.5701907   4.8320146   2.6472702   0.9752648   0.5534026   4.7394067   2.7131053   0.9913739   0.5668231   4.8856803   2.6522895   0.9775985   0.5524923   4.7538459
  17.0000000   0.0116688   0.0054092  -0.0015743   0.0315529   0.0000000   0.0000000   0.0000000   0.0000000   2.6945314   0.9828575   0.5690882   4.8341323   2.6502132   0.9760739   0.5552480   4.7394183   2.7131053   0.9913739   0.5668231   4.8856803   2.6550736   0.9782939   0.5546612   4.7533078
  18.0000000   0.0112708   0.0051368  -0.0009039   0.0304259   0.0000000   0.0000000   0.0000000   0.0000000   2.6951138   0.9832602   0.5680762   4.8358038   2.6534783   0.9769372   0.5570891   4.7405244   2.7131053   0.9913739   0.5668231   4.8856803   2.6582150   0.9790635   0.5567734   4.7539853
  19.0000000   0.0109380   0.0049045  -0.0003704   0.0295412   0.0000000   0.0000000   0.0000000   0.0000000   2.6956038   0.9836045   0.5672615   4.8371165   2.6557068   0.9775836   0.5582719   4.7420023   2.7131053   0.9913739   0.5668231   4.8856803   2.6603252   0.9796271   0.5581671   4.7551255
  20.0000000   0.0106555   0.0047053   0.0001050   0.0288727   0.0000000   0.0000000   0.0000000   0.0000000   2.6960205   0.9839005   0.5665488   4.8381153   2.6581007   0.9781983   0.5596928   4.7434454   2.7131053   0.9913739   0.5668231   4.8856803   2.6626231   0.9801706   0.5597663   4.7563078
  21.0000000   0.0104179   0.0045342   0.0004914   0.0283789   0.0000000   0.0000000   0.0000000   0.0000000   2.6963728   0.9841557   0.5659589   4.8388561   2.6609846   0.9789201   0.5600072   4.7446790   2.7131053   0.9913739   0.5668231   4.8856803   2.6654302   0.9808322   0.5602285   4.7573438
  22.0000000   0.0102166   0.0043866   0.0008270   0.0280356   0.0000000   0.0000000   0.0000000   0.0000000   2.6966720   0.9843768   0.5654487   4.8393758   2.6625331   0.9793835   0.5622841   4.7467822   2.7131053   0.9913739   0.5668231   4.8856803   2.6669053   0.9812416   0.5626395   4.7593070
  23.0000000   0.0100468   0.0042588   0.0011090   0.0278173   0.0000000   0.0000000   0.0000000   0.0000000   2.6969255   0.9845690   0.5650162   4.8397109   2.6645436   0.9798718   0.5627572   4.7487641   2.7131053   0.9913739   0.5668231   4.8856803   2.6688567   0.9816829   0.5632204   4.7611934
  24.0000000   0.0099032   0.0041476   0.0013538   0.0277061   0.0000000   0.0000000   0.0000000   0.0000000   2.6971405   0.9847368   0.5646407   4.8398884   2.6668477   0.9804508   0.5638642   4.7511149   2.7131053   0.9913739   0.5668231   4.8856803   2.6711143   0.9822218   0.5644265   4.7634900
  25.0000000   0.0097823   0.0040506   0.0015642   0.0276851   0.0000000   0.0000000   0.0000000   0.0000000   2.6973226   0.9848838   0.5643169   4.8399333   2.6682671   0.9808430   0.5644233   4.7534472   2.7131053   0.9913739   0.5668231   4.8856803   2.6724883   0.9825776   0.5650666   4.7657997
  26.0000000   0.0096804   0.0039656   0.0017480   0.0277411   0.0000000   0.0000000   0.0000000   0.0000000   2.6974769   0.9850131   0.5640351   4.8398664   2.6698536   0.9812173   0.5651720   4.7561649   2.7131053   0.9913739   0.5668231   4.8856803   2.6740383   0.9829196   0.5658894   4.7685246
  27.0000000   0.0095948   0.0038910   0.0019077   0.0278620   0.0000000   0.0000000   0.0000000   0.0000000   2.6976073   0.9851273   0.5637902   4.8397060   2.6714036   0.9815840   0.5657170   4.7590829   2.7131053   0.9913739   0.5668231   4.8856803   2.6755574   0.9832576   0.5664971   4.7714730
  28.0000000   0.0095231   0.0038251   0.0020472   0.0280375   0.0000000   0.0000000   0.0000000   0.0000000   2.6977175   0.9852286   0.5635763   4.8394677   2.6728831   0.9819322   0.5661695   4.7619723   2.7131053   0.9913739   0.5668231   4.8856803   2.6770106   0.9835803   0.5670072   4.7744137
  29.0000000   0.0094632   0.0037668   0.0021682   0.0282577   0.0000000   0.0000000   0.0000000   0.0000000   2.6978105   0.9853187   0.5633904   4.8391660   2.6742945   0.9822576   0.5664093   4.7647686   2.7131053   0.9913739   0.5668231   4.8856803   2.6783999   0.9838830   0.5672952   4.7772774
  30.0000000   0.0094133   0.0037149   0.0022727   0.0285138   0.0000000   0.0000000   0.0000000   0.0000000   2.6978890   0.9853992   0.5632298   4.8388142   2.6755967   0.9825621   0.5667828   4.7676201   2.7131053   0.9913739   0.5668231   4.8856803   2.6796834   0.9841670   0.5677120   4.7802101
  31.0000000   0.0093717   0.0036686   0.0023618   0.0287970   0.0000000   0.0000000   0.0000000   0.0000000   2.6979554   0.9854715   0.5630930   4.8384252   2.6768871   0.9828655   0.5670383   4.7706060   2.7131053   0.9913739   0.5668231   4.8856803   2.6809584   0.9844522   0.5680046   4.7832878
  32.0000000   0.0093371   0.0036271   0.0024364   0.0290991   0.0000000   0.0000000   0.0000000   0.0000000   2.6980118   0.9855368   0.5629786   4.8380114   2.6780335   0.9831373   0.5673042   4.7738349   2.7131053   0.9913739   0.5668231   4.8856803   2.6820911   0.9847072   0.5683013   4.7866153
  33.0000000   0.0093080   0.0035896   0.0024974   0.0294120   0.0000000   0.0000000   0.0000000   0.0000000   2.6980600   0.9855960   0.5628860   4.8375851   2.6791845   0.9834051   0.5672244   4.7768990   2.7131053   0.9913739   0.5668231   4.8856803   2.6832305   0.9849598   0.5682466   4.7897818
  34.0000000   0.0092834   0.0035555   0.0025452   0.0297276   0.0000000   0.0000000   0.0000000   0.0000000   2.6981019   0.9856502   0.5628142   4.8371584   2.6802535   0.9836510   0.5674509   4.7799762   2.7131053   0.9913739   0.5668231   4.8856803   2.6842893   0.9851917   0.5684930   4.7929617
  35.0000000   0.0092622   0.0035242   0.0025803   0.0300383   0.0000000   0.0000000   0.0000000   0.0000000   2.6981391   0.9857002   0.5627624   4.8367431   2.6812723   0.9838848   0.5675909   4.7830959   2.7131053   0.9913739   0.5668231   4.8856803   2.6852991   0.9854125   0.5686474   4.7961816
  36.0000000   0.0092434   0.0034954   0.0026032   0.0303363   0.0000000   0.0000000   0.0000000   0.0000000   2.6981730   0.9857466   0.5627300   4.8363509   2.6822454   0.9841086   0.5679906   4.7863355   2.7131053   0.9913739   0.5668231   4.8856803   2.6862638   0.9856242   0.5690564   4.7995158
  37.0000000   0.0092261   0.0034685   0.0026145   0.0306144   0.0000000   0.0000000   0.0000000   0.0000000   2.6982049   0.9857902   0.5627159   4.8359927   2.6831910   0.9843271   0.5681243   4.7896418   2.7131053   0.9913739   0.5668231   4.8856803   2.6872014   0.9858312   0.5691943   4.8029078
  38.0000000   0.0092096   0.0034431   0.0026145   0.0308657   0.0000000   0.0000000   0.0000000   0.0000000   2.6982360   0.9858316   0.5627194   4.8356790   2.6841064   0.9845396   0.5683554   4.7930434   2.7131053   0.9913739   0.5668231   4.8856803   2.6881089   0.9860328   0.5694249   4.8063834
  39.0000000   0.0091931   0.0034189   0.0026040   0.0310838   0.0000000   0.0000000   0.0000000   0.0000000   2.6982675   0.9858713   0.5627392   4.8354193   2.6849897   0.9847458   0.5682862   4.7964433   2.7131053   0.9913739   0.5668231   4.8856803   2.6889841   0.9862285   0.5693506   4.8098429
  40.0000000   0.0091760   0.0033956   0.0025836   0.0312626   0.0000000   0.0000000   0.0000000   0.0000000   2.6983003   0.9859097   0.5627743   4.8352223   2.6858343   0.9849430   0.5683939   4.7999526   2.7131053   0.9913739   0.5668231   4.8856803   2.6898201   0.9864155   0.5694492   4.8133953
  41.0000000   0.0091576   0.0033728   0.0025541   0.0313972   0.0000000   0.0000000   0.0000000   0.0000000   2.6983353   0.9859473   0.5628233   4.8350955   2.6866526   0.9851353   0.5686051   4.8034324   2.7131053   0.9913739   0.5668231   4.8856803   2.6906292   0.9865977   0.5696476   4.8168994
  42.0000000   0.0091375   0.0033504   0.0025164   0.0314831   0.0000000   0.0000000   0.0000000   0.0000000   2.6983732   0.9859844   0.5628849   4.8350451   2.6873860   0.9853052   0.5681529   4.8066573   2.7131053   0.9913739   0.5668231   4.8856803   2.6913522   0.9867576   0.5691792   4.8201281
  43.0000000   0.0091152   0.0033282   0.0024714   0.0315168   0.0000000   0.0000000   0.0000000   0.0000000   2.6984148   0.9860214   0.5629575   4.8350761   2.6881374   0.9854702   0.5680414   4.8099342   2.7131053   0.9913739   0.5668231   4.8856803   2.6920926   0.9869127   0.5690467   4.8233863
  44.0000000   0.0090903   0.0033059   0.0024201   0.0314958   0.0000000   0.0000000   0.0000000   0.0000000   2.6984604   0.9860585   0.5630396   4.8351919   2.6888264   0.9856278   0.5685105   4.8133522   2.7131053   0.9913739   0.5668231   4.8856803   2.6927691   0.9870603   0.5694952   4.8267630
  45.0000000   0.0090626   0.0032834   0.0023635   0.0314184   0.0000000   0.0000000   0.0000000   0.0000000   2.6985106   0.9860960   0.5631296   4.8353946   2.6895382   0.9857920   0.5684296   4.8167053   2.7131053   0.9913739   0.5668231   4.8856803   2.6934672   0.9872142   0.5693907   4.8300517
  46.0000000   0.0090318   0.0032606   0.0023026   0.0312840   0.0000000   0.0000000   0.0000000   0.0000000   2.6985656   0.9861339   0.5632261   4.8356848   2.6902119   0.9859489   0.5683547   4.8201511   2.7131053   0.9913739   0.5668231   4.8856803   2.6941259   0.9873609   0.5692912   4.8334103
  47.0000000   0.0089978   0.0032374   0.0022382   0.0310928   0.0000000   0.0000000   0.0000000   0.0000000   2.6986257   0.9861725   0.5633275   4.8360617   2.6908608   0.9861008   0.5683399   4.8233759   2.7131053   0.9913739   0.5668231   4.8856803   2.6947585   0.9875023   0.5692451   4.8365231
  48.0000000   0.0089605   0.0032137   0.0021713   0.0308458   0.0000000   0.0000000   0.0000000   0.0000000   2.6986911   0.9862119   0.5634325   4.8365233   2.6914614   0.9862406   0.5685372   4.8266914   2.7131053   0.9913739   0.5668231   4.8856803   2.6953408   0.9876313   0.5694177   4.8397054
  49.0000000   0.0089198   0.0031895   0.0021026   0.0305447   0.0000000   0.0000000   0.0000000   0.0000000   2.6987617   0.9862521   0.5635400   4.8370665   2.6920929   0.9863834   0.5687107   4.8300250   2.7131053   0.9913739   0.5668231   4.8856803   2.6959531   0.9877631   0.5695640   4.8428847
  50.0000000   0.0088757   0.0031647   0.0020330   0.0301920   0.0000000   0.0000000   0.0000000   0.0000000   2.6988375   0.9862931   0.5636486   4.8376872   2.6927045   0.9865263   0.5687703   4.8333349   2.7131053   0.9913739   0.5668231   4.8856803   2.6965440   0.9878948   0.5695961   4.8460202
  51.0000000   0.0088283   0.0031394   0.0019629   0.0297907   0.0000000   0.0000000   0.0000000   0.0000000   2.6989184   0.9863350   0.5637576   4.8383804   2.6933005   0.9866675   0.5687192   4.8365237   2.7131053   0.9913739   0.5668231   4.8856803   2.6971179   0.9880246   0.5695167   4.8490159
  52.0000000   0.0087777   0.0031135   0.0018931   0.0293441   0.0000000   0.0000000   0.0000000   0.0000000   2.6990043   0.9863777   0.5638660   4.8391406   2.6938645   0.9868021   0.5687217   4.8396832   2.7131053   0.9913739   0.5668231   4.8856803   2.6976586   0.9881476   0.5694918   4.8519654
  53.0000000   0.0087239   0.0030871   0.0018240   0.0288561   0.0000000   0.0000000   0.0000000   0.0000000   2.6990950   0.9864213   0.5639731   4.8399618   2.6944206   0.9869343   0.5684087   4.8423655   2.7131053   0.9913739   0.5668231   4.8856803   2.6981901   0.9882679   0.5691499   4.8544216
  54.0000000   0.0086671   0.0030601   0.0017560   0.0283306   0.0000000   0.0000000   0.0000000   0.0000000   2.6991902   0.9864656   0.5640783   4.8408376   2.6948953   0.9870465   0.5686517   4.8453079   2.7131053   0.9913739   0.5668231   4.8856803   2.6986389   0.9883681   0.5693667   4.8571243
  55.0000000   0.0086075   0.0030326   0.0016895   0.0277717   0.0000000   0.0000000   0.0000000   0.0000000   2.6992898   0.9865108   0.5641811   4.8417617   2.6954079   0.9871668   0.5686139   4.8481815   2.7131053   0.9913739   0.5668231   4.8856803   2.6991246   0.9884762   0.5693022   4.8597460
  56.0000000   0.0085453   0.0030046   0.0016248   0.0271838   0.0000000   0.0000000   0.0000000   0.0000000   2.6993933   0.9865566   0.5642812   4.8427275   2.6959039   0.9872848   0.5686289   4.8509669   2.7131053   0.9913739   0.5668231   4.8856803   2.6995926   0.9885818   0.5692919   4.8622694
  57.0000000   0.0084806   0.0029763   0.0015619   0.0265711   0.0000000   0.0000000   0.0000000   0.0000000   2.6995005   0.9866030   0.5643782   4.8437285   2.6963702   0.9873944   0.5685112   4.8535978   2.7131053   0.9913739   0.5668231   4.8856803   2.7000299   0.9886787   0.5691486   4.8646293
  58.0000000   0.0084136   0.0029475   0.0015012   0.0259375   0.0000000   0.0000000   0.0000000   0.0000000   2.6996112   0.9866500   0.5644720   4.8447585   2.6968412   0.9875038   0.5687615   4.8562661   2.7131053   0.9913739   0.5668231   4.8856803   2.7004710   0.9887754   0.5693757   4.8670199
  59.0000000   0.0083446   0.0029184   0.0014426   0.0252872   0.0000000   0.0000000   0.0000000   0.0000000   2.6997249   0.9866974   0.5645624   4.8458115   2.6973115   0.9876157   0.5686236   4.8588778   2.7131053   0.9913739   0.5668231   4.8856803   2.7009107   0.9888745   0.5692147   4.8693484
  60.0000000   0.0082737   0.0028890   0.0013862   0.0246238   0.0000000   0.0000000   0.0000000   0.0000000   2.6998415   0.9867453   0.5646494   4.8468816   2.6977665   0.9877256   0.5686230   4.8610741   2.7131053   0.9913739   0.5668231   4.8856803   2.7013344   0.9889715   0.5691922   4.8712579
  61.0000000   0.0082010   0.0028593   0.0013321   0.0239510   0.0000000   0.0000000   0.0000000   0.0000000   2.6999606   0.9867936   0.5647329   4.8479635   2.6981837   0.9878273   0.5685925   4.8634197   2.7131053   0.9913739   0.5668231   4.8856803   2.7017196   0.9890602   0.5691401   4.8733140
  62.0000000   0.0081269   0.0028295   0.0012803   0.0232721   0.0000000   0.0000000   0.0000000   0.0000000   2.7000819   0.9868421   0.5648129   4.8490522   2.6986165   0.9879343   0.5684802   4.8654985   2.7131053   0.9913739   0.5668231   4.8856803   2.7021198   0.9891542   0.5690079   4.8751024
  63.0000000   0.0080515   0.0027995   0.0012307   0.0225902   0.0000000   0.0000000   0.0000000   0.0000000   2.7002053   0.9868908   0.5648895   4.8501430   2.6990000   0.9880318   0.5683878   4.8676783   2.7131053   0.9913739   0.5668231   4.8856803   2.7024703   0.9892386   0.5688948   4.8769915
  64.0000000   0.0079748   0.0027693   0.0011833   0.0219081   0.0000000   0.0000000   0.0000000   0.0000000   2.7003303   0.9869397   0.5649627   4.8512318   2.6993945   0.9881233   0.5683836   4.8697511   2.7131053   0.9913739   0.5668231   4.8856803   2.7028314   0.9893170   0.5688722   4.8787747
  65.0000000   0.0078972   0.0027391   0.0011381   0.0212283   0.0000000   0.0000000   0.0000000   0.0000000   2.7004567   0.9869887   0.5650327   4.8523148   2.6997948   0.9882216   0.5683811   4.8717337   2.7131053   0.9913739   0.5668231   4.8856803   2.7031978   0.9894021   0.5688516   4.8804696
  66.0000000   0.0078187   0.0027088   0.0010950   0.0205532   0.0000000   0.0000000   0.0000000   0.0000000   2.7005844   0.9870378   0.5650994   4.8533885   2.7001947   0.9883270   0.5684251   4.8736522   2.7131053   0.9913739   0.5668231   4.8856803   2.7035637   0.9894944   0.5688782   4.8821034
  67.0000000   0.0077396   0.0026785   0.0010538   0.0198847   0.0000000   0.0000000   0.0000000   0.0000000   2.7007131   0.9870868   0.5651631   4.8544501   2.7000661   0.9882870   0.5683029   4.8754291   2.7131053   0.9913739   0.5668231   4.8856803   2.7034007   0.9894413   0.5687396   4.8835991
  68.0000000   0.0076598   0.0026483   0.0010147   0.0192246   0.0000000   0.0000000   0.0000000   0.0000000   2.7008426   0.9871358   0.5652238   4.8554968   2.7006937   0.9883679   0.5680780   4.8770928   2.7131053   0.9913739   0.5668231   4.8856803   2.7039938   0.9895091   0.5684982   4.8849857
  69.0000000   0.0075797   0.0026180   0.0009774   0.0185745   0.0000000   0.0000000   0.0000000   0.0000000   2.7009726   0.9871846   0.5652816   4.8565266   2.7010164   0.9884432   0.5682638   4.8787156   2.7131053   0.9913739   0.5668231   4.8856803   2.7042817   0.9895713   0.5686694   4.8863363
  70.0000000   0.0074992   0.0025879   0.0009418   0.0179356   0.0000000   0.0000000   0.0000000   0.0000000   2.7011031   0.9872334   0.5653367   4.8575374   2.7013446   0.9885202   0.5681144   4.8802442   2.7131053   0.9913739   0.5668231   4.8856803   2.7045750   0.9896352   0.5685055   4.8875979
  71.0000000   0.0074185   0.0025579   0.0009080   0.0173091   0.0000000   0.0000000   0.0000000   0.0000000   2.7012339   0.9872819   0.5653892   4.8585277   2.7016536   0.9885925   0.5680430   4.8816635   2.7131053   0.9913739   0.5668231   4.8856803   2.7048490   0.9896946   0.5684201   4.8887560
  72.0000000   0.0073377   0.0025279   0.0008759   0.0166958   0.0000000   0.0000000   0.0000000   0.0000000   2.7013647   0.9873302   0.5654393   4.8594963   2.7019491   0.9886611   0.5680687   4.8829260   2.7131053   0.9913739   0.5668231   4.8856803   2.7051095   0.9897502   0.5684332   4.8897632
  73.0000000   0.0072568   0.0024982   0.0008453   0.0160965   0.0000000   0.0000000   0.0000000   0.0000000   2.7014956   0.9873783   0.5654869   4.8604420   2.7022364   0.9887279   0.5679004   4.8841422   2.7131053   0.9913739   0.5668231   4.8856803   2.7053619   0.9898041   0.5682527   4.8907303
  74.0000000   0.0071761   0.0024686   0.0008161   0.0155118   0.0000000   0.0000000   0.0000000   0.0000000   2.7016262   0.9874261   0.5655323   4.8613641   2.7025089   0.9887915   0.5679935   4.8852861   2.7131053   0.9913739   0.5668231   4.8856803   2.7055995   0.9898549   0.5683340   4.8916316
  75.0000000   0.0070954   0.0024391   0.0007884   0.0149421   0.0000000   0.0000000   0.0000000   0.0000000   2.7017566   0.9874735   0.5655755   4.8622619   2.7027747   0.9888538   0.5678819   4.8863727   2.7131053   0.9913739   0.5668231   4.8856803   2.7058305   0.9899045   0.5682110   4.8924820
  76.0000000   0.0070150   0.0024099   0.0007620   0.0143878   0.0000000   0.0000000   0.0000000   0.0000000   2.7018866   0.9875207   0.5656168   4.8631352   2.7030322   0.9889134   0.5679049   4.8874038   2.7131053   0.9913739   0.5668231   4.8856803   2.7060533   0.9899515   0.5682233   4.8932835
  77.0000000   0.0069349   0.0023809   0.0007368   0.0138489   0.0000000   0.0000000   0.0000000   0.0000000   2.7020160   0.9875675   0.5656560   4.8639835   2.7032866   0.9889723   0.5679312   4.8883408   2.7131053   0.9913739   0.5668231   4.8856803   2.7062731   0.9899978   0.5682393   4.8939976
  78.0000000   0.0068551   0.0023521   0.0007129   0.0133258   0.0000000   0.0000000   0.0000000   0.0000000   2.7021449   0.9876139   0.5656935   4.8648068   2.7035339   0.9890301   0.5679308   4.8892468   2.7131053   0.9913739   0.5668231   4.8856803   2.7064861   0.9900432   0.5682289   4.8946875
  79.0000000   0.0067757   0.0023235   0.0006901   0.0128183   0.0000000   0.0000000   0.0000000   0.0000000   2.7022732   0.9876600   0.5657293   4.8656051   2.7037695   0.9890846   0.5679289   4.8901045   2.7131053   0.9913739   0.5668231   4.8856803   2.7066874   0.9900854   0.5682178   4.8953358
  80.0000000   0.0066967   0.0022952   0.0006683   0.0123265   0.0000000   0.0000000   0.0000000   0.0000000   2.7024007   0.9877057   0.5657634   4.8663785   2.7040084   0.9891392   0.5678364   4.8908855   2.7131053   0.9913739   0.5668231   4.8856803   2.7068922   0.9901278   0.5681163   4.8959139
  81.0000000   0.0066183   0.0022672   0.0006475   0.0118502   0.0000000   0.0000000   0.0000000   0.0000000   2.7025275   0.9877509   0.5657959   4.8671272   2.7042309   0.9891902   0.5677796   4.8916228   2.7131053   0.9913739   0.5668231   4.8856803   2.7070809   0.9901667   0.5680511   4.8964550
  82.0000000   0.0065403   0.0022394   0.0006277   0.0113893   0.0000000   0.0000000   0.0000000   0.0000000   2.7026534   0.9877958   0.5658271   4.8678516   2.7044472   0.9892396   0.5676958   4.8922471   2.7131053   0.9913739   0.5668231   4.8856803   2.7072636   0.9902041   0.5679591   4.8968893
  83.0000000   0.0064629   0.0022118   0.0006088   0.0109435   0.0000000   0.0000000   0.0000000   0.0000000   2.7027783   0.9878402   0.5658568   4.8685518   2.7044457   0.9892290   0.5676806   4.8926383   2.7131053   0.9913739   0.5668231   4.8856803   2.7072288   0.9901816   0.5679374   4.8970976
  84.0000000   0.0063860   0.0021845   0.0005907   0.0105127   0.0000000   0.0000000   0.0000000   0.0000000   2.7029024   0.9878842   0.5658853   4.8692285   2.7047364   0.9892751   0.5678400   4.8930644   2.7131053   0.9913739   0.5668231   4.8856803   2.7074864   0.9902160   0.5680888   4.8973468
  85.0000000   0.0063098   0.0021575   0.0005734   0.0100966   0.0000000   0.0000000   0.0000000   0.0000000   2.7030254   0.9879277   0.5659125   4.8698819   2.7049517   0.9893165   0.5677766   4.8934889   2.7131053   0.9913739   0.5668231   4.8856803   2.7076689   0.9902458   0.5680180   4.8976003
  86.0000000   0.0062342   0.0021308   0.0005569   0.0096949   0.0000000   0.0000000   0.0000000   0.0000000   2.7031475   0.9879708   0.5659386   4.8705126   2.7051552   0.9893579   0.5677303   4.8938957   2.7131053   0.9913739   0.5668231   4.8856803   2.7078399   0.9902756   0.5679647   4.8978422
  87.0000000   0.0061592   0.0021044   0.0005410   0.0093072   0.0000000   0.0000000   0.0000000   0.0000000   2.7032685   0.9880135   0.5659637   4.8711211   2.7053427   0.9893975   0.5677539   4.8942788   2.7131053   0.9913739   0.5668231   4.8856803   2.7079951   0.9903038   0.5679817   4.8980662
  88.0000000   0.0060849   0.0020782   0.0005258   0.0089333   0.0000000   0.0000000   0.0000000   0.0000000   2.7033884   0.9880557   0.5659877   4.8717079   2.7055264   0.9894369   0.5677382   4.8946389   2.7131053   0.9913739   0.5668231   4.8856803   2.7081468   0.9903320   0.5679597   4.8982729
  89.0000000   0.0060113   0.0020523   0.0005113   0.0085728   0.0000000   0.0000000   0.0000000   0.0000000   2.7035073   0.9880974   0.5660108   4.8722735   2.7057039   0.9894750   0.5677530   4.8948871   2.7131053   0.9913739   0.5668231   4.8856803   2.7082926   0.9903589   0.5679685   4.8983733
  90.0000000   0.0059383   0.0020267   0.0004973   0.0082254   0.0000000   0.0000000   0.0000000   0.0000000   2.7036250   0.9881387   0.5660329   4.8728186   2.7058720   0.9895113   0.5677653   4.8951633   2.7131053   0.9913739   0.5668231   4.8856803   2.7084293   0.9903841   0.5679749   4.8985072
  91.0000000   0.0058661   0.0020014   0.0004838   0.0078906   0.0000000   0.0000000   0.0000000   0.0000000   2.7037416   0.9881796   0.5660542   4.8733437   2.7060477   0.9895493   0.5677631   4.8953429   2.7131053   0.9913739   0.5668231   4.8856803   2.7085738   0.9904112   0.5679673   4.8985497
  92.0000000   0.0057946   0.0019763   0.0004709   0.0075682   0.0000000   0.0000000   0.0000000   0.0000000   2.7038571   0.9882200   0.5660748   4.8738493   2.7061990   0.9895817   0.5678165   4.8955656   2.7131053   0.9913739   0.5668231   4.8856803   2.7086943   0.9904329   0.5680152   4.8986403
  93.0000000   0.0057237   0.0019516   0.0004584   0.0072578   0.0000000   0.0000000   0.0000000   0.0000000   2.7039714   0.9882599   0.5660945   4.8743360   2.7063600   0.9896174   0.5676840   4.8957634   2.7131053   0.9913739   0.5668231   4.8856803   2.7088248   0.9904578   0.5678774   4.8987111
  94.0000000   0.0056536   0.0019271   0.0004464   0.0069590   0.0000000   0.0000000   0.0000000   0.0000000   2.7040846   0.9882994   0.5661136   4.8748045   2.7065085   0.9896495   0.5677990   4.8959553   2.7131053   0.9913739   0.5668231   4.8856803   2.7089431   0.9904794   0.5679875   4.8987807
  95.0000000   0.0055842   0.0019029   0.0004349   0.0066714   0.0000000   0.0000000   0.0000000   0.0000000   2.7041967   0.9883385   0.5661320   4.8752553   2.7066611   0.9896826   0.5678343   4.8961333   2.7131053   0.9913739   0.5668231   4.8856803   2.7090658   0.9905020   0.5680180   4.8988411
  96.0000000   0.0055156   0.0018790   0.0004237   0.0063948   0.0000000   0.0000000   0.0000000   0.0000000   2.7043076   0.9883771   0.5661497   4.8756888   2.7068116   0.9897154   0.5678116   4.8962912   2.7131053   0.9913739   0.5668231   4.8856803   2.7091867   0.9905245   0.5679906   4.8988860
  97.0000000   0.0054476   0.0018553   0.0004129   0.0061287   0.0000000   0.0000000   0.0000000   0.0000000   2.7044173   0.9884153   0.5661669   4.8761058   2.7069558   0.9897467   0.5677967   4.8964254   2.7131053   0.9913739   0.5668231   4.8856803   2.7093017   0.9905457   0.5679712   4.8989115
  98.0000000   0.0053804   0.0018319   0.0004025   0.0058729   0.0000000   0.0000000   0.0000000   0.0000000   2.7045259   0.9884530   0.5661835   4.8765067   2.7070969   0.9897772   0.5678451   4.8965442   2.7131053   0.9913739   0.5668231   4.8856803   2.7094138   0.9905661   0.5680153   4.8989259
  99.0000000   0.0053138   0.0018088   0.0003924   0.0056269   0.0000000   0.0000000   0.0000000   0.0000000   2.7046333   0.9884903   0.5661995   4.8768921   2.7072365   0.9898077   0.5678534   4.8966408   2.7131053   0.9913739   0.5668231   4.8856803   2.7095247   0.9905866   0.5680193   4.8989221
 100.0000000   0.0052480   0.0017860   0.0003827   0.0053905   0.0000000   0.0000000   0.0000000   0.0000000   2.7047396   0.9885272   0.5662151   4.8772624   2.7073730   0.9898374   0.5678420   4.8967265   2.7131053   0.9913739   0.5668231   4.8856803   2.7096329   0.9906065   0.5680039   4.8989114
 101.0000000   0.0051829   0.0017634   0.0003732   0.0051633   0.0000000   0.0000000   0.0000000   0.0000000   2.7048448   0.9885636   0.5662302   4.8776183   2.7075055   0.9898662   0.5679539   4.8967632   2.7131053   0.9913739   0.5668231   4.8856803   2.7097372   0.9906255   0.5681120   4.8988554
 102.0000000   0.0051185   0.0017411   0.0003641   0.0049450   0.0000000   0.0000000   0.0000000   0.0000000   2.7049488   0.9885997   0.5662448   4.8779602   2.7076364   0.9898943   0.5679895   4.8968227   2.7131053   0.9913739   0.5668231   4.8856803   2.7098404   0.9906440   0.5681437   4.8988259
 103.0000000   0.0050548   0.0017190   0.0003552   0.0047353   0.0000000   0.0000000   0.0000000   0.0000000   2.7050517   0.9886353   0.5662590   4.8782886   2.7077703   0.9899239   0.5679629   4.8968075   2.7131053   0.9913739   0.5668231   4.8856803   2.7099468   0.9906641   0.5681136   4.8987253
 104.0000000   0.0049918   0.0016972   0.0003466   0.0045338   0.0000000   0.0000000   0.0000000   0.0000000   2.7051535   0.9886705   0.5662727   4.8786040   2.7078945   0.9899509   0.5680166   4.8968295   2.7131053   0.9913739   0.5668231   4.8856803   2.7100440   0.9906817   0.5681637   4.8986653
 105.0000000   0.0049295   0.0016757   0.0003382   0.0043404   0.0000000   0.0000000   0.0000000   0.0000000   2.7052542   0.9887053   0.5662861   4.8789068   2.7080236   0.9899797   0.5679815   4.8968523   2.7131053   0.9913739   0.5668231   4.8856803   2.7101461   0.9907012   0.5681249   4.8986094
 106.0000000   0.0048679   0.0016544   0.0003301   0.0041547   0.0000000   0.0000000   0.0000000   0.0000000   2.7053537   0.9887397   0.5662991   4.8791976   2.7081482   0.9900072   0.5680828   4.8968638   2.7131053   0.9913739   0.5668231   4.8856803   2.7102442   0.9907196   0.5682228   4.8985452
 107.0000000   0.0048069   0.0016333   0.0003222   0.0039764   0.0000000   0.0000000   0.0000000   0.0000000   2.7054522   0.9887737   0.5663117   4.8794766   2.7082755   0.9900354   0.5682032   4.8968822   2.7131053   0.9913739   0.5668231   4.8856803   2.7103452   0.9907386   0.5683401   4.8984911
 108.0000000   0.0047466   0.0016125   0.0003145   0.0038052   0.0000000   0.0000000   0.0000000   0.0000000   2.7055496   0.9888073   0.5663240   4.8797445   2.7084060   0.9900648   0.5682332   4.8969053   2.7131053   0.9913739   0.5668231   4.8856803   2.7104498   0.9907591   0.5683670   4.8984447
 109.0000000   0.0046870   0.0015920   0.0003070   0.0036410   0.0000000   0.0000000   0.0000000   0.0000000   2.7056459   0.9888405   0.5663359   4.8800015   2.7085354   0.9900942   0.5682934   4.8969286   2.7131053   0.9913739   0.5668231   4.8856803   2.7105535   0.9907796   0.5684242   4.8984012
 110.0000000   0.0046281   0.0015716   0.0002998   0.0034834   0.0000000   0.0000000   0.0000000   0.0000000   2.7057412   0.9888733   0.5663475   4.8802481   2.7086658   0.9901240   0.5683035   4.8969764   2.7131053   0.9913739   0.5668231   4.8856803   2.7106585   0.9908007   0.5684313   4.8983850
 111.0000000   0.0045698   0.0015516   0.0002927   0.0033321   0.0000000   0.0000000   0.0000000   0.0000000   2.7058354   0.9889057   0.5663588   4.8804847   2.7087944   0.9901536   0.5683965   4.8970166   2.7131053   0.9913739   0.5668231   4.8856803   2.7107621   0.9908216   0.5685214   4.8983639
 112.0000000   0.0045122   0.0015317   0.0002858   0.0031871   0.0000000   0.0000000   0.0000000   0.0000000   2.7059285   0.9889378   0.5663699   4.8807116   2.7089265   0.9901842   0.5684433   4.8970487   2.7131053   0.9913739   0.5668231   4.8856803   2.7108694   0.9908436   0.5685654   4.8983371
 113.0000000   0.0044552   0.0015121   0.0002791   0.0030479   0.0000000   0.0000000   0.0000000   0.0000000   2.7060207   0.9889695   0.5663806   4.8809292   2.7090557   0.9902144   0.5685343   4.8971091   2.7131053   0.9913739   0.5668231   4.8856803   2.7109740   0.9908654   0.5686536   4.8983412
 114.0000000   0.0043988   0.0014927   0.0002726   0.0029145   0.0000000   0.0000000   0.0000000   0.0000000   2.7061118   0.9890008   0.5663910   4.8811379   2.7091912   0.9902469   0.5685514   4.8971831   2.7131053   0.9913739   0.5668231   4.8856803   2.7110852   0.9908895   0.5686680   4.8983611
 115.0000000   0.0043431   0.0014736   0.0002662   0.0027865   0.0000000   0.0000000   0.0000000   0.0000000   2.7062018   0.9890318   0.5664012   4.8813380   2.7093251   0.9902793   0.5686023   4.8972502   2.7131053   0.9913739   0.5668231   4.8856803   2.7111952   0.9909137   0.5687164   4.8983764
 116.0000000   0.0042880   0.0014546   0.0002600   0.0026638   0.0000000   0.0000000   0.0000000   0.0000000   2.7062909   0.9890624   0.5664112   4.8815298   2.7094583   0.9903116   0.5687575   4.8973826   2.7131053   0.9913739   0.5668231   4.8856803   2.7113047   0.9909378   0.5688691   4.8984592
 117.0000000   0.0042335   0.0014359   0.0002539   0.0025461   0.0000000   0.0000000   0.0000000   0.0000000   2.7063790   0.9890926   0.5664209   4.8817137   2.7095984   0.9903462   0.5688955   4.8976156   2.7131053   0.9913739   0.5668231   4.8856803   2.7114213   0.9909644   0.5690046   4.8986447
 118.0000000   0.0041796   0.0014174   0.0002480   0.0024334   0.0000000   0.0000000   0.0000000   0.0000000   2.7064661   0.9891225   0.5664303   4.8818899   2.7097484   0.9903848   0.5689143   4.8978755   2.7131053   0.9913739   0.5668231   4.8856803   2.7115482   0.9909950   0.5690208   4.8988591
 119.0000000   0.0041264   0.0013991   0.0002423   0.0023253   0.0000000   0.0000000   0.0000000   0.0000000   2.7065522   0.9891521   0.5664395   4.8820588   2.7099273   0.9904403   0.5651386   4.8972366   2.7131053   0.9913739   0.5668231   4.8856803   2.7117041   0.9910427   0.5652382   4.8856803
