 t avg_prod_f avg_k_f avg_a_f avg_l_f avg_prod_ex avg_k_ex avg_a_ex avg_l_ex
   1.0000000   1.3848169  84.3628683 -21.0760575   2.5517732   1.0458683  10.4358112 -12.2659701   0.3936901
   2.0000000   1.3841981  84.6541309 -21.1626642   2.4865776   1.0695706  12.9298433 -11.0274713   0.4759729
   3.0000000   1.3849622  85.2615090 -21.4271701   2.5144696   1.0509547  12.8021392 -14.3838466   0.4547012
   4.0000000   1.3852983  85.3634055 -21.4985144   2.5266419   1.0516669  12.7317540 -14.0036340   0.4563562
   5.0000000   1.3853461  85.3824403 -21.5783811   2.5368544   1.0556668  12.3049907 -13.6884965   0.4453964
   6.0000000   1.3852730  85.4175125 -21.6495610   2.5467464   1.0535688  12.5768502 -13.4803655   0.4578486
   7.0000000   1.3851428  85.4340556 -21.7079575   2.5548462   1.0524541  12.5221501 -13.1786489   0.4589586
   8.0000000   1.3849853  85.4467202 -21.7529193   2.5614531   1.0457916  11.8572089 -14.2218110   0.4334760
   9.0000000   1.3845123  85.3496848 -21.7748982   2.5645439   1.0454823  11.6509820 -13.6020011   0.4301270
  10.0000000   1.3843604  85.3389904 -21.7976436   2.5693293   1.0471890  11.4333336 -13.2448278   0.4257063
  11.0000000   1.3841759  85.3389414 -21.8187120   2.5737700   1.0449435  11.4056924 -13.2106500   0.4250161
  12.0000000   1.3840693  85.3505252 -21.8344560   2.5780490   1.0448622  11.4110486 -12.7674375   0.4283095
  13.0000000   1.3842201  85.2350861 -21.8006720   2.5772611   1.0437418  11.3060625 -12.7869206   0.4241224
  14.0000000   1.3843609  85.1010662 -21.7875405   2.5766715   1.0439728  11.2820294 -12.7717525   0.4237719
  15.0000000   1.3844881  84.9797892 -21.7730309   2.5761939   1.0448155  11.3098526 -12.6699585   0.4258389
  16.0000000   1.3846146  84.8786067 -21.7556712   2.5758717   1.0452416  11.3600565 -12.4665590   0.4292778
  17.0000000   1.3847198  84.7861321 -21.7359025   2.5753746   1.0459252  11.3766997 -12.3632867   0.4306189
  18.0000000   1.3848384  84.7124828 -21.7152749   2.5749145   1.0449899  11.0972789 -12.4783311   0.4218411
  19.0000000   1.3847906  84.6023234 -21.6868679   2.5732341   1.0455603  10.9996703 -12.3219056   0.4195168
  20.0000000   1.3848988  84.5427837 -21.6629647   2.5728484   1.0459785  11.0495067 -12.2320898   0.4217954
  21.0000000   1.3849938  84.4911040 -21.6386552   2.5722260   1.0415458  10.8474031 -12.6734982   0.4100550
  22.0000000   1.3849623  84.3852258 -21.6075625   2.5698857   1.0461536  10.5863830 -12.5558810   0.4003495
  23.0000000   1.3850462  84.3484392 -21.5815482   2.5694987   1.0468615  10.5670305 -12.2140087   0.4010135
  24.0000000   1.3850812  84.3088585 -21.5561878   2.5688135   1.0448312  10.3090376 -12.5074230   0.3909590
  25.0000000   1.3850121  84.2368063 -21.5242735   2.5670160   1.0462275  10.1390026 -12.4220846   0.3846172
  26.0000000   1.3850547  84.2062563 -21.4972720   2.5663961   1.0462228  10.1228639 -12.3916715   0.3841836
  27.0000000   1.3850978  84.1806769 -21.4704359   2.5658579   1.0459649  10.1183509 -12.3823386   0.3837724
  28.0000000   1.3851431  84.1580323 -21.4436652   2.5653413   1.0461652  10.1056652 -12.3664818   0.3832688
  29.0000000   1.3851864  84.1403251 -21.4174159   2.5649189   1.0456075  10.1523777 -12.3291170   0.3851024
  30.0000000   1.3852231  84.1202197 -21.3911004   2.5643290   1.0456150  10.1444549 -12.3110787   0.3847424
  31.0000000   1.3852554  84.1024913 -21.3649495   2.5637583   1.0457455  10.1057094 -12.3274007   0.3838608
  32.0000000   1.3852625  84.0822492 -21.3392464   2.5630622   1.0454812  10.0870686 -12.3284082   0.3830536
  33.0000000   1.3852889  84.0677675 -21.3139726   2.5625214   1.0454448  10.0826219 -12.3220335   0.3827925
  34.0000000   1.3853118  84.0539563 -21.2900097   2.5619642   1.0453480  10.0775970 -12.3255570   0.3825055
  35.0000000   1.3853334  84.0416660 -21.2660897   2.5614145   1.0453282  10.0704529 -12.3212084   0.3821727
  36.0000000   1.3853506  84.0302501 -21.2428198   2.5608685   1.0452835  10.0634796 -12.3205623   0.3818002
  37.0000000   1.3853652  84.0206210 -21.2194068   2.5603472   1.0452475  10.0586017 -12.3193219   0.3815298
  38.0000000   1.3853772  84.0119786 -21.1965281   2.5598404   1.0452444  10.0478451 -12.2977480   0.3811637
  39.0000000   1.3853848  84.0042961 -21.1737760   2.5593468   1.0451728  10.0437632 -12.2944346   0.3809323
  40.0000000   1.3853916  83.9970528 -21.1519770   2.5588618   1.0451347  10.0387874 -12.2934208   0.3806810
  41.0000000   1.3853961  83.9905431 -21.1308206   2.5583932   1.0450672  10.0333752 -12.3011298   0.3804310
  42.0000000   1.3854002  83.9851118 -21.1095737   2.5579298   1.0449902  10.0485632 -12.2677933   0.3803439
  43.0000000   1.3854275  83.9848732 -21.0907888   2.5576285   1.0450752  10.0624634 -12.2714447   0.3808339
  44.0000000   1.3854316  83.9801875 -21.0728355   2.5571995   1.0450005  10.0538317 -12.2785625   0.3804819
  45.0000000   1.3854406  83.9784545 -21.0535965   2.5568522   1.0450495  10.0571184 -12.2693169   0.3805764
  46.0000000   1.3854412  83.9756826 -21.0356489   2.5564757   1.0450270  10.0580899 -12.2665072   0.3805935
  47.0000000   1.3854392  83.9727448 -21.0189862   2.5560981   1.0449831  10.0568508 -12.2738189   0.3804813
  48.0000000   1.3854366  83.9699436 -21.0025295   2.5557132   1.0447627  10.0388300 -12.3001278   0.3797760
  49.0000000   1.3854538  83.9719225 -20.9858946   2.5554737   1.0448939  10.0447064 -12.2932227   0.3799643
  50.0000000   1.3854576  83.9726812 -20.9693181   2.5551963   1.0449262  10.0458389 -12.2906683   0.3799672
  51.0000000   1.3854567  83.9732898 -20.9533847   2.5549164   1.0449649  10.0450435 -12.2887113   0.3798991
  52.0000000   1.3854518  83.9735577 -20.9382674   2.5546259   1.0449569  10.0361220 -12.3002050   0.3795801
  53.0000000   1.3854497  83.9750554 -20.9236135   2.5543777   1.0449814  10.0371760 -12.2976601   0.3795861
  54.0000000   1.3854425  83.9750985 -20.9105242   2.5540709   1.0448718  10.0269710 -12.3177069   0.3791844
  55.0000000   1.3854440  83.9777003 -20.8967728   2.5538556   1.0449388  10.0285244 -12.3141389   0.3792292
  56.0000000   1.3854398  83.9796546 -20.8839103   2.5536297   1.0449161  10.0244875 -12.3202620   0.3790647
  57.0000000   1.3854375  83.9824056 -20.8715547   2.5534345   1.0450421  10.0376268 -12.3084127   0.3795585
  58.0000000   1.3854351  83.9859250 -20.8600940   2.5532587   1.0448041  10.0315341 -12.3344989   0.3793435
  59.0000000   1.3854359  83.9897423 -20.8480892   2.5530945   1.0449913  10.0333406 -12.3249368   0.3794060
  60.0000000   1.3854284  83.9927197 -20.8371343   2.5529194   1.0449675  10.0338464 -12.3290143   0.3793922
  61.0000000   1.3854190  83.9953312 -20.8267825   2.5527223   1.0449896  10.0309598 -12.3342901   0.3792932
  62.0000000   1.3854089  83.9980976 -20.8167282   2.5525522   1.0449375  10.0299425 -12.3396689   0.3792454
  63.0000000   1.3853956  83.9993009 -20.8074914   2.5522894   1.0455399   9.9560684 -12.3759490   0.3763276
  64.0000000   1.3853862  84.0055844 -20.7994490   2.5522387   1.0453640   9.9657755 -12.3850019   0.3767596
  65.0000000   1.3853785  84.0111350 -20.7915078   2.5521739   1.0454092   9.9578782 -12.3923978   0.3764404
  66.0000000   1.3853667  84.0161200 -20.7840601   2.5521299   1.0453577   9.9611615 -12.3960610   0.3765463
  67.0000000   1.3853543  84.0207962 -20.7767855   2.5521325   1.0468551  10.1830349 -12.0570756   0.3855869
  68.0000000   1.3854641  84.0652294 -20.7747298   2.5532446   1.0453677  10.3638390 -12.0728446   0.3923913
  69.0000000   1.3854518  84.0687862 -20.7691750   2.5531256   1.0453213  10.3612535 -12.0895734   0.3922726
  70.0000000   1.3854414  84.0731175 -20.7631646   2.5530274   1.0453286  10.3618368 -12.0905528   0.3922719
  71.0000000   1.3854295  84.0767632 -20.7579571   2.5529163   1.0453019  10.3611977 -12.1001954   0.3922013
  72.0000000   1.3854187  84.0803664 -20.7531208   2.5528088   1.0452515  10.3622708 -12.1175826   0.3921396
  73.0000000   1.3854105  84.0844299 -20.7483363   2.5527144   1.0452879  10.3638053 -12.1198098   0.3921551
  74.0000000   1.3853999  84.0877669 -20.7444314   2.5526110   1.0453110  10.3644115 -12.1199635   0.3921651
  75.0000000   1.3853885  84.0913473 -20.7405258   2.5525129   1.0453177  10.3662776 -12.1202363   0.3922225
  76.0000000   1.3853776  84.0948082 -20.7373221   2.5524211   1.0453102  10.3702567 -12.1222030   0.3923320
  77.0000000   1.3853671  84.0984186 -20.7342342   2.5523354   1.0453055  10.3749039 -12.1219852   0.3924668
  78.0000000   1.3853557  84.1018713 -20.7314096   2.5522458   1.0452991  10.3783044 -12.1240442   0.3925368
  79.0000000   1.3853445  84.1053272 -20.7287730   2.5521579   1.0452058  10.3880756 -12.1667122   0.3926346
  80.0000000   1.3853381  84.1093719 -20.7263094   2.5520888   1.0452857  10.3908528 -12.1692565   0.3927250
  81.0000000   1.3853276  84.1126873 -20.7242097   2.5520031   1.0452686  10.3945430 -12.1765939   0.3927652
  82.0000000   1.3853178  84.1159486 -20.7226262   2.5519203   1.0452864  10.3954462 -12.1805674   0.3927718
  83.0000000   1.3853074  84.1189572 -20.7218408   2.5518567   1.0471779  10.4409081 -12.0627931   0.3962353
  84.0000000   1.3853134  84.1375546 -20.7233910   2.5521753   1.0464280  10.4134034 -12.1374719   0.3944422
  85.0000000   1.3853033  84.1475546 -20.7233818   2.5522747   1.0462608  10.4075541 -12.1555522   0.3940419
  86.0000000   1.3852906  84.1554680 -20.7232914   2.5523302   1.0460865  10.4097868 -12.1640363   0.3940478
  87.0000000   1.3852769  84.1616344 -20.7234748   2.5523384   1.0460193  10.4100533 -12.1705513   0.3939681
  88.0000000   1.3852633  84.1672810 -20.7238135   2.5523342   1.0459614  10.4096216 -12.1781649   0.3939084
  89.0000000   1.3852503  84.1724850 -20.7241704   2.5523196   1.0459286  10.4093868 -12.1826477   0.3938581
  90.0000000   1.3852376  84.1774416 -20.7246088   2.5522963   1.0459054  10.4094065 -12.1863196   0.3938227
  91.0000000   1.3852252  84.1821935 -20.7251628   2.5522751   1.0458948  10.4092686 -12.1867632   0.3937946
  92.0000000   1.3852126  84.1867155 -20.7258702   2.5522380   1.0458700  10.4108881 -12.1901768   0.3937833
  93.0000000   1.3852009  84.1913024 -20.7266012   2.5522105   1.0458727  10.4110304 -12.1922671   0.3937683
  94.0000000   1.3851888  84.1953116 -20.7278380   2.5521713   1.0458747  10.4090052 -12.1956502   0.3936721
  95.0000000   1.3851776  84.1997631 -20.7289165   2.5521435   1.0458708  10.4088473 -12.1963307   0.3936479
  96.0000000   1.3851665  84.2041675 -20.7299916   2.5521151   1.0458668  10.4091177 -12.1969846   0.3936374
  97.0000000   1.3851554  84.2083762 -20.7312586   2.5520837   1.0458571  10.4102064 -12.1989675   0.3936325
  98.0000000   1.3851449  84.2125189 -20.7326668   2.5520531   1.0458624  10.4106868 -12.1993344   0.3936312
  99.0000000   1.3851343  84.2166716 -20.7340906   2.5520229   1.0458616  10.4109291 -12.1994575   0.3936209
 100.0000000   1.3851239  84.2207930 -20.7355973   2.5519933   1.0458596  10.4113782 -12.2010368   0.3936135
 101.0000000   1.3851138  84.2248388 -20.7372483   2.5519637   1.0458467  10.4109026 -12.2052010   0.3935793
 102.0000000   1.3851049  84.2292749 -20.7385998   2.5519394   1.0458524  10.4112693 -12.2048416   0.3935761
 103.0000000   1.3850960  84.2337176 -20.7399438   2.5519202   1.0458545  10.4114365 -12.2049898   0.3935669
 104.0000000   1.3850872  84.2380465 -20.7415185   2.5518968   1.0458564  10.4115931 -12.2050499   0.3935578
 105.0000000   1.3850787  84.2424707 -20.7431331   2.5518805   1.0458581  10.4117718 -12.2049980   0.3935495
 106.0000000   1.3850703  84.2467497 -20.7448338   2.5518630   1.0458516  10.4110823 -12.2077301   0.3935188
 107.0000000   1.3850628  84.2513456 -20.7462662   2.5518524   1.0458594  10.4112766 -12.2057440   0.3935165
 108.0000000   1.3850550  84.2561555 -20.7474433   2.5518458   1.0458627  10.4110910 -12.2043145   0.3935038
 109.0000000   1.3850474  84.2609906 -20.7485968   2.5518412   1.0458655  10.4112223 -12.2032637   0.3934963
 110.0000000   1.3850400  84.2659244 -20.7497020   2.5518401   1.0458669  10.4112894 -12.2026950   0.3934871
 111.0000000   1.3850327  84.2708297 -20.7509218   2.5518407   1.0458516  10.4105632 -12.2069382   0.3934493
 112.0000000   1.3850268  84.2761043 -20.7519798   2.5518510   1.0458680  10.4112088 -12.2036054   0.3934639
 113.0000000   1.3850202  84.2813120 -20.7530020   2.5518588   1.0458657  10.4110817 -12.2042143   0.3934492
 114.0000000   1.3850140  84.2867397 -20.7539751   2.5518750   1.0458781  10.4101286 -12.2008303   0.3934342
 115.0000000   1.3850074  84.2920772 -20.7551336   2.5518909   1.0458789  10.4090855 -12.1974052   0.3934099
 116.0000000   1.3850010  84.2974892 -20.7560318   2.5519089   1.0458750  10.4088749 -12.1962383   0.3933954
 117.0000000   1.3849951  84.3032751 -20.7565682   2.5519356   1.0458769  10.4087504 -12.1950394   0.3933862
 118.0000000   1.3849893  84.3093494 -20.7567435   2.5519743   1.0458856  10.4085985 -12.1927073   0.3933881
 119.0000000   1.3849830  84.3152864 -20.7564636   2.5520537   1.0459039  10.4049532 -12.1776968   0.3933416
 120.0000000   1.3848169  84.3628683 -21.0760575   2.5517732   1.0458683  10.4358112 -12.2659701   0.3936901
