   2.04984161712509     
   2.01357639697265     
   2.00590841484632     
   2.00326967196505     
   2.00306552281888     
   2.00342569119177     
   2.00430573694595     
   2.00529895759390     
   2.00668585351224     
   2.00761937763081     
   2.00880562490286     
   2.01009379689609     
   2.01161188921750     
   2.01276269455081     
   2.01388221002108     
   2.01492987178110     
   2.01607545666465     
   2.01745011464040     
   2.01880846963609     
   2.01993572206037     
   2.02101573285807     
   2.02198433563288     
   2.02278957619630     
   2.02362835260064     
   2.02452944729672     
   2.02521373193641     
   2.02591036143813     
   2.02648584498065     
   2.02731344148082     
   2.02811282657605     
   2.02891587725622     
   2.02967380800723     
   2.03035273161173     
   2.03101183722895     
   2.03160429034769     
   2.03212245087684     
   2.03268402421632     
   2.03324494663897     
   2.03378560438234     
   2.03429184806861     
   2.03480836752839     
   2.03515166038243     
   2.03553508354603     
   2.03589533562685     
   2.03626520308737     
   2.03661836868568     
   2.03696440014611     
   2.03729397360584     
   2.03746972397798     
   2.03754885180232     
   2.03758874426899     
   2.03760760309201     
   2.03763536673929     
   2.03767062591584     
   2.03771807568491     
   2.03777335197091     
   2.03782692108070     
   2.03789474443749     
   2.03796696344655     
   2.03804228844934     
   2.03811964640404     
   2.03819726294971     
   2.03827478081830     
   2.03835161566213     
   2.03842760416179     
   2.03850438927413     
   2.03858731075605     
   2.03866529132521     
   2.03873231830025     
   2.03879822720742     
   2.03886018957320     
   2.03892327427619     
   2.03898468325422     
   2.03904123406529     
   2.03909754021120     
   2.03915261468124     
   2.03920591821603     
   2.03925749872489     
   2.03930719921383     
   2.03935553296512     
   2.03939668032805     
   2.03942862460506     
   2.03944645783092     
   2.03945979753115     
   2.03947070009377     
   2.03947878237558     
   2.03948343770190     
   2.03948801189786     
   2.03949447325219     
   2.03950360050284     
   2.03950990696513     
   2.03951715651999     
   2.03952616472142     
   2.03953553887748     
   2.03954723391785     
   2.03955796767072     
   2.03956963553928     
   2.03958089730632     
   2.03959310829892     
   2.03960639820410     
   2.03961916769543     
   2.03963238531362     
   2.03964451238513     
   2.03965719900259     
   2.03966968791641     
   2.03968286668686     
   2.03969624557342     
   2.03970985924567     
   2.03972346133320     
   2.03973674289922     
   2.03974977844984     
   2.03976203410489     
   2.03977368182606     
   2.03978464178375     
   2.03979498690819     
   2.03980460309583     
   2.03981309112957     
   2.03981248470766     
