  2.130528273968476E-003
  7.107869434924506E-003
  8.204892242751692E-003
  8.751386274781562E-003
  9.034988319327952E-003
  9.292662054925526E-003
  9.462252219334664E-003
  9.635383685518157E-003
  9.758102313709724E-003
  9.864464055168264E-003
  9.940228067936093E-003
  1.004879368159092E-002
  1.011664687621560E-002
  1.015153954474013E-002
  1.018093451868870E-002
  1.021493660806181E-002
  1.026228452582828E-002
  1.028995917446172E-002
  1.031366586863993E-002
  1.032263385866990E-002
  1.033368795211130E-002
  1.032650024591458E-002
  1.032692003842819E-002
  1.034273347878460E-002
  1.032059131196473E-002
  1.033974304854554E-002
  1.032707999805917E-002
  1.033264428669947E-002
  1.032658089950473E-002
  1.032881534565538E-002
  1.032538308063690E-002
  1.031203696967346E-002
  1.030810913734797E-002
  1.030240250876677E-002
  1.028905604718292E-002
  1.028406366979059E-002
  1.027842907335961E-002
  1.027315367968325E-002
  1.026628941429616E-002
  1.027181615885893E-002
  1.024564266511083E-002
  1.024173555680201E-002
  1.023382627207164E-002
  1.022953053107905E-002
  1.022262831226266E-002
  1.021646989224518E-002
  1.021042109256062E-002
  1.021062478352445E-002
  1.020256193604471E-002
  1.020246757086571E-002
  1.018719105995681E-002
  1.018221102105262E-002
  1.017633581766166E-002
  1.017211916852426E-002
  1.016827243884683E-002
  1.016299355646973E-002
  1.016100630535636E-002
  1.015771115510321E-002
  1.015493365564961E-002
  1.015234867786693E-002
  1.014963901325066E-002
  1.014737251373035E-002
  1.014573408396001E-002
  1.014351486601525E-002
  1.014154302299146E-002
  1.013957944654959E-002
  1.013783453127144E-002
  1.013603046451532E-002
  1.013499585945273E-002
  1.013348806659529E-002
  1.013221527759370E-002
  1.013108087924725E-002
  1.012998403443538E-002
  1.012898275526109E-002
  1.012789282616040E-002
  1.012691099655603E-002
  1.012587856620035E-002
  1.012526979647112E-002
  1.012579743613459E-002
  1.012417945521962E-002
  1.012433071932036E-002
  1.011752129254307E-002
  1.011787859852481E-002
  1.011672126975633E-002
  1.011729925505019E-002
  1.011555503809453E-002
  1.011500878639826E-002
  1.011428759232005E-002
  1.011395325452998E-002
  1.011352809686213E-002
  1.011282734516317E-002
  1.011201830466023E-002
  1.011134717693326E-002
  1.011095774617227E-002
  1.011072558055698E-002
  1.010995610696381E-002
  1.010972988877390E-002
  1.010929084695115E-002
  1.010866208863101E-002
  1.010806614705877E-002
  1.010739489029397E-002
  1.010667475694852E-002
  1.010647187388431E-002
  1.010544583510932E-002
  1.010549010876092E-002
  1.010489176625536E-002
  1.010426838758779E-002
  1.010386802114389E-002
  1.010290273198330E-002
  1.010252508955782E-002
  1.010145795798854E-002
  1.010027219843060E-002
  1.009962752772601E-002
  1.009815327561776E-002
  1.009712797375260E-002
  1.009557992798042E-002
  1.008801719514611E-002
