 t output_loss_entry employment_loss_entry investment_loss_entry debt_loss_entry
 output_gain_entry employment_gain_entry investment_gain_entry debt_gain_entry
 output_loss_incumbent employment_loss_incumbent investment_loss_incumbent debt_
 loss_incumbent
 output_gain_incumbent employment_gain_incumbent investment_gain_incumbent debt_
 gain_incumbent
 gdp1 h1 inv1 firm_debt2
 gdp_t h_t inv_t firm_debt_t
   1.0000000   0.0000000   0.0000000   0.0000000   0.0000000   0.0000000   0.0000000   0.0000000   0.0000000   0.0000000   0.0000000   0.0000000   0.0000000   0.0000000   0.0000000   0.0000000   0.0000000   3.1427028   0.9978180   0.5581387   5.6528294   3.1427028   0.9978180   0.5581387   5.6528294
   2.0000000   0.0074188   0.0036847   0.0326851   0.0090322   0.0000000   0.0000000   0.0000000   0.0000000   3.1344505   0.9937259   0.5313319   5.6437955   3.1212458   0.9872681   0.5477116   3.1704985   3.1427028   0.9978180   0.5581387   5.6528294   3.1212459   0.9872682   0.5418314   3.1704985
   3.0000000   0.0126441   0.0060221   0.0340558   0.0203570   0.0000000   0.0000000   0.0000000   0.0000000   3.0879906   0.9724276   0.6890164   5.5735619   2.9988883   0.9610159   0.6579314   2.8928658   3.1427028   0.9978180   0.5581387   5.6528294   3.0128492   0.9674936   0.4533396   2.9031287
   4.0000000   0.0145938   0.0066655   0.0190604   0.0278995   0.0000000   0.0000000   0.0000000   0.0000000   3.0558069   0.9586097   0.7166780   5.4854416   2.9671915   0.9497927   0.6436723   2.9881983   3.1427028   0.9978180   0.5581387   5.6528294   3.0009673   0.9659226   0.4489296   3.0259496
   5.0000000   0.0171667   0.0077162   0.0160388   0.0334270   0.0000000   0.0000000   0.0000000   0.0000000   3.0248511   0.9454976   0.7190494   5.4018856   2.9488317   0.9403480   0.6026049   3.1470053   3.1427028   0.9978180   0.5581387   5.6528294   3.0052398   0.9670153   0.4578342   3.2222917
   6.0000000   0.0171268   0.0075098   0.0047295   0.0351721   0.0000000   0.0000000   0.0000000   0.0000000   3.0498244   0.9570958   0.6596120   5.4511062   2.9699188   0.9494826   0.5392981   3.3660092   3.1427028   0.9978180   0.5581387   5.6528294   3.0134428   0.9695499   0.4693870   3.4275183
   7.0000000   0.0161606   0.0069386  -0.0017015   0.0343090   0.0000000   0.0000000   0.0000000   0.0000000   3.0665812   0.9648739   0.6256950   5.4842319   2.9851337   0.9555812   0.5159320   3.5747751   3.1427028   0.9978180   0.5581387   5.6528294   3.0214431   0.9719383   0.4798916   3.6293999
   8.0000000   0.0145595   0.0061230  -0.0057662   0.0317596   0.0000000   0.0000000   0.0000000   0.0000000   3.0784850   0.9703686   0.6084765   5.5090300   2.9977123   0.9604488   0.5132078   3.7650712   3.1427028   0.9978180   0.5581387   5.6528294   3.0296279   0.9745389   0.4900247   3.8148744
   9.0000000   0.0132370   0.0054959  -0.0052738   0.0290513   0.0018113   0.0009027   0.0073303   0.0015437   3.0871003   0.9742975   0.5950206   5.5278151   3.0079331   0.9642222   0.5083822   3.9377273   3.1427028   0.9978180   0.5581387   5.6528294   3.0382919   0.9774887   0.5002856   3.9856883
  10.0000000   0.0120394   0.0049412  -0.0042741   0.0266850   0.0029486   0.0014285   0.0075242   0.0035589   3.0937111   0.9772989   0.5856907   5.5422573   3.0159299   0.9669776   0.5114906   4.0911138   3.1427028   0.9978180   0.5581387   5.6528294   3.0448037   0.9794263   0.5076586   4.1383337
  11.0000000   0.0110241   0.0044746  -0.0032875   0.0247517   0.0040844   0.0019384   0.0072989   0.0056529   3.0988977   0.9796494   0.5788519   5.5534370   3.0225474   0.9691029   0.5144492   4.2277355   3.1427028   0.9978180   0.5581387   5.6528294   3.0504284   0.9809745   0.5138536   4.2749029
  12.0000000   0.0101860   0.0040899  -0.0024741   0.0232020   0.0051401   0.0024032   0.0066846   0.0075782   3.1030234   0.9815196   0.5738480   5.5621915   3.0287236   0.9710669   0.5172965   4.3483796   3.1427028   0.9978180   0.5581387   5.6528294   3.0560137   0.9825607   0.5185805   4.3959267
  13.0000000   0.0094941   0.0037716  -0.0018373   0.0219602   0.0060922   0.0028159   0.0063454   0.0094457   3.1063566   0.9830332   0.5700877   5.5691184   3.0342055   0.9728021   0.5219797   4.4589845   3.1427028   0.9978180   0.5581387   5.6528294   3.0611456   0.9840411   0.5247683   4.5073091
  14.0000000   0.0089170   0.0035050  -0.0013238   0.0209697   0.0069609   0.0031849   0.0061548   0.0112972   3.1090861   0.9842764   0.5672119   5.5746443   3.0395136   0.9745547   0.5268570   4.5580390   3.1427028   0.9978180   0.5581387   5.6528294   3.0662525   0.9856105   0.5304570   4.6072556
  15.0000000   0.0084324   0.0032798  -0.0009077   0.0201836   0.0077589   0.0035167   0.0064641   0.0135287   3.1113472   0.9853106   0.5649592   5.5790680   3.0441223   0.9758573   0.5302222   4.6442496   3.1427028   0.9978180   0.5581387   5.6528294   3.0707238   0.9867619   0.5346541   4.6947676
  16.0000000   0.0080225   0.0030879  -0.0005664   0.0195652   0.0086200   0.0038668   0.0062383   0.0154531   3.1132382   0.9861800   0.5631677   5.5826093   3.0480143   0.9768636   0.5333168   4.7203099   3.1427028   0.9978180   0.5581387   5.6528294   3.0746396   0.9876870   0.5384070   4.7720769
  17.0000000   0.0076737   0.0029233  -0.0002833   0.0190854   0.0093992   0.0041853   0.0057156   0.0171125   3.1148326   0.9869179   0.5617190   5.5854342   3.0514224   0.9777156   0.5360488   4.7887515   3.1427028   0.9978180   0.5581387   5.6528294   3.0781312   0.9884965   0.5413513   4.8416916
  18.0000000   0.0073754   0.0027811  -0.0000459   0.0187213   0.0100877   0.0044616   0.0058589   0.0187889   3.1161863   0.9875493   0.5605306   5.5876702   3.0547296   0.9785865   0.5385171   4.8509686   3.1427028   0.9978180   0.5581387   5.6528294   3.0815500   0.9893422   0.5445234   4.9052614
  19.0000000   0.0071189   0.0026574   0.0001551   0.0184544   0.0107551   0.0047285   0.0058318   0.0204337   3.1173423   0.9880934   0.5595408   5.5894156   3.0581228   0.9796319   0.5412097   4.9071189   3.1427028   0.9978180   0.5581387   5.6528294   3.0851253   0.9903987   0.5475115   4.9628119
  20.0000000   0.0068976   0.0025493   0.0003267   0.0182699   0.0113999   0.0049839   0.0056478   0.0219745   3.1183344   0.9885651   0.5587071   5.5907479   3.0612437   0.9805207   0.5438758   4.9573700   3.1427028   0.9978180   0.5581387   5.6528294   3.0884634   0.9913160   0.5502731   5.0144208
  21.0000000   0.0067059   0.0024544   0.0004744   0.0181554   0.0119907   0.0052134   0.0055773   0.0234718   3.1191895   0.9889764   0.5579967   5.5917284   3.0639895   0.9812157   0.5460913   5.0024486   3.1427028   0.9978180   0.5581387   5.6528294   3.0914179   0.9920365   0.5526679   5.0608830
  22.0000000   0.0065391   0.0023706   0.0006020   0.0181007   0.0125559   0.0054300   0.0054889   0.0249104   3.1199290   0.9893370   0.5573868   5.5924080   3.0665241   0.9818041   0.5479784   5.0431364   3.1427028   0.9978180   0.5581387   5.6528294   3.0941816   0.9926606   0.5546699   5.1029428
  23.0000000   0.0063937   0.0022962   0.0007129   0.0180967   0.0130880   0.0056307   0.0053258   0.0262519   3.1205707   0.9896545   0.5568609   5.5928305   3.0688115   0.9822795   0.5495806   5.0794487   3.1427028   0.9978180   0.5581387   5.6528294   3.0966990   0.9931731   0.5563123   5.1405925
  24.0000000   0.0062664   0.0022299   0.0008094   0.0181360   0.0135765   0.0058106   0.0054212   0.0276203   3.1211293   0.9899354   0.5564046   5.5930327   3.0707114   0.9825626   0.5506953   5.1127177   3.1427028   0.9978180   0.5581387   5.6528294   3.0988184   0.9934891   0.5576667   5.1752566
  25.0000000   0.0061547   0.0021707   0.0008933   0.0182114   0.0140592   0.0059872   0.0054420   0.0289692   3.1216170   0.9901851   0.5560045   5.5930439   3.0725733   0.9828561   0.5519125   5.1438003   3.1427028   0.9978180   0.5581387   5.6528294   3.1009202   0.9938258   0.5591071   5.2077853
  26.0000000   0.0060563   0.0021174   0.0009662   0.0183168   0.0145290   0.0061576   0.0053026   0.0302088   3.1220440   0.9904080   0.5556512   5.5928890   3.0744858   0.9832267   0.5530614   5.1715687   3.1427028   0.9978180   0.5581387   5.6528294   3.1030902   0.9942487   0.5602139   5.2369136
  27.0000000   0.0059692   0.0020693   0.0010288   0.0184459   0.0149623   0.0063117   0.0054971   0.0315387   3.1224186   0.9906076   0.5553387   5.5925906   3.0760912   0.9834261   0.5537701   5.1991019   3.1427028   0.9978180   0.5581387   5.6528294   3.1049333   0.9944926   0.5612583   5.2659431
  28.0000000   0.0058920   0.0020257   0.0010820   0.0185927   0.0154052   0.0064688   0.0054928   0.0328273   3.1227480   0.9907871   0.5550633   5.5921704   3.0779829   0.9838062   0.5549015   5.2236268   3.1427028   0.9978180   0.5581387   5.6528294   3.1070941   0.9949312   0.5624761   5.2919391
  29.0000000   0.0058230   0.0019860   0.0011260   0.0187515   0.0157981   0.0066019   0.0054911   0.0340795   3.1230383   0.9909491   0.5548236   5.5916508   3.0787275   0.9836457   0.5545236   5.2472205   3.1427028   0.9978180   0.5581387   5.6528294   3.1080712   0.9948126   0.5622041   5.3169980
  30.0000000   0.0057610   0.0019496   0.0011612   0.0189161   0.0162160   0.0067479   0.0055831   0.0353489   3.1232952   0.9910959   0.5546196   5.5910555   3.0802815   0.9839226   0.5556524   5.2689696   3.1427028   0.9978180   0.5581387   5.6528294   3.1099000   0.9951533   0.5634837   5.3402329
  31.0000000   0.0057049   0.0019162   0.0011879   0.0190807   0.0166292   0.0068914   0.0057102   0.0366584   3.1235234   0.9912295   0.5544503   5.5904085   3.0818156   0.9842254   0.5560393   5.2903777   3.1427028   0.9978180   0.5581387   5.6528294   3.1117146   0.9955233   0.5640558   5.3631761
  32.0000000   0.0056536   0.0018853   0.0012063   0.0192394   0.0170392   0.0070326   0.0057328   0.0379546   3.1237276   0.9913517   0.5543140   5.5897330   3.0832801   0.9845003   0.5564885   5.3099502   3.1427028   0.9978180   0.5581387   5.6528294   3.1134663   0.9958684   0.5645378   5.3842479
  33.0000000   0.0056063   0.0018565   0.0012167   0.0193863   0.0174424   0.0071702   0.0058226   0.0392725   3.1239115   0.9914639   0.5542092   5.5890514   3.0846494   0.9847447   0.5573027   5.3282165   3.1427028   0.9978180   0.5581387   5.6528294   3.1151207   0.9961829   0.5654507   5.4040085
  34.0000000   0.0055620   0.0018295   0.0012197   0.0195160   0.0178417   0.0073054   0.0058377   0.0405695   3.1240788   0.9915677   0.5541349   5.5883864   3.0859355   0.9849470   0.5576752   5.3461767   3.1427028   0.9978180   0.5581387   5.6528294   3.1166926   0.9964561   0.5658513   5.4234230
  35.0000000   0.0055201   0.0018041   0.0012155   0.0196233   0.0182333   0.0074369   0.0061430   0.0420951   3.1242327   0.9916642   0.5540900   5.5877599   3.0871698   0.9851283   0.5577464   5.3629277   3.1427028   0.9978180   0.5581387   5.6528294   3.1182096   0.9967079   0.5662285   5.4418237
  36.0000000   0.0054799   0.0017800   0.0012049   0.0197036   0.0186415   0.0075700   0.0058165   0.0433952   3.1243760   0.9917544   0.5540735   5.5871937   3.0883195   0.9852851   0.5584095   5.3788819   3.1427028   0.9978180   0.5581387   5.6528294   3.1196623   0.9969396   0.5665768   5.4591749
  37.0000000   0.0054409   0.0017570   0.0011885   0.0197526   0.0189789   0.0076724   0.0059905   0.0446909   3.1245113   0.9918394   0.5540839   5.5867085   3.0893637   0.9853861   0.5584638   5.3941344   3.1427028   0.9978180   0.5581387   5.6528294   3.1209434   0.9970882   0.5667816   5.4757741
  38.0000000   0.0054024   0.0017349   0.0011669   0.0197669   0.0193384   0.0077877   0.0061454   0.0460156   3.1246411   0.9919200   0.5541191   5.5863230   3.0903962   0.9855256   0.5589335   5.4089007   3.1427028   0.9978180   0.5581387   5.6528294   3.1222368   0.9972905   0.5673858   5.4918693
  39.0000000   0.0053642   0.0017136   0.0011410   0.0197439   0.0197076   0.0079079   0.0062202   0.0473393   3.1247675   0.9919970   0.5541764   5.5860539   3.0914691   0.9857048   0.5589355   5.4233595   3.1427028   0.9978180   0.5581387   5.6528294   3.1235822   0.9975394   0.5674233   5.5076024
  40.0000000   0.0053257   0.0016928   0.0011117   0.0196817   0.0200711   0.0080253   0.0062964   0.0486646   3.1248922   0.9920710   0.5542527   5.5859146   3.0924707   0.9858563   0.5591552   5.4370990   3.1427028   0.9978180   0.5581387   5.6528294   3.1248510   0.9977593   0.5676737   5.5225556
  41.0000000   0.0052869   0.0016726   0.0010798   0.0195794   0.0204296   0.0081401   0.0063772   0.0499955   3.1250168   0.9921426   0.5543443   5.5859148   3.0934148   0.9859984   0.5593420   5.4504643   3.1427028   0.9978180   0.5581387   5.6528294   3.1260572   0.9979686   0.5678879   5.5370763
  42.0000000   0.0052474   0.0016527   0.0010462   0.0194369   0.0207864   0.0082539   0.0063221   0.0512617   3.1251425   0.9922122   0.5544478   5.5860607   3.0943489   0.9861447   0.5596223   5.4621080   3.1427028   0.9978180   0.5581387   5.6528294   3.1272505   0.9981820   0.5680709   5.5497519
  43.0000000   0.0052071   0.0016332   0.0010117   0.0192551   0.0211237   0.0083588   0.0064587   0.0525527   3.1252703   0.9922803   0.5545595   5.5863548   3.0950400   0.9861481   0.5593595   5.4735752   3.1427028   0.9978180   0.5581387   5.6528294   3.1281821   0.9982451   0.5678795   5.5622078
  44.0000000   0.0051660   0.0016139   0.0009770   0.0190354   0.0214655   0.0084660   0.0065317   0.0538462   3.1254006   0.9923471   0.5546761   5.5867962   3.0957781   0.9862184   0.5590869   5.4845243   3.1427028   0.9978180   0.5581387   5.6528294   3.1291633   0.9983778   0.5676151   5.5740806
  45.0000000   0.0051240   0.0015949   0.0009427   0.0187799   0.0218041   0.0085713   0.0066340   0.0551486   3.1255340   0.9924129   0.5547949   5.5873809   3.0964775   0.9862786   0.5592447   5.4951016   3.1427028   0.9978180   0.5581387   5.6528294   3.1301012   0.9984993   0.5678139   5.5855290
  46.0000000   0.0050811   0.0015761   0.0009093   0.0184914   0.0221439   0.0086771   0.0067049   0.0564441   3.1256706   0.9924777   0.5549132   5.5881023   3.0971842   0.9863606   0.5593491   5.5051557   3.1427028   0.9978180   0.5581387   5.6528294   3.1310460   0.9986436   0.5679274   5.5963876
  47.0000000   0.0050375   0.0015575   0.0008772   0.0181728   0.0224814   0.0087819   0.0067743   0.0577305   3.1258104   0.9925417   0.5550291   5.5889518   3.0978770   0.9864470   0.5592640   5.5148202   3.1427028   0.9978180   0.5581387   5.6528294   3.1319732   0.9987918   0.5678523   5.6067933
  48.0000000   0.0049932   0.0015391   0.0008466   0.0178272   0.0228159   0.0088853   0.0068393   0.0590039   3.1259531   0.9926051   0.5551410   5.5899191   3.0985317   0.9865266   0.5591663   5.5239737   3.1427028   0.9978180   0.5581387   5.6528294   3.1328583   0.9989323   0.5677601   5.6166237
  49.0000000   0.0049482   0.0015209   0.0008178   0.0174582   0.0231477   0.0089875   0.0069068   0.0602680   3.1260987   0.9926677   0.5552477   5.5909927   3.0991643   0.9866058   0.5594847   5.5329872   3.1427028   0.9978180   0.5581387   5.6528294   3.1337173   0.9990717   0.5680912   5.6262610
  50.0000000   0.0049027   0.0015028   0.0007907   0.0170689   0.0216813   0.0081935  -0.0009865   0.0593181   3.1262467   0.9927297   0.5553486   5.5921609   3.0999792   0.9867766   0.5621863   5.5422150   3.1427028   0.9978180   0.5581387   5.6528294   3.1329601   0.9984074   0.5628531   5.6338606
  51.0000000   0.0048568   0.0014850   0.0007654   0.0166628   0.0207640   0.0077345  -0.0010928   0.0578591   3.1263967   0.9927909   0.5554432   5.5934112   3.1012021   0.9871156   0.5628400   5.5511858   3.1427028   0.9978180   0.5581387   5.6528294   3.1331601   0.9982469   0.5633502   5.6406603
  52.0000000   0.0048107   0.0014674   0.0007419   0.0162430   0.0198863   0.0073117  -0.0007528   0.0563712   3.1265484   0.9928515   0.5555315   5.5947316   3.1023798   0.9874433   0.5658514   5.5601771   3.1427028   0.9978180   0.5581387   5.6528294   3.1333538   0.9981118   0.5666660   5.6474282
  53.0000000   0.0047643   0.0014500   0.0007200   0.0158126   0.0190791   0.0069272  -0.0001058   0.0551112   3.1267013   0.9929113   0.5556135   5.5961103   3.1036502   0.9877781   0.5647731   5.5685774   3.1427028   0.9978180   0.5581387   5.6528294   3.1337112   0.9980229   0.5661863   5.6538069
  54.0000000   0.0047179   0.0014328   0.0006997   0.0153744   0.0183891   0.0065986   0.0004478   0.0540749   3.1268552   0.9929704   0.5556896   5.5975361   3.1048442   0.9881009   0.5639598   5.5761695   3.1427028   0.9978180   0.5581387   5.6528294   3.1341088   0.9979784   0.5658830   5.6595800
  55.0000000   0.0046715   0.0014159   0.0006808   0.0149310   0.0178028   0.0063183   0.0009186   0.0532357   3.1270095   0.9930287   0.5557601   5.5989984   3.1059419   0.9883923   0.5630473   5.5833683   3.1427028   0.9978180   0.5581387   5.6528294   3.1345135   0.9979510   0.5653994   5.6651423
  56.0000000   0.0046252   0.0013992   0.0006633   0.0144847   0.0173032   0.0060780   0.0012751   0.0525384   3.1271640   0.9930863   0.5558254   5.6004876   3.1069521   0.9886557   0.5621206   5.5899802   3.1427028   0.9978180   0.5581387   5.6528294   3.1349174   0.9979360   0.5647903   5.6702497
  57.0000000   0.0045790   0.0013827   0.0006469   0.0140377   0.0168717   0.0058691   0.0015586   0.0519515   3.1273184   0.9931430   0.5558860   5.6019948   3.1078776   0.9888938   0.5615294   5.5960404   3.1427028   0.9978180   0.5581387   5.6528294   3.1353047   0.9979275   0.5644461   5.6749082
  58.0000000   0.0045330   0.0013665   0.0006316   0.0135919   0.0164956   0.0056858   0.0017911   0.0514475   3.1274724   0.9931989   0.5559423   5.6035118   3.1087325   0.9891051   0.5607276   5.6016457   3.1427028   0.9978180   0.5581387   5.6528294   3.1356768   0.9979183   0.5638413   5.6791915
  59.0000000   0.0044874   0.0013505   0.0006171   0.0131490   0.0161653   0.0055239   0.0019720   0.0510013   3.1276258   0.9932539   0.5559948   5.6050314   3.1095218   0.9893032   0.5604858   5.6068061   3.1427028   0.9978180   0.5581387   5.6528294   3.1360296   0.9979177   0.5637491   5.6830891
  60.0000000   0.0044420   0.0013347   0.0006035   0.0127105   0.0158724   0.0053795   0.0021140   0.0505943   3.1277783   0.9933082   0.5560439   5.6065470   3.1102693   0.9894907   0.5600265   5.6115086   3.1427028   0.9978180   0.5581387   5.6528294   3.1363782   0.9979246   0.5634014   5.6865719
  61.0000000   0.0043970   0.0013192   0.0005907   0.0122776   0.0156101   0.0052498   0.0022261   0.0502125   3.1279299   0.9933616   0.5560901   5.6080529   3.1109664   0.9896654   0.5596325   5.6158071   3.1427028   0.9978180   0.5581387   5.6528294   3.1367078   0.9979337   0.5630907   5.6896825
  62.0000000   0.0043523   0.0013039   0.0005784   0.0118515   0.0153734   0.0051323   0.0023132   0.0498442   3.1280803   0.9934141   0.5561336   5.6095441   3.1116219   0.9898290   0.5592952   5.6197757   3.1427028   0.9978180   0.5581387   5.6528294   3.1370219   0.9979445   0.5628137   5.6924863
  63.0000000   0.0043081   0.0012888   0.0005667   0.0114331   0.0151579   0.0050253   0.0023800   0.0494805   3.1282295   0.9934659   0.5561749   5.6110161   3.1122409   0.9899834   0.5589833   5.6234675   3.1427028   0.9978180   0.5581387   5.6528294   3.1373215   0.9979570   0.5625430   5.6950295
  64.0000000   0.0042643   0.0012739   0.0005554   0.0110233   0.0149602   0.0049271   0.0024291   0.0491133   3.1283774   0.9935168   0.5562142   5.6124650   3.1128261   0.9901292   0.5589366   5.6269118   3.1427028   0.9978180   0.5581387   5.6528294   3.1376057   0.9979702   0.5625213   5.6973352
  65.0000000   0.0042209   0.0012593   0.0005446   0.0106226   0.0147773   0.0048365   0.0024627   0.0487355   3.1285238   0.9935670   0.5562519   5.6138878   3.1133920   0.9902697   0.5587037   5.6300383   3.1427028   0.9978180   0.5581387   5.6528294   3.1378865   0.9979860   0.5622981   5.6993270
  66.0000000   0.0041779   0.0012449   0.0005341   0.0102316   0.0146068   0.0047523   0.0024838   0.0483422   3.1286689   0.9936163   0.5562882   5.6152816   3.1139297   0.9904030   0.5585206   5.6329247   3.1427028   0.9978180   0.5581387   5.6528294   3.1381523   0.9980017   0.5621134   5.7010794
  67.0000000   0.0041354   0.0012307   0.0005238   0.0098507   0.0144467   0.0046737   0.0024936   0.0479288   3.1288124   0.9936649   0.5563233   5.6166442   3.1144413   0.9905295   0.5583001   5.6355739   3.1427028   0.9978180   0.5581387   5.6528294   3.1384032   0.9980165   0.5618806   5.7025916
  68.0000000   0.0040933   0.0012167   0.0005139   0.0094802   0.0142952   0.0045999   0.0024957   0.0474937   3.1289544   0.9937128   0.5563573   5.6179739   3.1149181   0.9906451   0.5582078   5.6381780   3.1427028   0.9978180   0.5581387   5.6528294   3.1386288   0.9980255   0.5617697   5.7040558
  69.0000000   0.0040517   0.0012029   0.0005041   0.0091204   0.0141510   0.0045303   0.0024870   0.0470313   3.1290950   0.9937599   0.5563905   5.6192692   3.1153838   0.9907589   0.5579544   5.6405186   3.1427028   0.9978180   0.5581387   5.6528294   3.1388515   0.9980376   0.5614864   5.7052477
  70.0000000   0.0040104   0.0011893   0.0004946   0.0087713   0.0140128   0.0044643   0.0024716   0.0465403   3.1292340   0.9938064   0.5564229   5.6205292   3.1158347   0.9908722   0.5577793   5.6426583   3.1427028   0.9978180   0.5581387   5.6528294   3.1390664   0.9980531   0.5612753   5.7062289
  71.0000000   0.0039696   0.0011759   0.0004852   0.0084330   0.0138794   0.0044015   0.0024493   0.0460183   3.1293716   0.9938521   0.5564547   5.6217530   3.1162651   0.9909803   0.5577256   5.6446020   3.1427028   0.9978180   0.5581387   5.6528294   3.1392666   0.9980670   0.5611796   5.7070024
  72.0000000   0.0039293   0.0011627   0.0004760   0.0081056   0.0137500   0.0043414   0.0024213   0.0454639   3.1295077   0.9938973   0.5564858   5.6229403   3.1166832   0.9910858   0.5575848   5.6463578   3.1427028   0.9978180   0.5581387   5.6528294   3.1394593   0.9980815   0.5609912   5.7075752
  73.0000000   0.0038893   0.0011496   0.0004670   0.0077889   0.0136238   0.0042837   0.0023884   0.0448764   3.1296424   0.9939417   0.5565165   5.6240909   3.1170791   0.9911851   0.5575144   5.6479591   3.1427028   0.9978180   0.5581387   5.6528294   3.1396340   0.9980925   0.5608688   5.7079801
  74.0000000   0.0038497   0.0011367   0.0004581   0.0074828   0.0135002   0.0042280   0.0023512   0.0442554   3.1297757   0.9939856   0.5565467   5.6252047   3.1174613   0.9912809   0.5575435   5.6494179   3.1427028   0.9978180   0.5581387   5.6528294   3.1397984   0.9981024   0.5608423   5.7082285
  75.0000000   0.0038105   0.0011240   0.0004493   0.0071873   0.0133786   0.0041742   0.0023108   0.0436010   3.1299077   0.9940289   0.5565764   5.6262820   3.1178392   0.9913766   0.5574340   5.6507871   3.1427028   0.9978180   0.5581387   5.6528294   3.1399614   0.9981144   0.5606738   5.7083735
  76.0000000   0.0037717   0.0011114   0.0004406   0.0069022   0.0132586   0.0041220   0.0022670   0.0429133   3.1300382   0.9940716   0.5566057   5.6273230   3.1182005   0.9914676   0.5574920   5.6520620   3.1427028   0.9978180   0.5581387   5.6528294   3.1401103   0.9981238   0.5606704   5.7084103
  77.0000000   0.0037333   0.0010990   0.0004321   0.0066272   0.0131398   0.0040712   0.0022205   0.0421928   3.1301675   0.9941138   0.5566346   5.6283283   3.1185551   0.9915567   0.5573732   5.6532245   3.1427028   0.9978180   0.5581387   5.6528294   3.1402545   0.9981330   0.5604871   5.7083208
  78.0000000   0.0036952   0.0010867   0.0004237   0.0063621   0.0130218   0.0040217   0.0021716   0.0414401   3.1302955   0.9941554   0.5566631   5.6292985   3.1188938   0.9916418   0.5573143   5.6542801   3.1427028   0.9978180   0.5581387   5.6528294   3.1403845   0.9981397   0.5603617   5.7081110
  79.0000000   0.0036575   0.0010746   0.0004154   0.0061067   0.0129044   0.0039732   0.0021213   0.0406566   3.1304223   0.9941965   0.5566913   5.6302342   3.1192228   0.9917246   0.5572608   5.6551983   3.1427028   0.9978180   0.5581387   5.6528294   3.1405063   0.9981457   0.5602406   5.7077511
  80.0000000   0.0036202   0.0010626   0.0004073   0.0058608   0.0127875   0.0039258   0.0020703   0.0398442   3.1305478   0.9942371   0.5567190   5.6311362   3.1195385   0.9918038   0.5573670   5.6560483   3.1427028   0.9978180   0.5581387   5.6528294   3.1406159   0.9981493   0.5602789   5.7073120
  81.0000000   0.0035831   0.0010508   0.0003993   0.0056240   0.0126707   0.0038792   0.0020197   0.0390059   3.1306722   0.9942772   0.5567464   5.6320052   3.1198531   0.9918831   0.5538365   5.6549577   3.1427028   0.9978180   0.5581387   5.6528294   3.1407256   0.9981543   0.5566834   5.7049245
  82.0000000   0.0035464   0.0010391   0.0003913   0.0053962   0.0125542   0.0038335   0.0019691   0.0381436   3.1307954   0.9943169   0.5567734   5.6328422   3.1195974   0.9916947   0.5565027   5.6550857   3.1427028   0.9978180   0.5581387   5.6528294   3.1402661   0.9978927   0.5592838   5.7037492
  83.0000000   0.0035100   0.0010275   0.0003836   0.0051771   0.0124379   0.0037885   0.0019219   0.0372624   3.1309175   0.9943561   0.5568000   5.6336479   3.1196822   0.9916651   0.5583650   5.6557726   3.1427028   0.9978180   0.5581387   5.6528294   3.1401482   0.9977910   0.5610872   5.7031322
  84.0000000   0.0034740   0.0010160   0.0003759   0.0049663   0.0123219   0.0037444   0.0018688   0.0363600   3.1310385   0.9943949   0.5568262   5.6344233   3.1199298   0.9916967   0.5576377   5.6562535   3.1427028   0.9978180   0.5581387   5.6528294   3.1401944   0.9977517   0.5602872   5.7023024
  85.0000000   0.0034382   0.0010047   0.0003683   0.0047636   0.0122059   0.0037008   0.0018193   0.0354413   3.1311585   0.9944332   0.5568521   5.6351693   3.1201692   0.9917378   0.5577174   5.6566895   3.1427028   0.9978180   0.5581387   5.6528294   3.1402329   0.9977227   0.5603015   5.7014266
  86.0000000   0.0034027   0.0009934   0.0003609   0.0045688   0.0120899   0.0036578   0.0017703   0.0345092   3.1312774   0.9944712   0.5568775   5.6358868   3.1204276   0.9917900   0.5574586   5.6570341   3.1427028   0.9978180   0.5581387   5.6528294   3.1402913   0.9977058   0.5599768   5.7004605
  87.0000000   0.0033675   0.0009823   0.0003535   0.0043816   0.0119740   0.0036154   0.0017245   0.0335677   3.1313954   0.9945087   0.5569027   5.6365768   3.1206837   0.9918466   0.5579233   5.6573961   3.1427028   0.9978180   0.5581387   5.6528294   3.1403481   0.9976941   0.5603817   5.6995172
  88.0000000   0.0033326   0.0009713   0.0003463   0.0042017   0.0118583   0.0035736   0.0016794   0.0326198   3.1315123   0.9945458   0.5569274   5.6372401   3.1209697   0.9919140   0.5577792   5.6577013   3.1427028   0.9978180   0.5581387   5.6528294   3.1404357   0.9976940   0.5601767   5.6985245
  89.0000000   0.0032980   0.0009604   0.0003392   0.0040288   0.0117429   0.0035324   0.0016364   0.0316686   3.1316283   0.9945826   0.5569518   5.6378777   3.1212508   0.9919824   0.5576227   5.6579618   3.1427028   0.9978180   0.5581387   5.6528294   3.1405194   0.9976957   0.5599620   5.6974973
  90.0000000   0.0032637   0.0009497   0.0003322   0.0038627   0.0116278   0.0034916   0.0015950   0.0307174   3.1317433   0.9946190   0.5569757   5.6384904   3.1215228   0.9920495   0.5576104   5.6581832   3.1427028   0.9978180   0.5581387   5.6528294   3.1405949   0.9976969   0.5598935   5.6964439
  91.0000000   0.0032296   0.0009390   0.0003254   0.0037032   0.0115130   0.0034514   0.0015557   0.0297692   3.1318574   0.9946550   0.5569994   5.6390792   3.1217902   0.9921159   0.5575809   5.6583852   3.1427028   0.9978180   0.5581387   5.6528294   3.1406669   0.9976982   0.5598103   5.6953868
  92.0000000   0.0031958   0.0009284   0.0003186   0.0035499   0.0113988   0.0034116   0.0015184   0.0288270   3.1319706   0.9946906   0.5570227   5.6396449   3.1220593   0.9921847   0.5576922   5.6585832   3.1427028   0.9978180   0.5581387   5.6528294   3.1407418   0.9977025   0.5598706   5.6943441
  93.0000000   0.0031623   0.0009179   0.0003119   0.0034028   0.0112851   0.0033724   0.0014825   0.0278932   3.1320829   0.9947260   0.5570456   5.6401883   3.1223305   0.9922542   0.5576332   5.6587580   3.1427028   0.9978180   0.5581387   5.6528294   3.1408200   0.9977084   0.5597616   5.6932983
  94.0000000   0.0031290   0.0009076   0.0003054   0.0032615   0.0111721   0.0033337   0.0014482   0.0269703   3.1321944   0.9947609   0.5570681   5.6407102   3.1225945   0.9923219   0.5576093   5.6589172   3.1427028   0.9978180   0.5581387   5.6528294   3.1408922   0.9977133   0.5596895   5.6922589
  95.0000000   0.0030959   0.0008973   0.0002989   0.0031258   0.0110597   0.0032955   0.0014154   0.0260600   3.1323050   0.9947956   0.5570904   5.6412116   3.1228547   0.9923891   0.5575776   5.6590341   3.1427028   0.9978180   0.5581387   5.6528294   3.1409620   0.9977183   0.5596114   5.6912008
  96.0000000   0.0030631   0.0008871   0.0002925   0.0029955   0.0109481   0.0032578   0.0013837   0.0251643   3.1324148   0.9948299   0.5571123   5.6416930   3.1231072   0.9924540   0.5576709   5.6591157   3.1427028   0.9978180   0.5581387   5.6528294   3.1410254   0.9977217   0.5596598   5.6901322
  97.0000000   0.0030306   0.0008770   0.0002863   0.0028704   0.0108372   0.0032205   0.0013539   0.0242851   3.1325237   0.9948639   0.5571338   5.6421554   3.1233622   0.9925200   0.5577443   5.6591978   3.1427028   0.9978180   0.5581387   5.6528294   3.1410927   0.9977270   0.5596907   5.6890910
  98.0000000   0.0029983   0.0008670   0.0002801   0.0027504   0.0107272   0.0031838   0.0013249   0.0234239   3.1326318   0.9948975   0.5571550   5.6425993   3.1236164   0.9925856   0.5577497   5.6593174   3.1427028   0.9978180   0.5581387   5.6528294   3.1411607   0.9977326   0.5596540   5.6881149
  99.0000000   0.0029662   0.0008571   0.0002741   0.0026351   0.0106181   0.0031475   0.0012970   0.0225814   3.1327392   0.9949309   0.5571759   5.6430256   3.1238688   0.9926511   0.5578104   5.6593828   3.1427028   0.9978180   0.5581387   5.6528294   3.1412284   0.9977387   0.5596745   5.6871126
 100.0000000   0.0029344   0.0008473   0.0002681   0.0025244   0.0105098   0.0031117   0.0012703   0.0217590   3.1328457   0.9949640   0.5571965   5.6434349   3.1241184   0.9927156   0.5578432   5.6594584   3.1427028   0.9978180   0.5581387   5.6528294   3.1412947   0.9977446   0.5596684   5.6861498
 101.0000000   0.0029028   0.0008376   0.0002623   0.0024182   0.0104025   0.0030763   0.0012446   0.0209574   3.1329515   0.9949967   0.5572167   5.6438278   3.1243649   0.9927789   0.5578525   5.6595408   3.1427028   0.9978180   0.5581387   5.6528294   3.1413595   0.9977500   0.5596400   5.6852232
 102.0000000   0.0028714   0.0008280   0.0002565   0.0023163   0.0102961   0.0030414   0.0012194   0.0201772   3.1330565   0.9950292   0.5572366   5.6442051   3.1246092   0.9928420   0.5579269   5.6596318   3.1427028   0.9978180   0.5581387   5.6528294   3.1414236   0.9977557   0.5596771   5.6843348
 103.0000000   0.0028403   0.0008184   0.0002508   0.0022184   0.0101906   0.0030069   0.0011949   0.0194186   3.1331607   0.9950613   0.5572562   5.6445672   3.1248523   0.9929045   0.5579229   5.6597080   3.1427028   0.9978180   0.5581387   5.6528294   3.1414881   0.9977616   0.5596371   5.6834613
 104.0000000   0.0028094   0.0008089   0.0002452   0.0021245   0.0100860   0.0029728   0.0011708   0.0186819   3.1332642   0.9950932   0.5572755   5.6449148   3.1250932   0.9929668   0.5579766   5.6597645   3.1427028   0.9978180   0.5581387   5.6528294   3.1415518   0.9977679   0.5596552   5.6825976
 105.0000000   0.0027787   0.0007996   0.0002397   0.0020344   0.0099824   0.0029392   0.0011478   0.0179672   3.1333670   0.9951248   0.5572945   5.6452485   3.1253316   0.9930282   0.5580725   5.6598039   3.1427028   0.9978180   0.5581387   5.6528294   3.1416147   0.9977739   0.5597170   5.6817463
 106.0000000   0.0027482   0.0007903   0.0002343   0.0019479   0.0098797   0.0029060   0.0011244   0.0172744   3.1334690   0.9951561   0.5573132   5.6455688   3.1255715   0.9930899   0.5581355   5.6597938   3.1427028   0.9978180   0.5581387   5.6528294   3.1416804   0.9977808   0.5597456   5.6808744
 107.0000000   0.0027180   0.0007811   0.0002290   0.0018649   0.0097779   0.0028731   0.0011025   0.0166037   3.1335703   0.9951871   0.5573316   5.6458762   3.1258086   0.9931506   0.5582641   5.6597777   3.1427028   0.9978180   0.5581387   5.6528294   3.1417449   0.9977874   0.5598416   5.6800254
 108.0000000   0.0026879   0.0007719   0.0002238   0.0017852   0.0096770   0.0028407   0.0010808   0.0159549   3.1336709   0.9952179   0.5573497   5.6461713   3.1260480   0.9932119   0.5582848   5.6597506   3.1427028   0.9978180   0.5581387   5.6528294   3.1418132   0.9977951   0.5598300   5.6791939
 109.0000000   0.0026581   0.0007629   0.0002187   0.0017088   0.0095770   0.0028086   0.0010596   0.0153280   3.1337707   0.9952484   0.5573675   5.6464544   3.1262841   0.9932721   0.5584477   5.6597391   3.1427028   0.9978180   0.5581387   5.6528294   3.1418796   0.9978024   0.5599616   5.6784061
 110.0000000   0.0026285   0.0007539   0.0002136   0.0016355   0.0094779   0.0027769   0.0010391   0.0147229   3.1338699   0.9952786   0.5573850   5.6467261   3.1265236   0.9933329   0.5585586   5.6597736   3.1427028   0.9978180   0.5581387   5.6528294   3.1419510   0.9978107   0.5600420   5.6776923
 111.0000000   0.0025991   0.0007450   0.0002087   0.0015652   0.0093797   0.0027456   0.0010185   0.0141388   3.1339683   0.9953085   0.5574022   5.6469869   3.1267659   0.9933941   0.5585303   5.6598019   3.1427028   0.9978180   0.5581387   5.6528294   3.1420266   0.9978201   0.5599827   5.6769991
 112.0000000   0.0025700   0.0007362   0.0002038   0.0014977   0.0092824   0.0027146   0.0009992   0.0135758   3.1340660   0.9953382   0.5574192   5.6472371   3.1270030   0.9934541   0.5587727   5.6598803   3.1427028   0.9978180   0.5581387   5.6528294   3.1420984   0.9978288   0.5601966   5.6763829
 113.0000000   0.0025410   0.0007275   0.0001990   0.0014329   0.0091860   0.0026840   0.0009797   0.0130331   3.1341631   0.9953676   0.5574358   5.6474772   3.1272493   0.9935161   0.5588443   5.6599833   3.1427028   0.9978180   0.5581387   5.6528294   3.1421809   0.9978402   0.5602391   5.6758169
 114.0000000   0.0025123   0.0007188   0.0001943   0.0013708   0.0090904   0.0026537   0.0009600   0.0125102   3.1342594   0.9953968   0.5574522   5.6477076   3.1274957   0.9935783   0.5589279   5.6600961   3.1427028   0.9978180   0.5581387   5.6528294   3.1422650   0.9978521   0.5602934   5.6752858
 115.0000000   0.0024838   0.0007103   0.0001897   0.0013113   0.0089956   0.0026237   0.0009414   0.0120068   3.1343550   0.9954257   0.5574683   5.6479286   3.1277423   0.9936405   0.5590295   5.6602576   3.1427028   0.9978180   0.5581387   5.6528294   3.1423506   0.9978646   0.5603673   5.6748278
 116.0000000   0.0024555   0.0007018   0.0001852   0.0012541   0.0089017   0.0025941   0.0009224   0.0115224   3.1344500   0.9954543   0.5574841   5.6481406   3.1279914   0.9937033   0.5591452   5.6604584   3.1427028   0.9978180   0.5581387   5.6528294   3.1424402   0.9978783   0.5604548   5.6744329
 117.0000000   0.0024274   0.0006934   0.0001807   0.0011993   0.0088085   0.0025648   0.0009042   0.0110564   3.1345442   0.9954827   0.5574996   5.6483440   3.1282441   0.9937670   0.5592763   5.6607419   3.1427028   0.9978180   0.5581387   5.6528294   3.1425346   0.9978933   0.5605588   5.6741439
 118.0000000   0.0023995   0.0006850   0.0001763   0.0011468   0.0087162   0.0025358   0.0008870   0.0106087   3.1346378   0.9955109   0.5575149   5.6485391   3.1285015   0.9938320   0.5594322   5.6611042   3.1427028   0.9978180   0.5581387   5.6528294   3.1426351   0.9979102   0.5606891   5.6739565
 119.0000000   0.0023718   0.0006768   0.0001720   0.0010964   0.0086247   0.0025071   0.0008592   0.0101742   3.1347307   0.9955388   0.5575299   5.6487262   3.1287753   0.9939037   0.5567800   5.6608143   3.1427028   0.9978180   0.5581387   5.6528294   3.1427535   0.9979343   0.5579916   5.6528294
