 t z psi theta tau_a f_e f_o tau_x tau_l C H B r w div entry mass rgdp rinv firm
 s_constrained exit exit_b
 avg_firm_size labor_share std_dev_growth_emp std_dev_growth_sales debt capital 
 ngdp ninv exdem psi_c collat_binding
   1.0000000   1.0000000   0.7900555   0.4389172   0.0057993   1.0000000   0.7648948   0.0000000   0.0000000   2.5845463   0.9978181  -4.8551730   0.0101010   2.0397062   0.5650598   0.0110178   0.3671473   3.1427028   0.5581387  -1.0000000   0.0110177   0.0000000   2.6385782   0.6476132   0.0000000   0.0000000  -5.6528294  33.3538138   3.1427028   0.5581387   0.0000179   1.0000000   0.0000000
   2.0000000   1.0000000   0.7900555   0.1912407   0.0057993   1.0000000   0.7648948   0.0000000   0.0000000   2.5794146   0.9872682  -4.8551730   0.0101010   2.0498416   0.0891944   0.0094786   0.3671473   3.1212459   0.5418314  -1.0000000   0.0113036   0.0000000   2.6213170   0.6483487   0.0000000   0.0000000  -5.6528294  33.3330608   3.1213420   0.5419274   0.0000000   1.0000000   0.0000000
   3.0000000   1.0000000   0.7900555   0.2219979   0.0057993   1.0000000   0.7648948   0.0000000   0.0000000   2.5595095   0.9674936  -5.3145618   0.0021305   2.0135764   0.4794628   0.0094786   0.3653223   3.0128492   0.4533396  -1.0000000   0.0192951   0.0000000   2.5813029   0.6466451   0.0000000   0.0000000  -3.1704985  33.2910089   3.0126015   0.4530920   0.0000000   1.0000000   0.0000000
   4.0000000   1.0000000   0.7900555   0.2489355   0.0057993   1.0000000   0.7648948   0.0000000   0.0000000   2.5520377   0.9659226  -5.4682435   0.0071079   2.0059084   0.9289012   0.0101343   0.3555058   3.0009673   0.4489296  -1.0000000   0.0124981   0.0000000   2.6416785   0.6457035   0.0000000   0.0000000  -2.9031287  33.2011367   3.0006248   0.4485871   0.0000000   1.0000000   0.0000000
   5.0000000   1.0000000   0.7900555   0.2725280   0.0057993   1.0000000   0.7648948   0.0000000   0.0000000   2.5474056   0.9670153  -5.1784221   0.0082049   2.0032697   0.6656440   0.0101343   0.3531420   3.0052398   0.4578342  -1.0000000   0.0111732   0.0000000   2.6618737   0.6446710   0.0000000   0.0000000  -3.0259496  33.0961981   3.0048706   0.4574649   0.0000000   1.0000000   0.0000000
   6.0000000   1.0000000   0.7900555   0.2931906   0.0057993   1.0000000   0.7648948   0.0000000   0.0000000   2.5440559   0.9695499  -5.1489739   0.0087514   2.0030655   0.5817219   0.0105812   0.3521031   3.0134428   0.4693870  -1.0000000   0.0101398   0.0000000   2.6732097   0.6445399   0.0000000   0.0000000  -3.2222917  33.0086956   3.0130551   0.4689993   0.0000000   1.0000000   0.0000000
   7.0000000   1.0000000   0.7900555   0.3112873   0.0057993   1.0000000   0.7648948   0.0000000   0.0000000   2.5415515   0.9719383  -5.1958832   0.0090350   2.0034257   0.5749407   0.0108351   0.3525445   3.0214431   0.4798916  -1.0000000   0.0101359   0.0000000   2.6746655   0.6445333   0.0000000   0.0000000  -3.4275183  32.9303768   3.0210500   0.4794985   0.0000000   1.0000000   0.0000000
   8.0000000   1.0000000   0.7900555   0.3271368   0.0057993   1.0000000   0.7648948   0.0000000   0.0000000   2.5396033   0.9745389  -5.2425081   0.0092927   2.0043057   0.5654543   0.0110178   0.3532437   3.0296279   0.4900247  -1.0000000   0.0098117   0.0000000   2.6753384   0.6447964   0.0000000   0.0000000  -3.6293999  32.8626948   3.0292379   0.4896346   0.0000000   1.0000000   0.0000000
   9.0000000   1.0000000   0.7900555   0.3410180   0.0057993   1.0000000   0.7648948   0.0000000   0.0000000   2.5380063   0.9774887  -5.2908537   0.0094623   2.0052990   0.5597865   0.0113929   0.3544498   3.0382919   0.5002856  -1.0000000   0.0099550   0.0000000   2.6718744   0.6452322   0.0000000   0.0000000  -3.8148744  32.8082369   3.0378999   0.4998936   0.0000000   1.0000000   0.0000000
  10.0000000   1.0000000   0.7900555   0.3531754   0.0057993   1.0000000   0.7648948   0.0000000   0.0000000   2.5371451   0.9794263  -5.3367330   0.0096354   2.0066859   0.5610206   0.0113929   0.3558876   3.0448037   0.5076586  -1.0000000   0.0101906   0.0000000   2.6666850   0.6455700   0.0000000   0.0000000  -3.9856883  32.7589282   3.0444275   0.5072824   0.0000000   1.0000000   0.0000000
  11.0000000   1.0000000   0.7900555   0.3638230   0.0057993   1.0000000   0.7648948   0.0000000   0.0000000   2.5365748   0.9809745  -5.3754041   0.0097581   2.0076194   0.5671108   0.0113929   0.3570899   3.0504284   0.5138536  -1.0000000   0.0106368   0.0000000   2.6621808   0.6456949   0.0000000   0.0000000  -4.1383337  32.7175027   3.0500628   0.5134880   0.0000000   1.0000000   0.0000000
  12.0000000   1.0000000   0.7900555   0.3731484   0.0057993   1.0000000   0.7648948   0.0000000   0.0000000   2.5374332   0.9825607  -5.4034346   0.0098645   2.0088056   0.5623992   0.0113929   0.3578460   3.0560137   0.5185805  -1.0000000   0.0104594   0.0000000   2.6609993   0.6459291   0.0000000   0.0000000  -4.2749029  32.6827385   3.0556617   0.5182284   0.0000000   1.0000000   0.0000000
  13.0000000   1.0000000   0.7900555   0.3813158   0.0057993   1.0000000   0.7648948   0.0000000   0.0000000   2.5363773   0.9840411  -5.4326723   0.0099402   2.0100938   0.5619279   0.0113929   0.3587795   3.0611456   0.5247683  -1.0000000   0.0104141   0.0000000   2.6584370   0.6462648   0.0000000   0.0000000  -4.3959267  32.6533555   3.0608083   0.5244310   0.0000000   1.0000000   0.0000000
  14.0000000   1.0000000   0.7900555   0.3884689   0.0057993   1.0000000   0.7648948   0.0000000   0.0000000   2.5357955   0.9856105  -5.4572610   0.0100488   2.0116119   0.5605415   0.0113929   0.3597582   3.0662525   0.5304570  -1.0000000   0.0101845   0.0000000   2.6556568   0.6467021   0.0000000   0.0000000  -4.5073091  32.6310567   3.0659324   0.5301369   0.0000000   1.0000000   0.0000000
  15.0000000   1.0000000   0.7900555   0.3947337   0.0057993   1.0000000   0.7648948   0.0000000   0.0000000   2.5360697   0.9867619  -5.4779943   0.0101166   2.0127627   0.5651321   0.0113929   0.3609665   3.0707238   0.5346541  -1.0000000   0.0107061   0.0000000   2.6500911   0.6468720   0.0000000   0.0000000  -4.6072556  32.6141004   3.0704168   0.5343471   0.0000000   1.0000000   0.0000000
  16.0000000   1.0000000   0.7900555   0.4002205   0.0057993   1.0000000   0.7648948   0.0000000   0.0000000   2.5362326   0.9876870  -5.4907677   0.0101515   2.0138822   0.5675691   0.0113929   0.3616533   3.0746396   0.5384070  -1.0000000   0.0108487   0.0000000   2.6476490   0.6470001   0.0000000   0.0000000  -4.6947676  32.6013420   3.0743454   0.5381128   0.0000000   1.0000000   0.0000000
  17.0000000   1.0000000   0.7900555   0.4050260   0.0057993   1.0000000   0.7648948   0.0000000   0.0000000   2.5367798   0.9884965  -5.4980827   0.0101809   2.0149299   0.5683221   0.0113929   0.3621974   3.0781312   0.5413513  -1.0000000   0.0109047   0.0000000   2.6459341   0.6471236   0.0000000   0.0000000  -4.7720769  32.5926471   3.0778489   0.5410691   0.0000000   1.0000000   0.0000000
  18.0000000   1.0000000   0.7900555   0.4092347   0.0057993   1.0000000   0.7648948   0.0000000   0.0000000   2.5370266   0.9893422  -5.5023486   0.0102149   2.0160755   0.5655460   0.0113929   0.3626856   3.0815500   0.5445234  -1.0000000   0.0107906   0.0000000   2.6447304   0.6473209   0.0000000   0.0000000  -4.8416916  32.5871181   3.0812808   0.5442542   0.0000000   1.0000000   0.0000000
  19.0000000   1.0000000   0.7900555   0.4129207   0.0057993   1.0000000   0.7648948   0.0000000   0.0000000   2.5376138   0.9903987  -5.5067312   0.0102623   2.0174501   0.5619721   0.0113929   0.3632879   3.0851253   0.5475115  -1.0000000   0.0104572   0.0000000   2.6432969   0.6476987   0.0000000   0.0000000  -4.9052614  32.5853354   3.0848717   0.5472580   0.0000000   1.0000000   0.0000000
  20.0000000   1.0000000   0.7900555   0.4161490   0.0057993   1.0000000   0.7648948   0.0000000   0.0000000   2.5381903   0.9913160  -5.5116490   0.0102900   2.0188085   0.5626092   0.0113929   0.3642235   3.0884634   0.5502731  -1.0000000   0.0105752   0.0000000   2.6391481   0.6480290   0.0000000   0.0000000  -4.9628119  32.5863929   3.0882253   0.5500350   0.0000000   1.0000000   0.0000000
  21.0000000   1.0000000   0.7900555   0.4189764   0.0057993   1.0000000   0.7648948   0.0000000   0.0000000   2.5387500   0.9920365  -5.5131533   0.0103137   2.0199357   0.5649528   0.0113929   0.3650412   3.0914179   0.5526679  -1.0000000   0.0108222   0.0000000   2.6353281   0.6482389   0.0000000   0.0000000  -5.0144208  32.5899638   3.0911927   0.5524427   0.0000000   1.0000000   0.0000000
  22.0000000   1.0000000   0.7900555   0.4214527   0.0057993   1.0000000   0.7648948   0.0000000   0.0000000   2.5395117   0.9926606  -5.5100481   0.0103226   2.0210157   0.5661709   0.0113929   0.3656119   3.0941816   0.5546699  -1.0000000   0.0109122   0.0000000   2.6329887   0.6484098   0.0000000   0.0000000  -5.0608830  32.5957042   3.0939686   0.5544569   0.0000000   1.0000000   0.0000000
  23.0000000   1.0000000   0.7900555   0.4236215   0.0057993   1.0000000   0.7648948   0.0000000   0.0000000   2.5403866   0.9931731  -5.5039066   0.0103337   2.0219843   0.5674053   0.0113929   0.3660925   3.0966990   0.5563123  -1.0000000   0.0110348   0.0000000   2.6309935   0.6485255   0.0000000   0.0000000  -5.1029428  32.6031892   3.0964971   0.5561104   0.0000000   1.0000000   0.0000000
  24.0000000   1.0000000   0.7900555   0.4255210   0.0057993   1.0000000   0.7648948   0.0000000   0.0000000   2.5411516   0.9934891  -5.4950604   0.0103265   2.0227896   0.5696738   0.0113929   0.3664506   3.0988184   0.5576667  -1.0000000   0.0112469   0.0000000   2.6293368   0.6485444   0.0000000   0.0000000  -5.1405925  32.6119517   3.0986256   0.5574740   0.0000000   1.0000000   0.0000000
  25.0000000   1.0000000   0.7900555   0.4271846   0.0057993   1.0000000   0.7648948   0.0000000   0.0000000   2.5418131   0.9938258  -5.4829492   0.0103269   2.0236284   0.5695054   0.0113929   0.3665966   3.1009202   0.5591071  -1.0000000   0.0111990   0.0000000   2.6292097   0.6485907   0.0000000   0.0000000  -5.1752566  32.6219687   3.1007371   0.5589240   0.0000000   1.0000000   0.0000000
  26.0000000   1.0000000   0.7900555   0.4286416   0.0057993   1.0000000   0.7648948   0.0000000   0.0000000   2.5428763   0.9942487  -5.4699162   0.0103427   2.0245294   0.5675701   0.0113929   0.3667904   3.1030902   0.5602139  -1.0000000   0.0110783   0.0000000   2.6289732   0.6486976   0.0000000   0.0000000  -5.2077853  32.6334087   3.1029173   0.5600410   0.0000000   1.0000000   0.0000000
  27.0000000   1.0000000   0.7900555   0.4299176   0.0057993   1.0000000   0.7648948   0.0000000   0.0000000   2.5436750   0.9944926  -5.4577178   0.0103206   2.0252137   0.5701567   0.0113929   0.3671049   3.1049333   0.5612583  -1.0000000   0.0113129   0.0000000   2.6274346   0.6486896   0.0000000   0.0000000  -5.2369136  32.6454822   3.1047682   0.5610932   0.0000000   1.0000000   0.0000000
  28.0000000   1.0000000   0.7900555   0.4310352   0.0057993   1.0000000   0.7648948   0.0000000   0.0000000   2.5446180   0.9949312  -5.4423338   0.0103397   2.0259104   0.5679159   0.0113929   0.3671848   3.1070941   0.5624761  -1.0000000   0.0111472   0.0000000   2.6280527   0.6487493   0.0000000   0.0000000  -5.2659431  32.6586162   3.1069369   0.5623190   0.0000000   1.0000000   0.0000000
  29.0000000   1.0000000   0.7900555   0.4320140   0.0057993   1.0000000   0.7648948   0.0000000   0.0000000   2.5458671   0.9948126  -5.4281893   0.0103271   2.0264858   0.5727526   0.0113929   0.3674305   3.1080712   0.5622041  -1.0000000   0.0115780   0.0000000   2.6260253   0.6486483   0.0000000   0.0000000  -5.2919391  32.6726870   3.1079206   0.5620534   0.0000000   1.0000000   0.0000000
  30.0000000   1.0000000   0.7900555   0.4328713   0.0057993   1.0000000   0.7648948   0.0000000   0.0000000   2.5464164   0.9951533  -5.4098214   0.0103326   2.0273134   0.5672227   0.0113929   0.3672453   3.1099000   0.5634837  -1.0000000   0.0111167   0.0000000   2.6282182   0.6487539   0.0000000   0.0000000  -5.3169980  32.6863069   3.1097588   0.5633425   0.0000000   1.0000000   0.0000000
  31.0000000   1.0000000   0.7900555   0.4336221   0.0057993   1.0000000   0.7648948   0.0000000   0.0000000   2.5476588   0.9955233  -5.3957074   0.0103266   2.0281128   0.5668395   0.0113929   0.3675214   3.1117146   0.5640558  -1.0000000   0.0110870   0.0000000   2.6272733   0.6488690   0.0000000   0.0000000  -5.3402329  32.7010416   3.1115826   0.5639238   0.0000000   1.0000000   0.0000000
  32.0000000   1.0000000   0.7900555   0.4342796   0.0057993   1.0000000   0.7648948   0.0000000   0.0000000   2.5489285   0.9958684  -5.3814058   0.0103288   2.0289159   0.5668804   0.0113929   0.3678273   3.1134663   0.5645378  -1.0000000   0.0110989   0.0000000   2.6260596   0.6489826   0.0000000   0.0000000  -5.3631761  32.7161216   3.1133434   0.5644148   0.0000000   1.0000000   0.0000000
  33.0000000   1.0000000   0.7900555   0.4348555   0.0057993   1.0000000   0.7648948   0.0000000   0.0000000   2.5496700   0.9961829  -5.3665412   0.0103254   2.0296738   0.5672808   0.0113929   0.3681213   3.1151207   0.5654507  -1.0000000   0.0111303   0.0000000   2.6249005   0.6490949   0.0000000   0.0000000  -5.3842479  32.7314141   3.1150064   0.5653364   0.0000000   1.0000000   0.0000000
  34.0000000   1.0000000   0.7900555   0.4353599   0.0057993   1.0000000   0.7648948   0.0000000   0.0000000   2.5508413   0.9964561  -5.3502736   0.0103120   2.0303527   0.5680018   0.0113929   0.3683839   3.1166926   0.5658513  -1.0000000   0.0111955   0.0000000   2.6237722   0.6491526   0.0000000   0.0000000  -5.4040085  32.7473110   3.1165860   0.5657448   0.0000000   1.0000000   0.0000000
  35.0000000   1.0000000   0.7900555   0.4358017   0.0057993   1.0000000   0.7648948   0.0000000   0.0000000   2.5519812   0.9967079  -5.3329150   0.0103081   2.0310118   0.5680332   0.0113929   0.3685813   3.1182096   0.5662285  -1.0000000   0.0112160   0.0000000   2.6230675   0.6492089   0.0000000   0.0000000  -5.4234230  32.7633262   3.1181106   0.5661294   0.0000000   1.0000000   0.0000000
  36.0000000   1.0000000   0.7900555   0.4361886   0.0057993   1.0000000   0.7648948   0.0000000   0.0000000   2.5530854   0.9969396  -5.3151795   0.0103024   2.0316043   0.5683784   0.0113929   0.3687581   3.1196623   0.5665768  -1.0000000   0.0112532   0.0000000   2.6224606   0.6492462   0.0000000   0.0000000  -5.4418237  32.7794231   3.1195700   0.5664845   0.0000000   1.0000000   0.0000000
  37.0000000   1.0000000   0.7900555   0.4365274   0.0057993   1.0000000   0.7648948   0.0000000   0.0000000   2.5541619   0.9970882  -5.2967842   0.0102891   2.0321225   0.5691090   0.0113929   0.3688978   3.1209434   0.5667816  -1.0000000   0.0113445   0.0000000   2.6218951   0.6492425   0.0000000   0.0000000  -5.4591749  32.7954826   3.1208570   0.5666952   0.0000000   1.0000000   0.0000000
  38.0000000   1.0000000   0.7900555   0.4368242   0.0057993   1.0000000   0.7648948   0.0000000   0.0000000   2.5548510   0.9972905  -5.2775987   0.0102841   2.0326840   0.5680226   0.0113929   0.3689461   3.1222368   0.5673858  -1.0000000   0.0112583   0.0000000   2.6220849   0.6492811   0.0000000   0.0000000  -5.4757741  32.8116278   3.1221568   0.5673058   0.0000000   1.0000000   0.0000000
  39.0000000   1.0000000   0.7900555   0.4370841   0.0057993   1.0000000   0.7648948   0.0000000   0.0000000   2.5561589   0.9975394  -5.2589051   0.0102784   2.0332449   0.5675824   0.0113929   0.3690807   3.1235822   0.5674233  -1.0000000   0.0112129   0.0000000   2.6218125   0.6493414   0.0000000   0.0000000  -5.4918693  32.8281778   3.1235086   0.5673497   0.0000000   1.0000000   0.0000000
  40.0000000   1.0000000   0.7900555   0.4373117   0.0057993   1.0000000   0.7648948   0.0000000   0.0000000   2.5571773   0.9977593  -5.2405894   0.0102732   2.0337856   0.5668576   0.0113929   0.3692607   3.1248510   0.5676737  -1.0000000   0.0112371   0.0000000   2.6211491   0.6493918   0.0000000   0.0000000  -5.5076024  32.8444938   3.1247836   0.5676062   0.0000000   1.0000000   0.0000000
  41.0000000   1.0000000   0.7900555   0.4375111   0.0057993   1.0000000   0.7648948   0.0000000   0.0000000   2.5581693   0.9979686  -5.2227269   0.0102663   2.0342918   0.5664663   0.0113929   0.3694164   3.1260572   0.5678879  -1.0000000   0.0112479   0.0000000   2.6206298   0.6494385   0.0000000   0.0000000  -5.5225556  32.8608145   3.1259955   0.5678262   0.0000000   1.0000000   0.0000000
  42.0000000   1.0000000   0.7900555   0.4376857   0.0057993   1.0000000   0.7648948   0.0000000   0.0000000   2.5591796   0.9981820  -5.2050813   0.0102718   2.0348084   0.5663612   0.0113929   0.3695613   3.1272505   0.5680709  -1.0000000   0.0112342   0.0000000   2.6201944   0.6494935   0.0000000   0.0000000  -5.5370763  32.8771004   3.1271947   0.5680151   0.0000000   1.0000000   0.0000000
  43.0000000   1.0000000   0.7900555   0.4378386   0.0057993   1.0000000   0.7648948   0.0000000   0.0000000   2.5603026   0.9982451  -5.1872133   0.0102456   2.0351517   0.5686315   0.0113929   0.3697200   3.1281821   0.5678795  -1.0000000   0.0114313   0.0000000   2.6192722   0.6494507   0.0000000   0.0000000  -5.5497519  32.8930697   3.1281302   0.5678276   0.0000000   1.0000000   0.0000000
  44.0000000   1.0000000   0.7900555   0.4379726   0.0057993   1.0000000   0.7648948   0.0000000   0.0000000   2.5615482   0.9983778  -5.1674343   0.0102417   2.0355351   0.5673597   0.0113929   0.3696816   3.1291633   0.5676151  -1.0000000   0.0113368   0.0000000   2.6198830   0.6494544   0.0000000   0.0000000  -5.5622078  32.9087271   3.1291158   0.5675676   0.0000000   1.0000000   0.0000000
  45.0000000   1.0000000   0.7900555   0.4380899   0.0057993   1.0000000   0.7648948   0.0000000   0.0000000   2.5622873   0.9984993  -5.1492264   0.0102338   2.0358953   0.5671005   0.0113929   0.3697376   3.1301012   0.5678139  -1.0000000   0.0113491   0.0000000   2.6198183   0.6494534   0.0000000   0.0000000  -5.5740806  32.9238608   3.1300578   0.5677705   0.0000000   1.0000000   0.0000000
  46.0000000   1.0000000   0.7900555   0.4381926   0.0057993   1.0000000   0.7648948   0.0000000   0.0000000   2.5631185   0.9986436  -5.1311387   0.0102295   2.0362652   0.5665853   0.0113929   0.3697814   3.1310460   0.5679274  -1.0000000   0.0113169   0.0000000   2.6198975   0.6494686   0.0000000   0.0000000  -5.5855290  32.9390116   3.1310068   0.5678882   0.0000000   1.0000000   0.0000000
  47.0000000   1.0000000   0.7900555   0.4382826   0.0057993   1.0000000   0.7648948   0.0000000   0.0000000   2.5641209   0.9987918  -5.1134576   0.0102226   2.0366184   0.5663908   0.0113929   0.3698573   3.1319732   0.5678523  -1.0000000   0.0113141   0.0000000   2.6197638   0.6494844   0.0000000   0.0000000  -5.5963876  32.9540430   3.1319380   0.5678171   0.0000000   1.0000000   0.0000000
  48.0000000   1.0000000   0.7900555   0.4383614   0.0057993   1.0000000   0.7648948   0.0000000   0.0000000   2.5650982   0.9989323  -5.0960517   0.0102165   2.0369644   0.5660701   0.0113929   0.3699361   3.1328583   0.5677601  -1.0000000   0.0113149   0.0000000   2.6195913   0.6495018   0.0000000   0.0000000  -5.6067933  32.9687688   3.1328271   0.5677288   0.0000000   1.0000000   0.0000000
  49.0000000   1.0000000   0.7900555   0.4384304   0.0057993   1.0000000   0.7648948   0.0000000   0.0000000   2.5656260   0.9990717  -5.0790529   0.0102104   2.0372940   0.5658645   0.0113929   0.3700141   3.1337173   0.5680912  -1.0000000   0.0113159   0.0000000   2.6194197   0.6495183   0.0000000   0.0000000  -5.6166237  32.9831728   3.1336898   0.5680637   0.0000000   1.0000000   0.0000000
  50.0000000   1.0000000   0.7900555   0.4384909   0.0057993   1.0000000   0.7648948   0.0000000   0.0000000   2.5701071   0.9984074  -5.0619465   0.0102106   2.0374697   0.5712667   0.0110178   0.3700910   3.1329601   0.5628531  -1.0000000   0.0113189   0.0000000   2.6220766   0.6498813   0.0000000   0.0000000  -5.6262610  32.9926247   3.1329355   0.5628284   0.0000000   1.0000000   0.0000000
  51.0000000   1.0000000   0.7900555   0.4385438   0.0057993   1.0000000   0.7648948   0.0000000   0.0000000   2.5698099   0.9982469  -5.0448400   0.0102026   2.0375489   0.5702956   0.0110178   0.3697899   3.1331601   0.5633502  -1.0000000   0.0112511   0.0000000   2.6252552   0.6501387   0.0000000   0.0000000  -5.6338606  33.0025886   3.1331363   0.5633264   0.0000000   1.0000000   0.0000000
  52.0000000   1.0000000   0.7900555   0.4385902   0.0057993   1.0000000   0.7648948   0.0000000   0.0000000   2.5666878   0.9981118  -5.0284503   0.0102025   2.0375887   0.5701165   0.0110178   0.3695566   3.1333538   0.5666660  -1.0000000   0.0112337   0.0000000   2.6255937   0.6497966   0.0000000   0.0000000  -5.6406603  33.0130009   3.1333305   0.5666427   0.0000000   1.0000000   0.0000000
  53.0000000   1.0000000   0.7900555   0.4386308   0.0057993   1.0000000   0.7648948   0.0000000   0.0000000   2.5675249   0.9980229  -5.0090426   0.0101872   2.0376076   0.5700470   0.0110178   0.3693407   3.1337112   0.5661863  -1.0000000   0.0112314   0.0000000   2.6266095   0.6496111   0.0000000   0.0000000  -5.6474282  33.0265849   3.1336881   0.5661632   0.0000000   1.0000000   0.0000000
  54.0000000   1.0000000   0.7900555   0.4386664   0.0057993   1.0000000   0.7648948   0.0000000   0.0000000   2.5682258   0.9979784  -4.9904550   0.0101822   2.0376354   0.5691950   0.0110178   0.3691272   3.1341088   0.5658830  -1.0000000   0.0111812   0.0000000   2.6276965   0.6494415   0.0000000   0.0000000  -5.6538069  33.0395437   3.1340860   0.5658602   0.0000000   1.0000000   0.0000000
  55.0000000   1.0000000   0.7900555   0.4386975   0.0057993   1.0000000   0.7648948   0.0000000   0.0000000   2.5691141   0.9979510  -4.9732479   0.0101763   2.0376706   0.5686266   0.0110178   0.3689637   3.1345135   0.5653994  -1.0000000   0.0111575   0.0000000   2.6284602   0.6492783   0.0000000   0.0000000  -5.6595800  33.0520283   3.1344910   0.5653770   0.0000000   1.0000000   0.0000000
  56.0000000   1.0000000   0.7900555   0.4387248   0.0057993   1.0000000   0.7648948   0.0000000   0.0000000   2.5701270   0.9979360  -4.9573047   0.0101721   2.0377181   0.5682692   0.0110178   0.3688241   3.1349174   0.5647903  -1.0000000   0.0111356   0.0000000   2.6291397   0.6491387   0.0000000   0.0000000  -5.6651423  33.0638628   3.1348955   0.5647684   0.0000000   1.0000000   0.0000000
  57.0000000   1.0000000   0.7900555   0.4387487   0.0057993   1.0000000   0.7648948   0.0000000   0.0000000   2.5708586   0.9979275  -4.9425180   0.0101683   2.0377734   0.5680768   0.0110178   0.3687063   3.1353047   0.5644461  -1.0000000   0.0111185   0.0000000   2.6297340   0.6490215   0.0000000   0.0000000  -5.6702497  33.0749230   3.1352834   0.5644248   0.0000000   1.0000000   0.0000000
  58.0000000   1.0000000   0.7900555   0.4387696   0.0057993   1.0000000   0.7648948   0.0000000   0.0000000   2.5718355   0.9979183  -4.9284227   0.0101630   2.0378269   0.5678212   0.0110178   0.3686056   3.1356768   0.5638413  -1.0000000   0.0111158   0.0000000   2.6302484   0.6489162   0.0000000   0.0000000  -5.6749082  33.0854701   3.1356561   0.5638206   0.0000000   1.0000000   0.0000000
  59.0000000   1.0000000   0.7900555   0.4387879   0.0057993   1.0000000   0.7648948   0.0000000   0.0000000   2.5722805   0.9979177  -4.9153595   0.0101610   2.0378947   0.5672717   0.0110178   0.3685076   3.1360296   0.5637491  -1.0000000   0.0110923   0.0000000   2.6308006   0.6488333   0.0000000   0.0000000  -5.6791915  33.0952770   3.1360096   0.5637291   0.0000000   1.0000000   0.0000000
  60.0000000   1.0000000   0.7900555   0.4388040   0.0057993   1.0000000   0.7648948   0.0000000   0.0000000   2.5729768   0.9979246  -4.9030621   0.0101577   2.0379670   0.5668960   0.0110178   0.3684331   3.1363782   0.5634014  -1.0000000   0.0110793   0.0000000   2.6312257   0.6487615   0.0000000   0.0000000  -5.6830891  33.1048571   3.1363590   0.5633822   0.0000000   1.0000000   0.0000000
  61.0000000   1.0000000   0.7900555   0.4388180   0.0057993   1.0000000   0.7648948   0.0000000   0.0000000   2.5736171   0.9979337  -4.8916020   0.0101549   2.0380423   0.5666980   0.0110178   0.3683716   3.1367078   0.5630907  -1.0000000   0.0110695   0.0000000   2.6315874   0.6487011   0.0000000   0.0000000  -5.6865719  33.1139542   3.1366895   0.5630724   0.0000000   1.0000000   0.0000000
  62.0000000   1.0000000   0.7900555   0.4388304   0.0057993   1.0000000   0.7648948   0.0000000   0.0000000   2.5742081   0.9979445  -4.8807469   0.0101523   2.0381196   0.5663708   0.0110178   0.3683199   3.1370219   0.5628137  -1.0000000   0.0110617   0.0000000   2.6318998   0.6486492   0.0000000   0.0000000  -5.6896825  33.1226081   3.1370044   0.5627963   0.0000000   1.0000000   0.0000000
  63.0000000   1.0000000   0.7900555   0.4388411   0.0057993   1.0000000   0.7648948   0.0000000   0.0000000   2.5747785   0.9979570  -4.8705794   0.0101496   2.0381973   0.5661574   0.0110178   0.3682761   3.1373215   0.5625430  -1.0000000   0.0110551   0.0000000   2.6321732   0.6486042   0.0000000   0.0000000  -5.6924863  33.1308583   3.1373048   0.5625263   0.0000000   1.0000000   0.0000000
  64.0000000   1.0000000   0.7900555   0.4388506   0.0057993   1.0000000   0.7648948   0.0000000   0.0000000   2.5750844   0.9979702  -4.8609708   0.0101474   2.0382748   0.5659139   0.0110178   0.3682388   3.1376057   0.5625213  -1.0000000   0.0110496   0.0000000   2.6324086   0.6485642   0.0000000   0.0000000  -5.6950295  33.1387167   3.1375900   0.5625056   0.0000000   1.0000000   0.0000000
  65.0000000   1.0000000   0.7900555   0.4388589   0.0057993   1.0000000   0.7648948   0.0000000   0.0000000   2.5755884   0.9979860  -4.8516929   0.0101457   2.0383516   0.5655716   0.0110178   0.3682069   3.1378865   0.5622981  -1.0000000   0.0110454   0.0000000   2.6326273   0.6485299   0.0000000   0.0000000  -5.6973352  33.1464389   3.1378716   0.5622831   0.0000000   1.0000000   0.0000000
  66.0000000   1.0000000   0.7900555   0.4388661   0.0057993   1.0000000   0.7648948   0.0000000   0.0000000   2.5760389   0.9980017  -4.8430435   0.0101435   2.0384276   0.5654309   0.0110178   0.3681793   3.1381523   0.5621134  -1.0000000   0.0110416   0.0000000   2.6328215   0.6484995   0.0000000   0.0000000  -5.6993270  33.1538220   3.1381382   0.5620993   0.0000000   1.0000000   0.0000000
  67.0000000   1.0000000   0.7900555   0.4388724   0.0057993   1.0000000   0.7648948   0.0000000   0.0000000   2.5765226   0.9980165  -4.8347750   0.0101415   2.0385044   0.5652561   0.0110178   0.3681555   3.1384032   0.5618806  -1.0000000   0.0110379   0.0000000   2.6329874   0.6484720   0.0000000   0.0000000  -5.7010794  33.1609111   3.1383900   0.5618674   0.0000000   1.0000000   0.0000000
  68.0000000   1.0000000   0.7900555   0.4388780   0.0057993   1.0000000   0.7648948   0.0000000   0.0000000   2.5768591   0.9980255  -4.8269616   0.0101396   2.0385873   0.5650552   0.0110178   0.3681353   3.1386288   0.5617697  -1.0000000   0.0110352   0.0000000   2.6331190   0.6484496   0.0000000   0.0000000  -5.7025916  33.1676612   3.1386165   0.5617574   0.0000000   1.0000000   0.0000000
  69.0000000   1.0000000   0.7900555   0.4388829   0.0057993   1.0000000   0.7648948   0.0000000   0.0000000   2.5773651   0.9980376  -4.8194928   0.0101378   2.0386653   0.5648628   0.0110178   0.3681179   3.1388515   0.5614864  -1.0000000   0.0110327   0.0000000   2.6332435   0.6484291   0.0000000   0.0000000  -5.7040558  33.1741982   3.1388400   0.5614749   0.0000000   1.0000000   0.0000000
  70.0000000   1.0000000   0.7900555   0.4388871   0.0057993   1.0000000   0.7648948   0.0000000   0.0000000   2.5777912   0.9980531  -4.8125346   0.0101360   2.0387323   0.5646678   0.0110178   0.3681031   3.1390664   0.5612753  -1.0000000   0.0110308   0.0000000   2.6333624   0.6484097   0.0000000   0.0000000  -5.7052477  33.1803532   3.1390557   0.5612645   0.0000000   1.0000000   0.0000000
  71.0000000   1.0000000   0.7900555   0.4388909   0.0057993   1.0000000   0.7648948   0.0000000   0.0000000   2.5780870   0.9980670  -4.8060230   0.0101350   2.0387982   0.5644448   0.0110178   0.3680901   3.1392666   0.5611796  -1.0000000   0.0110291   0.0000000   2.6334696   0.6483934   0.0000000   0.0000000  -5.7062289  33.1862033   3.1392566   0.5611696   0.0000000   1.0000000   0.0000000
  72.0000000   1.0000000   0.7900555   0.4388941   0.0057993   1.0000000   0.7648948   0.0000000   0.0000000   2.5784680   0.9980815  -4.7998629   0.0101335   2.0388602   0.5642580   0.0110178   0.3680788   3.1394593   0.5609912  -1.0000000   0.0110278   0.0000000   2.6335652   0.6483773   0.0000000   0.0000000  -5.7070024  33.1918697   3.1394499   0.5609819   0.0000000   1.0000000   0.0000000
  73.0000000   1.0000000   0.7900555   0.4388970   0.0057993   1.0000000   0.7648948   0.0000000   0.0000000   2.5787651   0.9980925  -4.7941122   0.0101322   2.0389233   0.5640823   0.0110178   0.3680687   3.1396340   0.5608688  -1.0000000   0.0110266   0.0000000   2.6336461   0.6483639   0.0000000   0.0000000  -5.7075752  33.1972615   3.1396253   0.5608602   0.0000000   1.0000000   0.0000000
  74.0000000   1.0000000   0.7900555   0.4388995   0.0057993   1.0000000   0.7648948   0.0000000   0.0000000   2.5789561   0.9981024  -4.7886868   0.0101311   2.0389847   0.5639005   0.0110178   0.3680599   3.1397984   0.5608423  -1.0000000   0.0110257   0.0000000   2.6337181   0.6483520   0.0000000   0.0000000  -5.7079801  33.2024481   3.1397904   0.5608344   0.0000000   1.0000000   0.0000000
  75.0000000   1.0000000   0.7900555   0.4389017   0.0057993   1.0000000   0.7648948   0.0000000   0.0000000   2.5792876   0.9981144  -4.7834940   0.0101300   2.0390412   0.5637280   0.0110178   0.3680521   3.1399614   0.5606738  -1.0000000   0.0110247   0.0000000   2.6337912   0.6483407   0.0000000   0.0000000  -5.7082285  33.2075292   3.1399540   0.5606665   0.0000000   1.0000000   0.0000000
  76.0000000   1.0000000   0.7900555   0.4389036   0.0057993   1.0000000   0.7648948   0.0000000   0.0000000   2.5794398   0.9981238  -4.7786703   0.0101290   2.0390975   0.5635576   0.0110178   0.3680451   3.1401103   0.5606704  -1.0000000   0.0110241   0.0000000   2.6338535   0.6483312   0.0000000   0.0000000  -5.7083735  33.2123637   3.1401036   0.5606637   0.0000000   1.0000000   0.0000000
  77.0000000   1.0000000   0.7900555   0.4389053   0.0057993   1.0000000   0.7648948   0.0000000   0.0000000   2.5797674   0.9981330  -4.7740422   0.0101279   2.0391526   0.5633951   0.0110178   0.3680388   3.1402545   0.5604871  -1.0000000   0.0110235   0.0000000   2.6339088   0.6483216   0.0000000   0.0000000  -5.7084103  33.2171210   3.1402484   0.5604810   0.0000000   1.0000000   0.0000000
  78.0000000   1.0000000   0.7900555   0.4389068   0.0057993   1.0000000   0.7648948   0.0000000   0.0000000   2.5800228   0.9981397  -4.7697838   0.0101269   2.0392059   0.5632360   0.0110178   0.3680330   3.1403845   0.5603617  -1.0000000   0.0110233   0.0000000   2.6339570   0.6483136   0.0000000   0.0000000  -5.7083208  33.2216219   3.1403790   0.5603562   0.0000000   1.0000000   0.0000000
  79.0000000   1.0000000   0.7900555   0.4389081   0.0057993   1.0000000   0.7648948   0.0000000   0.0000000   2.5802657   0.9981457  -4.7658296   0.0101259   2.0392575   0.5630632   0.0110178   0.3680275   3.1405063   0.5602406  -1.0000000   0.0110227   0.0000000   2.6340034   0.6483068   0.0000000   0.0000000  -5.7081110  33.2259277   3.1405014   0.5602357   0.0000000   1.0000000   0.0000000
  80.0000000   1.0000000   0.7900555   0.4389092   0.0057993   1.0000000   0.7648948   0.0000000   0.0000000   2.5803370   0.9981493  -4.7621901   0.0101253   2.0393072   0.5629437   0.0110178   0.3680227   3.1406159   0.5602789  -1.0000000   0.0110230   0.0000000   2.6340383   0.6483001   0.0000000   0.0000000  -5.7077511  33.2300456   3.1406116   0.5602745   0.0000000   1.0000000   0.0000000
  81.0000000   1.0000000   0.7900555   0.4389102   0.0057993   1.0000000   0.7648948   0.0000000   0.0000000   2.5840422   0.9981543  -4.7586541   0.0101258   2.0393555   0.5628316   0.0110178   0.3680174   3.1407256   0.5566834  -1.0000000   0.0110219   0.0000000   2.6340720   0.6482920   0.0000000   0.0000000  -5.7073120  33.2341407   3.1407217   0.5566795   0.0000000   1.0000000   0.0000000
  82.0000000   1.0000000   0.7900555   0.4389111   0.0057993   1.0000000   0.7648948   0.0000000   0.0000000   2.5809823   0.9978927  -4.7588857   0.0101242   2.0393967   0.5643677   0.0110178   0.3680133   3.1402661   0.5592838  -1.0000000   0.0112053   0.0000000   2.6341352   0.6484084   0.0000000   0.0000000  -5.7049245  33.2342951   3.1402627   0.5592804   0.0000000   1.0000000   0.0000000
  83.0000000   1.0000000   0.7900555   0.4389118   0.0057993   1.0000000   0.7648948   0.0000000   0.0000000   2.5790610   0.9977910  -4.7549821   0.0101243   2.0394286   0.5633807   0.0110178   0.3678258   3.1401482   0.5610872  -1.0000000   0.0111014   0.0000000   2.6355117   0.6484608   0.0000000   0.0000000  -5.7037492  33.2372221   3.1401451   0.5610842   0.0000000   1.0000000   0.0000000
  84.0000000   1.0000000   0.7900555   0.4389125   0.0057993   1.0000000   0.7648948   0.0000000   0.0000000   2.5799072   0.9977517  -4.7502440   0.0101175   2.0394465   0.5629512   0.0110178   0.3677423   3.1401944   0.5602872  -1.0000000   0.0110748   0.0000000   2.6354209   0.6482915   0.0000000   0.0000000  -5.7031322  33.2419516   3.1401916   0.5602844   0.0000000   1.0000000   0.0000000
  85.0000000   1.0000000   0.7900555   0.4389131   0.0057993   1.0000000   0.7648948   0.0000000   0.0000000   2.5799314   0.9977227  -4.7468161   0.0101179   2.0394598   0.5627349   0.0110178   0.3676853   3.1402329   0.5603015  -1.0000000   0.0110611   0.0000000   2.6355780   0.6482289   0.0000000   0.0000000  -5.7023024  33.2458229   3.1402302   0.5602988   0.0000000   1.0000000   0.0000000
  86.0000000   1.0000000   0.7900555   0.4389136   0.0057993   1.0000000   0.7648948   0.0000000   0.0000000   2.5803144   0.9977058  -4.7436425   0.0101167   2.0394707   0.5625384   0.0110178   0.3676420   3.1402913   0.5599768  -1.0000000   0.0110522   0.0000000   2.6357402   0.6481861   0.0000000   0.0000000  -5.7014266  33.2496605   3.1402887   0.5599742   0.0000000   1.0000000   0.0000000
  87.0000000   1.0000000   0.7900555   0.4389140   0.0057993   1.0000000   0.7648948   0.0000000   0.0000000   2.5799664   0.9976941  -4.7410544   0.0101173   2.0394788   0.5623147   0.0110178   0.3676076   3.1403481   0.5603817  -1.0000000   0.0110463   0.0000000   2.6358835   0.6481532   0.0000000   0.0000000  -5.7004605  33.2531200   3.1403456   0.5603792   0.0000000   1.0000000   0.0000000
  88.0000000   1.0000000   0.7900555   0.4389144   0.0057993   1.0000000   0.7648948   0.0000000   0.0000000   2.5802590   0.9976940  -4.7383277   0.0101156   2.0394834   0.5622423   0.0110178   0.3675791   3.1404357   0.5601767  -1.0000000   0.0110417   0.0000000   2.6360405   0.6481264   0.0000000   0.0000000  -5.6995172  33.2569406   3.1404332   0.5601742   0.0000000   1.0000000   0.0000000
  89.0000000   1.0000000   0.7900555   0.4389148   0.0057993   1.0000000   0.7648948   0.0000000   0.0000000   2.5805575   0.9976957  -4.7359411   0.0101150   2.0394880   0.5620650   0.0110178   0.3675552   3.1405194   0.5599620  -1.0000000   0.0110383   0.0000000   2.6361776   0.6481034   0.0000000   0.0000000  -5.6985245  33.2605003   3.1405170   0.5599596   0.0000000   1.0000000   0.0000000
  90.0000000   1.0000000   0.7900555   0.4389151   0.0057993   1.0000000   0.7648948   0.0000000   0.0000000   2.5807014   0.9976969  -4.7340054   0.0101143   2.0394945   0.5619360   0.0110178   0.3675346   3.1405949   0.5598935  -1.0000000   0.0110356   0.0000000   2.6362965   0.6480839   0.0000000   0.0000000  -5.6974973  33.2637926   3.1405926   0.5598911   0.0000000   1.0000000   0.0000000
  91.0000000   1.0000000   0.7900555   0.4389172   0.0057993   1.0000000   0.7648948   0.0000000   0.0000000   2.5808566   0.9976982  -4.7323214   0.0101140   2.0395036   0.5618604   0.0110178   0.3675169   3.1406669   0.5598103  -1.0000000   0.0110333   0.0000000   2.6364025   0.6480675   0.0000000   0.0000000  -5.6964439  33.2669684   3.1406646   0.5598081   0.0000000   1.0000000   0.0000000
  92.0000000   1.0000000   0.7900555   0.4389172   0.0057993   1.0000000   0.7648948   0.0000000   0.0000000   2.5808711   0.9977025  -4.7308459   0.0101135   2.0395099   0.5617503   0.0110178   0.3675013   3.1407418   0.5598706  -1.0000000   0.0110314   0.0000000   2.6365040   0.6480524   0.0000000   0.0000000  -5.6953868  33.2700135   3.1407396   0.5598685   0.0000000   1.0000000   0.0000000
  93.0000000   1.0000000   0.7900555   0.4389172   0.0057993   1.0000000   0.7648948   0.0000000   0.0000000   2.5810584   0.9977084  -4.7294688   0.0101128   2.0395172   0.5616319   0.0110178   0.3674877   3.1408200   0.5597616  -1.0000000   0.0110300   0.0000000   2.6365974   0.6480383   0.0000000   0.0000000  -5.6943441  33.2730743   3.1408179   0.5597595   0.0000000   1.0000000   0.0000000
  94.0000000   1.0000000   0.7900555   0.4389172   0.0057993   1.0000000   0.7648948   0.0000000   0.0000000   2.5812027   0.9977133  -4.7283696   0.0101120   2.0395262   0.5615373   0.0110178   0.3674755   3.1408922   0.5596895  -1.0000000   0.0110287   0.0000000   2.6366806   0.6480258   0.0000000   0.0000000  -5.6932983  33.2759796   3.1408903   0.5596876   0.0000000   1.0000000   0.0000000
  95.0000000   1.0000000   0.7900555   0.4389172   0.0057993   1.0000000   0.7648948   0.0000000   0.0000000   2.5813506   0.9977183  -4.7274844   0.0101113   2.0395355   0.5614619   0.0110178   0.3674646   3.1409620   0.5596114  -1.0000000   0.0110276   0.0000000   2.6367574   0.6480145   0.0000000   0.0000000  -5.6922589  33.2787687   3.1409601   0.5596095   0.0000000   1.0000000   0.0000000
  96.0000000   1.0000000   0.7900555   0.4389172   0.0057993   1.0000000   0.7648948   0.0000000   0.0000000   2.5813656   0.9977217  -4.7268004   0.0101110   2.0395472   0.5613615   0.0110178   0.3674548   3.1410254   0.5596598  -1.0000000   0.0110267   0.0000000   2.6368254   0.6480050   0.0000000   0.0000000  -5.6912008  33.2814374   3.1410237   0.5596581   0.0000000   1.0000000   0.0000000
  97.0000000   1.0000000   0.7900555   0.4389172   0.0057993   1.0000000   0.7648948   0.0000000   0.0000000   2.5814020   0.9977270  -4.7262122   0.0101107   2.0395580   0.5612868   0.0110178   0.3674458   3.1410927   0.5596907  -1.0000000   0.0110259   0.0000000   2.6368909   0.6479953   0.0000000   0.0000000  -5.6901322  33.2841146   3.1410911   0.5596891   0.0000000   1.0000000   0.0000000
  98.0000000   1.0000000   0.7900555   0.4389172   0.0057993   1.0000000   0.7648948   0.0000000   0.0000000   2.5815067   0.9977326  -4.7257112   0.0101100   2.0395696   0.5612177   0.0110178   0.3674377   3.1411607   0.5596540  -1.0000000   0.0110253   0.0000000   2.6369513   0.6479858   0.0000000   0.0000000  -5.6890910  33.2867819   3.1411592   0.5596525   0.0000000   1.0000000   0.0000000
  99.0000000   1.0000000   0.7900555   0.4389172   0.0057993   1.0000000   0.7648948   0.0000000   0.0000000   2.5815539   0.9977387  -4.7253620   0.0101097   2.0395809   0.5611575   0.0110178   0.3674302   3.1412284   0.5596745  -1.0000000   0.0110247   0.0000000   2.6370104   0.6479771   0.0000000   0.0000000  -5.6881149  33.2893712   3.1412270   0.5596731   0.0000000   1.0000000   0.0000000
 100.0000000   1.0000000   0.7900555   0.4389172   0.0057993   1.0000000   0.7648948   0.0000000   0.0000000   2.5816264   0.9977446  -4.7250976   0.0101093   2.0395931   0.5611292   0.0110178   0.3674233   3.1412947   0.5596684  -1.0000000   0.0110243   0.0000000   2.6370657   0.6479690   0.0000000   0.0000000  -5.6871126  33.2919420   3.1412935   0.5596671   0.0000000   1.0000000   0.0000000
 101.0000000   1.0000000   0.7900555   0.4389172   0.0057993   1.0000000   0.7648948   0.0000000   0.0000000   2.5817195   0.9977500  -4.7249106   0.0101087   2.0396064   0.5610092   0.0110178   0.3674168   3.1413595   0.5596400  -1.0000000   0.0110239   0.0000000   2.6371168   0.6479613   0.0000000   0.0000000  -5.6861498  33.2944671   3.1413584   0.5596389   0.0000000   1.0000000   0.0000000
 102.0000000   1.0000000   0.7900555   0.4389172   0.0057993   1.0000000   0.7648948   0.0000000   0.0000000   2.5817464   0.9977557  -4.7249152   0.0101081   2.0396192   0.5609602   0.0110178   0.3674107   3.1414236   0.5596771  -1.0000000   0.0110235   0.0000000   2.6371670   0.6479541   0.0000000   0.0000000  -5.6852232  33.2969246   3.1414226   0.5596762   0.0000000   1.0000000   0.0000000
 103.0000000   1.0000000   0.7900555   0.4389172   0.0057993   1.0000000   0.7648948   0.0000000   0.0000000   2.5818509   0.9977616  -4.7249739   0.0101074   2.0396324   0.5609958   0.0110178   0.3674050   3.1414881   0.5596371  -1.0000000   0.0110232   0.0000000   2.6372144   0.6479468   0.0000000   0.0000000  -5.6843348  33.2993823   3.1414873   0.5596363   0.0000000   1.0000000   0.0000000
 104.0000000   1.0000000   0.7900555   0.4389172   0.0057993   1.0000000   0.7648948   0.0000000   0.0000000   2.5818966   0.9977679  -4.7250791   0.0101067   2.0396445   0.5609449   0.0110178   0.3673996   3.1415518   0.5596552  -1.0000000   0.0110229   0.0000000   2.6372615   0.6479398   0.0000000   0.0000000  -5.6834613  33.3017615   3.1415511   0.5596545   0.0000000   1.0000000   0.0000000
 105.0000000   1.0000000   0.7900555   0.4389172   0.0057993   1.0000000   0.7648948   0.0000000   0.0000000   2.5818977   0.9977739  -4.7252618   0.0101065   2.0396572   0.5608815   0.0110178   0.3673945   3.1416147   0.5597170  -1.0000000   0.0110228   0.0000000   2.6373060   0.6479330   0.0000000   0.0000000  -5.6825976  33.3041225   3.1416141   0.5597165   0.0000000   1.0000000   0.0000000
 106.0000000   1.0000000   0.7900555   0.4389172   0.0057993   1.0000000   0.7648948   0.0000000   0.0000000   2.5819348   0.9977808  -4.7254866   0.0101054   2.0396697   0.5608314   0.0110178   0.3673895   3.1416804   0.5597456  -1.0000000   0.0110225   0.0000000   2.6373524   0.6479262   0.0000000   0.0000000  -5.6817463  33.3065085   3.1416800   0.5597452   0.0000000   1.0000000   0.0000000
 107.0000000   1.0000000   0.7900555   0.4389172   0.0057993   1.0000000   0.7648948   0.0000000   0.0000000   2.5819032   0.9977874  -4.7257801   0.0101055   2.0396829   0.5607247   0.0110178   0.3673848   3.1417449   0.5598416  -1.0000000   0.0110223   0.0000000   2.6373965   0.6479198   0.0000000   0.0000000  -5.6808744  33.3088874   3.1417446   0.5598414   0.0000000   1.0000000   0.0000000
 108.0000000   1.0000000   0.7900555   0.4389172   0.0057993   1.0000000   0.7648948   0.0000000   0.0000000   2.5819832   0.9977951  -4.7261279   0.0101049   2.0396962   0.5607360   0.0110178   0.3673803   3.1418132   0.5598300  -1.0000000   0.0110219   0.0000000   2.6374432   0.6479137   0.0000000   0.0000000  -5.6800254  33.3113262   3.1418131   0.5598299   0.0000000   1.0000000   0.0000000
 109.0000000   1.0000000   0.7900555   0.4389172   0.0057993   1.0000000   0.7648948   0.0000000   0.0000000   2.5819181   0.9978024  -4.7265210   0.0101043   2.0397099   0.5607226   0.0110178   0.3673762   3.1418796   0.5599616  -1.0000000   0.0110218   0.0000000   2.6374859   0.6479078   0.0000000   0.0000000  -5.6791939  33.3137153   3.1418797   0.5599616   0.0000000   1.0000000   0.0000000
 110.0000000   1.0000000   0.7900555   0.4389172   0.0057993   1.0000000   0.7648948   0.0000000   0.0000000   2.5819090   0.9978107  -4.7268401   0.0101039   2.0397235   0.5607235   0.0110178   0.3673721   3.1419510   0.5600420  -1.0000000   0.0110218   0.0000000   2.6375291   0.6479011   0.0000000   0.0000000  -5.6784061  33.3161999   3.1419512   0.5600422   0.0000000   1.0000000   0.0000000
 111.0000000   1.0000000   0.7900555   0.4389172   0.0057993   1.0000000   0.7648948   0.0000000   0.0000000   2.5820439   0.9978201  -4.7271210   0.0101029   2.0397367   0.5607315   0.0110178   0.3673681   3.1420266   0.5599827  -1.0000000   0.0110218   0.0000000   2.6375751   0.6478940   0.0000000   0.0000000  -5.6776923  33.3187260   3.1420270   0.5599830   0.0000000   1.0000000   0.0000000
 112.0000000   1.0000000   0.7900555   0.4389172   0.0057993   1.0000000   0.7648948   0.0000000   0.0000000   2.5819018   0.9978288  -4.7275024   0.0101025   2.0397498   0.5607191   0.0110178   0.3673641   3.1420984   0.5601966  -1.0000000   0.0110218   0.0000000   2.6376231   0.6478882   0.0000000   0.0000000  -5.6769991  33.3211534   3.1420989   0.5601971   0.0000000   1.0000000   0.0000000
 113.0000000   1.0000000   0.7900555   0.4389172   0.0057993   1.0000000   0.7648948   0.0000000   0.0000000   2.5819419   0.9978402  -4.7277243   0.0101015   2.0397620   0.5607034   0.0110178   0.3673600   3.1421809   0.5602391  -1.0000000   0.0110218   0.0000000   2.6376738   0.6478806   0.0000000   0.0000000  -5.6763829  33.3237572   3.1421816   0.5602397   0.0000000   1.0000000   0.0000000
 114.0000000   1.0000000   0.7900555   0.4389172   0.0057993   1.0000000   0.7648948   0.0000000   0.0000000   2.5819716   0.9978521  -4.7279668   0.0101003   2.0397737   0.5606586   0.0110178   0.3673560   3.1422650   0.5602934  -1.0000000   0.0110218   0.0000000   2.6377267   0.6478731   0.0000000   0.0000000  -5.6758169  33.3263635   3.1422657   0.5602942   0.0000000   1.0000000   0.0000000
 115.0000000   1.0000000   0.7900555   0.4389172   0.0057993   1.0000000   0.7648948   0.0000000   0.0000000   2.5819833   0.9978646  -4.7282509   0.0100996   2.0397846   0.5605298   0.0110178   0.3673520   3.1423506   0.5603673  -1.0000000   0.0110218   0.0000000   2.6377821   0.6478656   0.0000000   0.0000000  -5.6752858  33.3289849   3.1423515   0.5603682   0.0000000   1.0000000   0.0000000
 116.0000000   1.0000000   0.7900555   0.4389172   0.0057993   1.0000000   0.7648948   0.0000000   0.0000000   2.5819854   0.9978783  -4.7286386   0.0100982   2.0397950   0.5604600   0.0110178   0.3673480   3.1424402   0.5604548  -1.0000000   0.0110218   0.0000000   2.6378403   0.6478579   0.0000000   0.0000000  -5.6748278  33.3316396   3.1424412   0.5604558   0.0000000   1.0000000   0.0000000
 117.0000000   1.0000000   0.7900555   0.4389172   0.0057993   1.0000000   0.7648948   0.0000000   0.0000000   2.5819758   0.9978933  -4.7290618   0.0100971   2.0398046   0.5607011   0.0110178   0.3673441   3.1425346   0.5605588  -1.0000000   0.0110217   0.0000000   2.6379032   0.6478501   0.0000000   0.0000000  -5.6744329  33.3343404   3.1425357   0.5605599   0.0000000   1.0000000   0.0000000
 118.0000000   1.0000000   0.7900555   0.4389172   0.0057993   1.0000000   0.7648948   0.0000000   0.0000000   2.5819461   0.9979102  -4.7291898   0.0100956   2.0398131   0.5610138   0.0110178   0.3673402   3.1426351   0.5606891  -1.0000000   0.0110216   0.0000000   2.6379697   0.6478417   0.0000000   0.0000000  -5.6741439  33.3371034   3.1426363   0.5606902   0.0000000   1.0000000   0.0000000
 119.0000000   1.0000000   0.7900555   0.4389172   0.0057993   1.0000000   0.7648948   0.0000000   0.0000000   2.5820045   0.9979343  -4.7288956   0.0100880   2.0398125   0.5608520   0.0110178   0.3673363   3.1427535   0.5579916  -1.0000000   0.0110216   0.0000000   2.6380545   0.6478314   0.0000000   0.0000000  -5.6739565  33.3399549   3.1427546   0.5579928   0.0027574   1.0000000   0.0000000
 120.0000000   1.0000000   0.7900555   0.4389172   0.0057993   1.0000000   0.7648948   0.0000000   0.0000000   2.5845463   0.9978181  -4.8551730   0.0101010   2.0397062   0.5650598   0.0110178   0.3671473   3.1427028   0.5581387  -1.0000000   0.0110177   0.0000000   2.6385782   0.6476132   0.0000000   0.0000000  -5.6528294  33.3538138   3.1427028   0.5581387   0.0000179   1.0000000   0.0000000
