 t avg_prod_f avg_k_f avg_a_f avg_l_f avg_prod_ex avg_k_ex avg_a_ex avg_l_ex
   1.0000000   1.3809142  88.1990856 -12.8387662   2.6333307   1.0794401   1.9327900 -11.3734123   0.8199102
   2.0000000   1.3803482  88.5044342 -12.8912355   2.6212300   1.0821418   2.4449945 -10.8581171   0.8345560
   3.0000000   1.3800245  88.8231913 -14.1796947   2.6096311   1.2090827   8.2889239  -6.4397381   1.0405260
   4.0000000   1.3801807  90.8027874 -14.9552637   2.6537973   1.1217985  11.9418373 -13.2945340   1.1638851
   5.0000000   1.3802514  91.1047641 -14.2547769   2.6694042   1.0715059  11.9065018  -7.4953784   1.1500858
   6.0000000   1.3811259  91.0122047 -14.1968491   2.6761003   1.0907606  11.3214826  -2.7104827   1.1450775
   7.0000000   1.3806838  90.6225249 -14.2987751   2.6755055   1.0853837   9.9295686  -3.7301574   1.0971840
   8.0000000   1.3804421  90.2173068 -14.3921539   2.6738793   1.0774531   9.1367461  -4.3444957   1.0671162
   9.0000000   1.3802470  89.6785453 -14.4621019   2.6685118   1.0771966   7.8232706  -5.4753378   1.0205536
  10.0000000   1.3801233  89.1932140 -14.5304013   2.6631235   1.0797646   6.8972556  -6.3456008   0.9891366
  11.0000000   1.3800742  88.7897718 -14.5879380   2.6592494   1.0829855   6.3011266  -6.9598073   0.9689035
  12.0000000   1.3802541  88.5138080 -14.6339809   2.6568524   1.0827719   5.5037537  -7.6233763   0.9412918
  13.0000000   1.3802563  88.2112285 -14.6760629   2.6532308   1.0819285   4.6271510  -8.5198523   0.9126447
  14.0000000   1.3802059  87.9185325 -14.7036116   2.6495015   1.0714584   4.2321435  -8.9867417   0.8981871
  15.0000000   1.3802061  87.5876973 -14.7115787   2.6447068   1.0802603   3.6770934  -9.3943785   0.8791594
  16.0000000   1.3803477  87.3922550 -14.7187367   2.6421885   1.0796470   3.2014767  -9.8960964   0.8631479
  17.0000000   1.3805847  87.2416882 -14.7168781   2.6404180   1.0802623   2.9838130 -10.1235177   0.8556711
  18.0000000   1.3808145  87.1130569 -14.7090764   2.6387461   1.0811373   2.7349552 -10.2872868   0.8478410
  19.0000000   1.3808955  86.9682707 -14.6971293   2.6365079   1.0718929   2.6794600 -10.4481117   0.8456198
  20.0000000   1.3809246  86.7544528 -14.6736123   2.6324825   1.0722727   2.5132462 -10.5775403   0.8397424
  21.0000000   1.3809995  86.5754862 -14.6457337   2.6291763   1.0745163   2.4550043 -10.6089791   0.8379032
  22.0000000   1.3811770  86.4596640 -14.6153279   2.6269506   1.0747913   2.3481016 -10.7560756   0.8343975
  23.0000000   1.3813865  86.3694070 -14.5804493   2.6251471   1.0770885   2.2563089 -10.8136762   0.8314084
  24.0000000   1.3816001  86.3107547 -14.5432207   2.6238533   1.0813748   2.1437413 -10.8948722   0.8277434
  25.0000000   1.3818368  86.3039202 -14.5055628   2.6235825   1.0803026   2.0915675 -10.9768816   0.8262746
  26.0000000   1.3820465  86.2899400 -14.4636665   2.6230372   1.0797429   2.0255333 -11.0328467   0.8243925
  27.0000000   1.3821556  86.2501286 -14.4194182   2.6219276   1.0825134   1.9322538 -11.1224587   0.8215427
  28.0000000   1.3823541  86.2666121 -14.3757377   2.6222009   1.0802518   1.9640103 -11.1087580   0.8224863
  29.0000000   1.3824701  86.2478227 -14.3290788   2.6216880   1.0843355   2.5559312 -10.5157863   0.8409745
  30.0000000   1.3827949  86.3259674 -14.2875752   2.6228560   1.0804631   2.5760975 -10.5594801   0.8413400
  31.0000000   1.3828538  86.3019447 -14.2399147   2.6217733   1.0799507   2.4817461 -10.6637211   0.8385530
  32.0000000   1.3828879  86.2721000 -14.1907158   2.6205596   1.0792853   2.4475195 -10.7247042   0.8373435
  33.0000000   1.3829348  86.2455614 -14.1405549   2.6193857   1.0785833   2.4030595 -10.8036983   0.8359121
  34.0000000   1.3830113  86.2278007 -14.0879454   2.6184108   1.0786735   2.3738765 -10.8518956   0.8349981
  35.0000000   1.3831222  86.2251522 -14.0349428   2.6177433   1.0788576   2.3553721 -10.8798411   0.8344902
  36.0000000   1.3832301  86.2273891 -13.9817607   2.6172075   1.0790010   2.3477590 -10.8988982   0.8341765
  37.0000000   1.3833503  86.2379438 -13.9282529   2.6167692   1.0814160   2.3005178 -10.9241819   0.8318957
  38.0000000   1.3834630  86.2694319 -13.8760394   2.6167722   1.0807819   2.2936983 -10.9512379   0.8316443
  39.0000000   1.3835165  86.2824122 -13.8219983   2.6163718   1.0803220   2.2639511 -10.9851300   0.8306333
  40.0000000   1.3835378  86.2844884 -13.7673480   2.6157531   1.0802951   2.2520351 -11.0136538   0.8302085
  41.0000000   1.3835702  86.2920625 -13.7148115   2.6152654   1.0803998   2.2682560 -10.9975979   0.8305025
  42.0000000   1.3835997  86.3019875 -13.6632748   2.6147970   1.0804899   2.2665320 -11.0049956   0.8303796
  43.0000000   1.3836076  86.3079534 -13.6107018   2.6142437   1.0831549   2.1947017 -11.0666727   0.8283936
  44.0000000   1.3836892  86.3577444 -13.5601710   2.6146586   1.0824542   2.2032621 -11.0779401   0.8286771
  45.0000000   1.3837129  86.3847436 -13.5104021   2.6146062   1.0828677   2.1893441 -11.0973197   0.8282371
  46.0000000   1.3837308  86.4145791 -13.4613994   2.6146225   1.0823713   2.1975735 -11.1005465   0.8284956
  47.0000000   1.3837340  86.4367889 -13.4123408   2.6144822   1.0823056   2.1956128 -11.1115542   0.8284264
  48.0000000   1.3837331  86.4575518 -13.3639250   2.6143132   1.0824238   2.1975653 -11.1150469   0.8284570
  49.0000000   1.3837261  86.4776451 -13.3166247   2.6141458   1.0824192   2.1965677 -11.1251667   0.8284269
  50.0000000   1.3835975  86.5700986 -13.2821565   2.6154373   1.0824622   2.1953386 -11.1326935   0.8283959
  51.0000000   1.3834887  86.6647055 -13.2477358   2.6168310   1.0816343   2.0875745 -11.2514859   0.8248387
  52.0000000   1.3833674  86.7451985 -13.2127921   2.6180329   1.0806796   2.0770952 -11.2725702   0.8245068
  53.0000000   1.3832748  86.8301411 -13.1692657   2.6192671   1.0807922   2.0621109 -11.2890001   0.8240734
  54.0000000   1.3831910  86.9130093 -13.1277679   2.6205141   1.0803228   2.0638296 -11.2894593   0.8241232
  55.0000000   1.3830936  86.9832475 -13.0881302   2.6215140   1.0799030   2.0593906 -11.3010345   0.8239999
  56.0000000   1.3830010  87.0463889 -13.0509697   2.6223892   1.0794655   2.0573139 -11.3151878   0.8239407
  57.0000000   1.3829138  87.1025115 -13.0160765   2.6231413   1.0791244   2.0548711 -11.3303294   0.8238750
  58.0000000   1.3828322  87.1533918 -12.9823984   2.6238026   1.0789725   2.0495204 -11.3421137   0.8237287
  59.0000000   1.3827614  87.2017461 -12.9513322   2.6244289   1.0787365   2.0507001 -11.3464246   0.8237691
  60.0000000   1.3826863  87.2441122 -12.9214666   2.6249342   1.0785305   2.0508627 -11.3519803   0.8237689
  61.0000000   1.3826139  87.2822396 -12.8933553   2.6253619   1.0784039   2.0503451 -11.3561425   0.8237531
  62.0000000   1.3825436  87.3169414 -12.8664955   2.6257306   1.0782904   2.0498943 -11.3601748   0.8237387
  63.0000000   1.3824763  87.3487888 -12.8411768   2.6260524   1.0782013   2.0494509 -11.3634316   0.8237250
  64.0000000   1.3824117  87.3780949 -12.8171036   2.6263331   1.0781315   2.0490903 -11.3657449   0.8237140
  65.0000000   1.3823497  87.4057911 -12.7937139   2.6265860   1.0780752   2.0487962 -11.3678192   0.8237080
  66.0000000   1.3822907  87.4316293 -12.7718361   2.6268102   1.0780303   2.0484962 -11.3691493   0.8236995
  67.0000000   1.3822342  87.4558225 -12.7508325   2.6270061   1.0779942   2.0480738 -11.3701360   0.8236871
  68.0000000   1.3821798  87.4782738 -12.7309028   2.6271635   1.0779639   2.0479497 -11.3706320   0.8236826
  69.0000000   1.3821278  87.4995297 -12.7117872   2.6273103   1.0779431   2.0478958 -11.3703921   0.8236798
  70.0000000   1.3820778  87.5191934 -12.6939320   2.6274500   1.0779274   2.0478548 -11.3700997   0.8236781
  71.0000000   1.3820301  87.5376224 -12.6771907   2.6275729   1.0779160   2.0478805 -11.3694828   0.8236781
  72.0000000   1.3819843  87.5551886 -12.6613205   2.6276870   1.0779089   2.0479358 -11.3685982   0.8236794
  73.0000000   1.3819406  87.5717232 -12.6464848   2.6277827   1.0779049   2.0480203 -11.3673517   0.8236811
  74.0000000   1.3818987  87.5874380 -12.6324664   2.6278680   1.0779020   2.0480983 -11.3660713   0.8236825
  75.0000000   1.3818587  87.6026639 -12.6190303   2.6279524   1.0779042   2.0482155 -11.3642384   0.8236853
  76.0000000   1.3818203  87.6170239 -12.6065363   2.6280240   1.0779057   2.0483117 -11.3625361   0.8236873
  77.0000000   1.3817836  87.6310410 -12.5945380   2.6280910   1.0779099   2.0484029 -11.3605218   0.8236896
  78.0000000   1.3817484  87.6442428 -12.5834942   2.6281486   1.0779202   2.0488613 -11.3579172   0.8237048
  79.0000000   1.3817147  87.6568699 -12.5732442   2.6282005   1.0779296   2.0483288 -11.3561593   0.8236837
  80.0000000   1.3816823  87.6688636 -12.5638045   2.6282447   1.0779657   2.0483852 -11.3531593   0.8236866
  81.0000000   1.3816509  87.6808803 -12.5546493   2.6282918   1.0779617   2.0486304 -11.3504735   0.8236926
  82.0000000   1.3816206  87.6822402 -12.5553967   2.6279279   1.0832902   1.9394228 -11.3916349   0.8202879
  83.0000000   1.3815893  87.7333523 -12.5513054   2.6287341   1.0810445   1.9409822 -11.4263555   0.8202562
  84.0000000   1.3815479  87.7651950 -12.5415648   2.6291492   1.0804938   1.9382594 -11.4333253   0.8201342
  85.0000000   1.3815062  87.7886234 -12.5344003   2.6294360   1.0801725   1.9360012 -11.4399147   0.8200489
  86.0000000   1.3814670  87.8087916 -12.5274516   2.6296712   1.0799842   1.9347039 -11.4412924   0.8199977
  87.0000000   1.3814298  87.8259107 -12.5217548   2.6298654   1.0798502   1.9338034 -11.4419342   0.8199623
  88.0000000   1.3813950  87.8426133 -12.5154956   2.6300526   1.0797580   1.9332704 -11.4412202   0.8199401
  89.0000000   1.3813622  87.8575671 -12.5099820   2.6302154   1.0796856   1.9329130 -11.4402648   0.8199247
  90.0000000   1.3813313  87.8710295 -12.5055472   2.6303551   1.0796309   1.9326777 -11.4388175   0.8199141
  91.0000000   1.3813023  87.8835471 -12.5016859   2.6304768   1.0795886   1.9325299 -11.4370074   0.8199068
  92.0000000   1.3812749  87.8951972 -12.4983006   2.6305920   1.0795571   1.9324602 -11.4346646   0.8199023
  93.0000000   1.3812489  87.9064407 -12.4951114   2.6306988   1.0795278   1.9323426 -11.4329757   0.8198977
  94.0000000   1.3812245  87.9169493 -12.4926099   2.6307936   1.0795055   1.9323022 -11.4308264   0.8198951
  95.0000000   1.3812015  87.9268555 -12.4906314   2.6308804   1.0794869   1.9322656 -11.4287241   0.8198930
  96.0000000   1.3811798  87.9361928 -12.4891489   2.6309559   1.0794711   1.9322358 -11.4266649   0.8198913
  97.0000000   1.3811594  87.9453453 -12.4878900   2.6310303   1.0794593   1.9322345 -11.4244119   0.8198904
  98.0000000   1.3811401  87.9542842 -12.4868347   2.6311003   1.0794490   1.9322199 -11.4223214   0.8198894
  99.0000000   1.3811219  87.9628717 -12.4861599   2.6311674   1.0794407   1.9322251 -11.4201823   0.8198889
 100.0000000   1.3811048  87.9712751 -12.4856897   2.6312300   1.0794339   1.9322181 -11.4181347   0.8198883
 101.0000000   1.3810886  87.9794508 -12.4854090   2.6312884   1.0794284   1.9322275 -11.4160737   0.8198881
 102.0000000   1.3810733  87.9873523 -12.4856209   2.6313449   1.0794237   1.9322335 -11.4140933   0.8198879
 103.0000000   1.3810589  87.9951736 -12.4859644   2.6313994   1.0794203   1.9322390 -11.4121274   0.8198877
 104.0000000   1.3810454  88.0027186 -12.4864207   2.6314531   1.0794174   1.9322515 -11.4102218   0.8198877
 105.0000000   1.3810326  88.0101561 -12.4870737   2.6315045   1.0794174   1.9323014 -11.4083130   0.8198899
 106.0000000   1.3810205  88.0176177 -12.4878316   2.6315569   1.0794145   1.9323204 -11.4064443   0.8198901
 107.0000000   1.3810092  88.0250071 -12.4887638   2.6316068   1.0794149   1.9323469 -11.4043880   0.8198906
 108.0000000   1.3809984  88.0324979 -12.4898312   2.6316575   1.0794215   1.9324053 -11.4014382   0.8198920
 109.0000000   1.3809879  88.0397644 -12.4910053   2.6317050   1.0794203   1.9323394 -11.3997054   0.8198909
 110.0000000   1.3809780  88.0472672 -12.4919814   2.6317550   1.0794177   1.9322848 -11.3983363   0.8198898
 111.0000000   1.3809688  88.0548850 -12.4928574   2.6318081   1.0794171   1.9322785 -11.3968736   0.8198894
 112.0000000   1.3809603  88.0622407 -12.4939989   2.6318590   1.0794170   1.9322799 -11.3954927   0.8198893
 113.0000000   1.3809524  88.0700571 -12.4947180   2.6319170   1.0794173   1.9322804 -11.3942074   0.8198891
 114.0000000   1.3809450  88.0778836 -12.4954920   2.6319765   1.0794181   1.9322669 -11.3927973   0.8198890
 115.0000000   1.3809382  88.0857432 -12.4963749   2.6320374   1.0794184   1.9322754 -11.3915892   0.8198890
 116.0000000   1.3809318  88.0936859 -12.4975312   2.6321011   1.0794196   1.9322842 -11.3903737   0.8198891
 117.0000000   1.3809258  88.1017456 -12.4987804   2.6321683   1.0794204   1.9322911 -11.3892014   0.8198894
 118.0000000   1.3809202  88.1099557 -12.4992475   2.6322399   1.0794212   1.9322990 -11.3880913   0.8198896
 119.0000000   1.3809151  88.1183899 -12.4985972   2.6323302   1.0794219   1.9323049 -11.3868939   0.8198904
 120.0000000   1.3809142  88.1990856 -12.8387662   2.6333307   1.0794401   1.9327900 -11.3734123   0.8199102
