   0.0000000   0.0000000   0.0000000   0.0000000   0.0000000   0.0000000   0.0000000
   0.1018031   0.0000000   0.2879426   0.2879426   0.2879426   0.2879426   0.2879426
   0.2879426   0.0000000   0.5289844   0.5289844   0.8144247   0.8144247   0.8144247
   0.5289844   0.0000000   1.1381932   1.1381932   1.1381932   1.1381932   1.4961938
   0.8144247   0.0000000   1.8854197   1.8854197   1.8854197   1.8854197   2.3035410
   1.1381932   1.4961938   2.3035410   2.7486835   2.7486835   2.7486835   3.2192965
   1.4961938   2.3035410   3.2192965   3.7140693   3.7140693   3.7140693   4.2318751
   1.8854197   2.7486835   4.2318751   4.2318751   4.2318751   4.7717315   5.3327721
   2.3035410   3.2192965   4.7717315   5.3327721   5.3327721   5.9142252   6.5153979
   2.7486835   3.7140693   5.9142252   6.5153979   6.5153979   7.1356634   7.7744510
   3.2192965   4.7717315   6.5153979   7.1356634   7.7744510   7.7744510   9.1055454
   3.7140693   5.3327721   7.7744510   8.4312385   8.4312385   9.1055454  10.5049742
   4.2318751   5.9142252   9.1055454   9.7969279   9.7969279  10.5049742  11.9695503
   4.7717315   6.5153979   9.7969279  11.2293010  11.2293010  11.9695503  13.4831040
   5.3327721   7.7744510  11.2293010  11.9695503  12.7253866  13.4831040  15.0833573
   5.9142252   8.4312385  11.9695503  13.4831040  13.4831040  14.2825784  16.7279550
   6.5153979   9.1055454  13.4831040  15.0833573  15.0833573  15.8985665  18.4283282
   7.1356634   9.7969279  14.2825784  15.8985665  16.7279550  17.5712845  20.1827038
   7.7744510  10.5049742  15.8985665  17.5712845  17.5712845  19.2988700  21.9894680
   8.4312385  11.2293010  17.5712845  19.2988700  19.2988700  21.0796326  23.8471435
   9.1055454  11.9695503  18.4283282  21.0796326  21.0796326  21.9894680  25.7543716
   9.7969279  13.4831040  20.1827038  21.9894680  22.9120293  23.8471435  27.7098967
  10.5049742  14.2825784  21.0796326  23.8471435  23.8471435  25.7543716  29.7125541
  11.2293010  15.0833573  22.9120293  25.7543716  25.7543716  27.7098967  31.7612597
  11.9695503  15.8985665  23.8471435  26.7261718  27.7098967  29.7125541  33.8550007
  12.7253866  16.7279550  25.7543716  28.7054034  28.7054034  30.7312157  35.9928285
  13.4831040  17.5712845  26.7261718  29.7125541  30.7312157  32.8025614  38.1738521
  14.2825784  18.4283282  28.7054034  31.7612597  31.7612597  34.9184607  40.3972322
  15.0833573  19.2988700  29.7125541  33.8550007  33.8550007  37.0779944  41.5245567
  15.8985665  20.1827038  31.7612597  34.9184607  35.9928285  38.1738521  43.8100001
  16.7279550  21.0796326  32.8025614  37.0779944  37.0779944  40.3972322  46.1358991
  17.5712845  21.9894680  34.9184607  39.2802981  39.2802981  42.6621768  48.5015618
  18.4283282  22.9120293  35.9928285  40.3972322  41.5245567  43.8100001  50.9063307
  19.2988700  23.8471435  38.1738521  42.6621768  42.6621768  46.1358991  53.3495801
  20.1827038  24.7946442  39.2802981  43.8100001  44.9679367  48.5015618  55.8307131
  21.0796326  25.7543716  40.3972322  46.1358991  47.3138018  50.9063307  58.3491598
  21.9894680  26.7261718  42.6621768  48.5015618  48.5015618  52.1231833  60.9043754
  22.9120293  27.7098967  43.8100001  49.6990978  50.9063307  54.5854474  63.4958382
  23.8471435  28.7054034  46.1358991  52.1231833  52.1231833  57.0853068  66.1230482
  24.7946442  29.7125541  47.3138018  53.3495801  54.5854474  58.3491598  68.7855253
  25.7543716  30.7312157  49.6990978  55.8307131  55.8307131  60.9043754  71.4828086
  26.7261718  30.7312157  50.9063307  57.0853068  58.3491598  63.4958382  74.2144544
  27.7098967  31.7612597  52.1231833  59.6222046  60.9043754  64.8050053  75.5930293
  28.7054034  32.8025614  54.5854474  60.9043754  62.1956077  67.4499076  78.3754234
  29.7125541  33.8550007  55.8307131  63.4958382  64.8050053  70.1298443  81.1911415
  30.7312157  34.9184607  57.0853068  64.8050053  66.1230482  71.4828086  84.0397939
  31.7612597  35.9928285  59.6222046  67.4499076  68.7855253  74.2144544  85.4763524
  32.8025614  37.0779944  60.9043754  70.1298443  70.1298443  75.5930293  88.3737043
  33.8550007  37.0779944  63.4958382  71.4828086  72.8443632  78.3754234  91.3030727
  34.9184607  39.2802981  64.8050053  74.2144544  74.2144544  81.1911415  94.2641116
  35.9928285  39.2802981  66.1230482  75.5930293  76.9800359  82.6113748  95.7564022
  37.0779944  40.3972322  68.7855253  78.3754234  78.3754234  85.4763524  98.7643214
  38.1738521  41.5245567  70.1298443  79.7791416  81.1911415  88.3737043 101.8030925
  39.2802981  42.6621768  71.4828086  81.1911415  82.6113748  89.8344083 104.8724052
  40.3972322  43.8100001  72.8443632  84.0397939  85.4763524  92.7796545 106.4184203
  41.5245567  44.9679367  75.5930293  85.4763524  86.9210042  94.2641116 109.5329840
  42.6621768  46.1358991  76.9800359  88.3737043  89.8344083  97.2564856 112.6773533
  43.8100001  46.1358991  78.3754234  89.8344083  91.3030727 100.2798701 114.2606273
  44.9679367  47.3138018  81.1911415  92.7796545  94.2641116 101.8030925 117.4491826
  46.1358991  48.5015618  82.6113748  94.2641116  95.7564022 104.8724052 120.6668581
  47.3138018  48.5015618  84.0397939  97.2564856  98.7643214 106.4184203 123.9133926
  48.5015618  49.6990978  85.4763524  98.7643214 100.2798701 109.5329840 125.5474023
  49.6990978  50.9063307  88.3737043 100.2798701 101.8030925 111.1014606 128.8367507
  50.9063307  52.1231833  89.8344083 103.3339501 104.8724052 114.2606273 132.1543347
  52.1231833  52.1231833  91.3030727 104.8724052 106.4184203 115.8512483 133.8236404
  53.3495801  53.3495801  92.7796545 107.9719586 109.5329840 119.0543968 137.1831329
  54.5854474  53.3495801  95.7564022 109.5329840 111.1014606 120.6668581 140.5702763
  55.8307131  54.5854474  97.2564856 111.1014606 114.2606273 123.9133926 143.9848467
  57.0853068  55.8307131  98.7643214 114.2606273 115.8512483 125.5474023 145.7023485
  58.3491598  55.8307131 100.2798701 115.8512483 117.4491826 128.8367507 149.1576513
  59.6222046  57.0853068 101.8030925 119.0543968 120.6668581 130.4920283 152.6398442
  60.9043754  58.3491598 104.8724052 120.6668581 122.2865340 133.8236404 156.1487213
  62.1956077  58.3491598 106.4184203 122.2865340 123.9133926 135.4999161 159.6840811
  63.4958382  59.6222046 107.9719586 125.5474023 127.1885319 138.8732623 161.4616303
  64.8050053  59.6222046 109.5329840 127.1885319 128.8367507 140.5702763 165.0363463
  66.1230482  60.9043754 111.1014606 128.8367507 132.1543347 142.2741469 168.6370608
  67.4499076  60.9043754 112.6773533 132.1543347 133.8236404 145.7023485 172.2635874
  68.7855253  62.1956077 115.8512483 133.8236404 135.4999161 147.4266256 174.0864731
  70.1298443  63.4958382 117.4491826 135.4999161 138.8732623 150.8953995 177.7513771
  71.4828086  63.4958382 119.0543968 138.8732623 140.5702763 152.6398442 181.4416442
  72.8443632  66.1230482 120.6668581 140.5702763 142.2741469 156.1487213 185.1571014
  74.2144544  66.1230482 122.2865340 142.2741469 145.7023485 157.9131033 187.0242231
  75.5930293  67.4499076 123.9133926 145.7023485 147.4266256 159.6840811 190.7771482
  76.9800359  68.7855253 125.5474023 147.4266256 149.1576513 163.2457267 194.5548456
  78.3754234  68.7855253 127.1885319 149.1576513 150.8953995 165.0363463 196.4529334
  79.7791416  68.7855253 128.8367507 150.8953995 154.3909599 168.6370608 198.3571539
  81.1911415  70.1298443 132.1543347 154.3909599 156.1487213 170.4471091 202.1839147
  82.6113748  70.1298443 133.8236404 156.1487213 157.9131033 172.2635874 204.1064162
  84.0397939  71.4828086 135.4999161 157.9131033 161.4616303 175.9157438 207.9695656
  85.4763524  72.8443632 137.1831329 159.6840811 163.2457267 177.7513771 209.9101759
  86.9210042  72.8443632 138.8732623 163.2457267 165.0363463 181.4416442 211.8567849
  88.3737043  74.2144544 140.5702763 165.0363463 166.8334655 183.2962347 215.7679260
  89.8344083  74.2144544 142.2741469 166.8334655 170.4471091 185.1571014 217.7324216
  91.3030727  75.5930293 143.9848467 168.6370608 172.2635874 188.8975789 219.7028433
  92.7796545  75.5930293 145.7023485 170.4471091 174.0864731 190.7771482 223.6613941
  94.2641116  75.5930293 147.4266256 174.0864731 175.9157438 192.6629106 225.6494882
  95.7564022  76.9800359 149.1576513 175.9157438 179.5933512 196.4529334 227.6434382
  97.2564856  76.9800359 150.8953995 177.7513771 181.4416442 198.3571539 229.6432270
  98.7643214  78.3754234 152.6398442 179.5933512 183.2962347 200.2674875 233.6602533
 100.2798701  78.3754234 154.3909599 181.4416442 185.1571014 204.1064162 235.6774572
 101.8030925  78.3754234 156.1487213 185.1571014 187.0242231 206.0349728 237.7004328
 103.3339501  78.3754234 157.9131033 187.0242231 190.7771482 207.9695656 241.7636335
 104.8724052  79.7791416 159.6840811 188.8975789 192.6629106 211.8567849 243.8038263
 106.4184203  79.7791416 161.4616303 190.7771482 194.5548456 213.8093744 245.8497258
 107.9719586  79.7791416 163.2457267 192.6629106 196.4529334 215.7679260 247.9013164
 109.5329840  81.1911415 165.0363463 194.5548456 198.3571539 219.7028433 252.0215076
 111.1014606  81.1911415 166.8334655 198.3571539 200.2674875 221.6791733 254.0900772
 112.6773533  81.1911415 168.6370608 200.2674875 204.1064162 223.6613941 256.1642755
 114.2606273  81.1911415 170.4471091 202.1839147 206.0349728 227.6434382 260.3294977
 115.8512483  82.6113748 172.2635874 204.1064162 207.9695656 229.6432270 262.4204915
 117.4491826  82.6113748 174.0864731 206.0349728 209.9101759 231.6488377 264.5170538
 119.0543968  82.6113748 175.9157438 207.9695656 211.8567849 233.6602533 268.7268254
 120.6668581  82.6113748 175.9157438 209.9101759 213.8093744 235.6774572 270.8400054
 122.2865340  84.0397939 177.7513771 211.8567849 215.7679260 239.7291636 272.9586957
 123.9133926  84.0397939 179.5933512 215.7679260 219.7028433 241.7636335 275.0828819
 125.5474023  84.0397939 181.4416442 217.7324216 221.6791733 243.8038263 279.3476857
 127.1885319  84.0397939 183.2962347 219.7028433 223.6613941 245.8497258 281.4882752
 128.8367507  84.0397939 185.1571014 221.6791733 225.6494882 247.9013164 283.6343046
 130.4920283  85.4763524 187.0242231 223.6613941 227.6434382 249.9585822 287.9426281
 132.1543347  85.4763524 188.8975789 225.6494882 229.6432270 254.0900772 290.1048950
 133.8236404  85.4763524 188.8975789 227.6434382 231.6488377 256.1642755 292.2725474
 135.4999161  85.4763524 190.7771482 229.6432270 233.6602533 258.2440874 296.6239554
 137.1831329  85.4763524 192.6629106 231.6488377 235.6774572 260.3294977 298.8076846
 138.8732623  85.4763524 194.5548456 233.6602533 237.7004328 262.4204915 300.9967465
 140.5702763  86.9210042 196.4529334 235.6774572 241.7636335 264.5170538 305.3908165
 142.2741469  86.9210042 198.3571539 237.7004328 243.8038263 266.6191700 307.5957991
 143.9848467  86.9210042 198.3571539 239.7291636 245.8497258 268.7268254 312.0215958
 145.7023485  86.9210042 200.2674875 241.7636335 247.9013164 270.8400054 314.2423849
 147.4266256  86.9210042 202.1839147 243.8038263 249.9585822 272.9586957 316.4684178
 149.1576513  86.9210042 204.1064162 245.8497258 252.0215076 275.0828819 320.9361663
 150.8953995  86.9210042 206.0349728 247.9013164 254.0900772 279.3476857 323.1778575
 152.6398442  86.9210042 206.0349728 249.9585822 256.1642755 281.4882752 325.4247437
 154.3909599  86.9210042 207.9695656 252.0215076 258.2440874 283.6343046 329.9340537
 156.1487213  86.9210042 209.9101759 254.0900772 260.3294977 285.7857601 332.1964537
 157.9131033  86.9210042 211.8567849 256.1642755 262.4204915 287.9426281 336.7366851
 159.6840811  86.9210042 213.8093744 258.2440874 264.5170538 290.1048950 339.0144933
 161.4616303  86.9210042 213.8093744 260.3294977 266.6191700 292.2725474 341.2974144
 163.2457267  86.9210042 215.7679260 262.4204915 268.7268254 294.4455720 345.8785498
 165.0363463  86.9210042 217.7324216 264.5170538 270.8400054 296.6239554 348.1767415
 166.8334655  88.3737043 217.7324216 266.6191700 272.9586957 298.8076846 352.7883167
 168.6370608  88.3737043 219.7028433 268.7268254 272.9586957 300.9967465 355.1016782
 170.4471091  88.3737043 221.6791733 270.8400054 275.0828819 303.1911281 357.4200741
 172.2635874  88.3737043 223.6613941 272.9586957 277.2125499 305.3908165 362.0719260
 174.0864731  88.3737043 223.6613941 275.0828819 279.3476857 307.5957991 364.4053604
 175.9157438  88.3737043 225.6494882 277.2125499 281.4882752 309.8060630 369.0871924
 177.7513771  88.3737043 227.6434382 279.3476857 283.6343046 312.0215958 371.4355689
 179.5933512  88.3737043 227.6434382 279.3476857 285.7857601 314.2423849 373.7889050
 181.4416442  88.3737043 229.6432270 281.4882752 287.9426281 316.4684178 378.5104144
 183.2962347  88.3737043 231.6488377 283.6343046 290.1048950 316.4684178 380.8785670
 185.1571014  88.3737043 231.6488377 285.7857601 292.2725474 318.6996824 385.6296170
 187.0242231  86.9210042 233.6602533 287.9426281 292.2725474 320.9361663 388.0124941
 188.8975789  86.9210042 235.6774572 290.1048950 294.4455720 323.1778575 392.7929021
 190.7771482  86.9210042 235.6774572 292.2725474 296.6239554 325.4247437 395.1904131
 192.6629106  86.9210042 237.7004328 292.2725474 298.8076846 327.6768131 397.5927824
 194.5548456  86.9210042 239.7291636 294.4455720 300.9967465 329.9340537 400.0000000
 196.4529334  86.9210042 239.7291636 296.6239554 303.1911281 332.1964537 400.0000000
 198.3571539  86.9210042 241.7636335 298.8076846 305.3908165 334.4640014 400.0000000
 200.2674875  86.9210042 243.8038263 300.9967465 305.3908165 336.7366851 400.0000000
 202.1839147  86.9210042 243.8038263 303.1911281 307.5957991 339.0144933 400.0000000
 204.1064162  86.9210042 245.8497258 303.1911281 309.8060630 341.2974144 400.0000000
 206.0349728  86.9210042 247.9013164 305.3908165 312.0215958 343.5854370 400.0000000
 207.9695656  86.9210042 247.9013164 307.5957991 314.2423849 345.8785498 400.0000000
 209.9101759  86.9210042 249.9585822 309.8060630 314.2423849 348.1767415 400.0000000
 211.8567849  86.9210042 249.9585822 312.0215958 316.4684178 350.4800008 400.0000000
 213.8093744  86.9210042 252.0215076 312.0215958 318.6996824 352.7883167 400.0000000
 215.7679260  86.9210042 252.0215076 314.2423849 320.9361663 352.7883167 400.0000000
 217.7324216  86.9210042 254.0900772 316.4684178 323.1778575 355.1016782 400.0000000
 219.7028433  86.9210042 254.0900772 318.6996824 323.1778575 357.4200741 400.0000000
 221.6791733  86.9210042 256.1642755 318.6996824 325.4247437 359.7434937 400.0000000
 223.6613941  86.9210042 258.2440874 320.9361663 327.6768131 362.0719260 400.0000000
 225.6494882  86.9210042 258.2440874 323.1778575 329.9340537 364.4053604 400.0000000
 227.6434382  85.4763524 260.3294977 325.4247437 329.9340537 366.7437861 400.0000000
 229.6432270  85.4763524 260.3294977 325.4247437 332.1964537 369.0871924 400.0000000
 231.6488377  85.4763524 262.4204915 327.6768131 334.4640014 371.4355689 400.0000000
 233.6602533  85.4763524 262.4204915 329.9340537 336.7366851 373.7889050 400.0000000
 235.6774572  85.4763524 264.5170538 329.9340537 336.7366851 373.7889050 400.0000000
 237.7004328  85.4763524 264.5170538 332.1964537 339.0144933 376.1471903 400.0000000
 239.7291636  85.4763524 266.6191700 334.4640014 341.2974144 378.5104144 400.0000000
 241.7636335  85.4763524 266.6191700 336.7366851 343.5854370 380.8785670 400.0000000
 243.8038263  85.4763524 268.7268254 336.7366851 343.5854370 383.2516380 400.0000000
 245.8497258  85.4763524 268.7268254 339.0144933 345.8785498 385.6296170 400.0000000
 247.9013164  84.0397939 270.8400054 341.2974144 348.1767415 388.0124941 400.0000000
 249.9585822  84.0397939 270.8400054 341.2974144 348.1767415 390.4002591 400.0000000
 252.0215076  84.0397939 272.9586957 343.5854370 350.4800008 390.4002591 400.0000000
 254.0900772  84.0397939 272.9586957 345.8785498 352.7883167 392.7929021 400.0000000
 256.1642755  84.0397939 275.0828819 345.8785498 352.7883167 395.1904131 400.0000000
 258.2440874  84.0397939 275.0828819 348.1767415 355.1016782 397.5927824 400.0000000
 260.3294977  84.0397939 277.2125499 350.4800008 357.4200741 400.0000000 400.0000000
 262.4204915  84.0397939 277.2125499 350.4800008 357.4200741 400.0000000 400.0000000
 264.5170538  84.0397939 279.3476857 352.7883167 359.7434937 400.0000000 400.0000000
 266.6191700  84.0397939 279.3476857 352.7883167 362.0719260 400.0000000 400.0000000
 268.7268254  82.6113748 279.3476857 355.1016782 362.0719260 400.0000000 400.0000000
 270.8400054  82.6113748 281.4882752 357.4200741 364.4053604 400.0000000 400.0000000
 272.9586957  82.6113748 281.4882752 357.4200741 366.7437861 400.0000000 400.0000000
 275.0828819  82.6113748 283.6343046 359.7434937 366.7437861 400.0000000 400.0000000
 277.2125499  82.6113748 283.6343046 362.0719260 369.0871924 400.0000000 400.0000000
 279.3476857  82.6113748 283.6343046 362.0719260 371.4355689 400.0000000 400.0000000
 281.4882752  82.6113748 285.7857601 364.4053604 371.4355689 400.0000000 400.0000000
 283.6343046  82.6113748 285.7857601 364.4053604 373.7889050 400.0000000 400.0000000
 285.7857601  81.1911415 287.9426281 366.7437861 373.7889050 400.0000000 400.0000000
 287.9426281  81.1911415 287.9426281 369.0871924 376.1471903 400.0000000 400.0000000
 290.1048950  81.1911415 287.9426281 369.0871924 378.5104144 400.0000000 400.0000000
 292.2725474  81.1911415 290.1048950 371.4355689 378.5104144 400.0000000 400.0000000
 294.4455720  81.1911415 290.1048950 371.4355689 380.8785670 400.0000000 400.0000000
 296.6239554  81.1911415 292.2725474 373.7889050 380.8785670 400.0000000 400.0000000
 298.8076846  81.1911415 292.2725474 373.7889050 383.2516380 400.0000000 400.0000000
 300.9967465  81.1911415 292.2725474 376.1471903 385.6296170 400.0000000 400.0000000
 303.1911281  81.1911415 294.4455720 378.5104144 385.6296170 400.0000000 400.0000000
 305.3908165  81.1911415 294.4455720 378.5104144 388.0124941 400.0000000 400.0000000
 307.5957991  81.1911415 294.4455720 380.8785670 388.0124941 400.0000000 400.0000000
 309.8060630  79.7791416 296.6239554 380.8785670 390.4002591 400.0000000 400.0000000
 312.0215958  79.7791416 296.6239554 383.2516380 392.7929021 400.0000000 400.0000000
 314.2423849  79.7791416 296.6239554 383.2516380 392.7929021 400.0000000 400.0000000
 316.4684178  79.7791416 298.8076846 385.6296170 395.1904131 400.0000000 400.0000000
 318.6996824  79.7791416 298.8076846 385.6296170 395.1904131 400.0000000 400.0000000
 320.9361663  79.7791416 298.8076846 388.0124941 397.5927824 400.0000000 400.0000000
 323.1778575  79.7791416 300.9967465 388.0124941 397.5927824 400.0000000 400.0000000
 325.4247437  79.7791416 300.9967465 390.4002591 400.0000000 400.0000000 400.0000000
 327.6768131  79.7791416 300.9967465 390.4002591 400.0000000 400.0000000 400.0000000
 329.9340537  78.3754234 300.9967465 392.7929021 400.0000000 400.0000000 400.0000000
 332.1964537  78.3754234 303.1911281 392.7929021 400.0000000 400.0000000 400.0000000
 334.4640014  78.3754234 303.1911281 395.1904131 400.0000000 400.0000000 400.0000000
 336.7366851  78.3754234 303.1911281 395.1904131 400.0000000 400.0000000 400.0000000
 339.0144933  78.3754234 305.3908165 397.5927824 400.0000000 400.0000000 400.0000000
 341.2974144  78.3754234 305.3908165 397.5927824 400.0000000 400.0000000 400.0000000
 343.5854370  78.3754234 305.3908165 400.0000000 400.0000000 400.0000000 400.0000000
 345.8785498  78.3754234 305.3908165 400.0000000 400.0000000 400.0000000 400.0000000
 348.1767415  78.3754234 307.5957991 400.0000000 400.0000000 400.0000000 400.0000000
 350.4800008  78.3754234 307.5957991 400.0000000 400.0000000 400.0000000 400.0000000
 352.7883167  78.3754234 307.5957991 400.0000000 400.0000000 400.0000000 400.0000000
 355.1016782  78.3754234 307.5957991 400.0000000 400.0000000 400.0000000 400.0000000
 357.4200741  78.3754234 309.8060630 400.0000000 400.0000000 400.0000000 400.0000000
 359.7434937  78.3754234 309.8060630 400.0000000 400.0000000 400.0000000 400.0000000
 362.0719260  78.3754234 309.8060630 400.0000000 400.0000000 400.0000000 400.0000000
 364.4053604  78.3754234 309.8060630 400.0000000 400.0000000 400.0000000 400.0000000
 366.7437861  76.9800359 312.0215958 400.0000000 400.0000000 400.0000000 400.0000000
 369.0871924  76.9800359 312.0215958 400.0000000 400.0000000 400.0000000 400.0000000
 371.4355689  76.9800359 312.0215958 400.0000000 400.0000000 400.0000000 400.0000000
 373.7889050  76.9800359 312.0215958 400.0000000 400.0000000 400.0000000 400.0000000
 376.1471903  76.9800359 312.0215958 400.0000000 400.0000000 400.0000000 400.0000000
 378.5104144  76.9800359 314.2423849 400.0000000 400.0000000 400.0000000 400.0000000
 380.8785670  76.9800359 314.2423849 400.0000000 400.0000000 400.0000000 400.0000000
 383.2516380  75.5930293 314.2423849 400.0000000 400.0000000 400.0000000 400.0000000
 385.6296170  75.5930293 314.2423849 400.0000000 400.0000000 400.0000000 400.0000000
 388.0124941  75.5930293 316.4684178 400.0000000 400.0000000 400.0000000 400.0000000
 390.4002591  75.5930293 316.4684178 400.0000000 400.0000000 400.0000000 400.0000000
 392.7929021  75.5930293 316.4684178 400.0000000 400.0000000 400.0000000 400.0000000
 395.1904131  75.5930293 316.4684178 400.0000000 400.0000000 400.0000000 400.0000000
 397.5927824  75.5930293 316.4684178 400.0000000 400.0000000 400.0000000 400.0000000
 400.0000000  75.5930293 318.6996824 400.0000000 400.0000000 400.0000000 400.0000000
