   0.0000000  -1.5618726  -1.5618726  -1.5618726  -1.5618726  -1.5618726  -1.5618726
   0.1018031  -1.4373228  -1.7071207  -1.6999913  -1.6991207  -1.6936457  -1.6785161
   0.2879426  -1.2282762  -1.7198854  -1.7051998  -1.9888470  -1.9775693  -1.9464046
   0.5289844  -0.9645910  -2.0457459  -2.0233343  -2.0205978  -2.0033869  -2.3138272
   0.8144247  -0.6568052  -2.4652376  -2.4349875  -2.4312938  -2.4080635  -2.7619903
   1.1381932  -1.8071848  -2.5173801  -2.9243494  -2.9196882  -2.8903734  -3.2799778
   1.4961938  -2.2347787  -3.0330441  -3.4816525  -3.4760156  -3.4405638  -3.8604027
   1.8854197  -2.2692271  -3.6144453  -3.5602325  -3.5536128  -4.0518368  -4.4978306
   2.3035410  -2.3005263  -3.6943793  -4.1931093  -4.1855009  -4.7191031  -5.1880448
   2.7486835  -2.3292314  -4.3500864  -4.8808077  -4.8722052  -5.4383680  -5.9276485
   3.2192965  -2.8956146  -4.4391629  -4.9807974  -5.6099838  -5.5495996  -6.7138289
   3.7140693  -2.9414681  -5.1621227  -5.7320648  -5.7214606  -6.3290751  -7.5442066
   4.2318751  -2.9849460  -5.9342547  -6.5305455  -6.5189343  -7.1539555  -8.4167344
   4.7717315  -3.0263313  -6.0447881  -7.3737938  -7.3611722  -8.0220410  -9.3162356
   5.3327721  -3.7046455  -6.8752914  -7.5038704  -8.2460712  -8.9180322 -10.2813067
   5.9142252  -3.7605087  -6.9934211  -8.3869765  -8.3723241  -9.0796465 -11.2703711
   6.5153979  -3.8143937  -7.8652975  -9.3372006  -9.3215284 -10.0381720 -12.2955581
   7.1356634  -3.8664788  -8.0041623  -9.4834262 -10.2961202 -11.0344532 -13.3557261
   7.7744510  -3.9169183  -8.9411780 -10.4687769 -10.4510572 -12.0671993 -14.4498356
   8.4312385  -3.9658469  -9.9170817 -11.4911331 -11.4723859 -13.1352430 -15.5769348
   9.1055454  -4.0133830 -10.0599481 -12.5492848 -12.5295078 -13.3149610 -16.7361480
   9.7969279  -4.8173490 -11.0832261 -12.7195708 -13.6213231 -14.4255647 -17.9266656
  10.5049742  -4.8907691 -11.2325471 -13.8211697 -13.7993266 -15.5691785 -19.1477367
  11.2293010  -4.9494072 -12.3012079 -14.9561766 -14.9332974 -16.7449301 -20.3986620
  11.9695503  -5.0067441 -12.4568145 -15.1399682 -16.0997759 -17.9520127 -21.6787881
  12.7253866  -5.0628610 -13.5690974 -16.3157386 -16.2907816 -18.1596334 -22.9875028
  13.4831040  -5.1315179 -13.7448882 -16.5184962 -17.5111771 -19.4191241 -24.3388800
  14.2825784  -5.1717239 -14.8851623 -17.7195529 -17.6925109 -20.6796388 -25.6884313
  15.0833573  -5.2245984 -15.0528654 -18.9652882 -18.9372013 -21.9835498 -25.9419720
  15.8985665  -5.2765116 -16.2478368 -19.1664432 -20.2116775 -22.2094737 -27.3392928
  16.7279550  -5.3275152 -16.4213680 -20.4496226 -20.4194410 -23.5488597 -28.7629822
  17.5712845  -5.3776569 -17.6556971 -21.7617604 -21.7305292 -24.9159877 -30.2125869
  18.4283282  -5.4269808 -17.8349208 -21.9749427 -23.0699851 -25.1523982 -31.6876766
  19.2988700  -5.4755274 -19.1074411 -23.3227651 -23.2894305 -26.5535035 -33.1878416
  20.1827038  -5.5233347 -19.2922297 -23.5403008 -24.6638490 -27.9811973 -34.7126915
  21.0796326  -5.5704378 -19.4745480 -24.9229430 -26.0654022 -29.4350187 -36.2618533
  21.9894680  -5.6168694 -20.7921058 -26.3325674 -26.2960675 -29.6881328 -37.8349709
  22.9120293  -5.6626602 -20.9799507 -26.5614634 -27.7311388 -31.1740474 -39.4317030
  23.8471435  -5.7078387 -22.3334518 -28.0044794 -27.9658630 -32.6851192 -41.0517229
  24.7946442  -5.7524317 -22.5267024 -28.2375427 -29.4337335 -32.9479118 -42.6947167
  25.7543716  -5.7964643 -23.9152510 -29.7132373 -29.6724997 -34.4899538 -44.3603832
  26.7261718  -4.8099162 -24.1137938 -29.9504409 -31.1724939 -36.0562829 -46.0484326
  27.7098967  -4.8416397 -24.3101609 -31.4581441 -32.6974515 -36.3285038 -46.3715793
  28.7054034  -4.8729899 -25.7402859 -31.6994579 -32.9467623 -37.9247897 -48.0868564
  29.7125541  -4.9039828 -25.9418959 -33.2385384 -34.5027120 -39.5445770 -49.8239062
  30.7312157  -4.9346336 -26.1414495 -33.4839302 -34.7559131 -39.8259915 -51.5824720
  31.7612597  -4.9649564 -27.6120503 -35.0537923 -36.3422824 -41.4748151 -51.9176538
  32.8025614  -4.9949646 -27.8167909 -36.6475475 -36.5993513 -41.7594193 -53.7024634
  33.8550007  -3.9288135 -29.3198099 -36.9033085 -38.2155975 -43.4368140 -55.5082441
  34.9184607  -5.0540879 -29.5296352 -38.5268456 -38.4765093 -45.1366202 -57.3347661
  35.9928285  -3.9662923 -29.7375507 -38.7865183 -40.1221173 -45.4301415 -57.6817238
  37.0779944  -3.9847729 -31.2792236 -40.4393260 -40.3868460 -47.1577161 -59.5336031
  38.1738521  -4.0030915 -31.4921670 -40.7028793 -42.0613259 -48.9070799 -61.4057337
  39.2802981  -4.0212551 -31.7032871 -40.9642383 -42.3298442 -49.2093136 -63.2979083
  40.3972322  -4.0392709 -31.9126284 -42.6518736 -44.0327297 -50.9857070 -63.6563879
  41.5245567  -4.0571454 -33.4988089 -42.9171358 -44.3050094 -51.2910258 -65.5731161
  42.6621768  -4.0748848 -33.7131518 -44.6330065 -46.0358557 -53.0940706 -67.5094443
  43.8100001  -2.9145924 -33.9257890 -44.9021361 -46.3118682 -54.9180268 -67.8745638
  44.9679367  -2.9222223 -35.5487597 -46.6458040 -48.0702505 -55.2318110 -69.8349409
  46.1358991  -2.9298154 -35.7663350 -46.9187658 -48.3499669 -57.0817629 -71.8145018
  47.3138018  -1.7398390 -35.9822705 -48.6898125 -50.1354789 -57.3985794 -73.8130704
  48.5015618  -1.7376713 -36.1966019 -48.9665715 -50.4188700 -59.2741894 -74.1893457
  49.6990978  -1.7355535 -37.8620641 -49.2413743 -50.7002652 -59.5940379 -76.2112721
  50.9063307  -1.7334866 -38.0812941 -51.0451182 -52.5181596 -61.4949806 -78.2518256
  52.1231833  -0.5050746 -38.2989769 -51.3237234 -52.8032421 -61.8178587 -78.6345690
  53.3495801  -0.4936417 -38.5151443 -53.1539884 -54.6474338 -63.7438204 -80.6980428
  54.5854474   0.7535329 -40.2221178 -53.4363598 -54.9361722 -64.0697242 -82.7797845
  55.8307131   0.7741140 -40.4431388 -53.7168885 -56.8063059 -66.0204022 -84.8796420
  57.0853068   0.7945008 -40.6626937 -55.5788830 -57.0986691 -66.3493262 -85.2731898
  58.3491598   2.0692893 -40.8808113 -55.8631761 -57.3891891 -68.3244281 -87.3953659
  59.6222046   2.0985535 -41.0975191 -57.7509078 -59.2903608 -68.6563654 -89.5353268
  60.9043754   2.1275629 -42.8512992 -58.0389288 -59.5845088 -70.6556089 -91.6929320
  62.1956077   3.4293658 -43.0728275 -58.3252049 -59.8768793 -70.9905517 -93.8680444
  63.4958382   3.4670020 -43.2929875 -60.2437765 -61.8086330 -73.0136636 -94.2764334
  64.8050053   4.7865001 -43.5118042 -60.5337740 -62.1046300 -73.3516032 -96.4731382
  66.1230482   4.8325845 -43.7293021 -60.8220854 -64.0612164 -73.6876194 -98.6870507
  67.4499076   6.1695381 -43.9455046 -62.7710456 -64.3608074 -75.7392458-100.9180436
  68.7855253   6.2239004 -45.7510558 -63.0630688 -64.6587091 -76.0782845-101.3367220
  70.1298443   6.2778490 -45.9720492 -63.3534599 -66.6450788 -78.1532137-103.5888016
  71.4828086   7.6405573 -46.1917809 -65.3323752 -66.9465691 -78.4952628-105.8576832
  72.8443632   6.3845306 -46.4102724 -65.6264660 -67.2464234 -80.5932479-108.1432483
  74.2144544   7.7641356 -46.6275447 -65.9189749 -69.2621695 -80.9382950-108.5720249
  75.5930293   7.8252507 -46.8436183 -67.9274287 -69.5656043 -81.2815476-110.8782046
  76.9800359   7.8859257 -47.0585128 -68.2236232 -69.8674524 -83.4071291-113.2008079
  78.3754234   9.2904863 -47.2722477 -68.5182821 -70.1677384 -83.7533965-113.6355035
  79.7791416  10.7032653 -47.4848419 -68.8114291 -72.2176015 -85.9015201-114.0680837
  81.1911415  10.7798951 -49.3586199 -70.8542025 -72.5214792 -86.2507878-116.4150049
  82.6113748  12.2089661 -49.5759862 -71.1510389 -72.8238390 -86.5983437-116.8495154
  84.0397939  12.2931480 -49.7922361 -71.4464052 -74.9022526 -88.7734828-119.2165700
  85.4763524  12.3767687 -50.0073869 -71.7403227 -75.2081905 -89.1240506-119.6530276
  86.9210042  13.8299279 -50.2214556 -73.8169090 -75.5126520 -91.3212492-120.0874721
  88.3737043  13.9209351 -50.4344587 -74.1145150 -75.8156583 -91.6748131-122.4784813
  89.8344083  15.3899290 -50.6464123 -74.4107101 -77.9272780 -92.0267390-122.9149221
  91.3030727  15.4882003 -50.8573321 -74.7055142 -78.2338649 -94.2504050-123.3494094
  92.7796545  16.9728565 -51.0672335 -74.9989468 -78.5390341 -94.6053345-125.7641887
  94.2641116  18.4652809 -51.2761315 -77.1139124 -78.8428049 -94.9586707-126.2007163
  95.7564022  18.5784258 -51.4840408 -77.4110431 -80.9871706 -97.2085223-126.6353462
  97.2564856  20.0862641 -51.6909755 -77.7068356 -81.2945206 -97.5648671-127.0681019
  98.7643214  20.2063619 -51.8969499 -78.0013079 -81.6005065 -97.9196605-129.5104222
 100.2798701  21.7294550 -52.1019774 -78.2944774 -81.9051463-100.1954238-129.9452866
 101.8030925  23.2601172 -52.3060714 -80.4472281 -82.2084578-100.5532286-130.3783280
 103.3339501  24.7983107 -52.5092452 -80.7440985 -84.3900275-100.9095214-132.8440382
 104.8724052  24.9402796 -52.7115113 -81.0396958 -84.6969266-103.2109300-133.2792217
 106.4184203  26.4934237 -52.9128823 -81.3340363 -85.0025277-103.5702352-133.7126303
 107.9719586  28.0539883 -53.1133704 -81.6271360 -85.3068473-103.9280653-134.1442849
 109.5329840  28.2099377 -53.3129877 -81.9190106 -85.6099013-106.2548601-136.6371312
 111.1014606  29.7852364 -53.5117458 -84.1138960 -85.9117056-106.6157019-137.0709823
 112.6773533  31.3678497 -53.7096561 -84.4094793 -88.1347770-106.9751037-137.5031238
 114.2606273  32.9577433 -53.9067300 -84.7038631 -88.4401829-109.3270325-140.0189852
 115.8512483  33.1346501 -54.1029783 -84.9970620 -88.7443654-109.6894438-140.4533482
 117.4491826  34.7390032 -54.2984120 -85.2890905 -89.0473392-110.0504481-140.8860436
 119.0543968  36.3505365 -54.4930414 -85.5799625 -89.3491188-110.4100616-143.4247449
 120.6668581  37.9692175 -52.8512437 -85.8696919 -89.6497184-110.7683003-143.8596842
 122.2865340  38.1665951 -53.0379548 -86.1582923 -89.9491517-113.1539106-144.2929955
 123.9133926  39.7994758 -53.2239139 -88.4043284 -92.2178542-113.5151850-144.7246963
 125.5474023  41.4394094 -53.4091305 -88.6966542 -92.5209041-113.8751144-147.2899394
 127.1885319  43.0863652 -53.5936139 -88.9878720 -92.8228102-114.2337136-147.7239241
 128.8367507  44.7403126 -53.7773731 -89.2779946 -93.1235857-114.5909973-148.1563351
 130.4920283  44.9646634 -53.9604173 -89.5670345 -93.4232432-114.9469798-150.7440568
 132.1543347  46.6325048 -54.1427551 -89.8550039 -93.7217954-117.3702447-151.1787682
 133.8236404  48.3072490 -52.4448259 -90.1419148 -94.0192546-117.7292957-151.6119409
 135.4999161  49.9888673 -52.6195838 -90.4277790 -94.3156329-118.0870719-154.2219739
 137.1831329  51.6773311 -52.7936810 -90.7126082 -94.6109422-118.4435867-154.6574616
 138.8732623  53.3726123 -52.9671254 -90.9964137 -94.9051941-118.7988536-155.0914437
 140.5702763  53.6300312 -53.1399250 -91.2792067 -97.2328701-119.1528854-157.7236238
 142.2741469  55.3388641 -53.3120872 -91.5609982 -97.5307644-119.5056951-158.1599337
 143.9848467  57.0544319 -51.5732861 -91.8417991 -97.8276193-119.8572953-160.8103025
 145.7023485  58.7767078 -51.7381026 -92.1216199 -98.1234457-120.2076983-161.2489354
 147.4266256  60.5056653 -51.9023233 -92.4004711 -98.4182546-120.5569164-161.6861104
 149.1576513  62.2412783 -52.0659551 -92.6783629 -98.7120564-120.9049615-164.3583256
 150.8953995  63.9835209 -52.2290048 -92.9553055 -99.0048618-123.3869813-164.7978341
 152.6398442  65.7323674 -50.4568863 -93.2313087 -99.2966810-123.7381695-165.2359141
 154.3909599  67.4877926 -50.6127744 -93.5063823 -99.5875242-124.0882057-167.9298197
 156.1487213  69.2497715 -50.7681187 -93.7805359 -99.8774013-124.4371014-168.3702424
 157.9131033  71.0182794 -50.9229254 -94.0537790-100.1663222-124.7848675-171.0819483
 159.6840811  72.7932918 -51.0772006 -94.3261207-100.4542964-125.1315152-171.5247073
 161.4616303  74.5747845 -49.2723986 -94.5975704-100.7413336-125.4770552-171.9660800
 163.2457267  76.3627337 -49.4196845 -94.8681368-101.0274430-125.8214982-174.6991918
 165.0363463  78.1571157 -49.5664744 -95.1378290-101.3126338-126.1648547-175.1429084
 166.8334655  78.5052070 -47.7423520 -95.4066555-101.5969151-126.5071349-177.8935806
 168.6370608  80.3123848 -47.8822579 -95.6746250 -99.7561095-126.8483491-178.3396342
 170.4471091  82.1259259 -48.0217016 -95.9417458-100.0331165-127.1885073-178.7843407
 172.2635874  83.9458079 -48.1606882 -96.2080263-100.3092544-127.5276192-181.5561443
 174.0864731  85.7720082 -46.3111287 -96.4734747-100.5845315-127.8656946-182.0031939
 175.9157438  87.6045047 -46.4433600 -96.7380989-100.8589561-128.2027431-184.7923270
 177.7513771  89.4432756 -46.5751661 -97.0019069-101.1325364-128.5387742-185.2417125
 179.5933512  91.2882990 -44.7067627 -95.1243171-101.4052803-128.8737969-185.6897873
 181.4416442  93.1395535 -44.8319103 -95.3810761-101.6771958-129.2078206-188.4997868
 183.2962347  94.9970179 -44.9566630 -95.6370557-101.9482906-127.3095897-188.9502022
 185.1571014  96.8606711 -43.0696096 -95.8922633-102.2185724-127.6364228-191.7773088
 187.0242231 100.1831924 -43.1877971 -96.1467061-100.3150242-127.9622956-192.2300573
 188.8975789 102.0591610 -43.3056189 -96.4003912-100.5783436-128.2872167-195.0741723
 190.7771482 103.9412565 -41.4001032 -96.6533256-100.8408854-128.6111945-195.5292464
 192.6629106 105.8294587 -41.5114499 -94.7324918-101.1026568-128.9342373-195.9830551
 194.5548456 107.7237476 -41.6224586 -94.9785868-101.3636648-129.2563532-196.4356086
 196.4529334 109.6241035 -39.6986631 -95.2239647-101.6239163-129.5775504-194.4748610
 198.3571539 111.5305065 -39.8032838 -95.4686321-101.8834181-129.8978368-192.5080495
 200.2674875 113.4429375 -39.9075931 -95.7125955 -99.9371945-130.2172202-190.5351937
 202.1839147 115.3613770 -37.9656947 -95.9558612-100.1899356-130.5357084-188.5563130
 204.1064162 117.2858059 -38.0637001 -93.9987470-100.4419596-130.8533091-186.5714265
 206.0349728 119.2162056 -38.1614196 -94.2353419-100.6932727-131.1700297-184.5805532
 207.9695656 121.1525571 -36.2015904 -94.4712703-100.9438812-131.4858777-182.5837119
 209.9101759 123.0948419 -36.2930874 -94.7065381 -98.9677583-131.8008604-180.5809213
 211.8567849 125.0430418 -34.3213974 -94.9411511 -99.2117446-132.1149850-178.5721997
 213.8093744 126.9971385 -34.4067299 -92.9543260 -99.4550568-132.4282587-176.5575656
 215.7679260 128.9571139 -32.4232522 -93.1824028 -99.6977007-130.4273271-174.5370370
 217.7324216 130.9229503 -32.5024770 -93.4098540 -99.9396823-130.7338855-172.5106319
 219.7028433 132.8946299 -30.5072830 -93.6366853 -97.9341208-131.0396246-170.4783680
 221.6791733 134.8721351 -30.5804557 -91.6264180 -98.1696112-131.3445513-168.4402631
 223.6613941 136.8554487 -30.6534277 -91.8468180 -98.4044680-131.6486721-166.3963345
 225.6494882 138.8445532 -28.6407909 -92.0666259 -98.6386963-131.9519936-164.3465996
 227.6434382 142.2840836 -28.7077845 -92.2858467 -96.6099017-132.2545221-162.2910756
 229.6432270 144.2847192 -26.6836049 -90.2524162 -96.8377415-132.5562641-160.2297794
 231.6488377 146.2910950 -26.7446730 -90.4653066 -97.0649804-132.8572258-158.1627280
 233.6602533 148.3031945 -24.7090179 -90.6776366 -97.2916234-133.1574133-156.0899380
 235.6774572 150.3210011 -24.7642122 -88.6270108 -95.2398672-131.0985476-154.0114260
 237.7004328 152.3444985 -22.7171477 -88.8330862 -95.4602201-131.3922665-151.9272085
 239.7291636 154.3736705 -22.7665191 -89.0386269 -95.6800031-131.6852396-149.8373018
 241.7636335 156.4085009 -20.7081102 -89.2436372 -95.8992211-131.9774730-147.7417220
 243.8038263 158.4489740 -20.7517084 -87.1703133 -93.8247657-132.2689722-145.6404850
 245.8497258 160.4950738 -18.6820189 -87.3691630 -94.0377882-132.5597430-143.5336069
 247.9013164 163.9833430 -18.7198927 -87.5675068 -94.2502705-132.8497910-141.4211033
 249.9585822 166.0406495 -16.6389854 -85.4773262 -92.1589576-133.1391217-139.3029899
 252.0215076 168.1035360 -16.6711828 -85.6695804 -92.3653160-131.0350977-137.1792821
 254.0900772 170.1719875 -14.5791195 -85.8613523 -92.5711582-131.3181423-135.0499954
 256.1642755 172.2459886 -14.6056874 -83.7544541 -90.4631269-131.6004957-132.9151448
 258.2440874 174.3255244 -12.5025289 -83.9402054 -90.6629146-131.8821632-130.7747457
 260.3294977 176.4105799 -12.5235133 -84.1254971 -90.8622092-132.1631499-128.6288128
 262.4204915 178.5011403 -10.4093193 -82.0020170 -88.7375952-130.0314046-126.4773612
 264.5170538 180.5971910 -10.4247655 -82.1813551 -88.9309028-127.8941598-124.3204055
 266.6191700 182.6987174  -8.2995949 -80.0468941 -89.1237399-125.7514301-122.1579605
 268.7268254 186.2341243  -6.1689577 -80.2203260 -86.9826757-123.6032298-119.9900405
 270.8400054 188.3465589  -6.1734579 -80.3933381 -87.1695913-121.4495734-117.8166600
 272.9586957 190.4644262  -4.0319306 -78.2425143 -87.3560580-119.2904752-115.6378334
 275.0828819 192.5877121  -4.0310089 -78.4096842 -85.1986729-117.1259494-113.4535746
 277.2125499 194.7164025  -1.8786480 -78.5764550 -85.3792821-114.9560098-111.2638980
 279.3476857 196.8504837   0.2791087 -76.4093956 -85.5594633-112.7806706-109.0688173
 281.4882752 198.9899418   0.2907920 -76.5703865 -83.3858837-110.5999455-106.8683465
 283.6343046 201.1347632   2.4592991 -74.3925727 -83.5602695-108.4138483-104.6624992
 285.7857601 204.7051675   2.4762930 -74.5478278 -81.3759623-106.2223925-102.4512892
 287.9426281 206.8606746   4.6554962 -74.7027203 -81.5445969-104.0255917-100.2347299
 290.1048950 209.0215046   6.8400272 -72.5088766 -81.7128402-101.8234593 -98.0128349
 292.2725474 211.1876442   6.8676058 -72.6580929 -79.5125427 -99.6160087 -95.7856174
 294.4455720 213.3590801   9.0627527 -70.4536294 -79.6750942 -97.4032529 -93.5530906
 296.6239554 215.5357993   9.0955355 -70.5972118 -77.4642027 -95.1852053 -91.3152678
 298.8076846 217.7177888  11.3012459 -68.3821809 -77.6211046 -92.9618787 -89.0721619
 300.9967465 219.9050357  13.5122187 -68.5201710 -77.7776502 -90.7332860 -86.8237859
 303.1911281 222.0975273  13.5554164 -68.6578484 -75.5509649 -88.4994403 -84.5701526
 305.3908165 224.2952508  15.7768756 -66.4270630 -75.7019178 -86.2603541 -82.3112749
 307.5957991 226.4981936  18.0035589 -66.5592042 -73.4647674 -84.0160400 -80.0471653
 309.8060630 230.1183432  18.0570704 -64.3179792 -73.6101681 -81.7665108 -77.7778364
 312.0215958 232.3316872  20.2941645 -64.4446240 -73.7552455 -79.5117788 -75.5033008
 314.2423849 234.5502133  22.5364455 -62.1930092 -71.5024910 -77.2518564 -73.2235707
 316.4684178 236.7739092  22.6001719 -62.3141969 -71.6420708 -74.9867559 -70.9386586
 318.6996824 239.0027627  24.8527898 -60.0522414 -69.3789751 -72.7164895 -68.6485767
 320.9361663 241.2367618  27.1105580 -60.1680108 -69.5130963 -70.4410693 -66.3533369
 323.1778575 243.4758944  27.1844027 -57.8957631 -67.2397080 -68.1605073 -64.0529516
 325.4247437 245.7201487  29.4524355 -58.0061521 -67.3684088 -65.8748155 -61.7474325
 327.6768131 247.9695128  31.7255828 -55.7236599 -65.0847755 -63.5840058 -59.4367915
 329.9340537 251.6276933  34.0038328 -55.8287061 -62.7960374 -61.2880899 -57.1210406
 332.1964537 253.8872419  34.0927923 -53.5360164 -60.5022062 -58.9870795 -54.8001913
 334.4640014 256.1518653  36.3812128 -53.6357566 -58.2032936 -56.6809863 -52.4742553
 336.7366851 258.4215521  38.6747012 -51.3329160 -55.8993110 -54.3698218 -50.1432442
 339.0144933 260.6962907  38.7735576 -51.4273864 -53.5902700 -52.0535975 -47.8071695
 341.2974144 262.9760699  41.0771475 -49.1144407 -51.2761820 -49.7323247 -45.4660425
 343.5854370 265.2608784  43.3857712 -49.2036770 -48.9570581 -47.4060147 -43.1198746
 345.8785498 267.5507049  45.6994174 -46.8806714 -46.6329097 -45.0746789 -40.7686770
 348.1767415 269.8455383  45.8130926 -44.5526526 -44.3037479 -42.7383283 -38.4124610
 350.4800008 272.1453676  48.1367506 -42.2196318 -41.9695838 -40.3969740 -36.0512376
 352.7883167 274.4501818  50.4653980 -39.8816198 -39.6304283 -38.0506271 -33.6850178
 355.1016782 276.7599701  52.7990238 -37.5386277 -37.2862925 -35.6992985 -31.3138126
 357.4200741 279.0747214  52.9273532 -35.1906663 -34.9371872 -33.3429991 -28.9376329
 359.7434937 281.3944252  55.2709034 -32.8377463 -32.5831232 -30.9817396 -26.5564895
 362.0719260 283.7190707  57.6193996 -30.4798786 -30.2241112 -28.6155308 -24.1703932
 364.4053604 286.0486472  59.9728312 -28.1170738 -27.8601618 -26.2443833 -21.7793545
 366.7437861 289.7785317  60.1156549 -25.7493424 -25.4912857 -23.8683078 -19.3833842
 369.0871924 292.1179387  62.4789257 -23.3766949 -23.1174933 -21.4873147 -16.9824927
 371.4355689 294.4622454  64.8471004 -20.9991419 -20.7387952 -19.1014145 -14.5766906
 373.7889050 296.8114412  67.2201687 -18.6166937 -18.3552016 -16.7106177 -12.1659882
 376.1471903 299.1655161  69.5981201 -16.2293606 -15.9667230 -14.3149344  -9.7503958
 378.5104144 301.5244596  69.7601554 -13.8371529 -13.5733695 -11.9143751  -7.3299238
 380.8785670 303.8882616  72.1478426 -11.4400807 -11.1751514  -9.5089498  -4.9045823
 383.2516380 307.6439188  74.5403824  -9.0381542  -8.7720788  -7.0986687  -2.4743816
 385.6296170 310.0174077  76.9377648  -6.6313835  -6.3641617  -4.6835419  -0.0393316
 388.0124941 312.3957251  77.1139469  -4.2197785  -3.9514101  -2.2635794   2.4005576
 390.4002591 314.7788609  79.5209846  -1.8033492  -1.5338340   0.1612088   4.8452761
 392.7929021 317.1668054  81.9328352   0.6178946   0.8885567   2.5908130   7.2948139
 395.1904131 319.5595488  84.3494887   3.0439430   3.3157522   5.0252233   9.7491612
 397.5927824 321.9570813  86.7709355   5.4747862   5.7477428   7.4644298  12.2083083
 400.0000000 324.3593933  86.9659013   7.9104147   8.1845188   9.9084230  14.6722453
