 l entrants
   1.41883173138081       8.160700484501067E-005
   1.41914362658268       9.871580788646413E-005
   1.42059808461362       2.514116489511860E-004
   1.42371105448782       4.425303830321168E-004
   1.42888829927375       6.491240489254701E-004
   1.43650301201643       8.494715357130717E-004
   1.44692896560863       1.021379780864480E-003
   1.46056334974815       1.143694311255680E-003
   1.47784656059658       1.199373673932882E-003
   1.49928193985583       1.179406406839432E-003
   1.52545728098249       1.086143086483990E-003
   1.55706960297660       9.340363851417200E-004
   1.59495472263943       7.465456227267347E-004
   1.64012355242221       5.492347340678753E-004
   1.69380713324238       3.610583955958062E-004
   1.75751384349934       2.808836245211769E-004
   1.43634012882506       2.674758919082527E-005
   1.45842163401945       1.556957623191014E-004
   1.45842163401945       5.961606575336717E-005
   1.47515916132083       1.807601967598162E-005
   1.47515916132083       4.456967810834534E-005
   1.49854704645679       3.433898267492138E-004
   1.49854704645679       1.356290967267172E-004
   1.50537515010899       1.787476749208753E-005
   1.50537515010899       4.407470538012104E-005
   1.52977989628268       4.301857473997134E-004
   1.52977989628268       1.751729981333462E-004
   1.52687955029012       1.283959565676072E-005
   1.52687955029012       3.165983854019526E-005
   1.55200798572770       3.707679721744279E-004
   1.55200798572770       1.549424446345948E-004
   1.54020166383497       7.157212591585814E-006
   1.54020166383497       1.764844241557344E-005
   1.56577842940331       2.334397743105543E-004
   1.56577842940331       9.935832040382125E-005
   1.54652990042018       2.743607961339830E-006
   1.54652990042018       6.765300046975329E-006
   1.57231963063006       9.535675164280773E-005
   1.57231963063006       4.098842833557297E-005
   1.54789566581898       6.141343621800213E-007
   1.54789566581898       1.514360519665649E-006
   1.57373135823882       2.182703743768333E-005
   1.57373135823882       9.415251330178876E-006
   1.54827059222779       7.454236990680296E-007
   1.54827059222779       1.838101259633644E-006
   1.57411890207543       2.673824630134846E-005
   1.57411890207543       1.155059235181056E-005
   1.55001898310724       1.910202619045880E-006
   1.55001898310724       4.710276175576841E-006
   1.57592613169011       6.977998425627137E-005
   1.57592613169011       3.023188051613035E-005
   1.55376105611332       3.397695427854464E-006
   1.55376105611332       8.378239990098654E-006
   1.57979413697221       1.288530994425372E-004
   1.57979413697221       5.616171448016006E-005
   1.55998457537057       5.040936609204888E-006
   1.55998457537057       1.243030827235117E-005
   1.58622709681055       2.035256896802775E-004
   1.58622709681055       8.961566131348337E-005
   1.56913815287212       6.623129250685124E-006
   1.56913815287212       1.633192083342850E-005
   1.59568872037283       2.939317710517187E-004
   1.59568872037283       1.314594045977058E-004
   1.58167109764083       7.819535660349035E-006
   1.58167109764083       1.928233413124185E-005
   1.60864343731364       3.973988152387282E-004
   1.60864343731364       1.818313416980953E-004
   1.59806086782972       8.213729228922028E-006
   1.59806086782972       2.025466510680660E-005
   1.62558477372264       5.046504256955714E-004
   1.62558477372264       2.385257749599645E-004
   1.61883685969214       7.453478030346710E-006
   1.61883685969214       1.838025054405473E-005
   1.64705994166674       5.967528880264646E-004
   1.64705994166674       2.952837788828796E-004
   1.64460413574771       5.560716174480011E-006
   1.64460413574771       1.371301754536563E-005
   1.67369436588195       6.468726096272072E-004
   1.67369436588195       3.413759844352080E-004
   1.67606927720857       3.171408625269966E-006
   1.67606927720857       7.821081870806794E-006
   1.70621840621329       6.313997690977117E-004
   1.70621840621329       3.645202275678980E-004
   1.71407016432738       1.252713914360609E-006
   1.71407016432738       3.089452723008680E-006
   1.74549814016321       5.473578551414505E-004
   1.74549814016321       3.571612497300890E-004
   1.75961152494172       3.030618400587573E-007
   1.75961152494172       7.474436920082704E-007
   1.79257210775390       4.195204147381345E-004
   1.79257210775390       3.210580579802092E-004
   1.81390856779053       3.898476735928905E-008
   1.81390856779053       9.615279198667229E-008
   1.84869641323919       2.845358818890727E-004
   1.84869641323919       2.640483839564297E-004
   1.87844111605639       2.277421379827055E-009
   1.87844111605639       5.617356482102724E-009
   1.91540068040716       1.684897278531342E-004
   1.91540068040716       1.925359829937220E-004
   1.95502237780734       5.078825678235669E-011
   1.95502237780734       1.252782512728412E-010
   1.99455913735899       1.146908017507066E-004
   1.99455913735899       1.661921928201361E-004
   1.47184602209945       3.309555533538114E-005
   1.47184602209945       3.771570372754481E-005
   1.49246066655210       1.155973623163867E-007
   1.49246066655210       3.965875493494077E-008
   1.45842163401945       4.200002657846981E-006
   1.45842163401945       3.775291831368631E-006
   1.48053251622713       1.769421538355107E-004
   1.48053251622713       1.641960315310483E-004
   1.50267192228786       1.799310958347821E-005
   1.50267192228786       2.076970435330679E-005
   1.52483904821275       6.922558658345163E-005
   1.52483904821275       8.894929132210205E-005
   1.54703313502441       1.667689438265997E-006
   1.54703313502441       5.844107615770177E-007
   1.47515916132083       5.964983724307849E-007
   1.47515916132083       3.327197929140984E-006
   1.49854704645679       5.999760400061390E-006
   1.49854704645679       5.614881614475217E-006
   1.52196604660082       2.416406621566242E-004
   1.52196604660082       2.441471450661542E-004
   1.54541525811825       1.973195949049910E-005
   1.54541525811825       2.418014559596974E-005
   1.56889382945483       8.702973278368793E-005
   1.56889382945483       1.233641331482592E-004
   1.59240095673076       7.585775621434511E-006
   1.59240095673076       2.725298028275689E-006
   1.50537515010899       3.605904978979257E-007
   1.50537515010899       2.011331486094053E-006
   1.52977989628268       5.578742617520910E-006
   1.52977989628268       5.419041413056093E-006
   1.55421711028619       2.282732102653729E-004
   1.55421711028619       2.481113815227339E-004
   1.57868584919650       1.747297397854643E-005
   1.57868584919650       2.109454713560280E-005
   1.60318522443540       7.809497569501952E-005
   1.60318522443540       1.186460035660866E-004
   1.62771439717191       1.570004719468019E-005
   1.62771439717191       5.786368583990871E-006
   1.52687955029012       1.830471910525886E-007
   1.52687955029012       1.021015753192045E-006
   1.55200798572770       3.948010164846555E-006
   1.55200798572770       3.951871622347387E-006
   1.57716985178405       1.673303435728739E-004
   1.57716985178405       1.919673408531430E-004
   1.60236417757507       1.370495817294605E-005
   1.60236417757507       1.521005605060253E-005
   1.62759004817296       5.505353142957103E-005
   1.62759004817296       8.743390336699484E-005
   1.65284659987236       1.872748334016329E-005
   1.65284659987236       7.056945874390699E-006
   1.54020166383497       8.192967809365806E-008
   1.54020166383497       4.569941308935214E-007
   1.56577842940331       2.207376415977312E-006
   1.56577842940331       2.255030452662969E-006
   1.59138922204431       9.650762936649217E-005
   1.59138922204431       1.145500092098057E-004
   1.61703305355183       8.796739320068931E-006
   1.61703305355183       8.914991321805376E-006
   1.64270899267434       3.088427107689236E-005
   1.64270899267434       5.031777411617906E-005
   1.66841616029664       1.426515646450575E-005
   1.66841616029664       5.461021120525439E-006
   1.54652990042018       2.811412083571338E-008
   1.54652990042018       1.568172671503124E-007
   1.57231963063006       8.505780180960921E-007
   1.57231963063006       8.782572809206953E-007
   1.59814367123863       3.785992428747708E-005
   1.59814367123863       4.570622646906277E-005
   1.62400102581145       3.711501287137191E-006
   1.62400102581145       3.560195638889534E-006
   1.64989075534295       1.193391712022299E-005
   1.64989075534295       1.968026010343911E-005
   1.67581197339798       6.387494922806570E-006
   1.67581197339798       2.466195207607924E-006
   1.54789566581898       6.057638437360335E-009
   1.54789566581898       3.378879640884322E-008
   1.57373135823882       1.908515460145772E-007
   1.57373135823882       1.978012578849140E-007
   1.59960142220501       8.550515892622746E-006
   1.59960142220501       1.038275608271761E-005
   1.62550485950728       8.620641027889096E-007
   1.62550485950728       8.104073317633698E-007
   1.65144072946656       2.680621949467386E-006
   1.65144072946656       4.438632752612874E-006
   1.67740814406793       1.508419273916692E-006
   1.67740814406793       5.841795652392578E-007
   1.54827059222779       7.239395872476200E-009
   1.54827059222779       4.038050071616841E-008
   1.57411890207543       2.319010750068572E-007
   1.57411890207543       2.407159796219302E-007
   1.60000160025552       1.041787617525597E-005
   1.60000160025552       1.268029682519638E-005
   1.62591768807030       1.062953154650124E-006
   1.62591768807030       9.908652320715266E-007
   1.65186622438129       3.258683507693214E-006
   1.65186622438129       5.404673550821319E-006
   1.67784632073988       1.871489824127497E-006
   1.67784632073988       7.257155746747031E-007
   1.55001898310724       1.799403608832852E-008
   1.55001898310724       1.003686219058742E-007
   1.57592613169011       5.956160497222260E-007
   1.57592613169011       6.201435373496768E-007
   1.60186774688390       2.690300157195411E-005
   1.60186774688390       3.289835621194893E-005
   1.62784282771749       2.812313098343377E-006
   1.62784282771749       2.577763843775075E-006
   1.65385043091010       8.377384399294526E-006
   1.65385043091010       1.393888373015101E-005
   1.67988966599071       5.007531169821093E-006
   1.67988966599071       1.946749518177848E-006
   1.55376105611332       3.008246413863904E-008
   1.55376105611332       1.677964551314041E-007
   1.57979413697221       1.064963877357314E-006
   1.57979413697221       1.115768925030880E-006
   1.60586185198106       4.865021470760584E-005
   1.60586185198106       6.005406250044555E-005
   1.63196319530312       5.355580433145168E-006
   1.63196319530312       4.740524064932593E-006
   1.65809721907240       1.500809959977713E-005
   1.65809721907240       2.513176790813808E-005
   1.68426302848940       9.720932743712783E-006
   1.68426302848940       3.799125359954593E-006
   1.55998457537057       4.030579920072875E-008
   1.55998457537057       2.248210185160196E-007
   1.58622709681055       1.596343004379103E-006
   1.58622709681055       1.690020590335066E-006
   1.61250453103815       7.435129599855679E-005
   1.61250453103815       9.319034213897723E-005
   1.63881586412448       8.967571153982888E-006
   1.63881586412448       7.487077056609263E-006
   1.66516014057781       2.257202449495237E-005
   1.66516014057781       3.818448983968253E-005
   1.69153645839983       1.663510181658096E-005
   1.69153645839983       6.559473814384348E-006
   1.56913815287212       4.558036196412372E-008
   1.56913815287212       2.542419107004794E-007
   1.59568872037283       2.137567426377856E-006
   1.59568872037283       2.298671649173839E-006
   1.62227461048255       1.025892656363652E-004
   1.62227461048255       1.314297631325868E-004
   1.64889479737046       1.431519708235521E-005
   1.64889479737046       1.097116202898947E-005
   1.67554831432885       3.037583688093170E-005
   1.67554831432885       5.212153812591298E-005
   1.70223424877136       2.690049036428812E-005
   1.70223424877136       1.075267285289093E-005
   1.58167109764083       4.375622876202042E-008
   1.58167109764083       2.440671097403651E-007
   1.60864343731364       2.610238667808631E-006
   1.60864343731364       2.869685311210548E-006
   1.63565166071694       1.308622471778012E-004
   1.63565166071694       1.725850142733343E-004
   1.66269472572393       2.266261014573354E-005
   1.66269472572393       1.554325944836845E-005
   1.68977165027018       3.732962154280291E-005
   1.68977165027018       6.522973973061646E-005
   1.71688150727231       4.212805396470253E-005
   1.71688150727231       1.717533459879090E-005
   1.59806086782972       3.494113554406292E-008
   1.59806086782972       1.948975541212067E-007
   1.62558477372264       2.906436008055803E-006
   1.62558477372264       3.292975202606519E-006
   1.65314529714420       1.548116398906336E-004
   1.65314529714420       2.116832576976948E-004
   1.68074137465685       3.613131107667208E-005
   1.68074137465685       2.187168826451652E-005
   1.70837200411358       4.182382568227531E-005
   1.70837200411358       7.469554473816064E-005
   1.73603623947278       6.404402337733356E-005
   1.73603623947278       2.684928430258181E-005
   1.61883685969214       2.227076569302881E-008
   1.61883685969214       1.242237178154710E-007
   1.64705994166674       2.911389799551519E-006
   1.64705994166674       3.433200002674665E-006
   1.67532057134685       1.680234894426594E-004
   1.67532057134685       2.397675573480175E-004
   1.70361765828092       5.763456011450818E-005
   1.70361765828092       3.103131725602402E-005
   1.73195017486490       4.196553102253840E-005
   1.73195017486490       7.683165798527664E-005
   1.76031715102537       9.341415116749346E-005
   1.76031715102537       4.072152363286862E-005
   1.64460413574771       1.065694897556751E-008
   1.64460413574771       5.944321091434949E-008
   1.67369436588195       2.561511849801280E-006
   1.67369436588195       3.182014941300177E-006
   1.70282329736692       1.634001936971368E-004
   1.70282329736692       2.446111834327857E-004
   1.73198980624719       8.954928317660272E-005
   1.73198980624719       4.424028028840083E-005
   1.76119283334579       3.646523974324576E-005
   1.76119283334579       6.858212946797250E-005
   1.79043137878400       1.279276793815808E-004
   1.79043137878400       5.890251868639552E-005
   1.67606927720857       3.532587053556139E-009
   1.67606927720857       1.970435607595237E-008
   1.70621840621329       1.914873153026262E-006
   1.70621840621329       2.541765363016955E-006
   1.73640764531719       1.370462746285815E-004
   1.73640764531719       2.158959299345350E-004
   1.76663582965230       1.299288518837540E-004
   1.76663582965230       6.167520542239064E-005
   1.79690186148708       2.605188317817108E-005
   1.79690186148708       5.038031670010283E-005
   1.82720470454674       1.598472785733475E-004
   1.82720470454674       7.951326116573590E-005
   1.71407016432738       7.352579176718293E-010
   1.71407016432738       4.101182390646147E-009
   1.74549814016321       1.165673296828017E-006
   1.74549814016321       1.680163191636669E-006
   1.77696792746322       9.362167702501362E-005
   1.77696792746322       1.552572297207763E-004
   1.80847831194882       1.671971652268289E-004
   1.80847831194882       8.024867696087030E-005
   1.84002814932558       1.419380905057414E-005
   1.84002814932558       2.820722705077806E-005
   1.87161635936264       1.765426342217381E-004
   1.87161635936264       9.802497696709171E-005
   1.75961152494172       8.560167121523016E-011
   1.75961152494172       4.774760776591553E-010
   1.79257210775390       5.476254637208480E-007
   1.79257210775390       8.723082206191087E-007
   1.82557654099523       4.790533130943016E-005
   1.82557654099523       8.338973113483987E-005
   1.85862355117198       1.804263416324859E-004
   1.85862355117198       9.235637407226095E-005
   1.89171193818740       5.312961907179262E-006
   1.89171193818740       1.081999198937803E-005
   1.92484056913245       1.674888208500719E-004
   1.92484056913245       1.085106927013782E-004
   1.81390856779053       4.870703140423267E-012
   1.81390856779053       2.716821059584238E-011
   1.84869641323919       1.854167088640748E-007
   1.84869641323919       3.327039224875265E-007
   1.88353054008891       1.627422862995164E-005
   1.88353054008891       2.955555139190402E-005
   1.91840960424625       1.545830945560587E-004
   1.91840960424625       8.947639754402050E-005
   1.95333233908371       1.196413062592245E-006
   1.95333233908371       2.477436257002517E-006
   1.98829754888626       1.340286499471134E-004
   1.98829754888626       1.062789483961603E-004
   1.87844111605639       1.155501141877236E-013
   1.87844111605639       6.445249784516540E-013
   1.91540068040716       4.148700223828537E-008
   1.91540068040716       8.563144062378184E-008
   1.95240941539206       3.114198787796591E-006
   1.95240941539206       5.850330843558142E-006
   1.98946589300923       1.006809575856181E-004
   1.98946589300923       6.982882427396937E-005
   2.02656876755876       1.430987993312106E-007
   2.02656876755876       2.912665743205634E-007
   2.06371676868009       8.916542522676381E-005
   2.06371676868009       8.881224193952942E-005
   1.95502237780734       9.494463055438418E-016
   1.95502237780734       5.295900085632815E-015
   1.99455913735899       5.888107364614523E-009
   1.99455913735899       1.444687866223503E-008
   2.03414849621946       2.836677814401719E-007
   2.03414849621946       5.462953229973838E-007
   2.07378892681211       6.650787921699476E-005
   2.07378892681211       6.015216802937851E-005
   2.11347898960122       1.114100875356253E-008
   2.11347898960122       1.781072602375879E-008
   2.15321732564381       6.665849125355087E-005
   2.15321732564381       8.627505149056956E-005
   1.46788263888951       5.339861678548524E-009
   1.46788263888951       1.626268250933914E-007
   1.46788263888951       1.638278884877633E-021
   1.48676012014575       5.447660798995866E-008
   1.48676012014575       7.535118281886222E-008
   1.50565820456633       4.348796809231044E-018
   1.50565820456633       5.752493670546486E-018
   1.47184602209945       5.859458185346827E-016
   1.47184602209945       9.887225549760147E-006
   1.47184602209945       4.722078249514401E-006
   1.49246066655210       9.825139526661206E-008
   1.49246066655210       5.604206765173883E-006
   1.49246066655210       1.650589857256034E-007
   1.51309968662479       4.709844674973316E-006
   1.51309968662479       7.387469149055841E-005
   1.51309968662479       1.007254018227168E-006
   1.53376245102193       1.953868746081855E-008
   1.53376245102193       6.243106008585696E-007
   1.53376245102193       2.393310635985513E-018
   1.55444836099724       6.525931657195385E-007
   1.55444836099724       9.838058217220071E-007
   1.57515684788295       6.360327187980213E-015
   1.57515684788295       8.420789915025923E-015
   1.45842163401945       1.079523589005861E-004
   1.45842163401945       6.280777417616612E-005
   1.48053251622713       1.175249361322276E-005
   1.48053251622713       7.765689562899693E-006
   1.50267192228786       1.622968512648546E-004
   1.50267192228786       1.256494370078524E-004
   1.52483904821275       8.823227472541069E-014
   1.52483904821275       3.240882802640004E-005
   1.52483904821275       8.467987298798010E-006
   1.54703313502441       1.840934893824279E-007
   1.54703313502441       1.498540435781820E-005
   1.54703313502441       7.293607169299112E-007
   1.56925346505497       8.446779449774222E-006
   1.56925346505497       1.217268461408846E-004
   1.56925346505497       3.717024579102824E-006
   1.59149935864059       1.169954220952372E-007
   1.59149935864059       1.161226271375937E-006
   1.59149935864059       3.606219147113842E-016
   1.61377017116054       2.501723573084893E-006
   1.61377017116054       4.199417557360116E-006
   1.63606529037714       9.601602968866485E-013
   1.63606529037714       1.273043963545734E-012
   1.47515916132083       2.431208775756254E-006
   1.47515916132083       1.995968924881992E-006
   1.49854704645679       1.323234366812212E-004
   1.49854704645679       8.276046383278704E-005
   1.52196604660082       1.745105540255098E-005
   1.52196604660082       1.059974927929046E-005
   1.54541525811825       1.654279994994568E-004
   1.54541525811825       1.338822778971696E-004
   1.56889382945483       2.490603175834436E-012
   1.56889382945483       6.772256243860766E-005
   1.56889382945483       1.232559685981625E-005
   1.59240095673076       2.228579354234577E-007
   1.59240095673076       2.146910088358394E-005
   1.59240095673076       1.605481519131229E-006
   1.61593587981969       1.299027510411773E-005
   1.61593587981969       1.375183831078343E-004
   1.61593587981969       6.461076392835632E-006
   1.63949787884770       4.648247006603934E-007
   1.63949787884770       2.029493525139400E-006
   1.63949787884770       1.018884716922522E-014
   1.66308627105717       4.713153506901170E-006
   1.66308627105717       8.867304394329963E-006
   1.68670040798941       2.719868733833169E-011
   1.68670040798941       3.613412114239402E-011
   1.45666713645798       9.479175838581758E-009
   1.45666713645798       3.433168078921682E-008
   1.48100387421738       1.026743625671910E-009
   1.48100387421738       8.223403006195799E-010
   1.50537515010899       2.261550282121282E-006
   1.50537515010899       1.741670408663837E-006
   1.52977989628268       1.131301996469696E-004
   1.52977989628268       7.508008173293106E-005
   1.55421711028619       1.957709115246895E-005
   1.55421711028619       1.009130769646453E-005
   1.57868584919650       1.272591997184858E-004
   1.57868584919650       1.030678713638582E-004
   1.60318522443540       2.010401425621281E-011
   1.60318522443540       8.767701675271633E-005
   1.60318522443540       1.440493829122565E-005
   1.62771439717191       2.515737250481494E-007
   1.62771439717191       2.146583098517748E-005
   1.62771439717191       2.224539826961225E-006
   1.65227257423084       1.482072194166729E-005
   1.65227257423084       1.199407990596583E-004
   1.65227257423084       6.949914682069145E-006
   1.67685900443949       9.081696776170493E-007
   1.67685900443949       3.101315701407877E-006
   1.67685900443949       8.233210253092338E-014
   1.70147297535526       5.621383028587327E-006
   1.70147297535526       1.174355820714543E-005
   1.72611381032566       2.204542345886184E-010
   1.72611381032566       2.935640075641344E-010
   1.47672716732283       7.029728237635703E-009
   1.47672716732283       2.570217750541219E-008
   1.50178557764991       1.035870471852413E-009
   1.50178557764991       8.338584126139399E-010
   1.52687955029012       1.612687941488780E-006
   1.52687955029012       1.213209636562597E-006
   1.55200798572770       7.647649458249928E-005
   1.55200798572770       5.293715710794566E-005
   1.57716985178405       1.714488281062906E-005
   1.57716985178405       7.521346355541292E-006
   1.60236417757507       8.206704369775338E-005
   1.60236417757507       6.457986600063141E-005
   1.62759004817296       6.146252461576233E-011
   1.62759004817296       7.819881704218246E-005
   1.62759004817296       1.275061946641188E-005
   1.65284659987236       2.464590278793554E-007
   1.65284659987236       1.677750151918835E-005
   1.65284659987236       2.162276184342414E-006
   1.67813301597758       1.259858189862223E-005
   1.67813301597758       8.551853954695498E-005
   1.67813301597758       5.415805637640654E-006
   1.70344852304091       1.038745192897651E-006
   1.70344852304091       3.338675362436533E-006
   1.70344852304091       2.519737633510149E-013
   1.72879238749324       4.835060477089064E-006
   1.72879238749324       1.098070869920177E-005
   1.75416391261689       6.767129557910244E-010
   1.75416391261689       9.031880179254844E-010
   1.48915448483198       4.005751187905560E-009
   1.48915448483198       1.473505510975296E-008
   1.51465997593360       7.099235419119792E-010
   1.51465997593360       5.734109635431606E-010
   1.54020166383497       9.089471081984488E-007
   1.54020166383497       6.800585064986847E-007
   1.56577842940331       4.173524969609607E-005
   1.56577842940331       2.964401292511433E-005
   1.59138922204431       1.124494338172031E-005
   1.59138922204431       4.416644699916506E-006
   1.61703305355183       4.422458873285334E-005
   1.61703305355183       3.361087233339207E-005
   1.64270899267434       8.339152684797569E-011
   1.64270899267434       5.033350297928553E-005
   1.64270899267434       8.311943063535865E-006
   1.66841616029664       1.776082649862044E-007
   1.66841616029664       1.021063025114671E-005
   1.66841616029664       1.494265024762758E-006
   1.69415372515191       7.980464659228657E-006
   1.69415372515191       4.904917269022987E-005
   1.69415372515191       3.202942402020145E-006
   1.71992089999296       7.689028295637182E-007
   1.71992089999296       2.435463997797941E-006
   1.71992089999296       3.421603481699658E-013
   1.74571693816266       3.077002342814440E-006
   1.74571693816266       7.392528075091196E-006
   1.77154113051281       9.210936672590591E-010
   1.77154113051281       1.231555098758042E-009
   1.49505767767392       1.553508870247180E-009
   1.49505767767392       5.732213913468228E-009
   1.52077553995105       3.013783980256388E-010
   1.52077553995105       2.438532221120236E-010
   1.54652990042018       3.520120419996573E-007
   1.54652990042018       2.633340249036421E-007
   1.57231963063006       1.590437749028664E-005
   1.57231963063006       1.144035679015674E-005
   1.59814367123863       4.720774320038170E-006
   1.59814367123863       1.753133602142544E-006
   1.62400102581145       1.685058297684469E-005
   1.62400102581145       1.251433921169276E-005
   1.64989075534295       4.972084653824831E-011
   1.64989075534295       2.078353753250089E-005
   1.64989075534295       3.466768395538082E-006
   1.67581197339798       7.834017167359548E-008
   1.67581197339798       4.132892272547167E-006
   1.67581197339798       6.424419209749986E-007
   1.70176384178819       3.280831951813186E-006
   1.70176384178819       1.925623412947842E-005
   1.70176384178819       1.267562904158806E-006
   1.72774556671138       3.391101568908651E-007
   1.72774556671138       1.070598293075888E-006
   1.72774556671138       2.041068149846141E-013
   1.75375639529338       1.267613342538017E-006
   1.75375639529338       3.136216777907711E-006
   1.77979561248130       5.502079276295750E-010
   1.77979561248130       7.364212030429707E-010
   1.49633170977076       3.491705658369753E-010
   1.49633170977076       1.289767050370530E-009
   1.52209540617551       6.986422671555329E-011
   1.52209540617551       5.656386280424172E-011
   1.54789566581898       7.913360934304105E-008
   1.54789566581898       5.921986304135663E-008
   1.57373135823882       3.555483250982345E-006
   1.57373135823882       2.568543043872390E-006
   1.59960142220501       1.091839174748797E-006
   1.59960142220501       3.977385881278404E-007
   1.62550485950728       3.771005999217059E-006
   1.62550485950728       2.775796090972392E-006
   1.65144072946656       1.297044561777994E-011
   1.65144072946656       4.774725724712193E-006
   1.65144072946656       7.996039323315462E-007
   1.67740814406793       1.843203021479547E-008
   1.67740814406793       9.441966459373176E-007
   1.67740814406793       1.497781121542950E-007
   1.70340626362920       7.529971949025007E-007
   1.70340626362920       4.352596675826024E-006
   1.70340626362920       2.869650520476184E-007
   1.72943429293348       7.965097673807577E-008
   1.72943429293348       2.513020294811010E-007
   1.72943429293348       5.325421025248596E-014
   1.75549147776485       2.911409930129320E-007
   1.75549147776485       7.278031070514691E-007
   1.78157710179602       1.436311337845684E-010
   1.78157710179602       1.923170773510811E-010
   1.49668145378916       4.245335848424034E-010
   1.49668145378916       1.568830804285871E-009
   1.52245773246088       8.602077417717613E-011
   1.52245773246088       6.966237113793920E-011
   1.54827059222779       9.623104696372419E-008
   1.54827059222779       7.203007864817019E-008
   1.57411890207543       4.313818834518524E-006
   1.57411890207543       3.121814965152152E-006
   1.60000160025552       1.343389394964817E-006
   1.60000160025552       4.855408598502745E-007
   1.62591768807030       4.578151672047569E-006
   1.62591768807030       3.357201255412402E-006
   1.65186622438129       1.677140517232953E-011
   1.65186622438129       5.857742027725532E-006
   1.65186622438129       9.826408752247359E-007
   1.67784632073988       2.283866011406858E-008
   1.67784632073988       1.155964239676071E-006
   1.67784632073988       1.848854743756748E-007
   1.70385713705383       9.235086136798189E-007
   1.70385713705383       5.305498091469076E-006
   1.70385713705383       3.499463673159132E-007
   1.72989787771786       9.860125796166361E-008
   1.72989787771786       3.110297714641757E-007
   1.72989787771786       6.886573562702952E-014
   1.75596778814771       3.571715477305036E-007
   1.75596778814771       8.966943606596076E-007
   1.78206615166629       1.857784783736209E-010
   1.78206615166629       2.487930009733713E-010
   1.49831241185868       1.091552624681110E-009
   1.49831241185868       4.037236406351664E-009
   1.52414736530043       2.267176566236193E-010
   1.52414736530043       1.836959861855084E-010
   1.55001898310724       2.475599284648645E-007
   1.55001898310724       1.853978932221445E-007
   1.57592613169011       1.104771390678188E-005
   1.57592613169011       8.022320906965748E-006
   1.60186774688390       3.537064724687706E-006
   1.60186774688390       1.258812884587694E-006
   1.62784282771749       1.174260751120362E-005
   1.62784282771749       8.544983342510702E-006
   1.65385043091010       4.869798076147821E-011
   1.65385043091010       1.533154365030399E-005
   1.65385043091010       2.580799122674325E-006
   1.67988966599071       6.097061155606644E-008
   1.67988966599071       3.014206080149584E-006
   1.67988966599071       4.899007277186192E-007
   1.70595969095479       2.415969344612744E-006
   1.70595969095479       1.371483939861085E-005
   1.70595969095479       9.051386212989994E-007
   1.73205970838601       2.626518081946052E-007
   1.73205970838601       8.282780119206617E-007
   1.73205970838601       1.999933047048243E-013
   1.75818896198245       9.349231538444384E-007
   1.75818896198245       2.367155890168092E-006
   1.78434673343563       5.397673535431250E-010
   1.78434673343563       7.231012948144459E-010
   1.50180314395854       1.954997728587031E-009
   1.50180314395854       7.243529315766076E-009
   1.52776367874235       4.268301925741028E-010
   1.52776367874235       3.461930386589255E-010
   1.55376105611332       4.441628515313908E-007
   1.55376105611332       3.331123840066136E-007
   1.57979413697221       1.964022819528344E-005
   1.57979413697221       1.435996971220716E-005
   1.60586185198106       6.654403105333635E-006
   1.60586185198106       2.295858351064314E-006
   1.63196319530312       2.096561171687279E-005
   1.63196319530312       1.500578849046099E-005
   1.65809721907240       1.114687813600281E-010
   1.65809721907240       2.847446108465539E-005
   1.65809721907240       4.828902070211644E-006
   1.68426302848940       1.179422104185185E-007
   1.68426302848940       5.562833485873475E-006
   1.68426302848940       9.335025789905505E-007
   1.71045977745666       4.485048242918550E-006
   1.71045977745666       2.486753562348653E-005
   1.71045977745666       1.641152854126348E-006
   1.73668666468170       5.052207168318254E-007
   1.73668666468170       1.592876012835266E-006
   1.73668666468170       4.579391179569251E-013
   1.76294293018628       1.737637536006429E-006
   1.76294293018628       4.476719816824028E-006
   1.78922785217029       1.237143773148052E-009
   1.78922785217029       1.658553325381521E-009
   1.50760865293981       2.934317494200067E-009
   1.50760865293981       1.090365426588817E-008
   1.53377804465915       6.945857635765415E-010
   1.53377804465915       5.643319244813690E-010
   1.55998457537057       6.698604432573678E-007
   1.55998457537057       5.041045391329585E-007
   1.58622709681055       2.917217766838482E-005
   1.58622709681055       2.156625469178575E-005
   1.61250453103815       1.085580857196868E-005
   1.61250453103815       3.563439482699559E-006
   1.63881586412448       3.147469464080842E-005
   1.63881586412448       2.186304553632344E-005
   1.66516014057781       2.488181161973961E-010
   1.66516014057781       4.538760178957685E-005
   1.66516014057781       7.799446010773920E-006
   1.69153645839983       2.011735445163031E-007
   1.69153645839983       8.807293816409532E-006
   1.69153645839983       1.554549709173748E-006
   1.71794396468607       7.153995669323368E-006
   1.71794396468607       3.823795702477602E-005
   1.71794396468607       2.514879803819845E-006
   1.74438185169752       8.514142047200442E-007
   1.74438185169752       2.685760787445532E-006
   1.74438185169752       1.022822777619301E-012
   1.77084935334179       2.777080185251333E-006
   1.77084935334179       7.364920861820571E-006
   1.79734574201176       2.767914754467574E-009
   1.79734574201176       3.715497495497818E-009
   1.51614741922291       3.923797296067465E-009
   1.51614741922291       1.464316793805134E-008
   1.54262399857470       1.043379644535010E-009
   1.54262399857470       8.498909803406587E-010
   1.56913815287212       9.059694222845998E-007
   1.56913815287212       6.867760225060633E-007
   1.59568872037283       3.856168996651446E-005
   1.59568872037283       2.895886220075211E-005
   1.62227461048255       1.648495602361845E-005
   1.62227461048255       5.046934229872309E-006
   1.64889479737046       4.262355818899949E-005
   1.64889479737046       2.816511386095140E-005
   1.67554831432885       5.871187175698020E-010
   1.67554831432885       6.637031607709754E-005
   1.67554831432885       1.165036247990796E-005
   1.70223424877136       3.250600108262576E-007
   1.70223424877136       1.285108711080432E-005
   1.70223424877136       2.431867373240301E-006
   1.72895173778177       1.050331726715793E-005
   1.72895173778177       5.345063016864663E-005
   1.72895173778177       3.471109313702016E-006
   1.75569996413948       1.345523284972306E-006
   1.75569996413948       4.253912692209544E-006
   1.75569996413948       2.415865148261890E-012
   1.78247815275937       4.089373393433035E-006
   1.78247815275937       1.132581556748341E-005
   1.80928556749335       6.555749819463713E-009
   1.80928556749335       8.818227303105940E-009
   1.52783857344112       4.751814725891250E-009
   1.52783857344112       1.783921924088913E-008
   1.55473574961755       1.476613123840603E-009
   1.55473574961755       1.207121256046598E-009
   1.58167109764083       1.123814765484900E-006
   1.58167109764083       8.639250197971680E-007
   1.60864343731364       4.628523760096012E-005
   1.60864343731364       3.547996946622770E-005
   1.63565166071694       2.395375792137278E-005
   1.63565166071694       6.718175210717798E-006
   1.66269472572393       5.382469471246589E-005
   1.66269472572393       3.285385173288603E-005
   1.68977165027018       1.507436626979174E-009
   1.68977165027018       9.109996112990237E-005
   1.68977165027018       1.651271351800093E-005
   1.71688150727231       5.106037954807895E-007
   1.71688150727231       1.782993185648109E-005
   1.71688150727231       3.680661888398414E-006
   1.74402342010616       1.457311400614200E-005
   1.74402342010616       6.997496884372049E-005
   1.74402342010616       4.400378265412589E-006
   1.77119655856907       2.040384120047256E-006
   1.77119655856907       6.481736642421726E-006
   1.77119655856907       6.212417240451813E-012
   1.79840013526319       5.698451525090962E-006
   1.79840013526319       1.677655523346027E-005
   1.82563340234630       1.693118672321407E-008
   1.82563340234630       2.284758124709021E-008
   1.54312750468717       5.173435051216952E-009
   1.54312750468717       1.957778795220539E-008
   1.57057471004071       1.962915028313874E-009
   1.57057471004071       1.612556371404805E-009
   1.59806086782972       1.282016540588733E-006
   1.59806086782972       1.009982308710353E-006
   1.62558477372264       5.037327118212310E-005
   1.62558477372264       3.959759235955769E-005
   1.65314529714420       3.348989890428291E-005
   1.65314529714420       8.507240419761512E-006
   1.68074137465685       6.469707640756305E-005
   1.68074137465685       3.504534908087164E-005
   1.70837200411358       4.205663126995753E-009
   1.70837200411358       1.175528507140635E-004
   1.70837200411358       2.230772286227717E-005
   1.73603623947278       7.804764676316497E-007
   1.73603623947278       2.382236579198679E-005
   1.73603623947278       5.435848488057282E-006
   1.76373318618391       1.922956692158204E-005
   1.76373318618391       8.697608746488622E-005
   1.76373318618391       5.108049439363833E-006
   1.79146199706723       2.972635960441370E-006
   1.79146199706723       9.511493796147944E-006
   1.79146199706723       1.737467126256772E-011
   1.81922186862315       7.564453774495063E-006
   1.81922186862315       2.419552980351730E-005
   1.84701203771654       4.767288797633304E-008
   1.84701203771654       6.465138697516423E-008
   1.56250805166815       4.936824790942104E-009
   1.56250805166815       1.887961535976725E-008
   1.59065248471775       2.403508066781522E-009
   1.59065248471775       1.987584686431271E-009
   1.61883685969214       1.332449789395403E-006
   1.61883685969214       1.091771743595247E-006
   1.64705994166674       4.887259800584730E-005
   1.64705994166674       3.955421661871269E-005
   1.67532057134685       4.458137406207369E-005
   1.67532057134685       1.026651045551042E-005
   1.70361765828092       7.523918586110635E-005
   1.70361765828092       3.461906544979951E-005
   1.73195017486490       1.243405784775580E-008
   1.73195017486490       1.408893157176302E-004
   1.73195017486490       2.846023002818435E-005
   1.76031715102537       1.141179437266336E-006
   1.76031715102537       3.064835173997517E-005
   1.76031715102537       7.785136903133104E-006
   1.78871766948797       2.398227278576199E-005
   1.78871766948797       1.033474412575459E-004
   1.78871766948797       5.326265740530822E-006
   1.81715086155245       4.118428025246868E-006
   1.81715086155245       1.326540010601529E-005
   1.81715086155245       5.156845266485441E-011
   1.84561590330834       9.506973562892609E-006
   1.84561590330834       3.393480354079004E-005
   1.87411201223497       1.430037642626826E-007
   1.87411201223497       1.954307361957769E-007
   1.58654463714014       3.955114108963987E-009
   1.58654463714014       1.533353393586580E-008
   1.61555380187798       2.618856249778045E-009
   1.61555380187798       2.185115391502816E-009
   1.64460413574771       1.239201073567316E-006
   1.64460413574771       1.075804569688542E-006
   1.67369436588195       4.094123268030807E-005
   1.67369436588195       3.421121632343730E-005
   1.70282329736692       5.512640437677362E-005
   1.70282329736692       1.172043491854505E-005
   1.73198980624719       8.556774279805427E-005
   1.73198980624719       3.277100137488052E-005
   1.76119283334579       3.720781734580630E-008
   1.76119283334579       1.535136817235284E-004
   1.76119283334579       3.362021361295188E-005
   1.79043137878400       1.545599579484986E-006
   1.79043137878400       3.746865875395614E-005
   1.79043137878400       1.059909526624521E-005
   1.81970449710439       2.782799517938899E-005
   1.81970449710439       1.179677412954478E-004
   1.81970449710439       4.827038202697890E-006
   1.84901129291611       5.366262606472838E-006
   1.84901129291611       1.720949374396925E-005
   1.84901129291611       1.552906489113960E-010
   1.87835091699419       1.112492612242946E-005
   1.87835091699419       4.577098065162331E-005
   1.90772256277519       4.379701203525055E-007
   1.90772256277519       6.057328347246889E-007
   1.61589638392476       2.498033512588827E-009
   1.61589638392476       9.856572630409968E-009
   1.64596149671226       2.414039514347330E-009
   1.64596149671226       2.039334763828417E-009
   1.67606927720857       1.005525642386858E-006
   1.67606927720857       9.437580918638923E-007
   1.70621840621329       2.817945670541961E-005
   1.70621840621329       2.433884206779802E-005
   1.73640764531719       6.093776286964053E-005
   1.73640764531719       1.241631250992931E-005
   1.76663582965230       9.458359627391784E-005
   1.76663582965230       3.157968380269117E-005
   1.79690186148708       1.058344504968762E-007
   1.79690186148708       1.482950588605333E-004
   1.79690186148708       3.575420632298202E-005
   1.82720470454674       1.852030564459118E-006
   1.82720470454674       4.227060611163195E-005
   1.82720470454674       1.325028265717937E-005
   1.85754337895871       2.932216669361367E-005
   1.85754337895871       1.298434797021229E-004
   1.85754337895871       3.653866868696977E-006
   1.88791695673947       6.630420566108068E-006
   1.88791695673947       2.035954011498146E-005
   1.88791695673947       4.463012406683677E-010
   1.91832455775184       1.179474866050803E-005
   1.91832455775184       5.807169747063276E-005
   1.94876534607308       1.292977176381631E-006
   1.94876534607308       1.821300117063713E-006
   1.65134489502361       1.142020206186900E-009
   1.65134489502361       4.606567824695078E-009
   1.68268529089505       1.755773034935658E-009
   1.68268529089505       1.509947971356986E-009
   1.71407016432738       6.885878671923603E-007
   1.71407016432738       7.116710480455268E-007
   1.74549814016321       1.482316504351291E-005
   1.74549814016321       1.321740402916447E-005
   1.77696792746322       5.719617550677737E-005
   1.77696792746322       1.177985866184193E-005
   1.80847831194882       9.798054231860137E-005
   1.80847831194882       3.184097370347844E-005
   1.84002814932558       2.660691867270454E-007
   1.84002814932558       1.251434741468608E-004
   1.84002814932558       3.307129644064073E-005
   1.87161635936264       1.848068276669769E-006
   1.87161635936264       4.192060964533734E-005
   1.87161635936264       1.444720560232062E-005
   1.90324192062383       2.713339572764381E-005
   1.90324192062383       1.372324999751608E-004
   1.90324192062383       2.317432728188631E-006
   1.93490386576300       8.209138667584685E-006
   1.93490386576300       2.205144597109147E-005
   1.93490386576300       1.140953964259257E-009
   1.96660127730987       1.088914827716902E-005
   1.96660127730987       6.682616000377219E-005
   1.99833328388404       3.445419618230773E-006
   1.99833328388404       4.984700038257203E-006
   1.69382741450130       3.388529326295485E-010
   1.69382741450130       1.402963761995573E-009
   1.72669614645155       9.189704721635892E-010
   1.72669614645155       8.118314307866110E-010
   1.75961152494172       3.801718088385069E-007
   1.75961152494172       4.382004857157403E-007
   1.79257210775390       5.391481938428098E-006
   1.79257210775390       4.938753339672454E-006
   1.82557654099523       4.278440881352047E-005
   1.82557654099523       9.479410650168724E-006
   1.85862355117198       8.880260152323627E-005
   1.85862355117198       3.091134655208591E-005
   1.89171193818740       5.480071798703235E-007
   1.89171193818740       9.493300793996831E-005
   1.89171193818740       2.561615556818718E-005
   1.92484056913245       1.419815320873370E-006
   1.92484056913245       3.405393980346118E-005
   1.92484056913245       1.278384692551501E-005
   1.95800837275991       2.107017810184637E-005
   1.95800837275991       1.356199567255593E-004
   1.95800837275991       1.615351611427127E-006
   1.99121433455031       1.094674600286088E-005
   1.99121433455031       2.318671779780498E-005
   1.99121433455031       2.412414864621172E-009
   2.02445749229231       8.280330741026010E-006
   2.02445749229231       6.596072469327476E-005
   2.05773693211205       7.738682953420162E-006
   2.05773693211205       1.160484372260107E-005
   1.74447753011684       5.722129188393109E-011
   1.74447753011684       2.437378462536966E-010
   1.77916843269264       3.094192971726355E-010
   1.77916843269264       2.850179746528011E-010
   1.81390856779053       1.580705903461821E-007
   1.81390856779053       2.039364582142776E-007
   1.84869641323919       1.203783449528495E-006
   1.84869641323919       1.114218909156246E-006
   1.88353054008891       2.377058367140787E-005
   1.88353054008891       6.033421005728703E-006
   1.91840960424625       6.409697093453211E-005
   1.91840960424625       2.475219605329515E-005
   1.95333233908371       8.537172167341386E-007
   1.95333233908371       7.140820294325160E-005
   1.95333233908371       1.604435021861783E-005
   1.98829754888626       7.599209790111316E-007
   1.98829754888626       2.057096156838252E-005
   1.98829754888626       8.307599112844579E-006
   2.02330410301908       1.288018190557298E-005
   2.02330410301908       1.181334840081217E-004
   2.02330410301908       1.946045792134808E-006
   2.05835093071995       1.492472238317727E-005
   2.05835093071995       2.537624380285468E-005
   2.05835093071995       3.911354213221150E-009
   2.09343701643464       4.798774427809505E-006
   2.09343701643464       5.143977146970710E-005
   2.12856139562612       1.363088606101446E-005
   2.12856139562612       2.135997785371461E-005
   1.80467567092043       4.725264876520536E-012
   1.80467567092043       2.070470353661181E-011
   1.84153224049525       5.949994854839082E-011
   1.84153224049525       5.849872781544830E-011
   1.87844111605639       4.445533889406111E-008
   1.87844111605639       6.368268270393122E-008
   1.91540068040716       1.591856919740624E-007
   1.91540068040716       1.368830370876251E-007
   1.95240941539206       9.153319543351274E-006
   1.95240941539206       2.809396027963687E-006
   1.98946589300923       3.262874947558419E-005
   1.98946589300923       1.390062480227349E-005
   2.02656876755876       9.132802516470634E-007
   2.02656876755876       5.564759674770589E-005
   2.02656876755876       8.005128784878527E-006
   2.06371676868009       2.516644667751162E-007
   2.06371676868009       8.132955583380212E-006
   2.06371676868009       3.448490446856962E-006
   2.10090869515567       5.633982713490548E-006
   2.10090869515567       8.331243829738082E-005
   2.10090869515567       2.689763239515333E-006
   2.13814340937827       1.710304444396841E-005
   2.13814340937827       2.651000016867465E-005
   2.13814340937827       4.450277438406295E-009
   2.17541983239511       1.901378913319669E-006
   2.17541983239511       2.813253194249624E-005
   2.21273693945550       1.731789606314708E-005
   2.21273693945550       2.854986047844741E-005
   1.87611325864450       1.621254679778597E-013
   1.87611325864450       7.293818927497848E-013
   1.91553984158116       6.135398626830836E-012
   1.91553984158116       6.699172450357003E-012
   1.95502237780734       7.679268157102117E-009
   1.95502237780734       1.202842962789012E-008
   1.99455913735899       2.410993777024727E-008
   1.99455913735899       1.439000575532033E-008
   2.03414849621946       2.648596956781212E-006
   2.03414849621946       1.061088786843708E-006
   2.07378892681211       1.139215664605490E-005
   2.07378892681211       5.284349218476895E-006
   2.11347898960122       7.894163178914521E-007
   2.11347898960122       5.588440506348282E-005
   2.11347898960122       4.505911013370189E-006
   2.15321732564381       4.953174534436940E-008
   2.15321732564381       2.090345816891317E-006
   2.15321732564381       8.407377737752570E-007
   2.19300264996128       1.728520690429630E-006
   2.19300264996128       6.049012215759483E-005
   2.19300264996128       4.339263805026084E-006
   2.23283374562090       2.046587407886232E-005
   2.23283374562090       3.253996724194858E-005
   2.23283374562090       4.544526820869223E-009
   2.27270945843439       4.948739778489041E-007
   2.27270945843439       1.050212503539231E-005
   2.31262869219504       2.214585740975815E-005
   2.31262869219504       3.962826618687885E-005
