    0.0000000    0.0000000    0.0000000    0.0000000    0.0000000    0.0000000    0.0000000    0.0000000    0.0000000    0.0000000    0.0000000    0.0000000    0.0000000
    0.1018031    0.0000000  387.8416811  387.8416811  387.8416811  387.8416811  387.8416811    0.0000000  389.2809862  389.2738567  389.2729862  389.2675112  389.2523815
    0.2879426    0.0000000  388.5459049  388.5459049  386.1024279  386.1024279  386.1024279    0.0000000  387.1371615  387.1224760  387.8408517  387.8295740  387.7984093
    0.5289844    0.0000000  387.9713516  387.9713516  387.9713516  387.9713516  386.4447636    0.0000000  387.5698077  387.5473961  387.5446595  387.5274486  388.5047443
    0.8144247    0.0000000  384.6735519  384.6735519  384.6735519  384.6735519  383.5199114    0.0000000  385.1597126  385.1294626  385.1257689  385.1025386  386.0573036
    1.1381932  385.5246372  383.5199114  382.4645047  382.4645047  382.4645047  384.8884912  383.5834255  383.3342434  383.7264733  383.7218121  383.6924973  387.9301852
    1.4961938  382.8918634  384.8884912  383.8700705  383.8700705  383.8700705  382.7514906  381.6121895  385.5050741  385.8861605  385.8805236  385.8450719  386.3949794
    1.8854197  381.6062966  382.7514906  382.7514906  382.7514906  381.4784291  380.3367379  380.2858740  384.2111796  384.1569667  384.1503471  384.2464972  384.6418022
    2.3035410  380.4222516  381.4784291  380.3367379  380.3367379  379.2315040  378.4694681  379.0892422  382.5979350  382.5941385  382.5865301  382.8117454  383.4834193
    2.7486835  382.8773975  379.2315040  378.4694681  378.4694681  377.5678616  376.6515105  381.5110806  381.2216990  381.5937329  381.5851304  381.9816494  382.4232449
    3.2192965  380.9399187  378.4694681  377.5678616  376.6515105  376.6515105  378.3010213  380.2772852  380.2560873  380.3713217  380.6572433  380.5968592  384.8424411
    3.7140693  379.8868014  376.6515105  379.1623624  379.1623624  378.3010213  376.4286887  379.2345487  379.3379173  382.8449616  382.8343574  383.1229162  383.8192095
    4.2318751  378.8448884  378.3010213  377.4271605  377.4271605  376.4286887  374.4125907  378.2120723  381.8846895  382.0510930  382.0394819  382.1914956  382.6958002
    4.7717315  377.7066212  377.4271605  375.3274241  375.3274241  374.4125907  372.2243738  377.1001010  380.8954628  380.9258728  380.9132512  381.1478964  381.4178921
    5.3327721  375.7182945  375.3274241  374.4125907  373.2964887  372.2243738  370.0802330  375.8921702  379.7698603  379.8450937  379.8850560  379.9428815  380.2713383
    5.9142252  374.6815106  374.4125907  372.2243738  372.2243738  371.2167750  368.0308404  374.8908213  378.7940368  378.6579607  378.6433084  378.7465179  379.2315040
    6.5153979  373.8630955  372.2243738  370.0802330  370.0802330  368.9836072  365.9657154  374.1095450  377.6025863  377.5842898  377.5686176  377.5719099  378.2122172
    7.1356634  372.8223396  371.2167750  368.9836072  368.0308404  366.9941556  363.9193249  373.1108197  376.5921817  376.4059383  376.5982961  376.6685626  377.2464586
    7.7744510  371.9120923  368.9836072  366.9941556  366.9941556  364.8838362  361.9642464  372.2431152  375.4142857  375.5079614  375.4902417  375.6753353  376.4050404
    8.4312385  374.3190794  366.9941556  364.8838362  364.8838362  362.9152911  359.8264180  374.6606867  374.5105218  374.5204996  374.5017524  374.8519752  375.4156895
    9.1055454  373.4776390  365.9657154  362.9152911  362.9152911  361.9642464  361.2794437  373.8630955  373.4981573  373.7030815  373.6833044  373.8218290  378.0133981
    9.7969279  371.5677688  363.9193249  361.9642464  360.8944470  359.8264180  359.1876994  372.8223396  372.5770905  372.7369330  372.8423027  372.8750358  377.1330889
   10.5049742  370.5875368  362.9152911  359.8264180  359.8264180  361.2794437  356.9848264  371.9120923  371.6130646  371.7914815  371.7696384  375.5116577  376.1733157
   11.2293010  369.6244274  360.8944470  361.2794437  361.2794437  359.1876994  354.7431651  371.0048135  370.7556933  374.4298154  374.4069362  374.6670473  375.2049963
   11.9695503  368.5911465  359.8264180  360.2638713  359.1876994  356.9848264  352.3978423  370.0283512  369.7484412  373.4427084  373.5632568  373.7401289  374.1632527
   12.7253866  367.5637546  361.2794437  358.1821830  358.1821830  355.9423123  350.1623885  369.0578279  372.3678976  372.6191880  372.5942309  372.7047866  373.2588681
   13.4831040  366.6892021  360.2638713  356.9848264  355.9423123  353.5672374  347.7412025  368.2531212  371.4480126  371.4982517  371.6614382  371.6680404  372.2243738
   14.2825784  365.6042948  358.1821830  354.7431651  354.7431651  351.3499547  345.3714575  367.2109740  370.5868410  370.5327286  370.5056866  370.7706304  371.2167750
   15.0833573  364.5109999  356.9848264  352.3978423  352.3978423  348.8996241  344.1644320  366.1748501  369.4837884  369.5119104  369.4838235  369.6906538  369.9836312
   15.8985665  363.5980938  354.7431651  351.3499547  350.1623885  347.7412025  341.7009226  365.3170493  368.5187054  368.5485975  368.5976950  368.5933579  368.9518900
   16.7279550  362.5348310  353.5672374  348.8996241  348.8996241  345.3714575  339.2558068  364.3100903  367.4502202  367.4585916  367.4284100  367.6288665  367.9640884
   17.5712845  361.3743141  351.3499547  346.6672411  346.6672411  342.9797025  336.7470331  363.2065130  366.5447821  366.6108626  366.5796314  366.6680568  366.9386031
   18.4283282  360.4810848  350.1623885  345.3714575  344.1644320  341.7009226  334.2661765  362.3671911  365.4768117  365.4275486  365.4891985  365.4850807  365.9657154
   19.2988700  359.4445957  347.7412025  342.9797025  342.9797025  339.2558068  331.6261519  361.3856670  364.4043128  364.4554832  364.4221485  364.5052284  364.8598485
   20.1827038  358.4943376  346.6672411  341.7009226  340.4460596  336.7470331  329.0648052  360.4891263  363.4597925  363.3043245  363.3341887  363.4870242  363.8561203
   21.0796326  357.3770520  345.3714575  339.2558068  338.0314569  334.2661765  326.4270655  359.4268370  362.2992873  362.3121101  362.3893027  362.5207972  362.8006747
   21.9894680  356.3053650  342.9797025  336.7470331  336.7470331  332.9475693  323.7886456  358.4092968  361.2965434  361.2820710  361.2455711  361.3343777  361.7681437
   22.9120293  355.2063971  341.7009226  335.5062561  334.2661765  330.3426876  321.2165920  357.3643547  360.1623400  360.1888663  360.2669198  360.2772011  360.8245913
   23.8471435  354.2319289  339.2558068  332.9475693  332.9475693  327.8153242  318.5661583  356.4422759  359.1401619  359.1409832  359.1023668  359.3203878  359.8264180
   24.7946442  353.1514615  338.0314569  331.6261519  330.3426876  326.4270655  315.8518408  355.4148702  358.0687138  357.9798563  358.0320918  358.0886353  358.7876850
   25.7543716  352.0191352  335.5062561  329.0648052  329.0648052  323.8139906  316.4417688  354.3357417  357.0000063  356.9602929  356.9195553  357.0775510  361.0425604
   26.7261718  352.0191352  334.2661765  327.8153242  326.4270655  321.2165920  313.7187233  353.3331164  355.9213449  355.8811858  355.8473068  356.1049415  360.0397266
   27.7098967  350.9950924  332.9475693  325.2237674  323.8139906  319.9563094  312.5900810  352.3498709  354.7665712  354.8620969  354.8231409  355.0207267  359.0606833
   28.7054034  349.9123467  330.3426876  323.8139906  322.6618109  317.2535144  309.7647425  351.3082185  353.6574122  353.6341896  353.8520079  353.9732807  357.9875457
   29.7125541  351.7379547  329.0648052  321.2165920  319.9563094  318.0563114  306.9889258  353.1455535  352.5505612  352.6391672  352.7659685  356.4187088  356.9848264
   30.7312157  350.5701494  327.8153242  319.9563094  318.7787696  316.4417688  304.1515391  352.0191352  351.4728794  351.5683955  351.7793181  355.0024701  355.9423123
   31.7612597  349.5060225  325.2237674  317.2535144  315.8518408  313.7187233  302.5224605  350.9950924  350.4146195  350.4983794  350.5031859  353.9858733  354.5039144
   32.8025614  348.3630992  323.8139906  318.0563114  318.0563114  312.5900810  299.6605008  349.8927834  349.1852864  352.9217940  352.8735978  353.0614196  353.4659710
   33.8550007  348.3630992  321.2165920  316.4417688  315.3320967  309.7647425  296.7421405  348.8180731  348.1521032  351.5147859  351.8267961  351.9715671  352.3927414
   34.9184607  346.0525521  319.9563094  313.7187233  313.7187233  306.9889258  293.8339798  347.6629698  347.0775458  350.4761454  350.4258091  350.9522036  351.3499547
   35.9928285  346.0525521  318.7787696  312.5900810  311.3837046  305.3498417  292.1600596  346.5673320  346.0853623  349.5580355  349.7925050  349.5382835  349.8977756
   37.0779944  345.0431361  315.8518408  309.7647425  309.7647425  302.5224605  289.1952327  345.5861360  344.7623471  348.4462159  348.3937358  348.4951020  348.8261835
   38.1738521  343.8056750  318.0563114  308.1632390  306.9889258  299.6605008  286.1968543  344.3790338  347.1247449  347.0673773  347.3518088  347.4386336  347.7412025
   39.2802981  342.6818628  316.4417688  306.9889258  305.3498417  298.3849052  283.1897658  343.2843082  345.7065025  346.1127735  345.9404258  346.3992770  346.6672411
   40.3972322  341.3088806  315.3320967  304.1515391  302.5224605  295.3754887  281.5061127  341.9427738  344.7881510  345.0223949  344.8748109  345.2233427  345.2320529
   41.5245567  340.2643930  312.5900810  302.5224605  301.2519524  293.8339798  278.4213972  340.9263242  343.6899664  343.6243234  343.8352408  343.9288231  344.1072400
   42.6621768  339.0995960  311.3837046  299.6605008  298.3849052  290.8195493  275.3145458  339.7906483  342.6818628  342.5368124  342.7573300  342.7740389  342.9797025
   43.8100001  339.0995960  309.7647425  298.3849052  296.7421405  287.8672000  273.6400153  338.6262398  341.2651838  341.4951331  341.3558127  341.7009226  341.5710274
   44.9679367  337.8221640  306.9889258  295.3754887  293.8339798  286.1968543  270.4852221  337.3691070  340.1685951  340.2884588  340.2638024  340.2919491  340.4211936
   46.1358991  336.5537809  305.3498417  293.8339798  292.1600596  283.1897658  267.2957524  336.1209013  338.7377495  338.9896992  338.8377325  339.1901333  339.2558068
   47.3138018  336.5537809  304.1515391  290.8195493  289.1952327  281.5061127  264.0279168  334.9287660  337.7430186  337.8045187  337.7158699  337.7749868  338.0314569
   48.5015618  335.3167625  302.5224605  289.1952327  287.8672000  278.4213972  262.3841526  333.7019278  336.3214997  336.4297130  336.6382590  336.6214665  336.6749366
   49.6990978  334.2661765  299.6605008  287.8672000  286.1968543  276.7894502  259.0233651  332.6597087  335.1799639  335.3485639  335.2222030  335.2641264  335.3827820
   50.9063307  332.8449978  298.3849052  284.5211671  283.1897658  273.6400153  255.6420602  331.2506547  334.1139006  333.8665904  334.0897597  334.0713532  334.0885625
   52.1231833  332.8449978  296.7421405  283.1897658  281.5061127  272.1198408  254.0100750  330.0216256  332.6839214  332.7876933  332.6661823  332.8309491  332.7579954
   53.3495801  331.5581314  295.3754887  279.9706631  278.4213972  268.8816299  250.6722731  328.7361949  331.5268333  331.4570949  331.4824018  331.5747960  331.5304388
   54.5854474  331.5581314  292.1600596  278.4213972  276.7894502  267.2957524  247.1504136  327.4895739  330.0749805  330.1679214  330.1154759  330.2753311  330.1385660
   55.8307131  330.3426876  290.8195493  276.7894502  273.6400153  264.0279168  243.7968808  326.2656871  328.9490868  328.7968913  328.8928232  329.0140614  328.9311001
   57.0853068  329.0648052  289.1952327  273.6400153  272.1198408  262.3841526  242.0736384  324.9801812  327.5416950  327.5659093  327.6418422  327.6630117  327.5287070
   58.3491598  329.0648052  287.8672000  272.1198408  270.4852221  259.0233651  238.6438939  323.7068830  326.4270655  326.3106914  326.2775363  326.3336479  326.2686408
   59.6222046  327.8153242  286.1968543  268.8816299  267.2957524  257.4097801  235.0921322  322.4405759  324.9729616  325.0168511  325.0453057  325.0179654  324.9052236
   60.9043754  326.4270655  283.1897658  267.2957524  265.5636479  254.0100750  231.5091931  321.0371361  323.7720305  323.7016082  323.5895340  323.6737295  323.5282591
   62.1956077  326.4270655  281.5061127  265.5636479  264.0279168  252.3573959  227.9751507  319.7375629  322.3098873  322.2413618  322.3279888  322.3246250  322.2168955
   63.4958382  325.2237674  279.9706631  262.3841526  260.7281383  248.9425166  226.3086788  318.5085503  320.9938382  321.0355176  321.0161994  320.9887616  320.8929096
   64.8050053  325.2237674  278.4213972  260.7281383  259.0233651  247.1504136  222.7818052  317.1919405  319.6634662  319.6554316  319.5921444  319.5067212  319.6106588
   66.1230482  323.8139906  276.7894502  259.0233651  255.6420602  245.5444607  219.0552317  315.7499965  318.2505799  318.2267195  318.2238630  318.2090578  318.1476114
   67.4499076  323.8139906  275.3145458  255.6420602  254.0100750  242.0736384  215.2538599  314.4164863  316.9924924  316.8505564  316.8765958  316.8457900  316.6273032
   68.7855253  322.6618109  272.1198408  254.0100750  252.3573959  240.4064781  213.4127744  313.2212080  315.6553381  315.4985749  315.5084749  315.4923559  315.1463826
   70.1298443  321.2165920  270.4852221  252.3573959  248.9425166  236.8763044  209.9186204  311.7362445  314.2441161  314.1256581  314.1358928  314.0931773  313.9516477
   71.4828086  321.2165920  268.8816299  248.9425166  247.1504136  235.0921322  206.2957413  310.3773549  312.8629141  312.7453498  312.6343135  312.6285837  312.6459980
   72.8443632  318.7787696  267.2957524  247.1504136  245.5444607  231.5091931  206.6883515  309.2156491  311.4985448  311.2389365  311.3165648  311.1997824  315.3320967
   74.2144544  318.7787696  265.5636479  245.5444607  242.0736384  229.7453541  204.6982793  307.8396873  309.9886989  309.9162879  309.9171754  309.7598716  313.7187233
   75.5930293  317.2535144  264.0279168  242.0736384  240.4064781  227.9751507  200.7051833  306.2682642  308.6725449  308.5093246  308.5432688  308.3134208  312.0838642
   76.9800359  315.8518408  262.3841526  240.4064781  238.6438939  224.4523326  197.6398997  304.8196378  307.2487157  307.1304948  307.0743608  306.9712030  311.3837046
   78.3754234  315.8518408  260.7281383  238.6438939  236.8763044  222.7818052  195.6342693  303.4190084  305.8120327  305.6566106  305.5999360  305.6278012  309.7647425
   79.7791416  315.8518408  259.0233651  236.8763044  233.3488684  219.0552317  193.6241252  302.0105682  304.3263495  304.1771615  304.1776103  304.1059934  308.1418757
   81.1911415  314.3778017  255.6420602  233.3488684  231.5091931  217.1571560  189.5901540  300.4741771  302.8697817  302.7474469  302.6361118  302.5415861  306.5076796
   82.6113748  314.3778017  254.0100750  231.5091931  229.7453541  215.2538599  187.5662610  299.0497142  301.4610049  301.2009181  301.1690754  300.9716054  304.8760529
   84.0397939  313.2084145  252.3573959  229.7453541  226.3086788  211.5151976  184.3389443  297.8072968  300.0310048  299.7288128  299.8644487  299.4643260  304.0607051
   85.4763524  312.0236051  250.6722731  227.9751507  224.4523326  209.9186204  182.3064350  296.5501904  298.5681486  298.2497347  298.3100255  298.2021227  302.4252044
   86.9210042  312.0236051  248.9425166  224.4523326  222.7818052  206.2957413  180.2692015  295.1017693  297.0603680  296.8574514  296.9389034  296.8311430  300.7852318
   88.3737043  310.4748906  247.1504136  222.7818052  220.9480995  208.6741732  176.1804689  293.4769337  295.4901278  295.4812322  295.4055573  299.5082415  299.1414275
   89.8344083  310.4748906  245.5444607  220.9480995  217.1571560  206.6883515  174.8537582  292.0128668  294.1034404  293.9427617  293.7825161  297.8642016  298.2092461
   91.3030727  308.9623086  243.7968808  219.0552317  215.2538599  202.7039058  172.8019593  290.4164629  292.5758084  292.3450031  292.1843677  296.1612412  296.5592534
   92.7796545  308.9623086  242.0736384  217.1571560  213.4127744  200.7051833  168.6838638  288.9368915  291.0715381  290.7413599  290.6470984  294.5083601  294.9104132
   94.2641116  308.9623086  240.4064781  213.4127744  211.5151976  198.7020665  166.6175347  287.4497787  289.6220592  289.1669875  289.0531803  292.8505400  293.2501718
   95.7564022  307.5310916  238.6438939  211.5151976  208.0039122  195.6342693  164.5463313  285.9188830  288.0773833  287.5679173  287.7389098  292.0807610  291.5849816
   97.2564856  307.5310916  236.8763044  209.9186204  206.2957413  193.6241252  162.4702400  284.4164624  286.5270276  286.2660870  286.3365098  290.4198169  289.9147725
   98.7643214  306.3252767  235.0921322  208.0039122  208.6741732  191.6094314  158.9418684  283.1016917  284.9595339  284.6485494  288.9791012  288.7537292  288.8776241
  100.2798701  306.3252767  233.3488684  206.2957413  206.6883515  187.5662610  156.8548677  281.5841019  283.4318218  283.2347190  287.3003271  287.0437694  287.2004819
  101.8030925  306.3252767  231.5091931  206.6883515  204.6982793  186.3667543  154.7629351  280.0591049  281.8079482  285.7927251  285.6165829  286.1884646  285.5181610
  103.3339501  306.3252767  229.7453541  204.6982793  200.7051833  184.3389443  150.5642381  278.5267212  280.2584424  284.1038118  283.8615353  284.5124582  283.8408245
  104.8724052  304.7365712  227.9751507  202.7039058  198.7020665  180.2692015  148.4574580  276.8107611  278.7019299  282.4098628  282.1688010  282.8013784  282.1475125
  106.4184203  304.7365712  226.3086788  200.7051833  197.6398997  178.2272201  146.8976829  275.2634608  277.2474098  280.7108265  281.4068303  281.1150147  280.9953420
  107.9719586  304.7365712  224.4523326  198.7020665  195.6342693  176.1804689  144.7841662  273.7088542  275.6042167  279.0066545  279.7100489  279.4232133  279.2945365
  109.5329840  303.4775977  222.7818052  197.6398997  193.6241252  172.8019593  140.5422036  272.3051955  274.1442914  278.2332347  278.0080126  278.4213972  277.6015668
  111.1014606  303.4775977  220.9480995  193.6241252  191.6094314  170.7453335  138.4137484  270.7358638  272.5221314  276.4679314  276.3006821  276.7234251  275.8894990
  112.6773533  303.4775977  219.0552317  191.6094314  187.5662610  168.6838638  136.2803055  269.1593067  270.8407174  274.7554389  274.5364581  275.0199140  274.1719863
  114.2606273  303.4775977  217.1571560  189.5901540  186.3667543  164.5463313  132.4740253  267.5755473  269.1534690  273.0376141  273.6400153  273.2913714  272.9332763
  115.8512483  301.9373175  215.2538599  187.5662610  184.3389443  162.4702400  130.3282538  265.8722052  267.4603786  271.3144242  271.9227547  271.5769299  271.2069745
  117.4491826  301.9373175  213.4127744  186.3667543  182.3064350  161.0239471  128.1774853  264.2739663  265.8282081  270.4065800  270.2000425  270.4852221  269.4751546
  119.0543968  301.9373175  211.5151976  184.3389443  180.2692015  158.9418684  123.8609531  262.6686063  264.1394473  268.6779186  268.4718526  268.7633111  267.7540227
  120.6668581  301.9373175  211.5151976  182.3064350  178.2272201  156.8548677  121.6951880  261.0561490  262.4777009  266.9438081  266.7381608  267.0357439  266.0106765
  122.2865340  300.4820535  209.9186204  180.2692015  176.1804689  152.6660613  119.5244235  259.4162873  261.0795696  265.2042242  264.9989447  265.2894473  264.2617556
  123.9133926  300.4820535  208.0039122  176.1804689  172.8019593  150.5642381  117.7533310  257.7895900  259.3658536  263.4164502  263.9371861  263.5506780  262.9078639
  125.5474023  300.4820535  206.2957413  174.8537582  170.7453335  148.4574580  113.3911596  256.1558758  257.8559798  262.3841526  262.1919877  261.8062028  261.1679628
  127.1885319  300.4820535  208.6741732  172.8019593  168.6838638  146.8976829  111.2025798  254.5151686  260.3912184  260.6332205  260.4411897  260.6024588  259.4039708
  128.8367507  300.4820535  206.6883515  170.7453335  166.6175347  144.7841662  109.0090061  252.8674925  258.6052266  258.8767140  258.6847772  258.8497019  257.6343466
  130.4920283  299.2269277  204.6982793  168.6838638  164.5463313  142.6656747  104.6068853  251.3985216  256.8144128  257.1146180  256.9227366  257.0912073  255.8772068
  132.1543347  299.2269277  202.7039058  166.6175347  162.4702400  138.4137484  102.7369099  249.7368929  255.0187321  255.3469189  255.1550556  255.3192961  254.4310874
  133.8236404  299.2269277  202.7039058  164.5463313  161.0239471  136.2803055  100.5251393  248.0683743  253.3046101  253.5736041  254.0100750  253.5494082  252.6458671
  135.4999161  299.2269277  200.7051833  162.4702400  158.9418684  134.1418717   96.0866585  246.3929896  251.4974545  251.7946625  252.2348684  251.7737582  250.8748629
  137.1831329  299.2269277  198.7020665  161.0239471  156.8548677  132.4740253   93.8599550  244.7107627  249.6853698  250.6384361  250.4539929  250.4631661  249.0779399
  138.8732623  299.2269277  197.6398997  158.9418684  154.7629351  130.3282538   91.6282809  243.0217173  248.8042519  248.8519993  248.6674407  248.6786024  247.2753428
  140.5702763  297.6326230  195.6342693  156.8548677  150.5642381  128.1774853   87.4268302  241.1835813  246.9885367  247.0599101  246.8511485  246.8882644  245.7609573
  142.2741469  297.6326230  193.6241252  154.7629351  148.4574580  126.0217187   85.1816561  239.4809124  245.1677894  245.2621617  245.0536431  245.0921497  243.9480216
  143.9848467  297.6326230  193.6241252  152.6660613  146.8976829  123.8609531   80.6764520  237.7715015  243.4151807  243.4587483  243.7968808  243.2902565  242.1509436
  145.7023485  297.6326230  191.6094314  150.5642381  144.7841662  121.6951880   78.6323351  236.0553719  241.5829096  241.6496650  241.9911253  241.4825840  240.5400443
  147.4266256  297.6326230  189.5901540  148.4574580  142.6656747  119.5244235   76.3684371  234.3325471  239.7455671  239.8349078  240.1796585  239.6691319  238.7107715
  149.1576513  297.6326230  187.5662610  146.8976829  140.5422036  117.7533310   71.8258446  232.6030504  237.9031265  238.5609225  238.3624786  238.2505254  236.8983324
  150.8953995  297.6326230  186.3667543  144.7841662  138.4137484  113.3911596   69.5471606  230.8669049  236.8763044  236.7379738  236.5395845  236.4268584  235.0573656
  152.6398442  297.6326230  186.3667543  142.6656747  136.2803055  111.2025798   67.4251256  229.1241339  235.0921322  234.9093445  234.7109757  234.5982911  233.3706725
  154.3909599  297.6326230  184.3389443  140.5422036  134.1418717  109.0090061   62.8447435  227.3747603  233.2383967  233.0750336  232.8766524  232.7639495  231.5423160
  156.1487213  297.6326230  182.3064350  138.4137484  132.4740253  106.8104405   60.6586316  225.6188070  231.3795143  231.2350407  231.5074407  230.9238364  229.7950898
  157.9131033  297.6326230  180.2692015  136.2803055  130.3282538  104.6068853   56.0499199  223.8562969  229.5154650  229.3893661  229.6643167  229.0779552  227.9563288
  159.6840811  297.6326230  178.2272201  134.1418717  128.1774853  102.7369099   53.8061925  222.0872527  227.6462300  227.5380107  227.8154831  227.5614912  226.1549365
  161.4616303  297.6326230  178.2272201  132.4740253  126.0217187  100.5251393   51.5286904  220.3116970  225.8308705  226.1518011  225.9609423  225.7058247  224.3192758
  163.2457267  297.6326230  176.1804689  130.3282538  123.8609531   98.3083878   46.9071147  218.5296521  223.9501463  224.2917141  224.1006972  223.8444036  222.4889901
  165.0363463  297.6326230  174.8537582  128.1774853  121.6951880   96.0866585   44.5765788  216.7411404  222.7818052  222.4259527  222.2347514  221.9772329  220.6036643
  166.8334655  296.1548089  174.8537582  126.0217187  119.5244235   93.8599550   40.0191062  214.9269210  220.9480995  220.5545200  220.3631088  220.1043184  218.8542487
  168.6370608  296.1548089  172.8019593  123.8609531  119.5244235   91.6282809   37.6745758  213.1255329  219.0552317  218.6774193  218.4985909  218.2256659  216.9578800
  170.4471091  296.1548089  170.7453335  121.6951880  117.7533310   89.6670463   35.3252146  211.3177464  217.1571560  216.7946544  217.0159251  216.6139338  215.0558808
  172.2635874  296.1548089  168.6838638  119.5244235  115.5747437   87.4268302   30.6120266  209.5035831  215.2538599  214.9062298  215.1291121  214.7251980  213.1732461
  174.0864731  296.1548089  168.6838638  117.7533310  113.3911596   85.1816561   28.2482135  207.6830646  213.3957381  213.4127744  213.2366290  212.8307444  211.2597211
  175.9157438  296.1548089  166.6175347  115.5747437  111.2025798   82.9315285   23.5061832  205.8562120  211.4810420  211.5151976  211.3384813  210.9305802  209.3657161
  177.7513771  296.1548089  164.5463313  113.3911596  109.0090061   80.6764520   21.1279799  204.0230467  209.5611222  209.6119764  209.4346749  209.0247128  207.4407024
  179.5933512  296.1548089  164.5463313  113.3911596  106.8104405   78.6323351   18.7449938  202.1835896  207.6849416  207.7147675  207.5252159  207.3268948  205.5100942
  181.4416442  296.1548089  162.4702400  111.2025798  104.6068853   76.3684371   14.2258856  200.3378617  205.7536701  205.7999946  205.6101110  205.4106959  203.8574606
  183.2962347  296.1548089  161.0239471  109.0090061  102.7369099   76.3684371   11.8297280  198.4858835  204.4455269  203.8796024  204.0245482  203.4844335  201.9165439
  185.1571014  296.1548089  161.0239471  106.8104405  100.5251393   74.0996052    7.0231566  196.6276759  202.5514105  201.9535973  202.0999105  201.5568337  199.9962893
  187.0242231  297.6326230  158.9418684  104.6068853  100.5251393   71.8258446    4.6127573  194.7825099  200.6074023  200.0219859  200.1769385  199.6235724  198.0439829
  188.8975789  297.6326230  156.8548677  102.7369099   98.3083878   69.5471606    0.0000000  192.9118930  198.6581747  198.4199566  198.2408355  197.6846585  196.3324761
  190.7771482  297.6326230  156.8548677  100.5251393   96.0866585   67.4251256    0.0000000  191.0351061  196.7462470  196.4788923  196.2991285  195.9000522  196.7691537
  192.6629106  297.6326230  154.7629351  100.5251393   93.8599550   65.1373878    0.0000000  189.1521692  194.7857740  194.5410697  194.3518251  193.9506286  197.2049618
  194.5548456  297.6326230  152.6660613   98.3083878   91.6282809   62.8447435    0.0000000  187.2631021  192.8200876  192.5885933  192.3989334  191.9955799  197.6398997
  196.4529334  297.6326230  152.6660613   96.0866585   89.6670463   60.6586316    0.0000000  185.3679246  190.8904742  190.6305536  190.7131136  190.1452343  195.6342693
  198.3571539  297.6326230  150.5642381   93.8599550   87.4268302   58.3567201    0.0000000  183.4666563  188.9135984  188.6669583  188.7504433  188.1794867  193.6241252
  200.2674875  297.6326230  148.4574580   91.6282809   87.4268302   56.0499199    0.0000000  181.5593166  186.9315174  186.6978156  186.7873354  186.2081428  191.6094314
  202.1839147  297.6326230  148.4574580   89.6670463   85.1816561   53.8061925    0.0000000  179.6459248  184.9843444  184.9957854  184.8133447  184.2984882  189.5901540
  204.1064162  297.6326230  146.8976829   89.6670463   82.9315285   51.5286904    0.0000000  177.7264998  183.5375811  183.0236448  182.8338129  182.3546477  187.5662610
  206.0349728  297.6326230  144.7841662   87.4268302   80.6764520   49.2327934    0.0000000  175.8010609  181.5423390  181.0390521  180.8487489  180.3918511  185.5377224
  207.9695656  297.6326230  144.7841662   85.1816561   78.6323351   46.9071147    0.0000000  173.8696266  179.5777326  179.0489508  179.0719064  178.3988295  183.5045098
  209.9101759  297.6326230  142.6656747   82.9315285   78.6323351   44.5765788    0.0000000  171.9322157  177.5714189  177.0533496  177.0805756  176.4002618  181.4665965
  211.8567849  297.6326230  142.6656747   80.6764520   76.3684371   42.2411923    0.0000000  169.9888466  175.5953493  175.0522572  175.0798272  174.3961584  179.4239576
  213.8093744  297.6326230  140.5422036   80.6764520   74.0996052   40.0191062    0.0000000  168.0395378  173.5780091  173.0518918  173.0735874  172.5034930  177.3765694
  215.7679260  297.6326230  140.5422036   78.6323351   71.8258446   40.0191062    0.0000000  166.0843074  171.5905246  171.2533711  171.0618654  170.4817750  175.3244099
  217.7324216  297.6326230  138.4137484   76.3684371   69.5471606   37.6745758    0.0000000  164.1231735  169.5622033  169.2366973  169.0446707  168.4616052  173.2674585
  219.7028433  297.6326230  138.4137484   74.0996052   69.5471606   35.3252146    0.0000000  162.1561540  167.5633526  167.2145731  167.0253754  166.4359421  171.2056958
  221.6791733  297.6326230  136.2803055   74.0996052   67.4251256   32.9710292    0.0000000  160.1832667  165.5240954  165.1918995  165.1570309  164.4047962  169.1391036
  223.6613941  297.6326230  134.1418717   71.8258446   65.1373878   30.6120266    0.0000000  158.2045292  163.4797022  163.1586924  163.1240633  162.3681782  167.0676652
  225.6494882  297.6326230  134.1418717   69.5471606   62.8447435   28.2482135    0.0000000  156.2199589  161.4637796  161.1200671  161.0856651  160.3260989  164.9913647
  227.6434382  299.2269277  132.4740253   67.4251256   62.8447435   25.8795967    0.0000000  154.3718002  159.8793366  159.2359841  159.0442629  158.2785689  162.9101874
  229.6432270  299.2269277  132.4740253   67.4251256   60.6586316   23.5061832    0.0000000  152.3755870  157.8521755  157.1911709  157.1051723  156.2255991  160.8241198
  231.6488377  299.2269277  130.3282538   65.1373878   58.3567201   21.1279799    0.0000000  150.3735923  155.7887029  155.1369130  155.0508879  154.1672002  158.7331493
  233.6602533  299.2269277  130.3282538   62.8447435   56.0499199   18.7449938    0.0000000  148.3658331  153.7503525  153.0772787  152.9912157  152.1033830  156.6372641
  235.6774572  299.2269277  128.1774853   62.8447435   56.0499199   18.7449938    0.0000000  146.3523261  151.6760960  151.0160547  150.9278703  150.0269833  154.5364534
  237.7004328  299.2269277  128.1774853   60.6586316   53.8061925   16.3572318    0.0000000  144.3330881  149.6266053  149.0558154  148.9245530  147.9523042  152.4307075
  239.7291636  299.2269277  126.0217187   58.3567201   51.5286904   14.2258856    0.0000000  142.3081356  147.5416101  146.9804362  146.8872715  146.1308124  150.3200171
  241.7636335  299.2269277  126.0217187   56.0499199   49.2327934   11.8297280    0.0000000  140.2774850  145.4810282  144.8997227  144.8312551  144.0464970  148.2043739
  243.8038263  299.2269277  123.8609531   56.0499199   49.2327934    9.4288159    0.0000000  138.2411526  143.3853392  142.8166556  142.7461337  141.9568183  146.0837705
  245.8497258  299.2269277  123.8609531   53.8061925   46.9071147    7.0231566    0.0000000  136.1991545  141.3137152  140.7923855  140.6546187  139.8617873  143.9582000
  247.9013164  300.4820535  121.6951880   51.5286904   44.5765788    4.6127573    0.0000000  133.9657603  139.2073771  138.7342042  138.5577916  137.7614148  141.8276562
  249.9585822  300.4820535  121.6951880   51.5286904   44.5765788    2.1976249    0.0000000  131.9124459  137.1247599  136.6349413  136.4565232  135.6557118  139.6921336
  252.0215076  300.4820535  119.5244235   49.2327934   42.2411923    2.1976249    0.0000000  129.8535134  135.0078171  134.5526062  134.3489338  133.5363486  137.5516273
  254.0900772  300.4820535  119.5244235   46.9071147   40.0191062    0.0000000    0.0000000  127.7889784  132.9142556  132.4403332  132.3530286  131.6399667  135.4061331
  256.1642755  300.4820535  117.7533310   46.9071147   40.0191062    0.0000000    0.0000000  125.7188565  131.1873768  130.3249658  130.2357011  131.9186073  133.2556472
  258.2440874  300.4820535  117.7533310   44.5765788   37.6745758    0.0000000    0.0000000  123.6431630  129.0829195  128.2019967  128.1126703  132.1966256  131.1001665
  260.3294977  300.4820535  115.5747437   42.2411923   35.3252146    0.0000000    0.0000000  121.5619133  126.9470530  126.0737908  125.9843931  132.4740253  128.9396882
  262.4204915  300.4820535  115.5747437   42.2411923   35.3252146    0.0000000    0.0000000  119.4751224  124.8317482  123.9424109  123.8510955  130.3282538  126.7742103
  264.5170538  300.4820535  113.3911596   40.0191062   32.9710292    0.0000000    0.0000000  117.3828056  122.6854095  121.9205400  121.7121910  128.1774853  124.6037310
  266.6191700  300.4820535  113.3911596   40.0191062   30.6120266    0.0000000    0.0000000  115.2849776  120.5593054  119.7786189  119.5680726  126.0217187  122.4282491
  268.7268254  301.9373175  113.3911596   37.6745758   30.6120266    0.0000000    0.0000000  113.2018669  118.4278938  117.6297338  117.4188944  123.8609531  120.2477638
  270.8400054  301.9373175  111.2025798   35.3252146   28.2482135    0.0000000    0.0000000  111.0930267  116.2656824  115.4756665  115.2642156  121.6951880  118.0622746
  272.9586957  301.9373175  111.2025798   35.3252146   25.8795967    0.0000000    0.0000000  108.9787195  114.1235403  113.3178832  113.1043552  119.5244235  115.8717816
  275.0828819  301.9373175  109.0090061   32.9710292   25.8795967    0.0000000    0.0000000  106.8589598  111.9509697  111.1532996  110.9393865  117.3486598  113.6762851
  277.2125499  301.9373175  109.0090061   30.6120266   23.5061832    0.0000000    0.0000000  104.7337619  109.7981447  108.9835656  108.7690322  115.1678976  111.4757858
  279.3476857  301.9373175  109.0090061   30.6120266   21.1279799    0.0000000    0.0000000  102.6031401  107.6400627  106.8100130  106.5935286  112.9821381  109.2702848
  281.4882752  301.9373175  106.8104405   28.2482135   21.1279799    0.0000000    0.0000000  100.4671085  105.4517969  104.6298292  104.4128595  110.7913825  107.0597834
  283.6343046  301.9373175  106.8104405   28.2482135   18.7449938    0.0000000    0.0000000   98.3256812  103.2831002  102.4458868  102.2269279  108.5956325  104.8442834
  285.7857601  303.4775977  104.6068853   25.8795967   18.7449938    0.0000000    0.0000000   96.2911742  101.0845859  100.2552974  100.0359155  106.3948901  102.6237868
  287.9426281  303.4775977  104.6068853   23.5061832   16.3572318    0.0000000    0.0000000   94.1389626   98.9053212   98.0596109   97.8395996  104.1891576  100.3982958
  290.1048950  303.4775977  104.6068853   23.5061832   14.2258856    0.0000000    0.0000000   91.9813969   96.7208502   95.8600504   95.8967606  101.9784374   98.1678130
  292.2725474  303.4775977  102.7369099   21.1279799   14.2258856    0.0000000    0.0000000   89.8184907   94.8419954   93.6540237   93.6901947   99.7627324   95.9323411
  294.4455720  303.4775977  102.7369099   21.1279799   11.8297280    0.0000000    0.0000000   87.6502574   92.6470238   91.4441681   91.4795871   97.5420456   93.6918833
  296.6239554  303.4775977  100.5251393   18.7449938   11.8297280    0.0000000    0.0000000   85.4767106   90.4245859   89.2278447   89.2627697   95.3163803   91.4464428
  298.8076846  303.4775977  100.5251393   18.7449938    9.4288159    0.0000000    0.0000000   83.2978635   88.2191596   87.0077305   87.0418861   93.0857399   89.1960231
  300.9967465  303.4775977  100.5251393   16.3572318    7.0231566    0.0000000    0.0000000   81.1137294   86.0085775   84.7811536   84.8159597   90.8501281   86.9406279
  303.1911281  303.4775977   98.3083878   14.2258856    7.0231566    0.0000000    0.0000000   78.9243214   83.7707870   82.8081258   82.5837357   88.6095488   84.6802612
  305.3908165  303.4775977   98.3083878   14.2258856    4.6127573    0.0000000    0.0000000   76.7296526   81.5498166   80.5726026   80.3475972   86.3640062   82.4149270
  307.5957991  303.4775977   98.3083878   11.8297280    4.6127573    0.0000000    0.0000000   74.5297358   79.3237199   78.3319359   78.1052139   84.1135045   80.1446297
  309.8060630  304.7365712   96.0866585   11.8297280    2.1976249    0.0000000    0.0000000   72.1662548   77.0706778   76.0862491   75.8589057   81.8580482   77.8693738
  312.0215958  304.7365712   96.0866585    9.4288159    0.0000000    0.0000000    0.0000000   69.9558469   74.8342584   73.8354353   73.8276172   79.5976419   75.5891639
  314.2423849  304.7365712   96.0866585    9.4288159    0.0000000    0.0000000    0.0000000   67.7402294   72.5927422   71.5796216   71.5699737   77.3322904   73.3040047
  316.4684178  304.7365712   93.8599550    7.0231566    0.0000000    0.0000000    0.0000000   65.5194150   70.3245479   69.3187029   71.7088983   75.0619986   71.0139013
  318.6996824  304.7365712   93.8599550    7.0231566    0.0000000    0.0000000    0.0000000   63.2934160   68.0727740   67.0527988   69.4411877   72.7867716   68.7188588
  320.9361663  304.7365712   93.8599550    4.6127573    0.0000000    0.0000000    0.0000000   61.0622450   65.8159327   64.7818170   69.5747112   70.5066147   66.4188823
  323.1778575  304.7365712   91.6282809    4.6127573    0.0000000    0.0000000    0.0000000   58.8259142   63.5326839   62.5058593   67.2969692   68.2215331   64.1139774
  325.4247437  304.7365712   91.6282809    2.1976249    0.0000000    0.0000000    0.0000000   56.5844358   61.2656490   60.2248557   67.4251256   65.9315324   61.8041493
  327.6768131  304.7365712   91.6282809    2.1976249    0.0000000    0.0000000    0.0000000   54.3378219   58.9935761   57.9388810   65.1373878   63.6366181   59.4894038
  329.9340537  306.3252767   91.6282809    0.0000000    0.0000000    0.0000000    0.0000000   52.2621720   56.7164740   55.8679075   62.8447435   61.3367960   57.1697467
  332.1964537  306.3252767   89.6670463    0.0000000    0.0000000    0.0000000    0.0000000   50.0052906   54.6858180   53.5719523   60.5471985   59.0320719   54.8451836
  334.4640014  306.3252767   89.6670463    0.0000000    0.0000000    0.0000000    0.0000000   47.7433098   52.3986058   53.6713590   58.2447589   56.7224516   52.5157206
  336.7366851  306.3252767   89.6670463    0.0000000    0.0000000    0.0000000    0.0000000   45.4762413   50.1063935   51.3654597   55.9374305   54.4079413   50.1813637
  339.0144933  306.3252767   87.4268302    0.0000000    0.0000000    0.0000000    0.0000000   43.2040970   47.7896289   51.4596312   53.6252195   52.0885469   47.8421189
  341.2974144  306.3252767   87.4268302    0.0000000    0.0000000    0.0000000    0.0000000   40.9268884   45.4873691   49.1438241   51.3081321   49.7642748   45.4979926
  343.5854370  306.3252767   87.4268302    0.0000000    0.0000000    0.0000000    0.0000000   38.6446271   43.1801378   49.2327934   48.9861744   47.4351311   43.1489909
  345.8785498  306.3252767   87.4268302    0.0000000    0.0000000    0.0000000    0.0000000   36.3573245   40.8679440   46.9071147   46.6593530   45.1011222   40.7951203
  348.1767415  306.3252767   85.1816561    0.0000000    0.0000000    0.0000000    0.0000000   34.0649921   38.5314191   44.5765788   44.3276741   42.7622545   38.4363872
  350.4800008  306.3252767   85.1816561    0.0000000    0.0000000    0.0000000    0.0000000   31.7676412   36.2092591   42.2411923   41.9911443   40.4185345   36.0727981
  352.7883167  306.3252767   85.1816561    0.0000000    0.0000000    0.0000000    0.0000000   29.4652830   33.8821650   39.9009615   39.6497700   38.0699688   33.7043595
  355.1016782  306.3252767   85.1816561    0.0000000    0.0000000    0.0000000    0.0000000   27.1579287   31.5501458   37.5558932   37.3035580   35.7165640   31.3310781
  357.4200741  306.3252767   82.9315285    0.0000000    0.0000000    0.0000000    0.0000000   24.8455894   29.1940270   35.2059939   34.9525149   33.3583267   28.9529606
  359.7434937  306.3252767   82.9315285    0.0000000    0.0000000    0.0000000    0.0000000   22.5282760   26.8521216   32.8512705   32.5966474   30.9952637   26.5700137
  362.0719260  306.3252767   82.9315285    0.0000000    0.0000000    0.0000000    0.0000000   20.2059997   24.5053190   30.4917296   30.2359622   28.6273818   24.1822442
  364.4053604  306.3252767   82.9315285    0.0000000    0.0000000    0.0000000    0.0000000   17.8787711   22.1536282   28.1273782   27.8704662   26.2546877   21.7896589
  366.7437861  307.5310916   80.6764520    0.0000000    0.0000000    0.0000000    0.0000000   15.3514482   19.7780784   25.7582230   25.5001663   23.8771884   19.3922648
  369.0871924  307.5310916   80.6764520    0.0000000    0.0000000    0.0000000    0.0000000   13.0143175   17.4165801   23.3842710   23.1250694   21.4948907   16.9900688
  371.4355689  307.5310916   80.6764520    0.0000000    0.0000000    0.0000000    0.0000000   10.6722670   15.0502212   21.0055291   20.7451824   19.1078017   14.5830777
  373.7889050  307.5310916   80.6764520    0.0000000    0.0000000    0.0000000    0.0000000    8.3253072   12.6790105   18.6220043   18.3605122   16.7159282   12.1712987
  376.1471903  307.5310916   80.6764520    0.0000000    0.0000000    0.0000000    0.0000000    5.9734488   10.3029567   16.2337036   15.9710660   14.3192774    9.7547388
  378.5104144  307.5310916   78.6323351    0.0000000    0.0000000    0.0000000    0.0000000    3.6167022    8.1169928   13.8406340   13.5768507   11.9178562    7.3334050
  380.8785670  307.5310916   78.6323351    0.0000000    0.0000000    0.0000000    0.0000000    1.2550777    5.7312275   11.4428027   11.1778734    9.5116718    4.9073044
  383.2516380  308.9623086   78.6323351    0.0000000    0.0000000    0.0000000    0.0000000   -1.0752550    3.3406464    9.0402167    8.7741413    7.1007313    2.4764441
  385.6296170  308.9623086   78.6323351    0.0000000    0.0000000    0.0000000    0.0000000   -3.4466333    0.9452581    6.6328832    6.3656614    4.6850417    0.0408313
  388.0124941  308.9623086   76.3684371    0.0000000    0.0000000    0.0000000    0.0000000   -5.8228585   -1.4724754    4.2208093    3.9524409    2.2646103   -2.3995268
  390.4002591  308.9623086   76.3684371    0.0000000    0.0000000    0.0000000    0.0000000   -8.2039205   -3.8774994    1.8040022    1.5344870   -0.1605558   -4.8446231
  392.7929021  308.9623086   76.3684371    0.0000000    0.0000000    0.0000000    0.0000000  -10.5898092   -6.2873038   -0.6175310   -0.8881931   -2.5904494   -7.2944503
  395.1904131  308.9623086   76.3684371    0.0000000    0.0000000    0.0000000    0.0000000  -12.9805145   -8.7018801   -3.0437830   -3.3155922   -5.0250633   -9.7490012
  397.5927824  308.9623086   76.3684371    0.0000000    0.0000000    0.0000000    0.0000000  -15.3760266  -11.1212196   -5.4747466   -5.7477032   -7.4643902  -12.2082687
  400.0000000  308.9623086   74.0996052    0.0000000    0.0000000    0.0000000    0.0000000  -17.7763356  -13.5626757   -7.9104147   -8.1845188   -9.9084230  -14.6722453
