   0.0000000  -1.9610387  -1.9610387  -1.9610387  -1.9610387  -1.9610387  -1.9610387
   0.0501881  -1.8995347  -1.8906912  -1.8872339  -1.8867850  -1.8839325  -1.8759731
   0.1419533  -1.7963684  -1.7781522  -1.7710307  -1.7701059  -1.7642302  -1.7478351
   0.2607850  -1.6662632  -1.6384635  -1.6275954  -1.6261841  -1.6172172  -2.1533167
   0.4015047  -1.5144152  -1.4768926  -1.4622234  -1.4603185  -1.4482154  -2.3439405
   0.5611199  -1.3438183  -1.2964677  -1.2779563  -1.2755525  -1.2602794  -2.5727410
   0.7376112  -1.1564887  -1.0992256  -1.0768390  -1.0739319  -1.0554615  -2.8349289
   0.9294964  -0.9539048  -0.8866584  -0.8603688  -0.8569549  -0.8352644  -3.1271652
   1.1356268  -0.7372108  -0.6599200  -0.6297037  -0.6257798  -0.6008494  -3.1602985
   1.3550784  -0.5073268  -0.4199379  -0.3857738  -0.3813373  -2.7055741  -3.4865350
   1.5870867  -0.2650133  -0.1674783  -0.1293477  -0.1243961  -3.0086003  -3.8378923
   1.8310056  -0.0109127   0.0968115   0.1389256   0.1443945  -3.3386820  -4.2128631
   2.0862796   0.2544226   0.3723758   0.4184888   0.4244769  -3.6940081  -4.6101819
   2.3524244   0.5305116   0.6587300   0.7088561   0.7153654  -3.7322364  -5.0287673
   2.6290128   0.8169298   0.9554472   1.0095996   1.0166317  -4.1175550  -5.0875308
   2.9156644   1.1132997   1.2621473   1.3203383   1.3278949  -4.5249837  -5.5313208
   3.2120376   1.4192821   1.5784894   1.6407304   1.6488129  -4.9534953  -5.9944062
   3.5178234   1.7345703   1.9041648   1.9704666   1.9790765  -5.0074140  -6.4760796
   3.8327404   2.0588852   2.2388929   2.3092658   2.3184043  -5.4613962  -6.9757062
   4.1565312   2.3919713   2.5824170   2.6568705  -4.3746548  -5.9345310  -7.0505331
   4.4889590   2.7335938   2.9345009   3.0130441  -4.4127275  -5.9969674  -7.5717585
   4.8298049   3.0835357   3.2949263  -4.4602944  -4.8584445  -6.4934224  -8.1097040
   5.1788659   3.4415956   3.6634912  -4.9122591  -5.3235095  -6.5590076  -8.6639037
   5.5359531   3.8075863   4.0400071  -5.3833138  -5.3715144  -7.0778042  -9.0562814
   5.9008899   4.1813328   4.4242982  -5.4306231  -5.8604669  -7.6135678  -9.8193816
   6.2735110   4.5626711   4.8162000  -5.4767701  -5.9124405  -7.6867304  -9.9120910
   6.6536610   4.9514475   5.2155578  -5.9766321  -6.4242276  -8.0656962 -10.5162791
   7.0411937   5.3475169   5.6222260  -6.0268241  -6.4799879  -8.8158687 -11.1350925
   7.4359711   5.7507426   6.0360671  -6.5490806  -7.3210060  -8.8961063 -11.7682165
   7.8378626   6.1609952   6.4569514  -6.9104506  -7.5638495  -9.4882531 -12.4153558
   8.2467443   6.5781522   6.8847555  -7.6434248  -8.1300512  -9.5711556 -12.5204709
   8.6624988   7.0020970   7.3193627  -7.7068411  -8.1985375 -10.1823311 -13.1847176
   9.0850143   7.4327191   7.7606618  -8.2825243  -8.7847195 -10.8080987 -13.8623697
   9.5141842   7.8699129   8.2085467  -8.3493036  -8.8563891 -10.8975117 -14.5531837
   9.9499070   8.3135779   8.6629166  -8.9446802  -9.4619231 -11.5413614 -14.6665535
  10.3920856   8.7636178   9.1236749  -9.0147096  -9.5366793 -11.6332488 -15.3734881
  10.8406269   9.2199406   9.5907292  -9.6291776 -10.1609929 -12.2947136 -16.0930756
  11.2954421   9.6824583  10.0639910  -9.7023547 -10.2387471 -12.3890363 -16.8251106
  11.7564457  10.1510864  10.5433755  -9.7745268 -10.3154487 -13.0676833 -17.5693978
  12.2235558  10.6257436  11.0288012 -10.4115960 -10.9619871 -13.1644030 -17.6936508
  12.6966935  11.1063521  11.5201899 -10.4868461 -11.6223288 -13.8598296 -18.4529872
  13.1757830  11.5928366  12.0174662 -11.7273989 -11.7058416 -14.5681815 -19.2241619
  13.4831040  11.9048152  12.3363043 -11.4058791 -11.9743490 -14.8580067 -19.5436918
  14.1515279  12.5831475  13.0293939 -11.8925516 -12.4697952 -15.3952122 -20.1386212
  14.6480449  13.0868370  13.5439079 -12.5783076 -13.1643757 -15.5000259 -20.9358304
  15.1502367  13.5961284  14.0640344 -12.6632176 -13.2533690 -16.2402851 -21.7443501
  15.6580399  14.1109591  14.5897104 -13.3657119 -13.9644761 -16.3473234 -22.5640334
  16.1713931  14.6312684  15.1208750 -13.4533726 -14.0561172 -17.1030554 -22.7027169
  16.6902370  15.1569975  15.6574692 -14.1722310 -14.1468234 -17.2122881 -23.5361658
  17.2145141  15.6880895  16.1994361 -14.2625796 -14.8776229 -17.9831968 -24.3804624
  17.7441686  16.2244893  16.7467201 -14.3520434 -14.9709398 -18.0945946 -25.2354768
  18.2791464  16.7661434  17.2992678 -15.0904300 -15.7174955 -18.8804004 -25.3809684
  18.8193952  17.3130000  17.8570269 -15.1825393 -15.8133691 -18.9939348 -26.2492187
  19.3648640  17.8650087  18.4199471 -15.2738019 -15.9083673 -19.7943728 -27.1279064
  19.9155034  18.4221204  18.9879792 -16.0312391 -16.6737472 -19.9100163 -27.2773868
  20.4712651  18.9842878  19.5610754 -16.1251055 -16.7712673 -20.7248352 -28.1689812
  21.0321024  19.5514643  20.1391893 -16.8977855 -17.5517311 -20.8425612 -29.0707535
  21.5979699  20.1236052  20.7222758 -16.9942027 -17.6517244 -20.9593208 -29.9825962
  22.1688231  20.7006664  21.3102909 -17.0898199 -17.7508924 -21.7913048 -30.1385235
  22.7446189  21.2826054  21.9031917 -17.8807595 -18.5494173 -21.9101413 -31.0628333
  23.3253153  21.8693805  -7.5244198 -17.9788893 -18.6510259 -22.7559948 -31.9969797
  23.9108712  22.4609512  -7.5584385 -18.7844599 -19.4640417 -22.8768819 -32.1567027
  24.5012466  23.0572778  -8.2375381 -18.8850549 -19.5680467 -23.7363902 -33.1030398
  25.0964026  23.6583219  -8.2752856 -18.9848897 -19.6712694 -23.8593027 -34.0589954
  25.6963009  24.2640458  -8.3126924 -19.8080198 -20.5016686 -24.7322608 -34.2224509
  26.3009044  24.8744126  -8.3497666 -19.9102849 -20.6072573 -24.8571741 -35.1903382
  26.9101768  25.4893865  -8.3865163 -20.0118153 -20.7120904 -24.9812130 -36.1676397
  27.5240826  26.1089323  -8.4229489 -20.1126258 -21.5595338 -25.8702762 -36.3347668
  28.1425870  26.7330158  -8.4590719 -20.9560814 -21.6667030 -25.9963077 -37.3237568
  28.7656561  27.3616033  -8.4948923 -21.0592968 -21.7731413 -26.8983985 -38.3219692
  29.3932567  27.9946621 -11.2902405 -21.1618147 -21.8788627 -27.0263989 -38.4927099
  30.0253564  28.6321600 -11.3418566 -22.0220938 -22.7460534 -27.1535703 -39.5023818
  30.6619233  29.2740657 -11.3930941 -22.1269829 -22.8540901 -28.0712852 -40.5210954
  31.3029262  29.9203483 -12.1561621 -22.2311948 -22.9614315 -28.2004158 -40.6953939
  31.9483348  30.5709776 -12.9307482 -22.3347420 -23.8449923 -29.1307730 -41.7253510
  32.5981192  31.2259242 -12.9887658 -23.2145387 -23.9546195 -29.2618402 -41.9008938
  33.2522499  31.8851592 -13.0463921 -23.3204311 -24.0635714 -29.3921180 -42.9419821
  33.9106985  32.5486541 -13.1036346 -23.4256769 -24.1718597 -30.3376580 -43.9918497
  34.5734367  33.2163813 -13.1605007 -23.5302874 -25.0744261 -30.4698619 -44.1708827
  35.2404370  33.8883133 -13.2169976 -24.4292037 -25.1849782 -30.6013008 -45.2316830
  35.9116722  34.5644234 -14.0202853 -24.5361329 -25.2948846 -31.5617992 -46.3011064
  36.5871159  35.2446855 -14.0798476 -24.6424429 -25.4041559 -31.6951530 -46.4835783
  37.2667420  35.9290738 -14.1390421 -24.7481441 -26.3253611 -31.8277643 -47.5637462
  37.9505248  36.6175629 -14.1978753 -25.6658048 -26.4368736 -32.8030059 -48.6523888
  38.6384394  37.3101281 -14.2563538 -25.7737980 -26.5477669 -32.9375204 -48.8382507
  39.3304610  38.0067449 -14.3144839 -25.8811968 -26.6580511 -33.9246949 -49.9374590
  40.0265653  38.7073895 -14.3722718 -25.9880107 -27.5975476 -34.0610915 -50.1245255
  40.7267286  39.4120383 -16.7713295 -26.0942489 -27.7100498 -34.1967756 -51.2342058
  41.4309275  40.1206682 -16.8393169 -27.0331403 -27.8219570 -34.3317577 -52.3521434
  42.1391390  40.8332564 -16.9069295 -27.1416478 -27.9332784 -35.3358739 -52.5425392
  42.8513405  41.5497806 -16.9741735 -27.2495921 -28.0440228 -35.4727346 -53.6707830
  43.5675097  42.2702189 -17.0410549 -27.3569818 -29.0042533 -35.6089115 -53.8623707
  44.2876248  42.9945497 -17.1075796 -27.4638251 -29.1171966 -36.6271752 -55.0008336
  45.0116642  43.7227517 -17.1737534 -27.5701301 -29.2295753 -36.7652180 -56.1473522
  45.7396069  44.4548039 -17.2395818 -28.5326004 -29.3413977 -36.9025941 -56.3422108
  46.4714320  45.1906859 -17.3050703 -28.6411537 -29.4526718 -37.9348217 -57.4987941
  47.2071191  45.9303774 -17.3702243 -28.7491793 -30.4332313 -38.0740509 -57.6948316
  47.9466478  46.6738584 -17.4350489 -28.8566847 -30.5466838 -38.2126294 -58.8613984
  48.6899985  47.4211094 -17.4995492 -28.9636773 -30.6595990 -38.3505661 -60.0358333
  49.4371515  48.1721110 -17.5637302 -29.0701641 -30.7719842 -39.3990628 -60.2350856
  50.1880877  48.9268442 -17.6275967 -30.0556972 -30.8838468 -39.5388459 -61.4193599
  50.9427879  49.6852903 -17.6911534 -30.1644095 -30.9951938 -39.6780018 -61.6197777
  51.7012336  50.4474308 -17.7544050 -30.2726250 -31.1060323 -40.7400877 -62.8138152
  52.4634063  51.2132476 -17.8173559 -30.3803505 -32.1118780 -40.8810767 -63.0153981
  53.2292880  51.9827226 -17.8800107 -30.4875924 -32.2248785 -41.0214522 -64.2191246
  53.9988606  52.7558383 -17.9423735 -30.5943573 -32.3373795 -41.1612221 -64.4218718
  54.7721067  53.5325773 -18.0044486 -30.7006514 -32.4493874 -42.2391590 -65.6352144
  55.5490089  54.3129223 -18.0662402 -30.8064808 -32.5609087 -42.3807539 -65.8391250
  56.3295499  55.0968565 -18.1277523 -30.9118516 -32.6719495 -42.5217558 -67.0620125
  57.1137130  55.8843633 -18.1889888 -31.0167697 -32.7825161 -42.6621720 -67.2670853
  57.9014814  56.6754260 -17.3866679 -32.0355387 -32.8926143 -42.8020095 -68.4994480
  58.6928389  57.4700286 -17.4440885 -32.1426626 -33.0022502 -43.8979802 -68.7056816
  59.4877690  58.2681549 -17.5012573 -32.2493404 -34.0380416 -44.0396385 -69.9474513
  60.2862559  59.0697893 -17.5581776 -32.3555777 -34.1498230 -44.1807295 -70.1548442
  61.0882839  59.8749162 -17.6148530 -32.4613798 -34.2611488 -44.3212599 -71.4059540
  61.8938372  60.6835201 -17.6712867 -32.5667520 -34.3720248 -45.4326379 -71.6145045
  62.7029006  61.4955858 -17.7274821 -32.6716997 -34.4824562 -45.5749791 -72.8748889
  63.5154589  62.3110985 -17.7834423 -32.7762279 -34.5924485 -45.7167703 -73.0845952
  64.3314972  63.1300433 -17.8391705 -32.8803417 -34.7020069 -45.8580175 -74.3541901
  65.1510006  63.9524057 -17.0055122 -32.9840460 -34.8111364 -45.9987270 -74.5650501
  65.9739545  64.7781712 -17.0576043 -33.0873457 -34.9198421 -46.1389047 -74.7751579
  66.8003447  65.6073255 -17.1094849 -33.1902455 -35.0281289 -47.2701680 -76.0558043
  67.6301567  66.4398547 -17.1611565 -33.2927500 -35.1360017 -47.4121534 -76.2670724
  68.4633766  67.2757449 -17.2126221 -33.3948639 -35.2434652 -47.5536162 -77.5567939
  69.2999906  68.1149823 -17.2638842 -33.4965917 -35.3505241 -47.6945623 -77.7692198
  70.1399848  68.9575534 -16.4099933 -33.5979377 -35.4571830 -47.8349971 -79.0679562
  70.9833457  69.8034448 -16.4577304 -33.6989063 -35.5634464 -47.9749260 -79.2815373
  71.8300600  70.6526433 -16.5052825 -33.7995018 -35.6693187 -49.1257719 -80.5892294
  72.6801144  71.5051358 -16.5526520 -33.8997283 -35.7748043 -49.2675032 -80.8039631
  73.5334959  72.3609095 -16.5998412 -33.9995900 -35.8799074 -49.4087369 -81.0179848
  74.3901914  73.2199515 -16.6468524 -34.0990909 -35.9846322 -49.5494781 -82.3364366
  75.2501883  74.0822493 -15.7732122 -34.1982349 -36.0889828 -49.6897320 -82.5516156
  76.1134740  74.9477904 -15.8168006 -34.2970261 -36.1929634 -49.8295035 -83.8788979
  76.9800359  75.8165624 -15.8602279 -34.3954681 -36.2965778 -49.9687976 -84.0952314
  77.8498617  76.6885532 -15.9034959 -34.4935648 -36.3998300 -50.1076191 -85.4312886
  78.7229392  77.5637507 -15.0169414 -34.5913199 -36.5027239 -51.2822988 -85.6487734
  79.5992563  78.4421430 -15.0568538 -34.6887370 -36.6052633 -51.4229201 -85.8655745
  80.4788012  79.3237183 -15.0966227 -34.7858197 -36.7074518 -51.5630758 -87.2121838
  81.3615619  80.2084650 -15.1362500 -34.8825715 -36.8092931 -51.7027704 -87.4301399
  82.2475269  81.0963715 -14.2369723 -34.9789960 -36.9107908 -51.8420085 -88.7854059
  83.1366846  81.9874264 -14.2733077 -35.0750964 -37.0119486 -51.9807944 -89.0045137
  84.0290235  82.8816186 -14.3095163 -34.1650780 -37.1127698 -52.1191327 -89.2229571
  84.9245324  83.7789367 -13.4008166 -34.2577270 -37.2132579 -52.2570275 -90.5886399
  85.8232001  84.6793697 -13.4337814 -34.3500698 -37.3134163 -52.3944832 -90.8082380
  86.7250155  85.5829068 -13.4666334 -34.4421094 -37.4132483 -52.5315039 -92.1824637
  87.6299676  86.4895371 -12.5486114 -34.5338490 -37.5127571 -52.6680938 -92.4032129
  88.5380457  87.3992499 -12.5782661 -34.6252916 -37.6119461 -52.8042569 -92.6233156
  89.4492390  88.3120346 -12.6078213 -34.7164402 -36.6827282 -52.9399972 -94.0078276
  90.3635368  89.2278808 -11.6805735 -34.8072976 -36.7785342 -54.1492438 -94.2290838
  91.2809288  90.1467780 -11.7069761 -34.8978668 -36.8740370 -54.2867857 -94.4497049
  92.2014044  91.0687161 -11.7332921 -33.9600606 -36.9692396 -54.4239101 -95.8444349
  93.1249535  91.9936848 -10.7969120 -34.0473094 -37.0641449 -54.5606207 -96.0662114
  94.0515657  92.9216740 -10.8201186 -34.1342857 -37.1587558 -54.6969212 -97.4693167
  94.9812310  93.8526739  -9.8777009 -34.2209922 -37.2530750 -54.8328155 -97.6922446
  95.9139395  94.7866745  -9.8978291 -34.3074316 -37.3471055 -54.9683071 -97.9145535
  96.8496811  95.7236660  -9.9178935 -34.3936064 -36.3936435 -55.1033997 -99.3277530
  97.7884462  96.6636389  -8.9664933 -33.4377388 -36.4844021 -55.2380968 -99.5512149
  98.7302249  97.6065834  -8.9835200 -33.5206755 -36.5748870 -55.3724019 -99.7740679
  99.6750078  98.5524902  -9.0004942 -33.6033622 -36.6651008 -55.5063184-101.1972968
 100.6227852  99.5013498  -8.0401980 -33.6858013 -36.7550459 -55.6398498-101.4213037
 101.5735478 100.4531529  -8.0541738 -33.7679951 -36.8447249 -55.7729994-101.6447116
 102.5272861 101.4078902  -7.0879937 -32.7973415 -35.8734905 -55.9057705-103.0779062
 103.4839910 102.3655527  -7.0989995 -32.8763630 -35.9599764 -56.0381664-103.3024689
 104.4436533 103.3261313  -7.1099731 -32.9551529 -36.0462103 -56.1701902-103.5264418
 105.4062638 104.2896169  -6.1350357 -33.0337134 -36.1321943 -56.3018453-104.9695394
 106.3718137 105.2560008  -6.1430765 -33.1120465 -36.2179308 -56.4331346-105.1946676
 107.3402939 106.2252741  -5.1623456 -32.1268362 -35.2321389 -56.5640613-105.4192152
 108.3116956 107.1974281  -5.1674805 -32.2020593 -35.3147452 -55.5716878-106.8721542
 109.2860100 108.1724542  -4.1809909 -32.2770680 -35.3971172 -55.6993778-107.0978573
 110.2632286 109.1503437  -4.1832464 -32.3518642 -35.4792570 -55.8267198-107.3229884
 111.2433426 110.1310882  -3.1910326 -31.3551665 -34.4819771 -55.9537168-108.7857082
 112.2263435 111.1146792  -3.1904343 -31.4269015 -34.5610360 -56.0803715-109.0119948
 113.2122230 112.1011085  -2.1925300 -31.4984363 -34.6398751 -56.2066869-109.2377179
 114.2009726 113.0903676  -2.1891033 -30.4932120 -34.7184965 -56.3326656-110.7101590
 115.1925839 114.0824486  -1.1855417 -30.5617227 -33.7098637 -56.4583105-110.9370373
 116.1870489 115.0773431  -1.1793113 -30.6300447 -33.7854516 -56.5836242-111.1633603
 117.1843592 116.0750431  -0.1701250 -29.6163679 -33.8608336 -56.7086094-111.3891319
 118.1845068 117.0755407  -0.1611152 -29.6817017 -32.8437721 -56.8332688-112.8729417
 119.1874838 118.0788280   0.8536639 -29.7468583 -32.9161564 -56.9576049-113.0998720
 120.1932820 119.0848970   0.8654292 -28.7248010 -32.9883463 -55.9312565-113.3262587
 121.2018937 120.0937399   1.8857695 -28.7870042 -33.0603434 -56.0524931-113.5521055
 122.2133110 121.1053492   1.9002671 -28.8490410 -32.0321545 -56.1734195-113.7774165
 123.2275261 122.1197170   1.9147204 -27.8186735 -32.1011981 -56.2940378-115.2742180
 124.2445314 123.1368358   1.9291295 -27.8777908 -32.1700600 -56.4143507-115.5006940
 125.2643192 124.1566981   1.9434946 -27.9367521 -31.1336064 -56.5343605-115.7266413
 126.2868819 125.1792963   1.9578158 -26.8981431 -31.1995482 -56.6540694-115.9520636
 127.3122121 126.2046232   2.9946560 -26.9542177 -31.2653189 -56.7734800-116.1769644
 128.3403022 127.2326712   3.0116574 -25.9101515 -30.2206680 -55.7251146-117.6866669
 129.3711449 128.2634332   3.0286078 -25.9633628 -30.2835512 -55.8415105-117.9127383
 130.4047329 129.2969018   3.0455076 -26.0164369 -30.3462733 -55.9576197-118.1382951
 131.4410589 130.3330700   3.0623569 -24.9642398 -29.2934910 -56.0734446-118.3633407
 132.4801157 131.3719305   3.0791559 -25.0144819 -29.3533573 -56.1889871-118.5878786
 133.5218961 132.4134764   3.0959048 -23.9568998 -28.2951900 -55.1271011-118.8119122
 134.5663930 133.4577005   3.1126037 -24.0043324 -28.3522230 -55.2396807-119.0354448
 135.6135993 134.5045961   3.1292530 -22.9413936 -28.4091130 -55.3519893-120.5613174
 136.6635081 135.5541560   3.1458527 -22.9860385 -27.3429206 -55.4640289-120.7860312
 137.7161125 136.6063736   3.1624030 -23.0305717 -27.3970076 -55.5758015-121.0102504
 138.7714055 137.6612420   3.1789042 -21.9596495 -26.3254995 -54.5005706-121.2339781
 139.8293804 138.7187544   3.1953564 -22.0014244 -26.3768051 -54.6094298-121.4572175
 140.8900303 139.7789042   3.2117598 -20.9252139 -25.3000084 -54.7180326-121.6799718
 141.9533485 140.8416847   3.2281146 -20.9642516 -25.3485538 -54.8263809-121.9022441
 143.0193283 141.9070894   3.2444209 -19.8827794 -25.3969809 -53.7405963-122.1240375
 144.0879631 142.9751116   3.2606790 -19.9191006 -24.3123011 -53.8460702-122.3453551
 145.1592463 144.0457450   3.2768889 -18.8323930 -24.3579963 -53.9512998-122.5662000
 146.2331715 145.1189829   3.2930510 -18.8660180 -23.2680938 -54.0562871-122.7865750
 147.3097320 146.1948192   3.3091652 -17.7741007 -23.3110775 -52.9600537-123.0064833
 148.3889215 147.2732473   3.3252319 -17.8050495 -22.2159779 -53.0622041-123.2259277
 149.4707336 148.3542610   3.3412511 -16.7079481 -22.2562701 -53.1641219-124.7778513
 150.5551619 149.4378541   3.3572231 -16.7362403 -21.1559987 -53.2658087-124.9985009
 151.6422002 150.5240202   3.3731479 -15.6339798 -21.1936190 -52.1592286-125.2186920
 152.7318421 151.6127533   3.3890259 -15.6596349 -20.0882008 -52.2581150-125.4384273
 153.8240816 152.7040472   3.4048570 -14.5522401 -20.1231685 -52.3567799-125.6577096
 154.9189123 153.7978959   3.4206415 -14.5752770 -19.0126280 -51.2425049-125.8765419
 156.0163283 154.8942932   3.4363796 -13.4627723 -19.0449621 -51.3383971-126.0949267
 157.1163234 155.9932333   3.4520713 -12.3477217 -17.9293235 -51.4340769-126.3128669
 158.2188916 157.0947101   3.4677169 -12.3656191 -17.9590429 -50.3121615-126.5303651
 159.3240269 158.1987177   3.4833165 -11.2454945 -16.8383301 -50.4050955-126.7474240
 160.4317233 159.3052503   3.4988702 -11.2608226 -15.7150890 -50.4978260-126.9640463
 161.5419750 160.4143020   3.5143783 -10.1356476 -15.7396895 -49.3683237-127.1802346
 162.6547761 161.5258670   3.5298407 -10.1484243 -14.6114094 -49.4583348-127.3959915
 163.7701207 162.6399396   3.5452578  -9.0182221 -14.6334432 -49.5481510-127.6113195
 164.8880031 163.7565142   4.6734307  -7.8855149 -13.5001472 -48.4111139-127.8262213
 166.0084174 164.8755849   4.6913009  -7.8932586 -13.5196318 -48.4982364-128.0406993
 167.1313581 165.9971461   4.7091204  -6.7555585 -12.3813427 -47.3562046-128.2547560
 168.2568195 167.1211924   4.7268893  -5.6153703 -11.2405653 -47.4406517-128.4683939
 169.3847958 168.2477180   4.7446078  -5.6181263 -11.2550357 -47.5249191-128.6816155
 170.5152816 169.3767176   4.7622761  -4.4729787 -10.1092987 -46.3754374-128.8944231
 171.6482712 170.5081855   4.7798943  -4.4732577 -10.1212655 -46.4570540-129.1068193
 172.7837591 171.6421164   4.7974626  -3.3231727  -8.9705909 -45.3026333-130.6977234
 173.9217399 172.7785048   4.8149813  -2.1706271  -7.8174556 -45.3816168-130.9113571
 175.0622080 173.9173454   4.8324504  -2.1659903  -7.8244803 -45.4604351-131.1245834
 176.2051582 175.0586328   4.8498702  -1.0085397  -6.6664398 -44.2986465-131.3374046
 177.3505849 176.2023618   4.8672408   0.1513553  -6.6710048 -44.3748554-131.5498229
 178.4984829 177.3485270   4.8845623   0.1608649  -5.5080804 -43.2081815-131.7618407
 179.6488469 178.4971231   4.9018350   1.3256331  -4.3427219 -43.2817980-131.9734602
 180.8016715 179.6481451   4.9190590   2.4928301  -4.3424144 -42.1102598-132.1846837
 181.9569516 180.8015877   4.9362345   2.5071705  -3.1722034 -42.1813006-132.3955133
 183.1146819 181.9574457   4.9533616   3.6792094  -1.9995740 -42.2521962-132.6059514
 184.2748572 183.1157142   4.9704404   4.8536615  -1.9944356 -41.0734004-132.8160001
 185.4374725 184.2763879   6.1427513   4.8727916  -0.8169844 -41.1417428-133.0256615
 186.6025225 185.4394619   6.1621845   4.8918797   0.3628699 -39.9581341-133.2349378
 187.7700023 186.6049312   7.3392950   4.9109261   0.3727984 -40.0239395-133.4438312
 188.9399068 187.7727907   8.5187979   4.9299308   1.5574443 -38.8355380-133.6523437
 190.1122309 188.9430355   8.5429578   4.9488939   2.7444784 -38.8988222-133.8604774
 191.2869697 190.1156608   9.7272304   4.9678156   2.7591570 -37.7056478-134.0682344
 192.4641182 191.2906615  10.9138806   4.9866959   3.9509529 -37.7664264-134.2756168
 193.6436716 192.4680329  10.9427282   5.0055351   5.1451224 -36.5684988-134.4826266
 194.8256248 193.6477701  12.1341189   5.0243331   5.1645120 -36.6267873-133.2718410
 196.0099731 194.8298684  13.3278726   5.0430902   5.1838608 -35.4241257-133.4761138
 197.1967116 196.0143229  13.3613694   5.0618064   5.2031688 -35.4799393-133.6800229
 198.3858355 197.2011289  14.5598349   5.0804818   5.2224362 -34.2725629-133.8835700
 199.5773400 198.3902817  15.7606492   5.0991166   5.2416630 -34.3259167-134.0867573
 200.7712204 199.5817767  15.7987575   5.1177108   5.2608493 -33.1138444-134.2895865
 201.9674720 200.7756091  17.0042553   5.1362646   5.2799953 -31.8994311-134.4920597
 203.1660901 201.9717743  18.2120879   5.1547781   5.2991011 -31.9480036-134.6941786
 204.3670700 203.1702678  18.2547709   5.1732513   5.3181668 -30.7289223-134.8959453
 205.5704070 204.3710849  19.4672593   5.1916845   5.3371925 -30.7750736-135.0973615
 206.7760966 205.5742211  20.6820688   5.2100776   5.3561782 -29.5513427-135.2984290
 207.9841343 206.7796719  21.8991947   5.2284308   5.3751242 -29.5950870-135.4991497
 209.1945153 207.9874328  21.9487283   5.2467443   5.3940304 -28.3667247-135.6995255
 210.4072352 209.1974993  23.1704738   6.4730556   5.4128971 -27.1360533-135.8995580
 211.6222896 210.4098670  24.3945224   6.4936332   5.4317242 -27.1751002-134.6560690
 212.8396739 211.6245315  24.4485456   6.5141668   5.4505120 -25.9398242-134.8534583
 214.0593836 212.8414884  25.6771871   6.5346564   5.4692605 -25.9765010-135.0505123
 215.2814144 214.0607332  26.9081186   6.5551023   5.4879697 -24.7366379-135.2472328
 216.5057619 215.2822617  26.9665967   6.5755046   6.7263496 -23.4944879-135.4436215
 217.7324216 216.5060696  28.2020950   6.5958633   6.7473019 -23.5265256-135.6396800
 218.9613892 217.7321525  29.4398701   6.6161787   6.7682108 -22.2798145-135.8354102
 220.1926605 218.9605062  30.6799179   6.6364507   6.7890765 -22.3095179-136.0308135
 221.4262310 220.1911264  30.7450855   6.6566796   6.8098992 -21.0582629-136.2258918
 222.6620966 221.4240090  31.9896659   6.6768655   6.8306790 -19.8047424-136.4206466
 223.9002529 222.6591496  33.2365062   6.6970085   6.8514159 -19.8298631-136.6150796
 225.1406957 223.8965443  33.3060490   6.7171086   6.8721101 -18.5718240-135.3465088
 226.3834209 225.1361887  34.5573967   6.7371661   6.8927617 -17.3115319-135.5383669
 227.6284243 226.3780788  35.8109919   6.7571811   6.9133709 -17.3321039-135.7299104
 228.8757016 227.6222104  37.0668305   6.7771535   6.9339377 -16.0673181-135.9211411
 230.1252487 228.8685795  37.1429551   6.7970837   6.9544623 -14.8002917-136.1120604
 231.3770616 230.1171820  38.4032682   6.8169716   6.9749447 -14.8163482-136.3026699
 232.6311361 231.3680140  39.6658125   6.8368175   6.9953852 -13.5448526-136.4929711
 233.8874682 232.6210712  40.9305839   6.8566213   7.0157837 -12.2711285-136.6829656
 235.1460538 233.8763499  42.1975785   6.8763833   7.0361405 -12.2827022-135.3964723
 236.4068889 235.1338459  42.2824439   6.8961035   7.0564555 -11.0045331-135.5839394
 237.6699694 236.3935553  43.5538729   6.9157820   7.0767290  -9.7241473-135.7711066
 238.9352915 237.6554743  44.8275131   6.9354190   7.0969611  -9.7312704-135.9579756
 240.2028510 238.9195988  46.1033607   6.9550145   7.1171517  -8.4464633-136.1445476
 241.4726442 240.1859251  46.1946732   6.9745687   7.1373012  -7.1594514-136.3308242
 242.7446670 241.4544492  47.4749238   6.9940817   7.1574095  -5.8702387-135.0310572
 244.0189156 242.7251673  48.7573702   7.0135536   7.1774768  -5.8707455-135.2148412
 245.2953861 243.9980755  50.0420084   7.0329844   7.1975031  -4.5771424-135.3983364
 246.5740746 245.2731701  51.3288348   7.0523743   7.2174886  -3.2813500-135.5815442
 247.8549773 246.5504472  51.4287214   7.0717234   7.2374334  -1.9833719-134.2730057
 249.1380904 247.8299031  52.7199126   7.0910319   7.2573376  -1.9773202-134.4537442
 250.4234100 249.1115341  54.0132804   7.1102997   7.2772013  -0.6749823-134.6342018
 251.7109324 250.3953363  55.3088213   7.1295270   7.2970245   0.6295300-134.8143799
 253.0006538 251.6813061  56.6065314   7.1487139   7.3168075   0.6399168-133.4971304
 254.2925704 252.9694399  56.7149027   7.1678605   7.3365502   1.9487666-133.6748619
 255.5866787 254.2597339  58.0169403   7.1869669   7.3562528   3.2597795-133.8523201
 256.8829747 255.5521844  59.3211363   7.2060333   7.3759154   4.5729521-134.0295064
 258.1814550 256.8467878  60.6274868   7.2250596   7.3955381   4.5898003-132.7036053
 259.4821157 258.1435406  61.9359883   7.2440460   7.4151209   5.9072809-132.8783673
 260.7849532 259.4424391  63.2466373   7.2629926   7.4346641   7.2269103-131.5481622
 262.0899640 260.7434797  63.3655496   7.2818995   7.4541676   8.5486847-130.2158106
 263.3971444 262.0466589  64.6804825   7.3007667   7.4736316   8.5719399-128.8813160
 264.7064907 263.3519731  65.9975521   7.3195945   7.4930561   8.5951562-127.5446820
 266.0179995 264.6594188  67.3167548   8.6433936   7.5124413   8.6183337-126.2059121
 267.3316672 265.9689924  68.6380872   8.6643122   7.5317873   8.6414724-124.8650098
 268.6474902 267.2806905  69.9615457   8.6851879   7.5510941   8.6645726-123.5219787
 269.9654649 268.5945097  70.0908752   8.7060210   7.5703618   8.6876342-122.1768222
 271.2855880 269.9104464  71.4185755   8.7268114   7.5895905   8.7106573-120.8295438
 272.6078559 271.2284971  72.7483915   8.7475593   8.9246034   8.7336421-119.4801470
 273.9322651 272.5486586  74.0803198   8.7682648   8.9459063   8.7565886-118.1286352
 275.2588121 273.8709273  75.4143570   8.7889280   8.9671669   8.7794970-116.7750119
 276.5874936 275.1952999  76.7504997   8.8095490   8.9883855   8.8023672-115.4192804
 277.9183061 276.5217729  78.0887445   8.8301280   9.0095621   8.8251995-114.0614441
 279.2512462 277.8503431  78.2304699   8.8506650   9.0306968   8.8479938-112.7015065
 280.5863105 279.1810071  79.5729087   8.8711601   9.0517897   8.8707503-111.3394708
 281.9234957 280.5137615  80.9174396  10.2202949   9.0728409   8.8934690-109.9753404
 283.2627983 281.8486031  82.2640593  10.2428376   9.0938505   8.9161501-108.6091187
 284.6042150 283.1855285  83.6127643  11.5961479   9.1148187   8.9387936-107.2408089
 285.9477426 284.5245345  84.9635515  12.9515409   9.1357454   8.9613996-105.8704143
 287.2933777 285.8656178  86.3164176  12.9782008   9.1566309   8.9839682-104.4979383
 288.6411169 287.2087751  87.6713593  14.3377495   9.1774752   9.0064995-103.1233840
 289.9909571 288.5540032  87.8273934  15.6993712   9.1982785   9.0289935-101.7467548
 291.3428949 289.9012989  89.1864766  17.0630626   9.2190408   9.0514504-100.3680539
 292.6969272 291.2506590  90.5476257  17.0958804   9.2397621   9.0738702 -98.9872844
 294.0530506 292.6020803  91.9108376  18.4637017   9.2604428   9.0962529 -97.6044496
 295.4112620 293.9555596  93.2761090  19.8335832   9.2810827   9.1185988 -96.2195527
 296.7715581 295.3110937  94.6434367  21.2055216   9.3016820   9.1409078 -94.8325969
 298.1339357 296.6686795  96.0128178  21.2444496  10.6762731   9.1631800 -93.4435852
 299.4983918 298.0283139  97.3842489  22.6204925  12.0529150   9.1854156 -92.0525209
 300.8649231 299.3899938  98.7577270  23.9985831  12.0775722   9.2076146 -90.6594071
 302.2335264 300.7537160  98.9299119  25.3787181  13.4583063   9.2297770 -89.2642469
 303.6041987 302.1194775 100.3074746  25.4237093  14.8410818   9.2519030 -87.8670434
 304.9769368 303.4872751 101.6870751  26.8079240  14.8697722   9.2739926 -86.4677997
 306.3517376 304.8571058 103.0687101  28.1941739  16.2566214   9.2960459 -85.0665189
 307.7285981 306.2289667 104.4523768  28.2431533  17.6455027   9.3180630 -83.6632040
 309.1075151 307.6028545 105.8380719  29.6334644  19.0364133   9.3400440 -82.2578580
 310.4884856 308.9787664 107.2257926  31.0258017  19.0711387   9.3619888 -80.8504841
 311.8715065 310.3566993 108.6155358  32.4201620  20.4660986   9.3838977 -79.4410852
 313.2565749 311.7366501 110.0072984  32.4751256  21.8630786   9.4057707 -78.0296643
 314.6436876 313.1186161 111.4010776  33.8735231  23.2620758   9.4276078 -76.6162244
 316.0328417 314.5025940 112.7968703  35.2739347  23.3027911   9.4494092 -75.2007686
 317.4240342 315.8885811 114.1946736  36.6763575  24.7058138   9.4711748 -73.7832997
 318.8172621 317.2765743 114.3887949  38.0807884  26.1108447  10.8800176 -72.3638207
 320.2125224 318.6665708 115.7906105  38.1436971  27.5178809  10.9037534 -70.9423346
 321.6098122 320.0585676 117.1944279  39.5521357  27.5645420  10.9274508 -69.5188443
 323.0091285 321.4525618 118.6002442  40.9625737  28.9755801  10.9511097 -68.0933527
 324.4104684 322.8485505 120.0080564  42.3750083  30.3886150  10.9747304 -66.6658627
 325.8138290 324.2465309 121.4178617  42.4438014  31.8036435  10.9983128 -65.2363772
 327.2192073 325.6465000 122.8296573  43.8602205  31.8562069  11.0218571 -63.8048990
 328.6266006 327.0484551 124.2434402  45.2786274  33.2752143  11.0453633 -62.3714311
 330.0360058 328.4523932 125.6592077  46.6990194  34.6962069  11.0688315 -60.9359763
 331.4474202 329.8583116 127.0769568  48.1213937  36.1191817  11.0922619 -59.4985374
 332.8608408 331.2662075 128.4966848  48.1980081  36.1776048  11.1156544 -58.0591173
 334.2762649 332.6760779 129.9183888  49.6243384  37.6045359  11.1390092 -56.6177187
 335.6936896 334.0879202 131.3420661  51.0526426  39.0334409  11.1623263 -55.1743445
 337.1131120 335.5017316 132.7677139  52.4829177  40.4643169  11.1856059 -53.7289975
 338.5345295 336.9175092 134.1953294  53.9151611  41.8971613  11.2088480 -52.2816804
 339.9579391 338.3352504 134.4168722  53.9995298  41.9633679  11.2320526 -50.8323961
 341.3833381 339.7549523 135.8484148  55.4357014  43.4001406  11.2552199 -49.3811472
 342.8107237 341.1766123 137.2819168  56.8738331  44.8388734  11.2783499 -47.9279365
 344.2400932 342.6002276 138.7173756  58.3139219  46.2795636  11.3014428 -46.4727668
 345.6714438 344.0257956 140.1547883  59.7559654  47.7222083  11.3244985 -45.0156408
 347.1047728 345.4533134 141.5941524  59.8480228  47.7961327  11.3475173 -43.5565611
 348.5400774 346.8827784 143.0354651  61.2939672  49.2426786  11.3704990 -42.0955306
 349.9773549 348.3141880 144.4787237  62.7418581  50.6911711  11.3934439 -40.6325518
 351.4166027 349.7475394 145.9239255  64.1916928  52.1416073  11.4163520 -39.1676274
 352.8578180 351.1828301 147.3710679  65.6434686  53.5939848  11.4392233 -37.7007602
 354.3009981 352.6200573 148.8201483  67.0971829  53.6755627  11.4620580 -36.2319528
 355.7461404 354.0592184 150.2711640  67.1988008  55.1318147  11.4848561 -34.7612077
 357.1932423 355.5003109 151.7241123  68.6563841  56.5899999  11.5076177 -33.2885278
 358.6423010 356.9433321 153.1789907  70.1158980  58.0501158  11.5303429 -31.8139155
 360.0933139 358.3882793 154.6357966  71.5773399  59.5121597  11.5530317 -30.3373734
 361.5462784 359.8351500 156.0945273  73.0407072  59.6013282  11.5756843 -28.8589043
 363.0011920 361.2839417 157.5551802  73.1498738  61.0672205  11.5983006 -27.3785107
 364.4580518 362.7346517 159.0177529  74.6170841  62.5350330  11.6208807 -25.8961951
 365.9168555 364.1872774 160.4822427  76.0862120  64.0047632  11.6434248 -24.4119602
 367.3776004 365.6418164 161.9486470  77.5572551  65.4764086  11.6659329 -22.9258084
 368.8402838 367.0982661 163.4169634  79.0302107  66.9499667  11.6884050 -21.4377424
 370.3049034 368.5566239 164.8871893  80.5050763  67.0485743  11.7108413 -19.9477647
 371.7714564 370.0168874 166.3593221  81.9818493  68.5259500  11.7332418 -18.4558778
 373.2399403 371.4790540 167.8333594  82.1023160  70.0052307  11.7556066 -16.9620843
 374.7103527 372.9431212 169.3092986  83.5828965  71.4864139  11.7779357 -15.4663866
 376.1826909 374.4090866 169.5767563  85.0653770  72.9694972  11.8002293 -13.9687872
 377.6569526 375.8769476 171.0564919  86.5497550  74.4544780  11.8224873 -12.4692887
 379.1331350 377.3467018 172.5381221  88.0360280  74.5624369  11.8447098 -10.9678935
 380.6112359 378.8183466 174.0216442  89.5241935  76.0512054  11.8668970  -9.4646040
 382.0912526 380.2918798 175.5070560  91.0142491  77.5418640  11.8890489  -7.9594229
 383.5731828 381.7672988 176.9943548  91.1458962  79.0344103  11.9111655  -6.4523524
 385.0570238 383.2446011 178.4835384  92.6397246  80.5288419  11.9332469  -4.9433951
 386.5427734 384.7237844 179.9746042  94.1354358  82.0251564  11.9552933  -3.4325534
 388.0304290 386.2048463 181.4675499  95.6330274  82.1423807  11.9773046  -1.9198296
 389.5199882 387.6877843 182.9623729  97.1324969  83.6424536  11.9992808  -0.4052263
 391.0114485 389.1725960 184.4590711  98.6338419  85.1444020  12.0212222   1.1112542
 392.5048076 390.6592791 185.9576418 100.1370600  86.6482237  12.0431287   2.6296095
 394.0000630 392.1478312 187.4580828 100.2797713  88.1539162  12.0650005   4.1498372
 395.4972123 393.6382498 188.9603917 101.7867286  89.6614771  12.0868375   5.6719348
 396.9962532 395.1305327 190.4645662 103.2955519  91.1709042  13.6001001   7.1959002
 398.4971832 396.6246776 191.9706037 104.8062389  91.2991740  13.6237666   8.7217308
 400.0000000 398.1206819 193.4785022 106.3187872  92.8123261  13.6473962  10.2494244
