 date d_e_o v_e cost mass
   1.0000000   0.0000000  12.0739600  15.9966472   0.0064705
   1.0000000   0.0000000  12.0739600  15.9966472   0.0245026
   1.0000000   0.0000000  12.0739600  15.9966472   0.0607647
   1.0000000   0.0000000  12.0739600  15.9966472   0.1070794
   1.0000000   0.0000000  12.0739600  15.9966472   0.1431050
   1.0000000   0.0000000  12.0739600  15.9966472   0.1527974
   1.0000000   0.0000000  12.0739600  15.9966472   0.1363751
   1.0000000   0.0000000  12.0739600  15.9966472   0.1062582
   1.0000000   0.0000000  12.0739600  15.9966472   0.0752931
   1.0000000   0.0000000  12.0739600  15.9966472   0.0501181
   1.0000000   0.0000000  12.1834311  15.9966472   0.0319435
   1.0000000   0.0000000  13.3983137  15.9966472   0.0195705
   1.0000000   0.0000000  14.4923886  15.9966472   0.0113084
   1.0000000   0.0000000  15.2574022  15.9966472   0.0057730
   1.0000000   0.0000000  15.6387931  15.9966472   0.0021467
   1.0000000   0.0000000  15.7224280  15.9966472   0.0004839
   1.0000000   0.0000000  15.7471813  15.9966472   0.0006177
   1.0000000   0.0000000  15.8635846  15.9966472   0.0015730
   1.0000000   1.0000000  16.1156164  15.9966472   0.0027679
   1.0000000   1.0000000  16.5432741  15.9966472   0.0040576
   1.0000000   1.0000000  17.1929376  15.9966472   0.0053043
   1.0000000   1.0000000  18.1177113  15.9966472   0.0063666
   1.0000000   1.0000000  19.3847240  15.9966472   0.0071095
   1.0000000   1.0000000  21.0726926  15.9966472   0.0074251
   1.0000000   1.0000000  23.2744006  15.9966472   0.0072591
   1.0000000   1.0000000  26.0960738  15.9966472   0.0066320
   1.0000000   1.0000000  29.6407758  15.9966472   0.0056428
   1.0000000   1.0000000  33.9850713  15.9966472   0.0044473
   1.0000000   1.0000000  39.0943433  15.9966472   0.0032154
   1.0000000   1.0000000  44.6459623  15.9966472   0.0020704
   1.0000000   1.0000000  49.7836401  15.9966472   0.0015215
