   2.00176817366581     
   1.99960161051951     
   1.99925612886804     
   1.99924144525497     
   1.99926028772132     
   1.99929977300058     
   1.99939476664006     
   1.99947833460720     
   1.99955753227931     
   1.99962356207222     
   1.99966809823754     
   1.99974690532831     
   1.99980643934839     
   1.99987716894334     
   1.99993537068557     
   1.99998083643745     
   2.00001105027749     
   2.00003858268885     
   2.00009906196427     
   2.00014169983837     
   2.00018069289287     
   2.00021374509233     
   2.00024439835487     
   2.00027115965507     
   2.00031346645516     
   2.00034338156275     
   2.00036754717250     
   2.00039394930689     
   2.00041812131699     
   2.00044842251461     
   2.00047238902781     
   2.00049718354866     
   2.00051593343326     
   2.00053449842312     
   2.00055240101908     
   2.00056913673321     
   2.00058532419034     
   2.00059926788849     
   2.00061293854893     
   2.00062818806153     
   2.00064213033281     
   2.00065408163394     
   2.00066840661529     
   2.00068272392857     
   2.00069700983226     
   2.00071017924731     
   2.00072288978776     
   2.00073675167862     
   2.00075006776633     
   2.00076458546364     
   2.00077651407802     
   2.00078798562244     
   2.00079938270189     
   2.00081091765819     
   2.00082208828835     
   2.00083311128693     
   2.00084399668454     
   2.00085482234979     
   2.00086534791247     
   2.00087586471712     
   2.00088619229240     
   2.00089654118245     
   2.00090677866865     
   2.00091641081139     
   2.00092613649607     
   2.00093588853091     
   2.00094564886152     
   2.00095535711530     
   2.00097102406695     
   2.00098440633395     
   2.00099761894654     
   2.00101003761907     
   2.00102240421679     
   2.00103436193884     
   2.00104599838475     
   2.00105727642403     
   2.00106832329389     
   2.00107914430281     
   2.00108981224212     
   2.00110029702255     
   2.00111064113185     
   2.00112083874816     
   2.00113089915533     
   2.00114082649288     
   2.00115063057743     
   2.00116031668513     
   2.00116988965883     
   2.00117935538449     
   2.00118871729885     
   2.00119797862970     
   2.00120715077681     
   2.00121622349642     
   2.00122520289724     
   2.00123409133713     
   2.00124289142417     
   2.00125160483042     
   2.00126023314336     
   2.00126877755610     
   2.00127723930813     
   2.00128561940246     
   2.00129391881222     
   2.00130213835986     
   2.00131027883203     
   2.00131834090693     
   2.00132632522428     
   2.00133423235005     
   2.00134206280941     
   2.00134981707422     
   2.00135749558028     
   2.00136509872663     
   2.00137262688625     
   2.00138008040962     
   2.00138745963159     
   2.00139476487513     
   2.00140199645594     
   2.00140915468545     
   2.00141623987390     
   2.00142325233241     
