  9.259709631549035E-003
  9.381392185763504E-003
  9.509780168349049E-003
  9.614103319559957E-003
  9.689042722317496E-003
  9.791678639032748E-003
  9.863891394875887E-003
  9.931243529073278E-003
  9.988840492708654E-003
  1.004044015540293E-002
  1.007847247165622E-002
  1.011398467552528E-002
  1.013099996689751E-002
  1.017243910878182E-002
  1.019732791924960E-002
  1.021671886530906E-002
  1.023242602055879E-002
  1.024547302892825E-002
  1.025429729014444E-002
  1.026204440625863E-002
  1.026959303214964E-002
  1.028245012614024E-002
  1.028495971955928E-002
  1.027636462679065E-002
  1.027446179696460E-002
  1.027357128866989E-002
  1.027225878055714E-002
  1.027020256772218E-002
  1.026824513679245E-002
  1.026513168132671E-002
  1.026194449633126E-002
  1.025792263858112E-002
  1.025342102004605E-002
  1.025051278679627E-002
  1.024810625479524E-002
  1.024065989476517E-002
  1.023492186970169E-002
  1.023132295144571E-002
  1.022635552928060E-002
  1.022406621484049E-002
  1.022057616267061E-002
  1.021362993680069E-002
  1.020805813020446E-002
  1.020403059538714E-002
  1.019925449187375E-002
  1.019575313996536E-002
  1.019212308689949E-002
  1.018756137062371E-002
  1.018378159778870E-002
  1.018385454439325E-002
  1.017841175438127E-002
  1.017270829062438E-002
  1.017020433686303E-002
  1.016701861008963E-002
  1.016353242692978E-002
  1.016080652942250E-002
  1.015770382447968E-002
  1.015528711390465E-002
  1.015281929339640E-002
  1.015029655361164E-002
  1.014877302556167E-002
  1.014700176843256E-002
  1.014430909858876E-002
  1.014313957967704E-002
  1.014039556468423E-002
  1.013871390019746E-002
  1.013641573398192E-002
  1.013484807939506E-002
  1.013368341471299E-002
  1.013231455127969E-002
  1.013138990914328E-002
  1.012837599178753E-002
  1.012784305935494E-002
  1.012488604261940E-002
  1.012512212493448E-002
  1.012330095108629E-002
  1.012184399439609E-002
  1.012066101493612E-002
  1.011976527083517E-002
  1.011818022186502E-002
  1.011832433570586E-002
  1.011777337692997E-002
  1.011683976114370E-002
  1.011562269463971E-002
  1.011568896885864E-002
  1.011446857194633E-002
  1.011350921609640E-002
  1.011258722085072E-002
  1.011219171014214E-002
  1.011118844529287E-002
  1.011072871182602E-002
  1.011016657210676E-002
  1.010906571096745E-002
  1.010820474856963E-002
  1.010805988056055E-002
  1.010738350752251E-002
  1.010660159658156E-002
  1.010631523525416E-002
  1.010545655271898E-002
  1.010507884489051E-002
  1.010430341043644E-002
  1.010361503906098E-002
  1.010299115572666E-002
  1.010243778716145E-002
  1.010245496705593E-002
  1.010184478233607E-002
  1.010097426267317E-002
  1.010125006015109E-002
  1.010035362234020E-002
  1.009957092595275E-002
  1.009886367633256E-002
  1.009841811680632E-002
  1.009785441840635E-002
  1.009716122560760E-002
  1.009653641813409E-002
  1.009565318541973E-002
  1.009159666599251E-002
