 t z psi theta tau_a f_e f_o tau_x tau_l C H B r w div entry mass rgdp rinv firm
 s_constrained exit exit_b
 avg_firm_size labor_share std_dev_growth_emp std_dev_growth_sales debt capital 
 ngdp ninv exdem psi_c collat_binding
   1.0000000   1.0000000   0.7926370   0.4035441   0.0032343   1.0000000   0.7801890   0.0000000   0.0000000   2.5286658   0.9975510  -4.5981648   0.0101010   2.0018584   0.5590960   0.0106540   0.3604869   3.0906914   0.5532838  -1.0000000   0.0106539   0.0000000   2.6877956   0.6461194   0.0000000   0.0000000  -5.7495697  33.1899199   3.0906914   0.5532838   0.0087418   1.0000000   0.0000000
   2.0000000   0.9593483   0.7926370   0.4035441   0.0032343   1.0000000   0.7801890   0.0000000   0.0000000   2.5065543   0.9793940  -4.5981648   0.0101010   1.9789465   0.5556059   0.0098734   0.3604869   2.9676795   0.4611252  -1.0000000   0.0118414   0.0000000   0.0000000   0.0000000   0.0000000   0.0000000  -5.7495697  33.1793954   2.9674533   0.4608990   0.0000000   1.0000000   0.0000000
   3.0000000   0.9635461   0.7926370   0.4035441   0.0032343   1.0000000   0.7801890   0.0000000   0.0000000   2.5048036   0.9804775  -4.6349515   0.0092597   1.9783412   0.5671888   0.0098734   0.3585189   2.9756657   0.4708621  -1.0000000   0.0111513   0.0000000   0.0000000   0.0000000   0.0000000   0.0000000  -5.7255254  33.0878375   2.9754335   0.4706299   0.0000000   1.0000000   0.0000000
   4.0000000   0.9673104   0.7926370   0.4035441   0.0032343   1.0000000   0.7801890   0.0000000   0.0000000   2.5032078   0.9820271  -4.6576918   0.0093814   1.9785453   0.5573444   0.0103092   0.3572411   2.9835433   0.4803355  -1.0000000   0.0108915   0.0000000   0.0000000   0.0000000   0.0000000   0.0000000  -5.7030452  33.0140672   2.9833030   0.4800952   0.0000000   1.0000000   0.0000000
   5.0000000   0.9706860   0.7926370   0.4035441   0.0032343   1.0000000   0.7801890   0.0000000   0.0000000   2.5018370   0.9830815  -4.6863348   0.0095098   1.9784333   0.5580239   0.0103092   0.3566588   2.9898444   0.4880074  -1.0000000   0.0108984   0.0000000   0.0000000   0.0000000   0.0000000   0.0000000  -5.6833398  32.9442372   2.9896029   0.4877659   0.0000000   1.0000000   0.0000000
   6.0000000   0.9737130   0.7926370   0.4035441   0.0032343   1.0000000   0.7801890   0.0000000   0.0000000   2.4978902   0.9848082  -4.7117241   0.0096141   1.9786607   0.5510756   0.0105568   0.3560696   2.9970720   0.4991818  -1.0000000   0.0105779   0.0000000   0.0000000   0.0000000   0.0000000   0.0000000  -5.6675132  32.8866341   2.9968271   0.4989369   0.0000000   1.0000000   0.0000000
   7.0000000   0.9764275   0.7926370   0.4035441   0.0032343   1.0000000   0.7801890   0.0000000   0.0000000   2.5004692   0.9861691  -4.7371041   0.0096890   1.9794359   0.5493922   0.0105568   0.3560484   3.0032960   0.5028268  -1.0000000   0.0103291   0.0000000   0.0000000   0.0000000   0.0000000   0.0000000  -5.6553444  32.8373493   3.0030593   0.5025901   0.0000000   1.0000000   0.0000000
   8.0000000   0.9788616   0.7926370   0.4035441   0.0032343   1.0000000   0.7801890   0.0000000   0.0000000   2.5008967   0.9873214  -4.7640571   0.0097917   1.9798829   0.5526044   0.0105568   0.3562761   3.0086434   0.5077467  -1.0000000   0.0104810   0.0000000   0.0000000   0.0000000   0.0000000   0.0000000  -5.6461507  32.7928410   3.0084114   0.5075147   0.0000000   1.0000000   0.0000000
   9.0000000   0.9810444   0.7926370   0.4035441   0.0032343   1.0000000   0.7801890   0.0000000   0.0000000   2.5005956   0.9885865  -4.7860798   0.0098639   1.9807442   0.5497928   0.0106540   0.3563519   3.0139910   0.5133954  -1.0000000   0.0103118   0.0000000   0.0000000   0.0000000   0.0000000   0.0000000  -5.6386619  32.7552189   3.0137660   0.5131704   0.0000000   1.0000000   0.0000000
  10.0000000   0.9830018   0.7926370   0.4035441   0.0032343   1.0000000   0.7801890   0.0000000   0.0000000   2.5004198   0.9896647  -4.8078052   0.0099312   1.9815337   0.5503224   0.0107348   0.3566941   3.0187605   0.5183407  -1.0000000   0.0104793   0.0000000   0.0000000   0.0000000   0.0000000   0.0000000  -5.6329379  32.7233340   3.0185423   0.5181226   0.0000000   1.0000000   0.0000000
  11.0000000   0.9847571   0.7926370   0.4035441   0.0032343   1.0000000   0.7801890   0.0000000   0.0000000   2.5001349   0.9905786  -4.8263784   0.0099888   1.9822461   0.5513713   0.0107348   0.3569496   3.0230357   0.5229008  -1.0000000   0.0105208   0.0000000   0.0000000   0.0000000   0.0000000   0.0000000  -5.6282889  32.6955352   3.0228251   0.5226903   0.0000000   1.0000000   0.0000000
  12.0000000   0.9863311   0.7926370   0.4035441   0.0032343   1.0000000   0.7801890   0.0000000   0.0000000   2.5002120   0.9913782  -4.8415067   0.0100404   1.9829491   0.5525309   0.0107348   0.3571636   3.0269138   0.5267018  -1.0000000   0.0105521   0.0000000   0.0000000   0.0000000   0.0000000   0.0000000  -5.6248460  32.6727133   3.0267108   0.5264988   0.0000000   1.0000000   0.0000000
  13.0000000   0.9877426   0.7926370   0.4035441   0.0032343   1.0000000   0.7801890   0.0000000   0.0000000   2.5003437   0.9920768  -4.8535808   0.0100785   1.9836176   0.5535066   0.0107348   0.3573463   3.0304387   0.5300949  -1.0000000   0.0105910   0.0000000   0.0000000   0.0000000   0.0000000   0.0000000  -5.6220305  32.6540080   3.0302428   0.5298991   0.0000000   1.0000000   0.0000000
  14.0000000   0.9890083   0.7926370   0.4035441   0.0032343   1.0000000   0.7801890   0.0000000   0.0000000   2.5006595   0.9927307  -4.8630316   0.0101140   1.9843086   0.5535869   0.0107348   0.3574901   3.0337377   0.5330781  -1.0000000   0.0105699   0.0000000   0.0000000   0.0000000   0.0000000   0.0000000  -5.6202968  32.6389678   3.0335493   0.5328897   0.0000000   1.0000000   0.0000000
  15.0000000   0.9901434   0.7926370   0.4035441   0.0032343   1.0000000   0.7801890   0.0000000   0.0000000   2.5007910   0.9938854  -4.8708990   0.0101310   1.9854135   0.5489745   0.0110997   0.3576550   3.0378762   0.5370851  -1.0000000   0.0106047   0.0000000   0.0000000   0.0000000   0.0000000   0.0000000  -5.6190052  32.6320651   3.0376936   0.5369026   0.0000000   1.0000000   0.0000000
  16.0000000   0.9911612   0.7926370   0.4035441   0.0032343   1.0000000   0.7801890   0.0000000   0.0000000   2.5011089   0.9946640  -4.8804151   0.0101724   1.9863786   0.5492341   0.0110997   0.3581500   3.0410832   0.5399743  -1.0000000   0.0106221   0.0000000   0.0000000   0.0000000   0.0000000   0.0000000  -5.6187707  32.6235429   3.0409113   0.5398025   0.0000000   1.0000000   0.0000000
  17.0000000   0.9920739   0.7926370   0.4035441   0.0032343   1.0000000   0.7801890   0.0000000   0.0000000   2.5016220   0.9953926  -4.8876738   0.0101973   1.9873065   0.5497251   0.0110997   0.3586276   3.0441056   0.5424836  -1.0000000   0.0106473   0.0000000   0.0000000   0.0000000   0.0000000   0.0000000  -5.6194746  32.6180179   3.0439441   0.5423221   0.0000000   1.0000000   0.0000000
  18.0000000   0.9928924   0.7926370   0.4035441   0.0032343   1.0000000   0.7801890   0.0000000   0.0000000   2.5019603   0.9960326  -4.8927234   0.0102167   1.9881880   0.5504082   0.0110997   0.3590801   3.0468720   0.5449117  -1.0000000   0.0107052   0.0000000   0.0000000   0.0000000   0.0000000   0.0000000  -5.6207876  32.6150321   3.0467203   0.5447600   0.0000000   1.0000000   0.0000000
  19.0000000   0.9936263   0.7926370   0.4035441   0.0032343   1.0000000   0.7801890   0.0000000   0.0000000   2.5025487   0.9966131  -4.8953743   0.0102324   1.9890345   0.5508426   0.0110997   0.3594746   3.0494541   0.5469054  -1.0000000   0.0107419   0.0000000   0.0000000   0.0000000   0.0000000   0.0000000  -5.6227113  32.6144731   3.0493118   0.5467630   0.0000000   1.0000000   0.0000000
  20.0000000   0.9942845   0.7926370   0.4035441   0.0032343   1.0000000   0.7801890   0.0000000   0.0000000   2.5030942   0.9971380  -4.8962458   0.0102455   1.9898491   0.5512672   0.0110997   0.3598324   3.0518502   0.5487559  -1.0000000   0.0107718   0.0000000   0.0000000   0.0000000   0.0000000   0.0000000  -5.6249012  32.6158827   3.0517169   0.5486226   0.0000000   1.0000000   0.0000000
  21.0000000   0.9948747   0.7926370   0.4035441   0.0032343   1.0000000   0.7801890   0.0000000   0.0000000   2.5036241   0.9976112  -4.8954078   0.0102543   1.9906305   0.5516755   0.0110997   0.3601603   3.0540740   0.5504500  -1.0000000   0.0108015   0.0000000   0.0000000   0.0000000   0.0000000   0.0000000  -5.6273715  32.6190871   3.0539494   0.5503253   0.0000000   1.0000000   0.0000000
  22.0000000   0.9954039   0.7926370   0.4035441   0.0032343   1.0000000   0.7801890   0.0000000   0.0000000   2.5042454   0.9980430  -4.8929739   0.0102620   1.9913817   0.5518229   0.0110997   0.3604585   3.0561503   0.5519049  -1.0000000   0.0108241   0.0000000   0.0000000   0.0000000   0.0000000   0.0000000  -5.6300562  32.6239144   3.0560340   0.5517886   0.0000000   1.0000000   0.0000000
  23.0000000   0.9958785   0.7926370   0.4035441   0.0032343   1.0000000   0.7801890   0.0000000   0.0000000   2.5048124   0.9984684  -4.8893945   0.0102696   1.9920661   0.5520894   0.0110997   0.3607342   3.0581594   0.5533470  -1.0000000   0.0108424   0.0000000   0.0000000   0.0000000   0.0000000   0.0000000  -5.6330866  32.6300993   3.0580507   0.5532383   0.0000000   1.0000000   0.0000000
  24.0000000   0.9963041   0.7926370   0.4035441   0.0032343   1.0000000   0.7801890   0.0000000   0.0000000   2.5022230   0.9989994  -4.8845868   0.0102825   1.9925167   0.5521415   0.0110997   0.3609915   3.0603239   0.5581010  -1.0000000   0.0108593   0.0000000   0.0000000   0.0000000   0.0000000   0.0000000  -5.6364898  32.6376149   3.0602203   0.5579973   0.0000000   1.0000000   0.0000000
  25.0000000   0.9966858   0.7926370   0.4035441   0.0032343   1.0000000   0.7801890   0.0000000   0.0000000   2.5067581   0.9987504  -4.8755354   0.0102850   1.9928078   0.5577461   0.0107348   0.3612319   3.0609995   0.5542415  -1.0000000   0.0108729   0.0000000   0.0000000   0.0000000   0.0000000   0.0000000  -5.6408347  32.6448506   3.0609024   0.5541443   0.0000000   1.0000000   0.0000000
  26.0000000   0.9970280   0.7926370   0.4035441   0.0032343   1.0000000   0.7801890   0.0000000   0.0000000   2.5078783   0.9987659  -4.8654660   0.0102764   1.9931864   0.5581672   0.0107348   0.3610938   3.0621171   0.5542389  -1.0000000   0.0108758   0.0000000   0.0000000   0.0000000   0.0000000   0.0000000  -5.6441037  32.6538120   3.0620240   0.5541458   0.0000000   1.0000000   0.0000000
  27.0000000   0.9973349   0.7926370   0.4035441   0.0032343   1.0000000   0.7801890   0.0000000   0.0000000   2.5084216   0.9987581  -4.8555679   0.0102745   1.9935686   0.5581706   0.0107348   0.3609529   3.0630972   0.5546756  -1.0000000   0.0108631   0.0000000   0.0000000   0.0000000   0.0000000   0.0000000  -5.6468711  32.6626484   3.0630082   0.5545866   0.0000000   1.0000000   0.0000000
  28.0000000   0.9976101   0.7926370   0.4035441   0.0032343   1.0000000   0.7801890   0.0000000   0.0000000   2.5088483   0.9987808  -4.8457304   0.0102736   1.9939638   0.5577387   0.0107348   0.3608246   3.0640695   0.5552213  -1.0000000   0.0108156   0.0000000   0.0000000   0.0000000   0.0000000   0.0000000  -5.6496870  32.6718320   3.0639848   0.5551365   0.0000000   1.0000000   0.0000000
  29.0000000   0.9978569   0.7926370   0.4035441   0.0032343   1.0000000   0.7801890   0.0000000   0.0000000   2.5093818   0.9988173  -4.8361981   0.0102723   1.9943637   0.5574143   0.0107348   0.3607438   3.0650119   0.5556300  -1.0000000   0.0107870   0.0000000   0.0000000   0.0000000   0.0000000   0.0000000  -5.6527511  32.6814642   3.0649314   0.5555496   0.0000000   1.0000000   0.0000000
  30.0000000   0.9980782   0.7926370   0.4035441   0.0032343   1.0000000   0.7801890   0.0000000   0.0000000   2.5101443   0.9988627  -4.8269380   0.0102702   1.9947644   0.5570995   0.0107348   0.3606917   3.0659220   0.5557778  -1.0000000   0.0107655   0.0000000   0.0000000   0.0000000   0.0000000   0.0000000  -5.6558579  32.6913866   3.0658459   0.5557016   0.0000000   1.0000000   0.0000000
  31.0000000   0.9982766   0.7926370   0.4035441   0.0032343   1.0000000   0.7801890   0.0000000   0.0000000   2.5103531   0.9989128  -4.8181557   0.0102682   1.9951648   0.5569905   0.0107348   0.3606610   3.0667904   0.5564373  -1.0000000   0.0107470   0.0000000   0.0000000   0.0000000   0.0000000   0.0000000  -5.6589685  32.7013283   3.0667186   0.5563655   0.0000000   1.0000000   0.0000000
  32.0000000   0.9984546   0.7926370   0.4035441   0.0032343   1.0000000   0.7801890   0.0000000   0.0000000   2.5109566   0.9989651  -4.8090738   0.0102651   1.9955535   0.5567618   0.0107348   0.3606488   3.0676344   0.5566778  -1.0000000   0.0107424   0.0000000   0.0000000   0.0000000   0.0000000   0.0000000  -5.6621515  32.7117816   3.0675668   0.5566101   0.0000000   1.0000000   0.0000000
  33.0000000   0.9986142   0.7926370   0.4035441   0.0032343   1.0000000   0.7801890   0.0000000   0.0000000   2.5115400   0.9990250  -4.8002158   0.0102619   1.9959406   0.5565256   0.0107348   0.3606411   3.0684535   0.5569135  -1.0000000   0.0107259   0.0000000   0.0000000   0.0000000   0.0000000   0.0000000  -5.6654887  32.7223358   3.0683900   0.5568500   0.0000000   1.0000000   0.0000000
  34.0000000   0.9987573   0.7926370   0.4035441   0.0032343   1.0000000   0.7801890   0.0000000   0.0000000   2.5121441   0.9990866  -4.7915532   0.0102579   1.9963196   0.5563935   0.0107348   0.3606500   3.0692399   0.5570958  -1.0000000   0.0107175   0.0000000   0.0000000   0.0000000   0.0000000   0.0000000  -5.6689296  32.7329767   3.0691804   0.5570363   0.0000000   1.0000000   0.0000000
  35.0000000   0.9988856   0.7926370   0.4035441   0.0032343   1.0000000   0.7801890   0.0000000   0.0000000   2.5127626   0.9991472  -4.7830059   0.0102534   1.9966896   0.5558042   0.0107348   0.3606673   3.0699921   0.5572296  -1.0000000   0.0107129   0.0000000   0.0000000   0.0000000   0.0000000   0.0000000  -5.6724172  32.7436433   3.0699367   0.5571741   0.0000000   1.0000000   0.0000000
  36.0000000   0.9990007   0.7926370   0.4035441   0.0032343   1.0000000   0.7801890   0.0000000   0.0000000   2.5130807   0.9992066  -4.7750706   0.0102505   1.9970505   0.5558648   0.0107348   0.3606892   3.0707101   0.5576295  -1.0000000   0.0107083   0.0000000   0.0000000   0.0000000   0.0000000   0.0000000  -5.6758813  32.7542839   3.0706585   0.5575778   0.0000000   1.0000000   0.0000000
  37.0000000   0.9991039   0.7926370   0.4035441   0.0032343   1.0000000   0.7801890   0.0000000   0.0000000   2.5138900   0.9992649  -4.7668061   0.0102481   1.9973981   0.5560175   0.0107348   0.3607157   3.0714037   0.5575137  -1.0000000   0.0107084   0.0000000   0.0000000   0.0000000   0.0000000   0.0000000  -5.6796336  32.7651700   3.0713558   0.5574658   0.0000000   1.0000000   0.0000000
  38.0000000   0.9991964   0.7926370   0.4035441   0.0032343   1.0000000   0.7801890   0.0000000   0.0000000   2.5142469   0.9992607  -4.7586053   0.0102407   1.9976968   0.5570713   0.0107348   0.3607421   3.0719603   0.5577134  -1.0000000   0.0107700   0.0000000   0.0000000   0.0000000   0.0000000   0.0000000  -5.6831637  32.7757237   3.0719157   0.5576687   0.0000000   1.0000000   0.0000000
  39.0000000   0.9992794   0.7926370   0.4035441   0.0032343   1.0000000   0.7801890   0.0000000   0.0000000   2.5147822   0.9993079  -4.7492844   0.0102349   1.9980021   0.5563231   0.0107348   0.3607069   3.0725808   0.5577985  -1.0000000   0.0107201   0.0000000   0.0000000   0.0000000   0.0000000   0.0000000  -5.6867865  32.7863433   3.0725394   0.5577571   0.0000000   1.0000000   0.0000000
  40.0000000   0.9993538   0.7926370   0.4035441   0.0032343   1.0000000   0.7801890   0.0000000   0.0000000   2.5153510   0.9993568  -4.7407329   0.0102313   1.9983049   0.5562006   0.0107348   0.3607215   3.0731766   0.5578256  -1.0000000   0.0107118   0.0000000   0.0000000   0.0000000   0.0000000   0.0000000  -5.6903587  32.7968950   3.0731385   0.5577875   0.0000000   1.0000000   0.0000000
  41.0000000   0.9994205   0.7926370   0.4035441   0.0032343   1.0000000   0.7801890   0.0000000   0.0000000   2.5158475   0.9994039  -4.7323529   0.0102264   1.9985998   0.5559714   0.0107348   0.3607445   3.0737465   0.5578990  -1.0000000   0.0107099   0.0000000   0.0000000   0.0000000   0.0000000   0.0000000  -5.6939375  32.8073137   3.0737115   0.5578640   0.0000000   1.0000000   0.0000000
  42.0000000   0.9994804   0.7926370   0.4035441   0.0032343   1.0000000   0.7801890   0.0000000   0.0000000   2.5169307   0.9992791  -4.7242051   0.0102241   1.9988463   0.5571114   0.0106540   0.3607694   3.0739596   0.5570288  -1.0000000   0.0107099   0.0000000   0.0000000   0.0000000   0.0000000   0.0000000  -5.6975013  32.8165571   3.0739275   0.5569967   0.0000000   1.0000000   0.0000000
  43.0000000   0.9995340   0.7926370   0.4035441   0.0032343   1.0000000   0.7801890   0.0000000   0.0000000   2.5165598   0.9992695  -4.7158931   0.0102206   1.9990247   0.5571743   0.0106540   0.3607136   3.0743735   0.5578138  -1.0000000   0.0107084   0.0000000   0.0000000   0.0000000   0.0000000   0.0000000  -5.7006558  32.8260554   3.0743433   0.5577836   0.0000000   1.0000000   0.0000000
  44.0000000   0.9995821   0.7926370   0.4035441   0.0032343   1.0000000   0.7801890   0.0000000   0.0000000   2.5170254   0.9992513  -4.7068543   0.0102136   1.9992242   0.5570295   0.0106540   0.3606591   3.0747703   0.5577448  -1.0000000   0.0107046   0.0000000   0.0000000   0.0000000   0.0000000   0.0000000  -5.7039285  32.8362010   3.0747422   0.5577168   0.0000000   1.0000000   0.0000000
  45.0000000   0.9996253   0.7926370   0.4035441   0.0032343   1.0000000   0.7801890   0.0000000   0.0000000   2.5175618   0.9992447  -4.6981389   0.0102081   1.9994173   0.5569312   0.0106540   0.3606085   3.0751687   0.5576069  -1.0000000   0.0106931   0.0000000   0.0000000   0.0000000   0.0000000   0.0000000  -5.7070909  32.8461315   3.0751427   0.5575809   0.0000000   1.0000000   0.0000000
  46.0000000   0.9996640   0.7926370   0.4035441   0.0032343   1.0000000   0.7801890   0.0000000   0.0000000   2.5179725   0.9992396  -4.6897654   0.0102040   1.9996082   0.5568446   0.0106540   0.3605694   3.0755474   0.5575750  -1.0000000   0.0106864   0.0000000   0.0000000   0.0000000   0.0000000   0.0000000  -5.7101327  32.8557815   3.0755235   0.5575510   0.0000000   1.0000000   0.0000000
  47.0000000   0.9996987   0.7926370   0.4035441   0.0032343   1.0000000   0.7801890   0.0000000   0.0000000   2.5184160   0.9992370  -4.6815943   0.0101993   1.9997943   0.5566218   0.0106540   0.3605370   3.0759095   0.5574935  -1.0000000   0.0106805   0.0000000   0.0000000   0.0000000   0.0000000   0.0000000  -5.7131206  32.8652586   3.0758875   0.5574715   0.0000000   1.0000000   0.0000000
  48.0000000   0.9997298   0.7926370   0.4035441   0.0032343   1.0000000   0.7801890   0.0000000   0.0000000   2.5186888   0.9992371  -4.6738048   0.0101958   1.9999770   0.5561566   0.0106540   0.3605105   3.0762611   0.5575723  -1.0000000   0.0106753   0.0000000   0.0000000   0.0000000   0.0000000   0.0000000  -5.7160640  32.8745134   3.0762411   0.5575523   0.0000000   1.0000000   0.0000000
  49.0000000   0.9997577   0.7926370   0.4035441   0.0032343   1.0000000   0.7801890   0.0000000   0.0000000   2.5192747   0.9992357  -4.6664706   0.0101921   2.0001486   0.5562523   0.0106540   0.3604892   3.0765971   0.5573224  -1.0000000   0.0106778   0.0000000   0.0000000   0.0000000   0.0000000   0.0000000  -5.7189131  32.8837095   3.0765789   0.5573042   0.0000000   1.0000000   0.0000000
  50.0000000   0.9997827   0.7926370   0.4035441   0.0032343   1.0000000   0.7801890   0.0000000   0.0000000   2.5195217   0.9992390  -4.6593560   0.0101876   2.0003194   0.5562887   0.0106540   0.3604654   3.0769233   0.5574016  -1.0000000   0.0106692   0.0000000   0.0000000   0.0000000   0.0000000   0.0000000  -5.7217895  32.8925160   3.0769069   0.5573852   0.0000000   1.0000000   0.0000000
  51.0000000   0.9998052   0.7926370   0.4035441   0.0032343   1.0000000   0.7801890   0.0000000   0.0000000   2.5199521   0.9992438  -4.6521760   0.0101838   2.0004848   0.5562471   0.0106540   0.3604502   3.0772421   0.5572900  -1.0000000   0.0106674   0.0000000   0.0000000   0.0000000   0.0000000   0.0000000  -5.7246281  32.9012686   3.0772275   0.5572754   0.0000000   1.0000000   0.0000000
  52.0000000   0.9998253   0.7926370   0.4035441   0.0032343   1.0000000   0.7801890   0.0000000   0.0000000   2.5205122   0.9990785  -4.6452141   0.0101839   2.0005472   0.5576151   0.0105568   0.3604368   3.0772109   0.5566988  -1.0000000   0.0106643   0.0000000   0.0000000   0.0000000   0.0000000   0.0000000  -5.7274395  32.9084686   3.0771971   0.5566849   0.0000000   1.0000000   0.0000000
  53.0000000   0.9998433   0.7926370   0.4035441   0.0032343   1.0000000   0.7801890   0.0000000   0.0000000   2.5206827   0.9990105  -4.6376030   0.0101784   2.0006152   0.5574993   0.0105568   0.3603293   3.0773691   0.5566864  -1.0000000   0.0106601   0.0000000   0.0000000   0.0000000   0.0000000   0.0000000  -5.7299567  32.9164929   3.0773560   0.5566733   0.0000000   1.0000000   0.0000000
  54.0000000   0.9998595   0.7926370   0.4035441   0.0032343   1.0000000   0.7801890   0.0000000   0.0000000   2.5211569   0.9989457  -4.6302391   0.0101727   2.0006873   0.5573601   0.0105568   0.3602260   3.0775145   0.5563576  -1.0000000   0.0106503   0.0000000   0.0000000   0.0000000   0.0000000   0.0000000  -5.7321874  32.9243946   3.0775021   0.5563452   0.0000000   1.0000000   0.0000000
  55.0000000   0.9998740   0.7926370   0.4035441   0.0032343   1.0000000   0.7801890   0.0000000   0.0000000   2.5213155   0.9988922  -4.6234602   0.0101702   2.0007643   0.5570610   0.0105568   0.3601325   3.0776599   0.5563444  -1.0000000   0.0106335   0.0000000   0.0000000   0.0000000   0.0000000   0.0000000  -5.7342096  32.9318615   3.0776483   0.5563328   0.0000000   1.0000000   0.0000000
  56.0000000   0.9998870   0.7926370   0.4035441   0.0032343   1.0000000   0.7801890   0.0000000   0.0000000   2.5216615   0.9988484  -4.6170842   0.0101670   2.0008415   0.5568396   0.0105568   0.3600557   3.0778119   0.5561504  -1.0000000   0.0106231   0.0000000   0.0000000   0.0000000   0.0000000   0.0000000  -5.7361180  32.9392162   3.0778012   0.5561396   0.0000000   1.0000000   0.0000000
  57.0000000   0.9998987   0.7926370   0.4035441   0.0032343   1.0000000   0.7801890   0.0000000   0.0000000   2.5220289   0.9988099  -4.6112054   0.0101635   2.0009185   0.5567723   0.0105568   0.3599894   3.0779614   0.5559325  -1.0000000   0.0106156   0.0000000   0.0000000   0.0000000   0.0000000   0.0000000  -5.7379478  32.9462715   3.0779515   0.5559226   0.0000000   1.0000000   0.0000000
  58.0000000   0.9999091   0.7926370   0.4035441   0.0032343   1.0000000   0.7801890   0.0000000   0.0000000   2.5223345   0.9987751  -4.6056879   0.0101608   2.0009952   0.5567686   0.0105568   0.3599306   3.0781046   0.5557701  -1.0000000   0.0106091   0.0000000   0.0000000   0.0000000   0.0000000   0.0000000  -5.7396710  32.9530074   3.0780955   0.5557610   0.0000000   1.0000000   0.0000000
  59.0000000   0.9999185   0.7926370   0.4035441   0.0032343   1.0000000   0.7801890   0.0000000   0.0000000   2.5225844   0.9987441  -4.6004005   0.0101577   2.0010704   0.5566058   0.0105568   0.3598784   3.0782429   0.5556584  -1.0000000   0.0106035   0.0000000   0.0000000   0.0000000   0.0000000   0.0000000  -5.7412540  32.9594841   3.0782345   0.5556501   0.0000000   1.0000000   0.0000000
  60.0000000   0.9999269   0.7926370   0.4035441   0.0032343   1.0000000   0.7801890   0.0000000   0.0000000   2.5228678   0.9987159  -4.5954474   0.0101553   2.0011441   0.5564914   0.0105568   0.3598317   3.0783763   0.5555084  -1.0000000   0.0105991   0.0000000   0.0000000   0.0000000   0.0000000   0.0000000  -5.7426873  32.9657550   3.0783687   0.5555009   0.0000000   1.0000000   0.0000000
  61.0000000   0.9999345   0.7926370   0.4035441   0.0032343   1.0000000   0.7801890   0.0000000   0.0000000   2.5232518   0.9986891  -4.5908130   0.0101528   2.0012151   0.5564802   0.0105568   0.3597893   3.0785018   0.5552500  -1.0000000   0.0105961   0.0000000   0.0000000   0.0000000   0.0000000   0.0000000  -5.7439702  32.9717832   3.0784950   0.5552432   0.0000000   1.0000000   0.0000000
  62.0000000   0.9999413   0.7926370   0.4035441   0.0032343   1.0000000   0.7801890   0.0000000   0.0000000   2.5234096   0.9986633  -4.5864980   0.0101503   2.0012847   0.5564012   0.0105568   0.3597500   3.0786165   0.5552069  -1.0000000   0.0105924   0.0000000   0.0000000   0.0000000   0.0000000   0.0000000  -5.7451443  32.9774625   3.0786104   0.5552009   0.0000000   1.0000000   0.0000000
  63.0000000   0.9999473   0.7926370   0.4035441   0.0032343   1.0000000   0.7801890   0.0000000   0.0000000   2.5236245   0.9986393  -4.5823500   0.0101488   2.0013524   0.5563280   0.0105568   0.3597144   3.0787285   0.5551040  -1.0000000   0.0105901   0.0000000   0.0000000   0.0000000   0.0000000   0.0000000  -5.7462156  32.9830131   3.0787232   0.5550986   0.0000000   1.0000000   0.0000000
  64.0000000   0.9999528   0.7926370   0.4035441   0.0032343   1.0000000   0.7801890   0.0000000   0.0000000   2.5238942   0.9986170  -4.5784199   0.0101470   2.0014173   0.5562057   0.0105568   0.3596811   3.0788358   0.5549416  -1.0000000   0.0105878   0.0000000   0.0000000   0.0000000   0.0000000   0.0000000  -5.7472424  32.9883775   3.0788312   0.5549370   0.0000000   1.0000000   0.0000000
  65.0000000   0.9999576   0.7926370   0.4035441   0.0032343   1.0000000   0.7801890   0.0000000   0.0000000   2.5241863   0.9985846  -4.5748102   0.0101443   2.0014701   0.5564360   0.0105568   0.3596501   3.0789130   0.5547267  -1.0000000   0.0105973   0.0000000   0.0000000   0.0000000   0.0000000   0.0000000  -5.7481465  32.9934989   3.0789089   0.5547226   0.0000000   1.0000000   0.0000000
  66.0000000   0.9999620   0.7926370   0.4035441   0.0032343   1.0000000   0.7801890   0.0000000   0.0000000   2.5243211   0.9985632  -4.5712309   0.0101431   2.0015280   0.5561064   0.0105568   0.3596096   3.0790003   0.5546792  -1.0000000   0.0105839   0.0000000   0.0000000   0.0000000   0.0000000   0.0000000  -5.7488744  32.9983292   3.0789968   0.5546757   0.0000000   1.0000000   0.0000000
  67.0000000   0.9999659   0.7926370   0.4035441   0.0032343   1.0000000   0.7801890   0.0000000   0.0000000   2.5246051   0.9985359  -4.5680549   0.0101404   2.0015778   0.5562470   0.0105568   0.3595825   3.0790738   0.5544688  -1.0000000   0.0105911   0.0000000   0.0000000   0.0000000   0.0000000   0.0000000  -5.7494917  33.0030304   3.0790708   0.5544658   0.0000000   1.0000000   0.0000000
  68.0000000   0.9999695   0.7926370   0.4035441   0.0032343   1.0000000   0.7801890   0.0000000   0.0000000   2.5247858   0.9985143  -4.5649872   0.0101387   2.0016281   0.5561489   0.0105568   0.3595482   3.0791465   0.5543607  -1.0000000   0.0105832   0.0000000   0.0000000   0.0000000   0.0000000   0.0000000  -5.7500244  33.0074566   3.0791441   0.5543583   0.0000000   1.0000000   0.0000000
  69.0000000   0.9999726   0.7926370   0.4035441   0.0032343   1.0000000   0.7801890   0.0000000   0.0000000   2.5250875   0.9984934  -4.5621510   0.0101364   2.0016752   0.5561050   0.0105568   0.3595218   3.0792150   0.5541275  -1.0000000   0.0105825   0.0000000   0.0000000   0.0000000   0.0000000   0.0000000  -5.7504929  33.0117058   3.0792131   0.5541256   0.0000000   1.0000000   0.0000000
  70.0000000   0.9999754   0.7926370   0.4035441   0.0032343   1.0000000   0.7801890   0.0000000   0.0000000   2.5252928   0.9984720  -4.5596215   0.0101348   2.0017201   0.5560386   0.0105568   0.3594961   3.0792726   0.5539798  -1.0000000   0.0105810   0.0000000   0.0000000   0.0000000   0.0000000   0.0000000  -5.7508816  33.0156575   3.0792711   0.5539783   0.0000000   1.0000000   0.0000000
  71.0000000   0.9999780   0.7926370   0.4035441   0.0032343   1.0000000   0.7801890   0.0000000   0.0000000   2.5253314   0.9984499  -4.5573329   0.0101337   2.0017625   0.5560162   0.0105568   0.3594719   3.0793215   0.5539900  -1.0000000   0.0105804   0.0000000   0.0000000   0.0000000   0.0000000   0.0000000  -5.7511370  33.0194012   3.0793205   0.5539890   0.0000000   1.0000000   0.0000000
  72.0000000   0.9999802   0.7926370   0.4035441   0.0032343   1.0000000   0.7801890   0.0000000   0.0000000   2.5256388   0.9984301  -4.5550778   0.0101323   2.0018021   0.5559584   0.0105568   0.3594483   3.0793717   0.5537329  -1.0000000   0.0105791   0.0000000   0.0000000   0.0000000   0.0000000   0.0000000  -5.7512894  33.0230986   3.0793711   0.5537323   0.0000000   1.0000000   0.0000000
  73.0000000   0.9999823   0.7926370   0.4035441   0.0032343   1.0000000   0.7801890   0.0000000   0.0000000   2.5251101   0.9984093  -4.5531643   0.0101314   2.0018388   0.5556408   0.0105568   0.3594259   3.0794110   0.5543009  -1.0000000   0.0105785   0.0000000   0.0000000   0.0000000   0.0000000   0.0000000  -5.7514243  33.0264806   3.0794108   0.5543007   0.0000000   1.0000000   0.0000000
  74.0000000   0.9999841   0.7926370   0.4035441   0.0032343   1.0000000   0.7801890   0.0000000   0.0000000   2.5254863   0.9984001  -4.5510093   0.0101284   2.0018676   0.5558389   0.0105568   0.3594042   3.0794865   0.5540003  -1.0000000   0.0105778   0.0000000   0.0000000   0.0000000   0.0000000   0.0000000  -5.7515478  33.0303797   3.0794866   0.5540004   0.0000000   1.0000000   0.0000000
  75.0000000   0.9999858   0.7926370   0.4035441   0.0032343   1.0000000   0.7801890   0.0000000   0.0000000   2.5254335   0.9983913  -4.5489993   0.0101278   2.0018897   0.5559365   0.0105568   0.3593832   3.0795512   0.5541177  -1.0000000   0.0105773   0.0000000   0.0000000   0.0000000   0.0000000   0.0000000  -5.7515592  33.0339182   3.0795515   0.5541180   0.0000000   1.0000000   0.0000000
  76.0000000   0.9999872   0.7926370   0.4035441   0.0032343   1.0000000   0.7801890   0.0000000   0.0000000   2.5261712   0.9983870  -4.5467994   0.0101249   2.0019074   0.5558538   0.0105568   0.3593626   3.0796255   0.5534543  -1.0000000   0.0105762   0.0000000   0.0000000   0.0000000   0.0000000   0.0000000  -5.7515550  33.0375212   3.0796260   0.5534548   0.0000000   1.0000000   0.0000000
  77.0000000   0.9999885   0.7926370   0.4035441   0.0032343   1.0000000   0.7801890   0.0000000   0.0000000   2.5263245   0.9983741  -4.5453983   0.0101251   2.0019282   0.5558250   0.0105568   0.3593432   3.0796620   0.5533375  -1.0000000   0.0105748   0.0000000   0.0000000   0.0000000   0.0000000   0.0000000  -5.7513733  33.0404047   3.0796628   0.5533382   0.0000000   1.0000000   0.0000000
  78.0000000   0.9999897   0.7926370   0.4035441   0.0032343   1.0000000   0.7801890   0.0000000   0.0000000   2.5264827   0.9983565  -4.5441652   0.0101233   2.0019502   0.5558130   0.0105568   0.3593252   3.0796803   0.5531977  -1.0000000   0.0105748   0.0000000   0.0000000   0.0000000   0.0000000   0.0000000  -5.7510650  33.0431265   3.0796813   0.5531986   0.0000000   1.0000000   0.0000000
  79.0000000   0.9999908   0.7926370   0.4035441   0.0032343   1.0000000   0.7801890   0.0000000   0.0000000   2.5265433   0.9983388  -4.5430993   0.0101218   2.0019705   0.5556884   0.0105568   0.3593072   3.0796925   0.5531492  -1.0000000   0.0105739   0.0000000   0.0000000   0.0000000   0.0000000   0.0000000  -5.7506959  33.0456675   3.0796937   0.5531504   0.0000000   1.0000000   0.0000000
  80.0000000   0.9999917   0.7926370   0.4035441   0.0032343   1.0000000   0.7801890   0.0000000   0.0000000   2.5267742   0.9983229  -4.5422209   0.0101207   2.0019897   0.5556883   0.0105568   0.3592901   3.0797084   0.5529342  -1.0000000   0.0105732   0.0000000   0.0000000   0.0000000   0.0000000   0.0000000  -5.7503154  33.0481197   3.0797098   0.5529356   0.0000000   1.0000000   0.0000000
  81.0000000   0.9999926   0.7926370   0.4035441   0.0032343   1.0000000   0.7801890   0.0000000   0.0000000   2.5269222   0.9983035  -4.5415771   0.0101198   2.0020097   0.5557449   0.0105568   0.3592737   3.0797111   0.5527888  -1.0000000   0.0105735   0.0000000   0.0000000   0.0000000   0.0000000   0.0000000  -5.7498923  33.0503181   3.0797127   0.5527904   0.0000000   1.0000000   0.0000000
  82.0000000   0.9999934   0.7926370   0.4035441   0.0032343   1.0000000   0.7801890   0.0000000   0.0000000   2.5273510   0.9982826  -4.5410328   0.0101182   2.0020298   0.5556789   0.0105568   0.3592571   3.0797061   0.5523552  -1.0000000   0.0105730   0.0000000   0.0000000   0.0000000   0.0000000   0.0000000  -5.7494282  33.0523374   3.0797079   0.5523570   0.0000000   1.0000000   0.0000000
  83.0000000   0.9999940   0.7926370   0.4035441   0.0032343   1.0000000   0.7801890   0.0000000   0.0000000   2.5273152   0.9982538  -4.5410071   0.0101183   2.0020519   0.5557451   0.0105568   0.3592409   3.0796739   0.5523587  -1.0000000   0.0105742   0.0000000   0.0000000   0.0000000   0.0000000   0.0000000  -5.7488595  33.0538884   3.0796760   0.5523607   0.0000000   1.0000000   0.0000000
  84.0000000   0.9999947   0.7926370   0.4035441   0.0032343   1.0000000   0.7801890   0.0000000   0.0000000   2.5270821   0.9982264  -4.5409135   0.0101178   2.0020725   0.5557636   0.0105568   0.3592235   3.0796443   0.5525623  -1.0000000   0.0105738   0.0000000   0.0000000   0.0000000   0.0000000   0.0000000  -5.7483372  33.0554185   3.0796466   0.5525645   0.0000000   1.0000000   0.0000000
  85.0000000   0.9999952   0.7926370   0.4035441   0.0032343   1.0000000   0.7801890   0.0000000   0.0000000   2.5270763   0.9982031  -4.5405968   0.0101168   2.0020890   0.5557797   0.0105568   0.3592065   3.0796270   0.5525507  -1.0000000   0.0105741   0.0000000   0.0000000   0.0000000   0.0000000   0.0000000  -5.7478062  33.0571297   3.0796294   0.5525531   0.0000000   1.0000000   0.0000000
  86.0000000   0.9999957   0.7926370   0.4035441   0.0032343   1.0000000   0.7801890   0.0000000   0.0000000   2.5270675   0.9981811  -4.5402814   0.0101156   2.0021036   0.5557964   0.0105568   0.3591892   3.0796117   0.5525442  -1.0000000   0.0105738   0.0000000   0.0000000   0.0000000   0.0000000   0.0000000  -5.7473386  33.0588027   3.0796143   0.5525468   0.0000000   1.0000000   0.0000000
  87.0000000   0.9999961   0.7926370   0.4035441   0.0032343   1.0000000   0.7801890   0.0000000   0.0000000   2.5271081   0.9981620  -4.5399686   0.0101157   2.0021175   0.5556747   0.0105568   0.3591722   3.0795986   0.5524904  -1.0000000   0.0105711   0.0000000   0.0000000   0.0000000   0.0000000   0.0000000  -5.7468432  33.0604478   3.0796013   0.5524931   0.0000000   1.0000000   0.0000000
  88.0000000   0.9999965   0.7926370   0.4035441   0.0032343   1.0000000   0.7801890   0.0000000   0.0000000   2.5271725   0.9981432  -4.5398375   0.0101145   2.0021287   0.5557140   0.0105568   0.3591579   3.0795853   0.5524128  -1.0000000   0.0105719   0.0000000   0.0000000   0.0000000   0.0000000   0.0000000  -5.7463619  33.0620119   3.0795882   0.5524157   0.0000000   1.0000000   0.0000000
  89.0000000   0.9999969   0.7926370   0.4035441   0.0032343   1.0000000   0.7801890   0.0000000   0.0000000   2.5271904   0.9981246  -4.5397546   0.0101135   2.0021380   0.5557006   0.0105568   0.3591428   3.0795704   0.5523800  -1.0000000   0.0105720   0.0000000   0.0000000   0.0000000   0.0000000   0.0000000  -5.7458250  33.0634732   3.0795733   0.5523829   0.0000000   1.0000000   0.0000000
  90.0000000   0.9999972   0.7926370   0.4035441   0.0032343   1.0000000   0.7801890   0.0000000   0.0000000   2.5272826   0.9981066  -4.5397283   0.0101126   2.0021456   0.5557636   0.0105568   0.3591276   3.0795553   0.5522727  -1.0000000   0.0105719   0.0000000   0.0000000   0.0000000   0.0000000   0.0000000  -5.7452783  33.0648790   3.0795583   0.5522757   0.0000000   1.0000000   0.0000000
  91.0000000   1.0000000   0.7926370   0.4035441   0.0032343   1.0000000   0.7801890   0.0000000   0.0000000   2.5272786   0.9980893  -4.5397601   0.0101122   2.0021533   0.5557770   0.0105568   0.3591124   3.0795430   0.5522644  -1.0000000   0.0105718   0.0000000   0.0000000   0.0000000   0.0000000   0.0000000  -5.7446845  33.0661559   3.0795461   0.5522675   0.0000000   1.0000000   0.0000000
  92.0000000   1.0000000   0.7926370   0.4035441   0.0032343   1.0000000   0.7801890   0.0000000   0.0000000   2.5273243   0.9980717  -4.5397992   0.0101112   2.0021583   0.5557824   0.0105568   0.3590974   3.0795242   0.5521999  -1.0000000   0.0105716   0.0000000   0.0000000   0.0000000   0.0000000   0.0000000  -5.7440930  33.0674049   3.0795274   0.5522031   0.0000000   1.0000000   0.0000000
  93.0000000   1.0000000   0.7926370   0.4035441   0.0032343   1.0000000   0.7801890   0.0000000   0.0000000   2.5273773   0.9980542  -4.5399101   0.0101107   2.0021624   0.5556614   0.0105568   0.3590826   3.0795037   0.5521264  -1.0000000   0.0105712   0.0000000   0.0000000   0.0000000   0.0000000   0.0000000  -5.7434739  33.0685702   3.0795069   0.5521296   0.0000000   1.0000000   0.0000000
  94.0000000   1.0000000   0.7926370   0.4035441   0.0032343   1.0000000   0.7801890   0.0000000   0.0000000   2.5273676   0.9980371  -4.5402283   0.0101102   2.0021656   0.5557676   0.0105568   0.3590682   3.0794823   0.5521146  -1.0000000   0.0105710   0.0000000   0.0000000   0.0000000   0.0000000   0.0000000  -5.7428841  33.0696429   3.0794855   0.5521179   0.0000000   1.0000000   0.0000000
  95.0000000   1.0000000   0.7926370   0.4035441   0.0032343   1.0000000   0.7801890   0.0000000   0.0000000   2.5274126   0.9980209  -4.5404613   0.0101091   2.0021673   0.5557823   0.0105568   0.3590540   3.0794620   0.5520493  -1.0000000   0.0105707   0.0000000   0.0000000   0.0000000   0.0000000   0.0000000  -5.7422821  33.0706882   3.0794652   0.5520526   0.0000000   1.0000000   0.0000000
  96.0000000   1.0000000   0.7926370   0.4035441   0.0032343   1.0000000   0.7801890   0.0000000   0.0000000   2.5274318   0.9980049  -4.5407563   0.0101082   2.0021679   0.5557620   0.0105568   0.3590401   3.0794401   0.5520083  -1.0000000   0.0105705   0.0000000   0.0000000   0.0000000   0.0000000   0.0000000  -5.7416792  33.0716528   3.0794434   0.5520116   0.0000000   1.0000000   0.0000000
  97.0000000   1.0000000   0.7926370   0.4035441   0.0032343   1.0000000   0.7801890   0.0000000   0.0000000   2.5274324   0.9979893  -4.5411273   0.0101081   2.0021684   0.5557455   0.0105568   0.3590264   3.0794177   0.5519853  -1.0000000   0.0105699   0.0000000   0.0000000   0.0000000   0.0000000   0.0000000  -5.7410484  33.0725618   3.0794209   0.5519885   0.0000000   1.0000000   0.0000000
  98.0000000   1.0000000   0.7926370   0.4035441   0.0032343   1.0000000   0.7801890   0.0000000   0.0000000   2.5274630   0.9979744  -4.5415492   0.0101074   2.0021679   0.5558181   0.0105568   0.3590133   3.0793960   0.5519330  -1.0000000   0.0105698   0.0000000   0.0000000   0.0000000   0.0000000   0.0000000  -5.7404351  33.0734339   3.0793993   0.5519363   0.0000000   1.0000000   0.0000000
  99.0000000   1.0000000   0.7926370   0.4035441   0.0032343   1.0000000   0.7801890   0.0000000   0.0000000   2.5274685   0.9979598  -4.5419622   0.0101066   2.0021667   0.5557732   0.0105568   0.3590003   3.0793742   0.5519057  -1.0000000   0.0105695   0.0000000   0.0000000   0.0000000   0.0000000   0.0000000  -5.7398418  33.0742395   3.0793774   0.5519089   0.0000000   1.0000000   0.0000000
 100.0000000   1.0000000   0.7926370   0.4035441   0.0032343   1.0000000   0.7801890   0.0000000   0.0000000   2.5274674   0.9979458  -4.5424615   0.0101063   2.0021651   0.5558379   0.0105568   0.3589876   3.0793524   0.5518850  -1.0000000   0.0105691   0.0000000   0.0000000   0.0000000   0.0000000   0.0000000  -5.7392633  33.0750061   3.0793556   0.5518882   0.0000000   1.0000000   0.0000000
 101.0000000   1.0000000   0.7926370   0.4035441   0.0032343   1.0000000   0.7801890   0.0000000   0.0000000   2.5274720   0.9979326  -4.5429274   0.0101055   2.0021626   0.5558315   0.0105568   0.3589753   3.0793321   0.5518601  -1.0000000   0.0105689   0.0000000   0.0000000   0.0000000   0.0000000   0.0000000  -5.7386933  33.0757395   3.0793353   0.5518633   0.0000000   1.0000000   0.0000000
 102.0000000   1.0000000   0.7926370   0.4035441   0.0032343   1.0000000   0.7801890   0.0000000   0.0000000   2.5274737   0.9979195  -4.5434387   0.0101051   2.0021596   0.5558603   0.0105568   0.3589632   3.0793116   0.5518380  -1.0000000   0.0105688   0.0000000   0.0000000   0.0000000   0.0000000   0.0000000  -5.7381283  33.0764371   3.0793148   0.5518411   0.0000000   1.0000000   0.0000000
 103.0000000   1.0000000   0.7926370   0.4035441   0.0032343   1.0000000   0.7801890   0.0000000   0.0000000   2.5274532   0.9979074  -4.5439553   0.0101043   2.0021558   0.5559013   0.0105568   0.3589512   3.0792926   0.5518395  -1.0000000   0.0105684   0.0000000   0.0000000   0.0000000   0.0000000   0.0000000  -5.7375756  33.0771013   3.0792958   0.5518426   0.0000000   1.0000000   0.0000000
 104.0000000   1.0000000   0.7926370   0.4035441   0.0032343   1.0000000   0.7801890   0.0000000   0.0000000   2.5274740   0.9978961  -4.5444420   0.0101036   2.0021514   0.5559205   0.0105568   0.3589396   3.0792754   0.5518013  -1.0000000   0.0105681   0.0000000   0.0000000   0.0000000   0.0000000   0.0000000  -5.7370366  33.0777571   3.0792785   0.5518044   0.0000000   1.0000000   0.0000000
 105.0000000   1.0000000   0.7926370   0.4035441   0.0032343   1.0000000   0.7801890   0.0000000   0.0000000   2.5274448   0.9978851  -4.5449616   0.0101030   2.0021464   0.5559436   0.0105568   0.3589282   3.0792577   0.5518129  -1.0000000   0.0105678   0.0000000   0.0000000   0.0000000   0.0000000   0.0000000  -5.7365025  33.0783652   3.0792607   0.5518159   0.0000000   1.0000000   0.0000000
 106.0000000   1.0000000   0.7926370   0.4035441   0.0032343   1.0000000   0.7801890   0.0000000   0.0000000   2.5274257   0.9978751  -4.5454599   0.0101024   2.0021410   0.5559459   0.0105568   0.3589172   3.0792423   0.5518166  -1.0000000   0.0105675   0.0000000   0.0000000   0.0000000   0.0000000   0.0000000  -5.7359879  33.0789759   3.0792453   0.5518195   0.0000000   1.0000000   0.0000000
 107.0000000   1.0000000   0.7926370   0.4035441   0.0032343   1.0000000   0.7801890   0.0000000   0.0000000   2.5274485   0.9978655  -4.5459691   0.0101025   2.0021357   0.5559750   0.0105568   0.3589064   3.0792278   0.5517793  -1.0000000   0.0105673   0.0000000   0.0000000   0.0000000   0.0000000   0.0000000  -5.7354557  33.0795812   3.0792308   0.5517823   0.0000000   1.0000000   0.0000000
 108.0000000   1.0000000   0.7926370   0.4035441   0.0032343   1.0000000   0.7801890   0.0000000   0.0000000   2.5274268   0.9978563  -4.5465007   0.0101018   2.0021301   0.5560116   0.0105568   0.3588960   3.0792140   0.5517872  -1.0000000   0.0105670   0.0000000   0.0000000   0.0000000   0.0000000   0.0000000  -5.7350067  33.0801392   3.0792169   0.5517901   0.0000000   1.0000000   0.0000000
 109.0000000   1.0000000   0.7926370   0.4035441   0.0032343   1.0000000   0.7801890   0.0000000   0.0000000   2.5273978   0.9978480  -4.5470004   0.0101010   2.0021239   0.5560185   0.0105568   0.3588858   3.0792019   0.5518041  -1.0000000   0.0105667   0.0000000   0.0000000   0.0000000   0.0000000   0.0000000  -5.7345728  33.0806976   3.0792047   0.5518069   0.0000000   1.0000000   0.0000000
 110.0000000   1.0000000   0.7926370   0.4035441   0.0032343   1.0000000   0.7801890   0.0000000   0.0000000   2.5273294   0.9978422  -4.5474946   0.0101013   2.0021203   0.5559512   0.0105568   0.3588759   3.0791927   0.5518633  -1.0000000   0.0105632   0.0000000   0.0000000   0.0000000   0.0000000   0.0000000  -5.7341636  33.0812689   3.0791955   0.5518661   0.0000000   1.0000000   0.0000000
 111.0000000   1.0000000   0.7926370   0.4035441   0.0032343   1.0000000   0.7801890   0.0000000   0.0000000   2.5273922   0.9978375  -4.5480053   0.0101004   2.0021153   0.5559986   0.0105568   0.3588695   3.0791889   0.5517967  -1.0000000   0.0105639   0.0000000   0.0000000   0.0000000   0.0000000   0.0000000  -5.7338025  33.0818892   3.0791916   0.5517995   0.0000000   1.0000000   0.0000000
 112.0000000   1.0000000   0.7926370   0.4035441   0.0032343   1.0000000   0.7801890   0.0000000   0.0000000   2.5273219   0.9978321  -4.5485488   0.0100996   2.0021094   0.5560569   0.0105568   0.3588624   3.0791826   0.5518607  -1.0000000   0.0105644   0.0000000   0.0000000   0.0000000   0.0000000   0.0000000  -5.7334537  33.0824331   3.0791852   0.5518633   0.0000000   1.0000000   0.0000000
 113.0000000   1.0000000   0.7926370   0.4035441   0.0032343   1.0000000   0.7801890   0.0000000   0.0000000   2.5273276   0.9978281  -4.5489826   0.0100989   2.0021027   0.5560859   0.0105568   0.3588548   3.0791809   0.5518532  -1.0000000   0.0105645   0.0000000   0.0000000   0.0000000   0.0000000   0.0000000  -5.7330948  33.0830330   3.0791834   0.5518558   0.0000000   1.0000000   0.0000000
 114.0000000   1.0000000   0.7926370   0.4035441   0.0032343   1.0000000   0.7801890   0.0000000   0.0000000   2.5273361   0.9978246  -4.5494113   0.0100984   2.0020955   0.5561376   0.0105568   0.3588471   3.0791803   0.5518442  -1.0000000   0.0105644   0.0000000   0.0000000   0.0000000   0.0000000   0.0000000  -5.7327457  33.0836159   3.0791828   0.5518467   0.0000000   1.0000000   0.0000000
 115.0000000   1.0000000   0.7926370   0.4035441   0.0032343   1.0000000   0.7801890   0.0000000   0.0000000   2.5272492   0.9978212  -4.5498136   0.0100979   2.0020886   0.5561526   0.0105568   0.3588395   3.0791803   0.5519311  -1.0000000   0.0105643   0.0000000   0.0000000   0.0000000   0.0000000   0.0000000  -5.7324173  33.0841804   3.0791827   0.5519335   0.0000000   1.0000000   0.0000000
 116.0000000   1.0000000   0.7926370   0.4035441   0.0032343   1.0000000   0.7801890   0.0000000   0.0000000   2.5272466   0.9978161  -4.5501283   0.0100972   2.0020772   0.5562216   0.0105568   0.3588320   3.0791817   0.5519352  -1.0000000   0.0105690   0.0000000   0.0000000   0.0000000   0.0000000   0.0000000  -5.7322325  33.0848221   3.0791840   0.5519375   0.0000000   1.0000000   0.0000000
 117.0000000   1.0000000   0.7926370   0.4035441   0.0032343   1.0000000   0.7801890   0.0000000   0.0000000   2.5272166   0.9978189  -4.5503934   0.0100965   2.0020729   0.5561226   0.0105568   0.3588198   3.0791963   0.5519797  -1.0000000   0.0105594   0.0000000   0.0000000   0.0000000   0.0000000   0.0000000  -5.7320519  33.0854639   3.0791986   0.5519819   0.0000000   1.0000000   0.0000000
 118.0000000   1.0000000   0.7926370   0.4035441   0.0032343   1.0000000   0.7801890   0.0000000   0.0000000   2.5271891   0.9978219  -4.5507257   0.0100957   2.0020668   0.5562036   0.0105568   0.3588172   3.0792193   0.5520302  -1.0000000   0.0105625   0.0000000   0.0000000   0.0000000   0.0000000   0.0000000  -5.7320265  33.0861368   3.0792215   0.5520324   0.0000000   1.0000000   0.0000000
 119.0000000   1.0000000   0.7926370   0.4035441   0.0032343   1.0000000   0.7801890   0.0000000   0.0000000   2.5271233   0.9978279  -4.5509334   0.0100916   2.0020560   0.5562877   0.0105568   0.3588115   3.0792464   0.5503844  -1.0000000   0.0105621   0.0000000   0.0000000   0.0000000   0.0000000   0.0000000  -5.7320242  33.0868508   3.0792485   0.5503865   0.0017387   1.0000000   0.0000000
 120.0000000   1.0000000   0.7926370   0.4035441   0.0032343   1.0000000   0.7801890   0.0000000   0.0000000   2.5286658   0.9975510  -4.5981648   0.0101010   2.0018584   0.5590960   0.0106540   0.3604869   3.0906914   0.5532838  -1.0000000   0.0106539   0.0000000   2.6877956   0.6461194   0.0000000   0.0000000  -5.7495697  33.1899199   3.0906914   0.5532838   0.0087418   1.0000000   0.0000000
