 t output_loss_entry employment_loss_entry investment_loss_entry debt_loss_entry
 output_gain_entry employment_gain_entry investment_gain_entry debt_gain_entry
 output_loss_incumbent employment_loss_incumbent investment_loss_incumbent debt_
 loss_incumbent
 output_gain_incumbent employment_gain_incumbent investment_gain_incumbent debt_
 gain_incumbent
 gdp1 h1 inv1 firm_debt2
 gdp_t h_t inv_t firm_debt_t
   1.0000000   0.0000000   0.0000000   0.0000000   0.0000000   0.0000000   0.0000000   0.0000000   0.0000000   0.0000000   0.0000000   0.0000000   0.0000000   0.0000000   0.0000000   0.0000000   0.0000000   3.0906914   1.0019087   0.5532838   5.7495697   3.0906914   1.0019087   0.5532838   5.7495697
   2.0000000   0.0037336   0.0018918   0.0160989   0.0041198   0.0000000   0.0000000   0.0000000   0.0000000   3.0834526   0.9982796   0.5604890   5.7454344   2.9676795   0.9793940   0.4844750   5.7255254   3.0906914   1.0019087   0.5532838   5.7495697   2.9676795   0.9793940   0.4611252   5.7255254
   3.0000000   0.0063267   0.0030878   0.0170179   0.0094209   0.0000000   0.0000000   0.0000000   0.0000000   3.0786414   0.9960678   0.5992666   5.7354411   2.9752966   0.9802891   0.5196494   5.7021602   3.0906914   1.0019087   0.5532838   5.7495697   2.9756657   0.9804775   0.4708621   5.7030452
   4.0000000   0.0068396   0.0031969   0.0069350   0.0121431   0.0000000   0.0000000   0.0000000   0.0000000   3.0631852   0.9890327   0.6430971   5.7044703   2.9697780   0.9754640   0.5655664   5.6596233   3.0906914   1.0019087   0.5532838   5.7495697   2.9835433   0.9820271   0.4803355   5.6833398
   5.0000000   0.0076666   0.0035307   0.0050951   0.0136755   0.0000000   0.0000000   0.0000000   0.0000000   3.0415607   0.9792840   0.6653340   5.6580656   2.9574717   0.9678761   0.5983107   5.6051918   3.0906914   1.0019087   0.5532838   5.7495697   2.9898444   0.9830815   0.4880074   5.6675132
   6.0000000   0.0070675   0.0031656  -0.0003524   0.0136232   0.0000000   0.0000000   0.0000000   0.0000000   3.0555316   0.9861229   0.5987634   5.6771708   2.9753619   0.9748536   0.5374200   5.6091593   3.0906914   1.0019087   0.5532838   5.7495697   2.9970720   0.9848082   0.4991818   5.6553444
   7.0000000   0.0068127   0.0030186  -0.0007553   0.0130811   0.0000000   0.0000000   0.0000000   0.0000000   3.0617704   0.9891278   0.5795222   5.6887764   2.9862223   0.9784699   0.5235535   5.6089953   3.0906914   1.0019087   0.5532838   5.7495697   3.0032960   0.9861691   0.5028268   5.6461507
   8.0000000   0.0065100   0.0028611  -0.0004998   0.0125518   0.0000000   0.0000000   0.0000000   0.0000000   3.0657409   0.9910225   0.5696039   5.6963487   2.9945385   0.9810568   0.5206979   5.6073076   3.0906914   1.0019087   0.5532838   5.7495697   3.0086434   0.9873214   0.5077467   5.6386619
   9.0000000   0.0058123   0.0025049  -0.0021077   0.0116419   0.0000000   0.0000000   0.0000000   0.0000000   3.0689083   0.9925433   0.5662280   5.7022068   3.0018490   0.9832646   0.5222807   5.6056573   3.0906914   1.0019087   0.5532838   5.7495697   3.0139910   0.9885865   0.5133954   5.6329379
  10.0000000   0.0053129   0.0022630  -0.0019415   0.0106923   0.0003828   0.0001955   0.0016665   0.0004271   3.0712111   0.9936340   0.5628899   5.7067598   3.0076749   0.9848373   0.5230632   5.6035942   3.0906914   1.0019087   0.5532838   5.7495697   3.0187605   0.9896647   0.5183407   5.6282889
  11.0000000   0.0048565   0.0020456  -0.0015353   0.0098894   0.0006472   0.0003188   0.0017522   0.0009728   3.0730368   0.9944956   0.5604512   5.7103113   3.0127802   0.9861514   0.5258739   5.6019044   3.0906914   1.0019087   0.5532838   5.7495697   3.0230357   0.9905786   0.5229008   5.6248460
  12.0000000   0.0044823   0.0018683  -0.0011725   0.0092355   0.0009119   0.0004385   0.0016296   0.0014851   3.0744888   0.9951803   0.5586517   5.7131090   3.0172551   0.9872430   0.5286208   5.6003694   3.0906914   1.0019087   0.5532838   5.7495697   3.0269138   0.9913782   0.5267018   5.6220305
  13.0000000   0.0041689   0.0017197  -0.0008924   0.0087033   0.0011430   0.0005409   0.0014917   0.0019420   3.0756696   0.9957377   0.5573377   5.7153467   3.0212410   0.9881702   0.5312903   5.5995987   3.0906914   1.0019087   0.5532838   5.7495697   3.0304387   0.9920768   0.5300949   5.6202968
  14.0000000   0.0039051   0.0015943  -0.0006548   0.0082767   0.0013502   0.0006315   0.0013951   0.0023548   3.0766450   0.9961993   0.5563041   5.7171356   3.0248955   0.9890030   0.5337128   5.5990282   3.0906914   1.0019087   0.5532838   5.7495697   3.0337377   0.9927307   0.5330781   5.6190052
  15.0000000   0.0036834   0.0014884  -0.0004665   0.0079350   0.0032714   0.0015960   0.0088351   0.0046539   3.0774576   0.9965855   0.5554980   5.7185719   3.0275822   0.9894188   0.5297840   5.5974134   3.0906914   1.0019087   0.5532838   5.7495697   3.0378762   0.9938854   0.5370851   5.6187707
  16.0000000   0.0034956   0.0013982  -0.0003112   0.0076633   0.0046371   0.0022246   0.0091476   0.0074516   3.0781418   0.9969124   0.5548532   5.7197282   3.0298170   0.9897585   0.5319652   5.5960667   3.0906914   1.0019087   0.5532838   5.7495697   3.0410832   0.9946640   0.5399743   5.6194746
  17.0000000   0.0033359   0.0013209  -0.0001830   0.0074494   0.0059871   0.0028294   0.0085344   0.0100688   3.0787225   0.9971916   0.5543326   5.7206590   3.0318223   0.9900436   0.5347682   5.5953700   3.0906914   1.0019087   0.5532838   5.7495697   3.0441056   0.9953926   0.5424836   5.6207876
  18.0000000   0.0031991   0.0012542  -0.0000757   0.0072837   0.0071701   0.0033490   0.0078715   0.0124150   3.0792192   0.9974322   0.5538983   5.7213982   3.0336893   0.9903021   0.5375960   5.5954392   3.0906914   1.0019087   0.5532838   5.7495697   3.0468720   0.9960326   0.5449117   5.6227113
  19.0000000   0.0030815   0.0011962   0.0000150   0.0071586   0.0082334   0.0038100   0.0074052   0.0145460   3.0796462   0.9976409   0.5535336   5.7219751   3.0354512   0.9905409   0.5398388   5.5958951   3.0906914   1.0019087   0.5532838   5.7495697   3.0494541   0.9966131   0.5469054   5.6249012
  20.0000000   0.0029800   0.0011456   0.0000925   0.0070679   0.0091987   0.0042239   0.0069916   0.0164742   3.0800150   0.9978231   0.5532242   5.7224155   3.0370915   0.9907557   0.5419217   5.5967551   3.0906914   1.0019087   0.5532838   5.7495697   3.0518502   0.9971380   0.5487559   5.6273715
  21.0000000   0.0028921   0.0011012   0.0001594   0.0070067   0.0100747   0.0045951   0.0066898   0.0182457   3.0803350   0.9979829   0.5529589   5.7227406   3.0386210   0.9909485   0.5437620   5.5979185   3.0906914   1.0019087   0.5532838   5.7495697   3.0540740   0.9976112   0.5504500   5.6300562
  22.0000000   0.0028157   0.0010620   0.0002176   0.0069708   0.0108794   0.0049324   0.0064543   0.0198901   3.0806136   0.9981239   0.5527291   5.7229677   3.0400506   0.9911229   0.5453194   5.5994967   3.0906914   1.0019087   0.5532838   5.7495697   3.0561503   0.9980430   0.5519049   5.6330866
  23.0000000   0.0027492   0.0010274   0.0002686   0.0069568   0.0116244   0.0052412   0.0062757   0.0214311   3.0808568   0.9982487   0.5525285   5.7231105   3.0414525   0.9913101   0.5468251   5.6015013   3.0906914   1.0019087   0.5532838   5.7495697   3.0581594   0.9984684   0.5533470   5.6364898
  24.0000000   0.0026911   0.0009966   0.0003136   0.0069619   0.0123205   0.0055268   0.0061422   0.0228883   3.0810698   0.9983598   0.5523517   5.7231804   3.0430412   0.9916180   0.5516116   5.6044885   3.0906914   1.0019087   0.5532838   5.7495697   3.0603239   0.9989994   0.5581010   5.6408347
  25.0000000   0.0026403   0.0009691   0.0003536   0.0069835   0.0112371   0.0049089  -0.0014782   0.0223519   3.0812565   0.9984589   0.5521958   5.7231877   3.0449054   0.9920423   0.5552833   5.6083557   3.0906914   1.0019087   0.5532838   5.7495697   3.0609995   0.9987504   0.5542415   5.6441037
  26.0000000   0.0025958   0.0009445   0.0003892   0.0070196   0.0106562   0.0046015  -0.0019175   0.0212336   3.0814207   0.9985477   0.5520581   5.7231418   3.0466967   0.9924151   0.5556411   5.6122705   3.0906914   1.0019087   0.5532838   5.7495697   3.0621171   0.9987659   0.5542389   5.6468711
  27.0000000   0.0025568   0.0009224   0.0004209   0.0070682   0.0100480   0.0042966  -0.0013942   0.0202288   3.0815653   0.9986276   0.5519367   5.7230510   3.0483666   0.9927567   0.5554848   5.6160914   3.0906914   1.0019087   0.5532838   5.7495697   3.0630972   0.9987581   0.5546756   5.6496870
  28.0000000   0.0025225   0.0009025   0.0004492   0.0071275   0.0095706   0.0040589  -0.0007903   0.0194417   3.0816930   0.9986996   0.5518297   5.7229229   3.0498885   0.9930575   0.5553648   5.6199186   3.0906914   1.0019087   0.5532838   5.7495697   3.0640695   0.9987808   0.5552213   5.6527511
  29.0000000   0.0024923   0.0008845   0.0004744   0.0071958   0.0091819   0.0038643  -0.0003564   0.0188288   3.0818059   0.9987649   0.5517358   5.7227647   3.0512835   0.9933250   0.5552849   5.6235933   3.0906914   1.0019087   0.5532838   5.7495697   3.0650119   0.9988173   0.5556300   5.6558579
  30.0000000   0.0024658   0.0008682   0.0004966   0.0072715   0.0088644   0.0037034   0.0000455   0.0183864   3.0819061   0.9988241   0.5516539   5.7225827   3.0525678   0.9935644   0.5549824   5.6270836   3.0906914   1.0019087   0.5532838   5.7495697   3.0659220   0.9988627   0.5557778   5.6589685
  31.0000000   0.0024423   0.0008534   0.0005159   0.0073528   0.0086130   0.0035734   0.0003488   0.0180748   3.0819954   0.9988782   0.5515832   5.7223834   3.0537380   0.9937747   0.5552959   5.6305013   3.0906914   1.0019087   0.5532838   5.7495697   3.0667904   0.9989128   0.5564373   5.6621515
  32.0000000   0.0024215   0.0008399   0.0005326   0.0074382   0.0084119   0.0034668   0.0006113   0.0178766   3.0820751   0.9989277   0.5515234   5.7221729   3.0548281   0.9939611   0.5552366   5.6339481   3.0906914   1.0019087   0.5532838   5.7495697   3.0676344   0.9989651   0.5566778   5.6654887
  33.0000000   0.0024030   0.0008274   0.0005466   0.0075259   0.0082539   0.0033800   0.0008240   0.0177696   3.0821468   0.9989732   0.5514736   5.7219575   3.0558454   0.9941330   0.5552276   5.6373994   3.0906914   1.0019087   0.5532838   5.7495697   3.0684535   0.9990250   0.5569135   5.6689296
  34.0000000   0.0023865   0.0008160   0.0005581   0.0076141   0.0081303   0.0033091   0.0010027   0.0177382   3.0822116   0.9990152   0.5514331   5.7217428   3.0567916   0.9942889   0.5552044   5.6408166   3.0906914   1.0019087   0.5532838   5.7495697   3.0692399   0.9990866   0.5570958   5.6724172
  35.0000000   0.0023716   0.0008054   0.0005672   0.0077013   0.0080350   0.0032511   0.0011546   0.0177701   3.0822706   0.9990542   0.5514011   5.7215342   3.0576720   0.9944290   0.5551635   5.6441446   3.0906914   1.0019087   0.5532838   5.7495697   3.0699921   0.9991472   0.5572296   5.6758813
  36.0000000   0.0023581   0.0007956   0.0005738   0.0077856   0.0079630   0.0032037   0.0012868   0.0178565   3.0823248   0.9990906   0.5513772   5.7213366   3.0584917   0.9945557   0.5554129   5.6477067   3.0906914   1.0019087   0.5532838   5.7495697   3.0707101   0.9992066   0.5576295   5.6796336
  37.0000000   0.0023457   0.0007864   0.0005782   0.0078654   0.0079104   0.0031651   0.0013882   0.0179831   3.0823749   0.9991246   0.5513608   5.7211546   3.0592652   0.9946713   0.5551855   5.6510117   3.0906914   1.0019087   0.5532838   5.7495697   3.0714037   0.9992649   0.5575137   5.6831637
  38.0000000   0.0023343   0.0007778   0.0005803   0.0079392   0.0078719   0.0031328   0.0014965   0.0181524   3.0824218   0.9991567   0.5513517   5.7209926   3.0598862   0.9947171   0.5552646   5.6543719   3.0906914   1.0019087   0.5532838   5.7495697   3.0719603   0.9992607   0.5577134   5.6867865
  39.0000000   0.0023235   0.0007696   0.0005803   0.0080053   0.0078492   0.0031078   0.0015906   0.0183576   3.0824662   0.9991870   0.5513494   5.7208550   3.0605531   0.9948059   0.5552484   5.6576537   3.0906914   1.0019087   0.5532838   5.7495697   3.0725808   0.9993079   0.5577985   5.6903587
  40.0000000   0.0023132   0.0007619   0.0005783   0.0080624   0.0078386   0.0030881   0.0016740   0.0185938   3.0825085   0.9992158   0.5513537   5.7207457   3.0611819   0.9948899   0.5551895   5.6609227   3.0906914   1.0019087   0.5532838   5.7495697   3.0731766   0.9993568   0.5578256   5.6939375
  41.0000000   0.0023032   0.0007545   0.0005743   0.0081092   0.0078382   0.0030731   0.0017496   0.0188571   3.0825495   0.9992433   0.5513641   5.7206683   3.0617734   0.9949669   0.5551884   5.6641635   3.0906914   1.0019087   0.5532838   5.7495697   3.0737465   0.9994039   0.5578990   5.6975013
  42.0000000   0.0022935   0.0007474   0.0005686   0.0081446   0.0074613   0.0028664   0.0001510   0.0187159   3.0825896   0.9992698   0.5513801   5.7206258   3.0623840   0.9950629   0.5559213   5.6674152   3.0906914   1.0019087   0.5532838   5.7495697   3.0739596   0.9992791   0.5570288   5.7006558
  43.0000000   0.0022838   0.0007405   0.0005613   0.0081676   0.0072108   0.0027355   0.0001285   0.0184767   3.0826292   0.9992953   0.5514013   5.7206209   3.0630684   0.9951976   0.5567353   5.6709005   3.0906914   1.0019087   0.5532838   5.7495697   3.0743735   0.9992695   0.5578138   5.7039285
  44.0000000   0.0022740   0.0007339   0.0005526   0.0081776   0.0069672   0.0026111   0.0003093   0.0182882   3.0826686   0.9993201   0.5514271   5.7206556   3.0637285   0.9953168   0.5564957   5.6742440   3.0906914   1.0019087   0.5532838   5.7495697   3.0747703   0.9992513   0.5577448   5.7070909
  45.0000000   0.0022641   0.0007274   0.0005427   0.0081742   0.0067635   0.0025067   0.0005015   0.0181698   3.0827084   0.9993442   0.5514568   5.7207312   3.0643503   0.9954273   0.5561781   5.6774169   3.0906914   1.0019087   0.5532838   5.7495697   3.0751687   0.9992447   0.5576069   5.7101327
  46.0000000   0.0022539   0.0007210   0.0005318   0.0081570   0.0065893   0.0024165   0.0006472   0.0181069   3.0827486   0.9993679   0.5514899   5.7208484   3.0649231   0.9955248   0.5560147   5.6805012   3.0906914   1.0019087   0.5532838   5.7495697   3.0755474   0.9992396   0.5575750   5.7131206
  47.0000000   0.0022435   0.0007147   0.0005201   0.0081262   0.0064393   0.0023377   0.0007798   0.0180957   3.0827896   0.9993911   0.5515257   5.7210073   3.0654552   0.9956130   0.5558164   5.6835104   3.0906914   1.0019087   0.5532838   5.7495697   3.0759095   0.9992370   0.5574935   5.7160640
  48.0000000   0.0022326   0.0007085   0.0005078   0.0080820   0.0063112   0.0022692   0.0008847   0.0181235   3.0828314   0.9994139   0.5515637   5.7212072   3.0659554   0.9956934   0.5558080   5.6864077   3.0906914   1.0019087   0.5532838   5.7495697   3.0762611   0.9992371   0.5575723   5.7189131
  49.0000000   0.0022215   0.0007023   0.0004951   0.0080247   0.0062007   0.0022090   0.0009725   0.0181820   3.0828743   0.9994365   0.5516033   5.7214469   3.0664227   0.9957638   0.5554886   5.6893222   3.0906914   1.0019087   0.5532838   5.7495697   3.0765971   0.9992357   0.5573224   5.7217895
  50.0000000   0.0022099   0.0006962   0.0004822   0.0079550   0.0061051   0.0021559   0.0010440   0.0182630   3.0829182   0.9994588   0.5516440   5.7217249   3.0668660   0.9958317   0.5555158   5.6921967   3.0906914   1.0019087   0.5532838   5.7495697   3.0769233   0.9992390   0.5574016   5.7246281
  51.0000000   0.0021979   0.0006901   0.0004691   0.0078734   0.0060217   0.0021085   0.0011028   0.0183596   3.0829634   0.9994810   0.5516853   5.7220390   3.0672902   0.9958952   0.5553648   5.6950477   3.0906914   1.0019087   0.5532838   5.7495697   3.0772421   0.9992438   0.5572900   5.7274395
  52.0000000   0.0026492   0.0009194   0.0024609   0.0082946   0.0059486   0.0020663   0.0011505   0.0184657   3.0825460   0.9992678   0.5497220   5.7218733   3.0673544   0.9957833   0.5547450   5.6976126   3.0906914   1.0019087   0.5532838   5.7495697   3.0772109   0.9990785   0.5566988   5.7299567
  53.0000000   0.0029571   0.0010616   0.0025522   0.0088489   0.0058839   0.0020281   0.0011890   0.0185759   3.0822728   0.9991415   0.5496594   5.7215956   3.0676000   0.9957645   0.5547139   5.6999046   3.0906914   1.0019087   0.5532838   5.7495697   3.0773691   0.9990105   0.5566864   5.7321874
  54.0000000   0.0032643   0.0011995   0.0023927   0.0093543   0.0058263   0.0019935   0.0012188   0.0186852   3.0820011   0.9990194   0.5498473   5.7213860   3.0678265   0.9957453   0.5543757   5.7020051   3.0906914   1.0019087   0.5532838   5.7495697   3.0775145   0.9989457   0.5563576   5.7342096
  55.0000000   0.0035299   0.0013164   0.0022132   0.0097846   0.0057745   0.0019618   0.0012413   0.0187896   3.0817717   0.9989182   0.5500550   5.7212689   3.0680477   0.9957344   0.5543605   5.7040117   3.0906914   1.0019087   0.5532838   5.7495697   3.0776599   0.9988922   0.5563444   5.7361180
  56.0000000   0.0037653   0.0014190   0.0020838   0.0101544   0.0057274   0.0019327   0.0012569   0.0188851   3.0815733   0.9988313   0.5502122   5.7212279   3.0682714   0.9957306   0.5541714   5.7059618   3.0906914   1.0019087   0.5532838   5.7495697   3.0778119   0.9988484   0.5561504   5.7379478
  57.0000000   0.0039761   0.0015100   0.0019665   0.0104669   0.0056843   0.0019058   0.0012666   0.0189684   3.0814001   0.9987559   0.5503567   5.7212577   3.0684891   0.9957298   0.5539639   5.7078293   3.0906914   1.0019087   0.5532838   5.7495697   3.0779614   0.9988099   0.5559325   5.7396710
  58.0000000   0.0041645   0.0015906   0.0018776   0.0107345   0.0056444   0.0018808   0.0012712   0.0190367   3.0812500   0.9986909   0.5504723   5.7213441   3.0686979   0.9957309   0.5538166   5.7095821   3.0906914   1.0019087   0.5532838   5.7495697   3.0781046   0.9987751   0.5557701   5.7412540
  59.0000000   0.0043350   0.0016629   0.0018052   0.0109650   0.0056071   0.0018573   0.0012710   0.0190876   3.0811185   0.9986342   0.5505708   5.7214775   3.0688997   0.9957342   0.5537243   5.7112118   3.0906914   1.0019087   0.5532838   5.7495697   3.0782429   0.9987441   0.5556584   5.7426873
  60.0000000   0.0044904   0.0017281   0.0017480   0.0111658   0.0055718   0.0018352   0.0012666   0.0191188   3.0810026   0.9985844   0.5506534   5.7216487   3.0690950   0.9957388   0.5535975   5.7127184   3.0906914   1.0019087   0.5532838   5.7495697   3.0783763   0.9987159   0.5555084   5.7439702
  61.0000000   0.0046334   0.0017877   0.0017023   0.0113426   0.0055380   0.0018143   0.0012586   0.0191290   3.0808996   0.9985403   0.5507238   5.7218504   3.0692814   0.9957438   0.5533650   5.7141435   3.0906914   1.0019087   0.5532838   5.7495697   3.0785018   0.9986891   0.5552500   5.7451443
  62.0000000   0.0047659   0.0018424   0.0016660   0.0115004   0.0055055   0.0017944   0.0012475   0.0191171   3.0808076   0.9985010   0.5507841   5.7220760   3.0694562   0.9957486   0.5533507   5.7154930   3.0906914   1.0019087   0.5532838   5.7495697   3.0786165   0.9986633   0.5552069   5.7462156
  63.0000000   0.0048897   0.0018930   0.0016373   0.0116430   0.0054737   0.0017753   0.0012336   0.0190822   3.0807248   0.9984658   0.5508362   5.7223202   3.0696278   0.9957544   0.5532785   5.7168245   3.0906914   1.0019087   0.5532838   5.7495697   3.0787285   0.9986393   0.5551040   5.7472424
  64.0000000   0.0050060   0.0019402   0.0016149   0.0117738   0.0054425   0.0017570   0.0012171   0.0190238   3.0806498   0.9984339   0.5508812   5.7225783   3.0697944   0.9957611   0.5531493   5.7180598   3.0906914   1.0019087   0.5532838   5.7495697   3.0788358   0.9986170   0.5549416   5.7481465
  65.0000000   0.0051160   0.0019844   0.0015976   0.0118956   0.0054116   0.0017392   0.0011987   0.0189417   3.0805815   0.9984050   0.5509203   5.7228461   3.0699310   0.9957571   0.5529690   5.7191443   3.0906914   1.0019087   0.5532838   5.7495697   3.0789130   0.9985846   0.5547267   5.7488744
  66.0000000   0.0052205   0.0020260   0.0015849   0.0120108   0.0053809   0.0017220   0.0011786   0.0188364   3.0805190   0.9983786   0.5509543   5.7231202   3.0700777   0.9957635   0.5529569   5.7201421   3.0906914   1.0019087   0.5532838   5.7495697   3.0790003   0.9985632   0.5546792   5.7494917
  67.0000000   0.0053203   0.0020654   0.0015759   0.0121214   0.0053501   0.0017053   0.0011571   0.0187081   3.0804615   0.9983544   0.5509838   5.7233974   3.0702109   0.9957634   0.5527831   5.7210783   3.0906914   1.0019087   0.5532838   5.7495697   3.0790738   0.9985359   0.5544688   5.7500244
  68.0000000   0.0054161   0.0021029   0.0015702   0.0122291   0.0053191   0.0016890   0.0011346   0.0185577   3.0804082   0.9983320   0.5510094   5.7236751   3.0703437   0.9957687   0.5527118   5.7219714   3.0906914   1.0019087   0.5532838   5.7495697   3.0791465   0.9985143   0.5543607   5.7504929
  69.0000000   0.0055084   0.0021386   0.0015674   0.0123355   0.0052879   0.0016729   0.0011113   0.0183861   3.0803587   0.9983113   0.5510314   5.7239508   3.0704727   0.9957743   0.5525161   5.7228044   3.0906914   1.0019087   0.5532838   5.7495697   3.0792150   0.9984934   0.5541275   5.7508816
  70.0000000   0.0055976   0.0021729   0.0015671   0.0124420   0.0052564   0.0016572   0.0010869   0.0181939   3.0803124   0.9982920   0.5510504   5.7242224   3.0705913   0.9957791   0.5524066   5.7235225   3.0906914   1.0019087   0.5532838   5.7495697   3.0792726   0.9984720   0.5539798   5.7511370
  71.0000000   0.0056842   0.0022058   0.0015690   0.0125495   0.0052244   0.0016417   0.0010623   0.0179823   3.0802688   0.9982740   0.5510665   5.7244882   3.0707017   0.9957829   0.5524546   5.7241542   3.0906914   1.0019087   0.5532838   5.7495697   3.0793215   0.9984499   0.5539900   5.7512894
  72.0000000   0.0057685   0.0022376   0.0015730   0.0126592   0.0051920   0.0016263   0.0010374   0.0177529   3.0802277   0.9982571   0.5510800   5.7247467   3.0708141   0.9957888   0.5522349   5.7247830   3.0906914   1.0019087   0.5532838   5.7495697   3.0793717   0.9984301   0.5537329   5.7514243
  73.0000000   0.0058507   0.0022684   0.0015787   0.0127719   0.0051590   0.0016112   0.0010125   0.0175067   3.0801887   0.9982411   0.5510912   5.7249963   3.0709161   0.9957934   0.5528398   5.7254131   3.0906914   1.0019087   0.5532838   5.7495697   3.0794110   0.9984093   0.5543009   5.7515478
  74.0000000   0.0059312   0.0022982   0.0015860   0.0128883   0.0051256   0.0015962   0.0009872   0.0172450   3.0801516   0.9982260   0.5511003   5.7252361   3.0710548   0.9958096   0.5525767   5.7259427   3.0906914   1.0019087   0.5532838   5.7495697   3.0794865   0.9984001   0.5540003   5.7515592
  75.0000000   0.0060102   0.0023272   0.0015948   0.0130091   0.0050917   0.0015813   0.0009625   0.0169693   3.0801160   0.9982117   0.5511073   5.7254649   3.0711833   0.9958258   0.5527300   5.7264662   3.0906914   1.0019087   0.5532838   5.7495697   3.0795512   0.9983913   0.5541177   5.7515550
  76.0000000   0.0060878   0.0023554   0.0016049   0.0131348   0.0050572   0.0015666   0.0009370   0.0166804   3.0800817   0.9981980   0.5511126   5.7256820   3.0713219   0.9958464   0.5521039   5.7268212   3.0906914   1.0019087   0.5532838   5.7495697   3.0796255   0.9983870   0.5534543   5.7513733
  77.0000000   0.0061642   0.0023830   0.0016162   0.0132659   0.0050223   0.0015519   0.0009124   0.0163800   3.0800487   0.9981849   0.5511162   5.7258866   3.0714234   0.9958582   0.5520223   5.7270561   3.0906914   1.0019087   0.5532838   5.7495697   3.0796620   0.9983741   0.5533375   5.7510650
  78.0000000   0.0062396   0.0024100   0.0016285   0.0134027   0.0049868   0.0015373   0.0008880   0.0160696   3.0800166   0.9981723   0.5511183   5.7260782   3.0715071   0.9958653   0.5519173   5.7272352   3.0906914   1.0019087   0.5532838   5.7495697   3.0796803   0.9983565   0.5531977   5.7506959
  79.0000000   0.0063141   0.0024365   0.0016419   0.0135456   0.0049508   0.0015228   0.0008637   0.0157502   3.0799854   0.9981602   0.5511190   5.7262564   3.0715851   0.9958722   0.5519036   5.7274069   3.0906914   1.0019087   0.5532838   5.7495697   3.0796925   0.9983388   0.5531492   5.7503154
  80.0000000   0.0063879   0.0024624   0.0016561   0.0136947   0.0049143   0.0015083   0.0008400   0.0154233   3.0799549   0.9981485   0.5511184   5.7264208   3.0716675   0.9958807   0.5517223   5.7275383   3.0906914   1.0019087   0.5532838   5.7495697   3.0797084   0.9983229   0.5529342   5.7498923
  81.0000000   0.0064609   0.0024880   0.0016710   0.0138503   0.0048774   0.0014939   0.0008166   0.0150900   3.0799251   0.9981371   0.5511166   5.7265713   3.0717369   0.9958855   0.5516100   5.7276297   3.0906914   1.0019087   0.5532838   5.7495697   3.0797111   0.9983035   0.5527888   5.7494282
  82.0000000   0.0065333   0.0025131   0.0016865   0.0140123   0.0048400   0.0014796   0.0007935   0.0147516   3.0798957   0.9981261   0.5511138   5.7267077   3.0717991   0.9958888   0.5512092   5.7276166   3.0906914   1.0019087   0.5532838   5.7495697   3.0797061   0.9982826   0.5523552   5.7488595
  83.0000000   0.0066052   0.0025378   0.0017026   0.0141809   0.0048022   0.0014653   0.0007716   0.0144096   3.0798668   0.9981154   0.5511101   5.7268301   3.0718345   0.9958840   0.5512435   5.7276479   3.0906914   1.0019087   0.5532838   5.7495697   3.0796739   0.9982538   0.5523587   5.7483372
  84.0000000   0.0066767   0.0025622   0.0017192   0.0143557   0.0047641   0.0014510   0.0007501   0.0140650   3.0798382   0.9981049   0.5511056   5.7269385   3.0718728   0.9958806   0.5514772   5.7276678   3.0906914   1.0019087   0.5532838   5.7495697   3.0796443   0.9982264   0.5525623   5.7478062
  85.0000000   0.0067477   0.0025863   0.0017361   0.0145368   0.0047257   0.0014368   0.0007295   0.0137191   3.0798100   0.9980946   0.5511004   5.7270333   3.0719236   0.9958811   0.5514945   5.7277468   3.0906914   1.0019087   0.5532838   5.7495697   3.0796270   0.9982031   0.5525507   5.7473386
  86.0000000   0.0068183   0.0026101   0.0017533   0.0147239   0.0046869   0.0014227   0.0007093   0.0133725   3.0797820   0.9980846   0.5510946   5.7271146   3.0719765   0.9958829   0.5515165   5.7277934   3.0906914   1.0019087   0.5532838   5.7495697   3.0796117   0.9981811   0.5525442   5.7468432
  87.0000000   0.0068886   0.0026336   0.0017706   0.0149167   0.0046479   0.0014086   0.0006895   0.0130263   3.0797541   0.9980747   0.5510883   5.7271829   3.0720318   0.9958874   0.5514904   5.7278483   3.0906914   1.0019087   0.5532838   5.7495697   3.0795986   0.9981620   0.5524904   5.7463619
  88.0000000   0.0069585   0.0026568   0.0017880   0.0151148   0.0046087   0.0013946   0.0006700   0.0126812   3.0797265   0.9980650   0.5510816   5.7272386   3.0720872   0.9958921   0.5514401   5.7278414   3.0906914   1.0019087   0.5532838   5.7495697   3.0795853   0.9981432   0.5524128   5.7458250
  89.0000000   0.0070282   0.0026799   0.0018054   0.0153178   0.0045693   0.0013806   0.0006513   0.0123380   3.0796990   0.9980555   0.5510746   5.7272823   3.0721409   0.9958968   0.5514336   5.7278176   3.0906914   1.0019087   0.5532838   5.7495697   3.0795704   0.9981246   0.5523800   5.7452783
  90.0000000   0.0070976   0.0027026   0.0018228   0.0155253   0.0045296   0.0013667   0.0006330   0.0119974   3.0796716   0.9980461   0.5510674   5.7273144   3.0721946   0.9959021   0.5513521   5.7277391   3.0906914   1.0019087   0.5532838   5.7495697   3.0795553   0.9981066   0.5522727   5.7446845
  91.0000000   0.0071666   0.0027252   0.0018400   0.0157368   0.0044899   0.0013529   0.0006158   0.0116600   3.0796443   0.9980368   0.5510601   5.7273357   3.0722511   0.9959079   0.5513681   5.7276546   3.0906914   1.0019087   0.5532838   5.7495697   3.0795430   0.9980893   0.5522644   5.7440930
  92.0000000   0.0072354   0.0027475   0.0018570   0.0159516   0.0044500   0.0013391   0.0005988   0.0113265   3.0796171   0.9980276   0.5510527   5.7273467   3.0723011   0.9959133   0.5513276   5.7275339   3.0906914   1.0019087   0.5532838   5.7495697   3.0795242   0.9980717   0.5521999   5.7434739
  93.0000000   0.0073039   0.0027697   0.0018738   0.0161693   0.0044099   0.0013254   0.0005825   0.0109975   3.0795900   0.9980186   0.5510452   5.7273483   3.0723494   0.9959187   0.5512770   5.7274331   3.0906914   1.0019087   0.5532838   5.7495697   3.0795037   0.9980542   0.5521264   5.7428841
  94.0000000   0.0073721   0.0027916   0.0018903   0.0163893   0.0043699   0.0013117   0.0005668   0.0106733   3.0795630   0.9980096   0.5510379   5.7273410   3.0723967   0.9959243   0.5512875   5.7273106   3.0906914   1.0019087   0.5532838   5.7495697   3.0794823   0.9980371   0.5521146   5.7422821
  95.0000000   0.0074401   0.0028134   0.0019064   0.0166110   0.0043297   0.0012981   0.0005514   0.0103543   3.0795360   0.9980008   0.5510306   5.7273257   3.0724450   0.9959307   0.5512441   5.7271773   3.0906914   1.0019087   0.5532838   5.7495697   3.0794620   0.9980209   0.5520493   5.7416792
  96.0000000   0.0075077   0.0028349   0.0019222   0.0168338   0.0042896   0.0012846   0.0005365   0.0100407   3.0795092   0.9979921   0.5510235   5.7273030   3.0724917   0.9959372   0.5512243   5.7270063   3.0906914   1.0019087   0.5532838   5.7495697   3.0794401   0.9980049   0.5520083   5.7410484
  97.0000000   0.0075750   0.0028563   0.0019376   0.0170571   0.0042494   0.0012711   0.0005223   0.0097330   3.0794825   0.9979834   0.5510165   5.7272736   3.0725376   0.9959440   0.5512215   5.7268424   3.0906914   1.0019087   0.5532838   5.7495697   3.0794177   0.9979893   0.5519853   5.7404351
  98.0000000   0.0076419   0.0028774   0.0019526   0.0172805   0.0042093   0.0012578   0.0005084   0.0094314   3.0794559   0.9979748   0.5510097   5.7272383   3.0725841   0.9959512   0.5511891   5.7266882   3.0906914   1.0019087   0.5532838   5.7495697   3.0793960   0.9979744   0.5519330   5.7398418
  99.0000000   0.0077085   0.0028984   0.0019672   0.0175033   0.0041691   0.0012444   0.0004950   0.0091361   3.0794294   0.9979664   0.5510031   5.7271976   3.0726304   0.9959587   0.5511809   5.7265381   3.0906914   1.0019087   0.5532838   5.7495697   3.0793742   0.9979598   0.5519057   5.7392633
 100.0000000   0.0077747   0.0029192   0.0019813   0.0177252   0.0041291   0.0012312   0.0004821   0.0088471   3.0794030   0.9979580   0.5509968   5.7271523   3.0726764   0.9959666   0.5511787   5.7263861   3.0906914   1.0019087   0.5532838   5.7495697   3.0793524   0.9979458   0.5518850   5.7386933
 101.0000000   0.0078406   0.0029398   0.0019951   0.0179456   0.0040891   0.0012181   0.0004694   0.0085647   3.0793768   0.9979497   0.5509906   5.7271028   3.0727237   0.9959751   0.5511721   5.7262286   3.0906914   1.0019087   0.5532838   5.7495697   3.0793321   0.9979326   0.5518601   5.7381283
 102.0000000   0.0079061   0.0029602   0.0020084   0.0181642   0.0040491   0.0012050   0.0004572   0.0082888   3.0793507   0.9979415   0.5509847   5.7270498   3.0727706   0.9959837   0.5511675   5.7260729   3.0906914   1.0019087   0.5532838   5.7495697   3.0793116   0.9979195   0.5518380   5.7375756
 103.0000000   0.0079711   0.0029805   0.0020214   0.0183805   0.0040093   0.0011920   0.0004454   0.0080196   3.0793248   0.9979334   0.5509790   5.7269938   3.0728187   0.9959930   0.5511860   5.7259204   3.0906914   1.0019087   0.5532838   5.7495697   3.0792926   0.9979074   0.5518395   5.7370366
 104.0000000   0.0080358   0.0030005   0.0020339   0.0185942   0.0039695   0.0011791   0.0004340   0.0077570   3.0792990   0.9979254   0.5509735   5.7269353   3.0728683   0.9960030   0.5511644   5.7257625   3.0906914   1.0019087   0.5532838   5.7495697   3.0792754   0.9978961   0.5518013   5.7365025
 105.0000000   0.0081000   0.0030204   0.0020461   0.0188049   0.0039299   0.0011663   0.0004229   0.0075011   3.0792735   0.9979174   0.5509683   5.7268747   3.0729172   0.9960132   0.5511920   5.7256137   3.0906914   1.0019087   0.5532838   5.7495697   3.0792577   0.9978851   0.5518129   5.7359879
 106.0000000   0.0081638   0.0030400   0.0020578   0.0190125   0.0038904   0.0011535   0.0004120   0.0072518   3.0792481   0.9979095   0.5509633   5.7268124   3.0729681   0.9960242   0.5512115   5.7254374   3.0906914   1.0019087   0.5532838   5.7495697   3.0792423   0.9978751   0.5518166   5.7354557
 107.0000000   0.0082271   0.0030595   0.0020692   0.0192166   0.0038510   0.0011409   0.0004017   0.0070092   3.0792229   0.9979018   0.5509584   5.7267488   3.0730196   0.9960355   0.5511892   5.7253338   3.0906914   1.0019087   0.5532838   5.7495697   3.0792278   0.9978655   0.5517793   5.7350067
 108.0000000   0.0082899   0.0030788   0.0020803   0.0194171   0.0038118   0.0011283   0.0003916   0.0067732   3.0791979   0.9978941   0.5509538   5.7266843   3.0730714   0.9960470   0.5512118   5.7252355   3.0906914   1.0019087   0.5532838   5.7495697   3.0792140   0.9978563   0.5517872   5.7345728
 109.0000000   0.0083523   0.0030979   0.0020910   0.0196137   0.0037728   0.0011158   0.0003816   0.0065436   3.0791731   0.9978865   0.5509494   5.7266191   3.0731246   0.9960592   0.5512435   5.7251523   3.0906914   1.0019087   0.5532838   5.7495697   3.0792019   0.9978480   0.5518041   5.7341636
 110.0000000   0.0084143   0.0031169   0.0021014   0.0198064   0.0037339   0.0011034   0.0003722   0.0063205   3.0791485   0.9978790   0.5509451   5.7265535   3.0731804   0.9960738   0.5513163   5.7251075   3.0906914   1.0019087   0.5532838   5.7495697   3.0791927   0.9978422   0.5518633   5.7338025
 111.0000000   0.0084757   0.0031356   0.0021115   0.0199949   0.0036951   0.0010911   0.0003629   0.0061038   3.0791242   0.9978715   0.5509410   5.7264878   3.0732412   0.9960893   0.5512634   5.7250654   3.0906914   1.0019087   0.5532838   5.7495697   3.0791889   0.9978375   0.5517967   5.7334537
 112.0000000   0.0085366   0.0031542   0.0021212   0.0201792   0.0036566   0.0010789   0.0003539   0.0058932   3.0791001   0.9978642   0.5509371   5.7264222   3.0732991   0.9961041   0.5513404   5.7250042   3.0906914   1.0019087   0.5532838   5.7495697   3.0791826   0.9978321   0.5518607   5.7330948
 113.0000000   0.0085971   0.0031726   0.0021307   0.0203592   0.0036182   0.0010667   0.0003449   0.0056888   3.0790762   0.9978569   0.5509334   5.7263569   3.0733613   0.9961200   0.5513462   5.7249437   3.0906914   1.0019087   0.5532838   5.7495697   3.0791809   0.9978281   0.5518532   5.7327457
 114.0000000   0.0086570   0.0031908   0.0021398   0.0205349   0.0035801   0.0010547   0.0003365   0.0054903   3.0790525   0.9978497   0.5509298   5.7262920   3.0734242   0.9961362   0.5513496   5.7248951   3.0906914   1.0019087   0.5532838   5.7495697   3.0791803   0.9978246   0.5518442   5.7324173
 115.0000000   0.0087165   0.0032088   0.0021487   0.0207062   0.0035421   0.0010427   0.0003282   0.0052979   3.0790290   0.9978426   0.5509264   5.7262277   3.0734873   0.9961524   0.5514486   5.7249812   3.0906914   1.0019087   0.5532838   5.7495697   3.0791803   0.9978212   0.5519311   5.7322325
 116.0000000   0.0087754   0.0032267   0.0021573   0.0208732   0.0035043   0.0010309   0.0003200   0.0051112   3.0790058   0.9978356   0.5509231   5.7261641   3.0735515   0.9961667   0.5514648   5.7250631   3.0906914   1.0019087   0.5532838   5.7495697   3.0791817   0.9978161   0.5519352   5.7320519
 117.0000000   0.0088338   0.0032443   0.0021657   0.0210357   0.0034667   0.0010191   0.0003121   0.0049302   3.0789828   0.9978287   0.5509199   5.7261014   3.0736284   0.9961889   0.5515210   5.7252920   3.0906914   1.0019087   0.5532838   5.7495697   3.0791963   0.9978189   0.5519797   5.7320265
 118.0000000   0.0088917   0.0032618   0.0021738   0.0211939   0.0034294   0.0010074   0.0003047   0.0047548   3.0789601   0.9978218   0.5509168   5.7260395   3.0737133   0.9962110   0.5515826   5.7255356   3.0906914   1.0019087   0.5532838   5.7495697   3.0792193   0.9978219   0.5520302   5.7320242
 119.0000000   0.0089491   0.0032791   0.0021817   0.0213477   0.0033923   0.0009958   0.0002947   0.0045840   3.0789376   0.9978150   0.5509139   5.7259786   3.0738019   0.9962359   0.5499522   5.7253438   3.0906914   1.0019087   0.5532838   5.7495697   3.0792464   0.9978279   0.5503844   5.7495697
