 t avg_prod_f avg_k_f avg_a_f avg_l_f avg_prod_ex avg_k_ex avg_a_ex avg_l_ex
   1.0000000   1.3704686  89.4267313 -12.3892692   2.6962902   1.0781073   3.5204982  -9.1363591   0.8868980
   2.0000000   1.3701845  89.5867892 -12.4153807   2.6478399   1.0930495   5.2996700  -7.4468722   0.9402878
   3.0000000   1.3704326  89.8168418 -12.5815629   2.6626051   1.0807724   4.7519196  -8.4242457   0.9218071
   4.0000000   1.3707478  89.8219014 -12.6722567   2.6709533   1.0836141   4.6144666  -8.2892230   0.9173920
   5.0000000   1.3707982  89.7741450 -12.7704187   2.6780883   1.0863218   4.5769906  -8.2341394   0.9175999
   6.0000000   1.3708889  89.7006761 -12.8515687   2.6835496   1.0853585   4.2083129  -8.5035436   0.9083662
   7.0000000   1.3707664  89.5714141 -12.9215396   2.6862176   1.0807273   3.5255116  -9.1870946   0.8876933
   8.0000000   1.3705817  89.3944979 -12.9869959   2.6882083   1.0791021   3.6751434  -9.0375145   0.8929067
   9.0000000   1.3705963  89.2498410 -13.0408795   2.6895966   1.0749063   3.5741709  -9.1503427   0.8888174
  10.0000000   1.3706096  89.0603179 -13.0849949   2.6896121   1.0792102   3.5563118  -9.0799266   0.8885433
  11.0000000   1.3706235  88.9228242 -13.1264161   2.6903047   1.0795497   3.5145526  -9.1267650   0.8876948
  12.0000000   1.3706502  88.8090623 -13.1599010   2.6909849   1.0789743   3.5113152  -9.1462063   0.8875635
  13.0000000   1.3707075  88.7141698 -13.1861727   2.6916395   1.0789636   3.5064986  -9.1603089   0.8875118
  14.0000000   1.3707858  88.6386728 -13.2066881   2.6922619   1.0791216   3.4378015  -9.2204307   0.8857260
  15.0000000   1.3709573  88.4926024 -13.2090485   2.6906097   1.0791560   3.4278504  -9.2329084   0.8853895
  16.0000000   1.3711243  88.3508977 -13.2171131   2.6891622   1.0792839   3.4341943  -9.2274268   0.8857095
  17.0000000   1.3712718  88.2218151 -13.2196707   2.6877296   1.0794786   3.4454467  -9.2154601   0.8860668
  18.0000000   1.3714061  88.1059292 -13.2171551   2.6863283   1.0802423   3.4619819  -9.1955843   0.8866278
  19.0000000   1.3715388  88.0106215 -13.2102373   2.6851301   1.0807769   3.4704495  -9.1807307   0.8868843
  20.0000000   1.3716617  87.9295225 -13.1998438   2.6840307   1.0811336   3.4755005  -9.1740301   0.8870276
  21.0000000   1.3717763  87.8604873 -13.1859273   2.6830049   1.0814942   3.4752756  -9.1725268   0.8870036
  22.0000000   1.3718839  87.8029681 -13.1687946   2.6820706   1.0817555   3.4790558  -9.1664866   0.8871033
  23.0000000   1.3719831  87.7545141 -13.1494066   2.6812691   1.0819422   3.4785127  -9.1665247   0.8870662
  24.0000000   1.3720741  87.7140261 -13.1273923   2.6808820   1.0820914   3.4781682  -9.1670316   0.8870556
  25.0000000   1.3720362  87.7628344 -13.1074519   2.6821229   1.0822379   3.4780142  -9.1640874   0.8870502
  26.0000000   1.3720111  87.8195226 -13.0852380   2.6831537   1.0821821   3.4644463  -9.1795700   0.8865790
  27.0000000   1.3719961  87.8766006 -13.0635703   2.6841072   1.0819084   3.4514212  -9.1960207   0.8861445
  28.0000000   1.3719849  87.9316581 -13.0416044   2.6849626   1.0810740   3.4328008  -9.2226113   0.8854838
  29.0000000   1.3719650  87.9767018 -13.0187791   2.6855656   1.0804771   3.4224829  -9.2405685   0.8851179
  30.0000000   1.3719433  88.0157714 -12.9956760   2.6860061   1.0800220   3.4150107  -9.2546620   0.8848534
  31.0000000   1.3719203  88.0498148 -12.9731034   2.6863143   1.0796149   3.4106717  -9.2655580   0.8846848
  32.0000000   1.3718962  88.0808541 -12.9490753   2.6865222   1.0796798   3.4011224  -9.2743969   0.8843391
  33.0000000   1.3718686  88.1110809 -12.9254893   2.6866964   1.0792371   3.3991557  -9.2841185   0.8842384
  34.0000000   1.3718418  88.1376225 -12.9018547   2.6867752   1.0790136   3.3968648  -9.2913456   0.8841365
  35.0000000   1.3718155  88.1622434 -12.8782410   2.6867999   1.0788321   3.3951575  -9.2990120   0.8840517
  36.0000000   1.3717914  88.1856990 -12.8561179   2.6867883   1.0787217   3.3934272  -9.3033654   0.8839763
  37.0000000   1.3717669  88.2087049 -12.8329502   2.6867602   1.0787877   3.3986135  -9.2965103   0.8842024
  38.0000000   1.3717410  88.2308570 -12.8099634   2.6867347   1.0786516   3.4449157  -9.2757325   0.8852256
  39.0000000   1.3717679  88.2678146 -12.7860846   2.6870097   1.0787423   3.4591128  -9.2521477   0.8856452
  40.0000000   1.3717531  88.2927377 -12.7625583   2.6870159   1.0786797   3.4603030  -9.2536023   0.8856644
  41.0000000   1.3717335  88.3153166 -12.7392095   2.6869714   1.0786765   3.4601423  -9.2545333   0.8856508
  42.0000000   1.3716850  88.3534891 -12.7191894   2.6872571   1.0786721   3.4605055  -9.2559636   0.8856461
  43.0000000   1.3716414  88.3923617 -12.6987214   2.6876287   1.0786590   3.4572628  -9.2608644   0.8855311
  44.0000000   1.3716016  88.4326452 -12.6762403   2.6879617   1.0786547   3.4542619  -9.2621814   0.8854258
  45.0000000   1.3715631  88.4714395 -12.6544920   2.6882785   1.0784527   3.4503080  -9.2706925   0.8852750
  46.0000000   1.3715252  88.5067654 -12.6332701   2.6885299   1.0783284   3.4482054  -9.2764350   0.8851955
  47.0000000   1.3714889  88.5400186 -12.6123593   2.6887419   1.0782499   3.4470352  -9.2792500   0.8851474
  48.0000000   1.3714534  88.5712763 -12.5922734   2.6889213   1.0781917   3.4464840  -9.2800170   0.8851228
  49.0000000   1.3714184  88.6011397 -12.5732351   2.6890873   1.0783324   3.4549793  -9.2696819   0.8854589
  50.0000000   1.3713841  88.6305457 -12.5548702   2.6892492   1.0781255   3.4569105  -9.2726436   0.8855037
  51.0000000   1.3713516  88.6577530 -12.5360355   2.6893675   1.0781011   3.4565790  -9.2746244   0.8854871
  52.0000000   1.3712871  88.7035969 -12.5210080   2.6899792   1.0781351   3.4575434  -9.2679508   0.8855160
  53.0000000   1.3712271  88.7509388 -12.5041152   2.6905625   1.0781254   3.4548911  -9.2665368   0.8854152
  54.0000000   1.3711717  88.7969810 -12.4877393   2.6911120   1.0780962   3.4526892  -9.2594183   0.8853414
  55.0000000   1.3711164  88.8395273 -12.4726024   2.6916024   1.0778714   3.4487069  -9.2590328   0.8851923
  56.0000000   1.3710606  88.8777708 -12.4579816   2.6920155   1.0776980   3.4489542  -9.2572370   0.8851544
  57.0000000   1.3710075  88.9127163 -12.4443458   2.6923739   1.0775276   3.4481826  -9.2624552   0.8851058
  58.0000000   1.3709585  88.9450090 -12.4314285   2.6926908   1.0773942   3.4470568  -9.2666895   0.8850675
  59.0000000   1.3709131  88.9750419 -12.4189087   2.6929730   1.0772993   3.4467089  -9.2679300   0.8850468
  60.0000000   1.3708704  89.0031946 -12.4071023   2.6932257   1.0772214   3.4467367  -9.2693178   0.8850345
  61.0000000   1.3708306  89.0296399 -12.3960062   2.6934545   1.0771809   3.4471628  -9.2700802   0.8850505
  62.0000000   1.3707935  89.0544356 -12.3856706   2.6936622   1.0771272   3.4473681  -9.2697018   0.8850570
  63.0000000   1.3707586  89.0779979 -12.3756603   2.6938511   1.0771033   3.4474696  -9.2693226   0.8850570
  64.0000000   1.3707259  89.1004902 -12.3661571   2.6940275   1.0770802   3.4477960  -9.2685881   0.8850585
  65.0000000   1.3706951  89.1217775 -12.3574411   2.6942064   1.0769043   3.4808086  -9.2412449   0.8856981
  66.0000000   1.3706797  89.1445867 -12.3491250   2.6944150   1.0770609   3.4850540  -9.2299440   0.8858203
  67.0000000   1.3706519  89.1638061 -12.3414474   2.6945542   1.0771706   3.4838194  -9.2304135   0.8857790
  68.0000000   1.3706296  89.1840312 -12.3343027   2.6947287   1.0770913   3.4860109  -9.2279020   0.8858456
  69.0000000   1.3706057  89.2018806 -12.3275196   2.6948632   1.0771020   3.4862506  -9.2265749   0.8858534
  70.0000000   1.3705834  89.2187623 -12.3215414   2.6949894   1.0770928   3.4865300  -9.2251431   0.8858621
  71.0000000   1.3705625  89.2347117 -12.3161617   2.6951048   1.0770891   3.4875342  -9.2235552   0.8858761
  72.0000000   1.3705432  89.2503966 -12.3108526   2.6952205   1.0771055   3.4881917  -9.2208908   0.8858899
  73.0000000   1.3705246  89.2649251 -12.3064239   2.6953256   1.0771106   3.4884630  -9.2194830   0.8858958
  74.0000000   1.3705072  89.2807081 -12.3013219   2.6954579   1.0771205   3.4887301  -9.2173924   0.8859032
  75.0000000   1.3704909  89.2953527 -12.2965885   2.6955862   1.0771257   3.4889763  -9.2157684   0.8859101
  76.0000000   1.3704757  89.3100449 -12.2913235   2.6957219   1.0771467   3.4892429  -9.2120143   0.8859198
  77.0000000   1.3704608  89.3225347 -12.2881819   2.6958257   1.0771587   3.4898761  -9.2092611   0.8859371
  78.0000000   1.3704461  89.3342454 -12.2854466   2.6959095   1.0771573   3.4899602  -9.2079465   0.8859389
  79.0000000   1.3704328  89.3454561 -12.2831617   2.6959910   1.0771709   3.4907857  -9.2040875   0.8859551
  80.0000000   1.3704199  89.3562078 -12.2813532   2.6960707   1.0771686   3.4906573  -9.2032894   0.8859504
  81.0000000   1.3704079  89.3661225 -12.2801583   2.6961382   1.0771844   3.4906309  -9.2011085   0.8859450
  82.0000000   1.3703970  89.3756088 -12.2792395   2.6962019   1.0771996   3.4902160  -9.1997623   0.8859332
  83.0000000   1.3703866  89.3837190 -12.2797083   2.6962444   1.0772070   3.4898268  -9.1996315   0.8859204
  84.0000000   1.3703782  89.3920555 -12.2800318   2.6962962   1.0772211   3.4897453  -9.1979741   0.8859188
  85.0000000   1.3703702  89.4007864 -12.2797389   2.6963575   1.0772313   3.4897028  -9.1967892   0.8859172
  86.0000000   1.3703633  89.4094923 -12.2794602   2.6964236   1.0772429   3.4898366  -9.1951417   0.8859205
  87.0000000   1.3703570  89.4180574 -12.2791796   2.6964906   1.0772958   3.4914827  -9.1870235   0.8859583
  88.0000000   1.3703481  89.4257545 -12.2793010   2.6965461   1.0772842   3.4915101  -9.1874682   0.8859555
  89.0000000   1.3703412  89.4333604 -12.2795783   2.6966062   1.0772852   3.4914811  -9.1868783   0.8859555
  90.0000000   1.3703353  89.4408376 -12.2800117   2.6966683   1.0772879   3.4915877  -9.1858871   0.8859585
  91.0000000   1.3703303  89.4479551 -12.2806007   2.6967318   1.0772917   3.4916984  -9.1847393   0.8859620
  92.0000000   1.3703260  89.4549646 -12.2812050   2.6967931   1.0772963   3.4919019  -9.1834888   0.8859669
  93.0000000   1.3703222  89.4617028 -12.2819972   2.6968533   1.0773042   3.4922940  -9.1815533   0.8859752
  94.0000000   1.3703188  89.4680900 -12.2833366   2.6969116   1.0773075   3.4924879  -9.1805117   0.8859797
  95.0000000   1.3703158  89.4743536 -12.2844386   2.6969709   1.0773116   3.4926413  -9.1793763   0.8859839
  96.0000000   1.3703134  89.4803381 -12.2857001   2.6970290   1.0773143   3.4927573  -9.1783948   0.8859875
  97.0000000   1.3703113  89.4861125 -12.2871590   2.6970855   1.0773245   3.4929166  -9.1763433   0.8859933
  98.0000000   1.3703093  89.4916492 -12.2887370   2.6971405   1.0773242   3.4930436  -9.1754723   0.8859963
  99.0000000   1.3703078  89.4969706 -12.2902858   2.6971953   1.0773258   3.4931928  -9.1745914   0.8860000
 100.0000000   1.3703067  89.5021293 -12.2920606   2.6972493   1.0773329   3.4933378  -9.1730223   0.8860049
 101.0000000   1.3703056  89.5070838 -12.2937293   2.6973024   1.0773330   3.4927896  -9.1729673   0.8859991
 102.0000000   1.3703050  89.5119021 -12.2955152   2.6973552   1.0773302   3.4928676  -9.1721297   0.8860010
 103.0000000   1.3703049  89.5165974 -12.2973114   2.6974089   1.0773331   3.4929273  -9.1713107   0.8860037
 104.0000000   1.3703051  89.5211946 -12.2990165   2.6974628   1.0773347   3.4929942  -9.1705581   0.8860063
 105.0000000   1.3703054  89.5255914 -12.3008005   2.6975154   1.0773361   3.4930576  -9.1698209   0.8860089
 106.0000000   1.3703060  89.5299214 -12.3025170   2.6975683   1.0773372   3.4931053  -9.1691465   0.8860111
 107.0000000   1.3703067  89.5341630 -12.3042532   2.6976200   1.0773374   3.4931271  -9.1686161   0.8860128
 108.0000000   1.3703076  89.5382101 -12.3060406   2.6976710   1.0773384   3.4931744  -9.1680050   0.8860148
 109.0000000   1.3703087  89.5421904 -12.3077326   2.6977222   1.0773385   3.4932133  -9.1675120   0.8860167
 110.0000000   1.3703100  89.5461400 -12.3094006   2.6977716   1.0773881   3.4947839  -9.1600411   0.8860568
 111.0000000   1.3703075  89.5493649 -12.3109954   2.6978067   1.0773705   3.4937174  -9.1618120   0.8860384
 112.0000000   1.3703065  89.5525649 -12.3127043   2.6978453   1.0773532   3.4935546  -9.1621948   0.8860331
 113.0000000   1.3703066  89.5560297 -12.3141315   2.6978901   1.0773459   3.4934619  -9.1625314   0.8860310
 114.0000000   1.3703074  89.5594741 -12.3155487   2.6979365   1.0773422   3.4934488  -9.1624736   0.8860309
 115.0000000   1.3703085  89.5628471 -12.3168914   2.6979826   1.0773396   3.4934522  -9.1623527   0.8860314
 116.0000000   1.3703098  89.5663940 -12.3179923   2.6980419   1.0773648   3.5023168  -9.1538889   0.8862909
 117.0000000   1.3703145  89.5710821 -12.3191159   2.6981180   1.0772705   3.5051415  -9.1508875   0.8863738
 118.0000000   1.3703144  89.5735417 -12.3201031   2.6981523   1.0773172   3.5046572  -9.1501138   0.8863575
 119.0000000   1.3703157  89.5768579 -12.3208558   2.6982093   1.0773071   3.5046541  -9.1498720   0.8863660
 120.0000000   1.3704686  89.4267313 -12.3892692   2.6962902   1.0781073   3.5204982  -9.1363591   0.8868980
