   1.98029072649331     
   1.97992571361593     
   1.98011719606858     
   1.98017785467662     
   1.98039743169204     
   1.98098424312956     
   1.98156686557393     
   1.98217304361503     
   1.98296821973309     
   1.98373767944621     
   1.98445122966845     
   1.98517734490189     
   1.98586325173487     
   1.98657931204426     
   1.98732364936281     
   1.98803445521883     
   1.98883104402522     
   1.98964299707151     
   1.99041615388284     
   1.99115159559706     
   1.99179322812557     
   1.99227488838319     
   1.99275257145630     
   1.99319662776445     
   1.99365011472480     
   1.99409071192680     
   1.99452557594758     
   1.99494985143319     
   1.99536397967712     
   1.99576620741917     
   1.99615584797338     
   1.99653190732758     
   1.99689059350572     
   1.99723091899494     
   1.99756903235743     
   1.99789080988071     
   1.99819796732441     
   1.99849079949092     
   1.99875823300901     
   1.99900474520998     
   1.99924362464496     
   1.99947184000875     
   1.99965792300533     
   1.99980777770699     
   1.99994952638303     
   2.00008654156106     
   2.00021830146024     
   2.00034620844546     
   2.00046953633364     
   2.00058756603566     
   2.00069947995131     
   2.00080663258547     
   2.00090901363321     
   2.00100800112985     
   2.00110182501040     
   2.00119055559807     
   2.00127591121383     
   2.00133115910689     
   2.00137594485837     
   2.00141446999793     
   2.00145113625448     
   2.00148245874222     
   2.00150909199378     
   2.00153206990414     
   2.00155103239593     
   2.00156679817069     
   2.00158273286741     
   2.00159849641476     
   2.00161379075248     
   2.00162732975516     
   2.00164341948338     
   2.00165691045671     
   2.00167183373283     
   2.00168485374784     
   2.00169334536979     
   2.00170472656647     
   2.00171650215832     
   2.00172885621191     
   2.00174144834338     
   2.00175406871542     
   2.00176684677384     
   2.00177953638256     
   2.00179212568643     
   2.00180445631339     
   2.00181670868337     
   2.00182840508690     
   2.00183978250416     
   2.00185071778073     
   2.00186134101344     
   2.00187252704625     
   2.00188216693560     
   2.00189140643822     
   2.00190027305587     
   2.00190871300919     
   2.00191666523756     
   2.00192418242769     
   2.00193154390129     
   2.00193848033294     
   2.00194509758596     
   2.00195170994406     
   2.00195746893802     
   2.00196295957521     
   2.00196814942081     
   2.00197347633279     
   2.00197858401688     
   2.00198325815406     
   2.00198778188217     
   2.00199192631445     
   2.00199543132830     
   2.00199740730519     
   2.00199919421306     
   2.00200341313344     
   2.00200637230679     
   2.00200841126931     
   2.00201011659935     
   2.00201146925141     
   2.00201258518873     
   2.00200949545656     
