 date d_e_o v_e cost mass
   1.0000000   0.0000000  10.7120165  15.4290184   0.0056838
   1.0000000   0.0000000  10.7120165  15.4290184   0.0206890
   1.0000000   0.0000000  10.7120165  15.4290184   0.0509574
   1.0000000   0.0000000  10.7120165  15.4290184   0.0912408
   1.0000000   0.0000000  10.7120165  15.4290184   0.1257631
   1.0000000   0.0000000  10.7120165  15.4290184   0.1398686
   1.0000000   0.0000000  10.7120165  15.4290184   0.1309573
   1.0000000   0.0000000  10.7120165  15.4290184   0.1075329
   1.0000000   0.0000000  10.7120165  15.4290184   0.0803677
   1.0000000   0.0000000  11.5052088  15.4290184   0.0562359
   1.0000000   0.0000000  12.7640882  15.4290184   0.0374398
   1.0000000   0.0000000  14.0432964  15.4290184   0.0237592
   1.0000000   0.0000000  15.0929358  15.4290184   0.0140882
   1.0000000   1.0000000  15.7980295  15.4290184   0.0073119
   1.0000000   1.0000000  16.1470775  15.4290184   0.0027417
   1.0000000   1.0000000  16.2235767  15.4290184   0.0006546
   1.0000000   1.0000000  16.2517736  15.4290184   0.0009880
   1.0000000   1.0000000  16.3840545  15.4290184   0.0025157
   1.0000000   1.0000000  16.6715255  15.4290184   0.0044255
   1.0000000   1.0000000  17.1626105  15.4290184   0.0064829
   1.0000000   1.0000000  17.9138090  15.4290184   0.0084602
   1.0000000   1.0000000  18.9964959  15.4290184   0.0101187
   1.0000000   1.0000000  20.5025890  15.4290184   0.0112271
   1.0000000   1.0000000  22.5489417  15.4290184   0.0116025
   1.0000000   1.0000000  25.2880445  15.4290184   0.0111636
   1.0000000   1.0000000  28.9187011  15.4290184   0.0099690
   1.0000000   1.0000000  33.5541203  15.4290184   0.0082152
   1.0000000   1.0000000  39.3177291  15.4290184   0.0061953
   1.0000000   1.0000000  46.2268395  15.4290184   0.0042294
   1.0000000   1.0000000  53.9491601  15.4290184   0.0025432
   1.0000000   1.0000000  61.2212428  15.4290184   0.0015719
   1.0000000   0.0000000  10.7120165  15.4290184   0.0000286
   1.0000000   0.0000000  10.7120165  15.4290184   0.0001040
   1.0000000   0.0000000  10.7120165  15.4290184   0.0002561
   1.0000000   0.0000000  10.7120165  15.4290184   0.0004585
   1.0000000   0.0000000  10.7120165  15.4290184   0.0006320
   1.0000000   0.0000000  10.7120165  15.4290184   0.0007029
   1.0000000   0.0000000  10.7120165  15.4290184   0.0006581
   1.0000000   0.0000000  10.7120165  15.4290184   0.0005404
   1.0000000   0.0000000  10.7120165  15.4290184   0.0004039
   1.0000000   0.0000000  10.7120165  15.4290184   0.0002826
   1.0000000   0.0000000  10.7120165  15.4290184   0.0001881
   1.0000000   0.0000000  10.7120165  15.4290184   0.0001194
   1.0000000   0.0000000  10.7120165  15.4290184   0.0000708
   1.0000000   0.0000000  10.7120165  15.4290184   0.0000367
   1.0000000   0.0000000  10.7120165  15.4290184   0.0000138
   1.0000000   0.0000000  10.7120165  15.4290184   0.0000033
   1.0000000   0.0000000  10.7120165  15.4290184   0.0000050
   1.0000000   0.0000000  10.7120165  15.4290184   0.0000126
   1.0000000   0.0000000  10.7120165  15.4290184   0.0000222
   1.0000000   0.0000000  10.7120165  15.4290184   0.0000326
   1.0000000   0.0000000  10.7120165  15.4290184   0.0000425
   1.0000000   0.0000000  10.7120165  15.4290184   0.0000508
   1.0000000   0.0000000  10.7120165  15.4290184   0.0000564
   1.0000000   0.0000000  10.7120165  15.4290184   0.0000583
   1.0000000   0.0000000  10.7120165  15.4290184   0.0000561
   1.0000000   0.0000000  10.7120165  15.4290184   0.0000501
   1.0000000   0.0000000  10.7120165  15.4290184   0.0000413
   1.0000000   0.0000000  10.7120165  15.4290184   0.0000311
   1.0000000   0.0000000  10.7120165  15.4290184   0.0000213
   1.0000000   0.0000000  10.7120165  15.4290184   0.0000128
   1.0000000   0.0000000  10.7120165  15.4290184   0.0000079
